3 0.9484375 0.4986111111111111 0.99921875 0.5083333333333333 0.99921875 0.7388888888888889 0.99375 0.7375 0.9875 0.7291666666666666 0.97890625 0.7236111111111111 0.9546875 0.7180555555555556 0.94453125 0.7180555555555556 0.93828125 0.7222222222222222 0.921875 0.7194444444444444 0.89921875 0.7305555555555555 0.89296875 0.7166666666666667 0.8921875 0.6958333333333333 0.8828125 0.6833333333333333 0.88046875 0.6736111111111112 0.88125 0.6305555555555555 0.87890625 0.6222222222222222 0.88046875 0.6208333333333333 0.88046875 0.6055555555555555 0.8765625 0.5930555555555556 0.88046875 0.5902777777777778 0.8796875 0.5847222222222223 0.88125 0.5805555555555556 0.8796875 0.5527777777777778 0.88359375 0.5027777777777778 0.8875 0.5 0.94765625 0.4986111111111111
3 0.4 0.19583333333333333 0.4015625 0.1986111111111111 0.40078125 0.22083333333333333 0.396875 0.225 0.37578125 0.225 0.375 0.2013888888888889 0.38046875 0.19444444444444445 0.39921875 0.19583333333333333
3 0.07265625 0.17916666666666667 0.08046875 0.1875 0.084375 0.20277777777777778 0.08515625 0.24861111111111112 0.07890625 0.25833333333333336 0.065625 0.2569444444444444 0.0609375 0.2513888888888889 0.05859375 0.24305555555555555 0.06015625 0.21388888888888888 0.05859375 0.17916666666666667 0.071875 0.17916666666666667
3 0.25625 0.2 0.26328125 0.20555555555555555 0.26640625 0.22777777777777777 0.26640625 0.24861111111111112 0.26171875 0.30833333333333335 0.2625 0.31805555555555554 0.2578125 0.32222222222222224 0.2546875 0.32222222222222224 0.2484375 0.3138888888888889 0.24375 0.29583333333333334 0.23828125 0.2875 0.21328125 0.2875 0.209375 0.2833333333333333 0.21171875 0.2652777777777778 0.2125 0.2111111111111111 0.2203125 0.2013888888888889 0.22890625 0.1986111111111111 0.24453125 0.19722222222222222 0.25546875 0.2
3 0.65390625 0.33194444444444443 0.66015625 0.33611111111111114 0.6625 0.34444444444444444 0.66171875 0.36944444444444446 0.665625 0.4125 0.66328125 0.43333333333333335 0.64765625 0.4527777777777778 0.64375 0.4527777777777778 0.63671875 0.44583333333333336 0.63046875 0.44583333333333336 0.62109375 0.43472222222222223 0.61640625 0.425 0.61171875 0.4263888888888889 0.60546875 0.4375 0.5984375 0.43472222222222223 0.59453125 0.42777777777777776 0.59453125 0.4152777777777778 0.59140625 0.4041666666666667 0.58984375 0.35833333333333334 0.59140625 0.33194444444444443 0.5953125 0.3277777777777778 0.63203125 0.325 0.64375 0.3263888888888889 0.653125 0.33194444444444443
3 0.484375 0.21805555555555556 0.503125 0.21944444444444444 0.50859375 0.2222222222222222 0.51171875 0.22916666666666666 0.51171875 0.24444444444444444 0.4984375 0.2611111111111111 0.47265625 0.2569444444444444 0.47265625 0.22361111111111112 0.4765625 0.21805555555555556 0.48359375 0.21805555555555556
2 0.01953125 0.35 0.03046875 0.3680555555555556 0.03046875 0.37777777777777777 0.0265625 0.38472222222222224 0.01953125 0.38472222222222224 0 0.37222222222222223 0 0.36527777777777776 0.00234375 0.3638888888888889 0.0046875 0.35138888888888886 0.01875 0.35
2 0.1609375 0.33055555555555555 0.16484375 0.3347222222222222 0.1671875 0.3458333333333333 0.165625 0.3611111111111111 0.1625 0.36666666666666664 0.159375 0.36666666666666664 0.15625 0.3597222222222222 0.15546875 0.3402777777777778 0.15625 0.3347222222222222 0.16015625 0.33194444444444443
2 0.115625 0.38333333333333336 0.11171875 0.37916666666666665 0.10859375 0.36666666666666664 0.11171875 0.3458333333333333 0.11640625 0.34444444444444444 0.12109375 0.35833333333333334 0.11953125 0.3736111111111111 0.11640625 0.3819444444444444
2 0.09921875 0.37777777777777777 0.10390625 0.3875 0.1046875 0.41388888888888886 0.1015625 0.43194444444444446 0.09609375 0.44027777777777777 0.0921875 0.4388888888888889 0.08828125 0.42777777777777776 0.0875 0.3902777777777778 0.08828125 0.38333333333333336 0.09140625 0.37777777777777777 0.0984375 0.37777777777777777
2 0.13203125 0.32222222222222224 0.13359375 0.3236111111111111 0.13359375 0.3416666666666667 0.13125 0.35555555555555557 0.1265625 0.3611111111111111 0.121875 0.35555555555555557 0.11796875 0.33055555555555555 0.1203125 0.3236111111111111 0.13125 0.32222222222222224
1 0.31484375 0.40555555555555556 0.32109375 0.4111111111111111 0.32109375 0.41805555555555557 0.29765625 0.4166666666666667 0.290625 0.425 0.28984375 0.44583333333333336 0.2828125 0.46944444444444444 0.284375 0.5013888888888889 0.28125 0.5083333333333333 0.275 0.5055555555555555 0.271875 0.49027777777777776 0.26953125 0.46944444444444444 0.275 0.4527777777777778 0.26875 0.44583333333333336 0.26875 0.4388888888888889 0.27421875 0.4375 0.27734375 0.43194444444444446 0.2828125 0.4097222222222222 0.29609375 0.4027777777777778 0.3140625 0.40555555555555556
1 0.17265625 0.4 0.17734375 0.35138888888888886 0.1890625 0.3458333333333333 0.2 0.3472222222222222 0.19609375 0.35555555555555557 0.1921875 0.35694444444444445 0.1890625 0.3625 0.18984375 0.39861111111111114 0.175 0.4083333333333333 0.1734375 0.40694444444444444 0.1734375 0.4013888888888889
1 0.3421875 0.7236111111111111 0.34765625 0.7291666666666666 0.3546875 0.7444444444444445 0.3703125 0.8013888888888889 0.37265625 0.8055555555555556 0.37578125 0.8027777777777778 0.38515625 0.8027777777777778 0.3890625 0.8069444444444445 0.3875 0.8208333333333333 0.37734375 0.8263888888888888 0.38515625 0.8583333333333333 0.38828125 0.9013888888888889 0.378125 0.9069444444444444 0.33984375 0.9083333333333333 0.31640625 0.9222222222222223 0.31328125 0.9277777777777778 0.31328125 0.9472222222222222 0.30625 0.9638888888888889 0.29296875 0.9736111111111111 0.28828125 0.9736111111111111 0.28203125 0.9861111111111112 0.275 0.9916666666666667 0.26796875 0.9916666666666667 0.26484375 0.9847222222222223 0.26484375 0.95 0.25859375 0.925 0.25625 0.8986111111111111 0.2546875 0.8402777777777778 0.25234375 0.8305555555555556 0.25234375 0.8194444444444444 0.25625 0.8055555555555556 0.2578125 0.7847222222222222 0.2625 0.7763888888888889 0.2703125 0.7402777777777778 0.27734375 0.7291666666666666 0.32578125 0.7222222222222222 0.34140625 0.7236111111111111
1 0.43046875 0.26666666666666666 0.43828125 0.26944444444444443 0.44296875 0.2763888888888889 0.44375 0.2847222222222222 0.4390625 0.3013888888888889 0.42265625 0.2972222222222222 0.41484375 0.2916666666666667 0.4171875 0.275 0.421875 0.2652777777777778 0.4296875 0.26666666666666666
1 0.45625 0.25277777777777777 0.46328125 0.2652777777777778 0.46171875 0.28194444444444444 0.45703125 0.2861111111111111 0.4453125 0.2861111111111111 0.4390625 0.26805555555555555 0.440625 0.25416666666666665 0.45546875 0.25277777777777777
1 0.23984375 0.2916666666666667 0.24375 0.2986111111111111 0.246875 0.31666666666666665 0.246875 0.3263888888888889 0.24453125 0.3333333333333333 0.240625 0.3277777777777778 0.22421875 0.31805555555555554 0.20625 0.32222222222222224 0.20859375 0.3013888888888889 0.2125 0.29444444444444445 0.2390625 0.2916666666666667
1 0.4828125 0.33055555555555555 0.490625 0.3333333333333333 0.49296875 0.3375 0.49296875 0.34444444444444444 0.4859375 0.35555555555555557 0.484375 0.36666666666666664 0.4671875 0.35833333333333334 0.45546875 0.35694444444444445 0.4515625 0.34305555555555556 0.4515625 0.33611111111111114 0.4625 0.33055555555555555 0.48203125 0.33055555555555555
1 0.7296875 0.8319444444444445 0.74609375 0.8333333333333334 0.77265625 0.8291666666666667 0.8109375 0.8319444444444445 0.834375 0.8444444444444444 0.8625 0.8666666666666667 0.8828125 0.8916666666666667 0.89765625 0.9180555555555555 0.91171875 0.95 0.921875 0.9513888888888888 0.9265625 0.9555555555555556 0.925 0.9652777777777778 0.9140625 0.9652777777777778 0.90703125 0.9708333333333333 0.90546875 0.9847222222222223 0.909375 0.9944444444444445 0.89375 0.9986111111111111 0.890625 0.9958333333333333 0.78671875 0.9958333333333333 0.75625 0.9930555555555556 0.74765625 0.9930555555555556 0.74140625 0.9986111111111111 0.7375 0.9958333333333333 0.73515625 0.9986111111111111 0.696875 0.9986111111111111 0.69453125 0.9277777777777778 0.6984375 0.8972222222222223 0.71875 0.8375 0.72890625 0.8319444444444445
1 0.56875 0.3541666666666667 0.5765625 0.3611111111111111 0.578125 0.36666666666666664 0.56328125 0.37222222222222223 0.56015625 0.37916666666666665 0.559375 0.3875 0.55390625 0.3972222222222222 0.540625 0.39305555555555555 0.540625 0.36944444444444446 0.54921875 0.3527777777777778 0.56796875 0.3541666666666667
1 0.84921875 0.5486111111111112 0.85859375 0.5555555555555556 0.86640625 0.5680555555555555 0.87734375 0.5972222222222222 0.88125 0.6291666666666667 0.87890625 0.6638888888888889 0.8765625 0.6680555555555555 0.82578125 0.6666666666666666 0.8171875 0.6638888888888889 0.80703125 0.6666666666666666 0.803125 0.6611111111111111 0.79921875 0.6472222222222223 0.784375 0.6430555555555556 0.7796875 0.6375 0.77890625 0.5875 0.784375 0.5680555555555555 0.79375 0.5527777777777778 0.80234375 0.5458333333333333 0.81484375 0.5430555555555555 0.8484375 0.5486111111111112
1 0.34375 0.375 0.34921875 0.38333333333333336 0.35703125 0.4222222222222222 0.3484375 0.42777777777777776 0.34140625 0.4486111111111111 0.3375 0.4444444444444444 0.334375 0.43333333333333335 0.31796875 0.40555555555555556 0.30546875 0.4027777777777778 0.3015625 0.4 0.3015625 0.3972222222222222 0.3046875 0.39444444444444443 0.30703125 0.3819444444444444 0.3140625 0.375 0.3375 0.37222222222222223 0.34296875 0.375
1 0.26796875 0.30972222222222223 0.26953125 0.2916666666666667 0.27890625 0.28194444444444444 0.3 0.2847222222222222 0.30546875 0.29583333333333334 0.30703125 0.30833333333333335 0.30234375 0.3125 0.29453125 0.3055555555555556 0.2828125 0.3055555555555556 0.27890625 0.30277777777777776 0.26875 0.30972222222222223
1 0.58125 0.36944444444444446 0.58984375 0.3736111111111111 0.590625 0.4041666666666667 0.578125 0.4166666666666667 0.5703125 0.4152777777777778 0.5546875 0.4 0.55390625 0.3958333333333333 0.56328125 0.37083333333333335 0.56796875 0.3680555555555556 0.58046875 0.36944444444444446
1 0.23203125 0.48194444444444445 0.24140625 0.49166666666666664 0.24453125 0.5152777777777777 0.2015625 0.5222222222222223 0.19609375 0.5291666666666667 0.1890625 0.5472222222222223 0.1875 0.5416666666666666 0.18828125 0.5319444444444444 0.18359375 0.5180555555555556 0.1875 0.5125 0.1953125 0.4861111111111111 0.21171875 0.48194444444444445 0.23125 0.48194444444444445
1 0.37578125 0.4736111111111111 0.38359375 0.4777777777777778 0.3890625 0.4875 0.4015625 0.5333333333333333 0.39921875 0.5375 0.39453125 0.5388888888888889 0.37421875 0.5402777777777777 0.36328125 0.5444444444444444 0.35390625 0.5708333333333333 0.35 0.5972222222222222 0.34609375 0.6055555555555555 0.33828125 0.6013888888888889 0.3359375 0.5888888888888889 0.3296875 0.5805555555555556 0.32734375 0.5611111111111111 0.32734375 0.5152777777777777 0.334375 0.4861111111111111 0.33828125 0.4791666666666667 0.35546875 0.4736111111111111 0.375 0.4736111111111111
1 0.2359375 0.42777777777777776 0.24453125 0.4361111111111111 0.2515625 0.45555555555555555 0.26171875 0.46111111111111114 0.26171875 0.46944444444444444 0.2546875 0.47638888888888886 0.25625 0.49027777777777776 0.25859375 0.49583333333333335 0.25859375 0.5430555555555555 0.25703125 0.5444444444444444 0.25390625 0.5430555555555555 0.2515625 0.5319444444444444 0.246875 0.5222222222222223 0.24296875 0.4930555555555556 0.23515625 0.48194444444444445 0.2078125 0.48055555555555557 0.19921875 0.48333333333333334 0.19375 0.4777777777777778 0.19453125 0.4513888888888889 0.2015625 0.4305555555555556 0.21953125 0.4263888888888889 0.23515625 0.42777777777777776
1 0.4140625 0.375 0.41953125 0.37916666666666665 0.42109375 0.3958333333333333 0.41875 0.42777777777777776 0.41953125 0.47638888888888886 0.41796875 0.48055555555555557 0.41484375 0.4736111111111111 0.409375 0.4444444444444444 0.39765625 0.4263888888888889 0.38671875 0.42083333333333334 0.38828125 0.4027777777777778 0.39296875 0.3861111111111111 0.396875 0.37916666666666665 0.403125 0.375 0.41328125 0.375
1 0.72109375 0.6305555555555555 0.73046875 0.6333333333333333 0.75390625 0.6680555555555555 0.77265625 0.6833333333333333 0.778125 0.6930555555555555 0.78125 0.7083333333333334 0.78984375 0.7333333333333333 0.7921875 0.7486111111111111 0.79453125 0.7513888888888889 0.79921875 0.7486111111111111 0.80625 0.75 0.8078125 0.7625 0.79921875 0.7722222222222223 0.80078125 0.8166666666666667 0.79921875 0.825 0.75078125 0.8277777777777777 0.746875 0.8305555555555556 0.72734375 0.8291666666666667 0.72109375 0.8319444444444445 0.7125 0.8486111111111111 0.7078125 0.8652777777777778 0.70078125 0.875 0.696875 0.8916666666666667 0.69375 0.8972222222222223 0.68671875 0.9013888888888889 0.67890625 0.8986111111111111 0.67421875 0.8916666666666667 0.67265625 0.8763888888888889 0.66953125 0.8666666666666667 0.6703125 0.8611111111111112 0.66640625 0.8527777777777777 0.6640625 0.8513888888888889 0.653125 0.8569444444444444 0.64765625 0.8541666666666666 0.64375 0.8458333333333333 0.64140625 0.8152777777777778 0.63671875 0.7888888888888889 0.63515625 0.7527777777777778 0.63671875 0.6930555555555555 0.6390625 0.6708333333333333 0.6421875 0.65 0.65 0.6361111111111111 0.66796875 0.6361111111111111 0.6984375 0.6291666666666667 0.7203125 0.6305555555555555
1 0.228125 0.3194444444444444 0.2375 0.3277777777777778 0.24140625 0.3277777777777778 0.23984375 0.3375 0.2453125 0.35694444444444445 0.2453125 0.3680555555555556 0.240625 0.37777777777777777 0.23671875 0.3763888888888889 0.2359375 0.35833333333333334 0.2296875 0.3486111111111111 0.1984375 0.34444444444444444 0.20234375 0.3277777777777778 0.20625 0.32083333333333336 0.22734375 0.3194444444444444
1 0.40078125 0.30972222222222223 0.42109375 0.30972222222222223 0.42890625 0.31666666666666665 0.43203125 0.325 0.4296875 0.3277777777777778 0.4078125 0.32916666666666666 0.40390625 0.3402777777777778 0.39921875 0.3416666666666667 0.396875 0.3375 0.396875 0.32083333333333336 0.4 0.3111111111111111
1 0.33125 0.35833333333333334 0.340625 0.36527777777777776 0.3421875 0.37222222222222223 0.3140625 0.3763888888888889 0.30859375 0.38333333333333336 0.3078125 0.39305555555555555 0.30390625 0.4013888888888889 0.29765625 0.4013888888888889 0.2953125 0.39305555555555555 0.30078125 0.36527777777777776 0.309375 0.35833333333333334 0.33046875 0.35833333333333334
1 0.240625 0.2916666666666667 0.24453125 0.3 0.2453125 0.30972222222222223 0.25 0.325 0.2484375 0.3347222222222222 0.25 0.3472222222222222 0.24765625 0.3638888888888889 0.2453125 0.37222222222222223 0.240625 0.3763888888888889 0.23671875 0.37222222222222223 0.2390625 0.3486111111111111 0.2375 0.33055555555555555 0.234375 0.325 0.22734375 0.3194444444444444 0.21484375 0.3194444444444444 0.20625 0.3236111111111111 0.20546875 0.32083333333333336 0.20859375 0.3013888888888889 0.2125 0.29444444444444445 0.23984375 0.2916666666666667
1 0.3015625 0.6263888888888889 0.309375 0.6291666666666667 0.3125 0.6333333333333333 0.3109375 0.6402777777777777 0.30390625 0.6458333333333334 0.3078125 0.6986111111111111 0.3078125 0.7194444444444444 0.3046875 0.7222222222222222 0.29609375 0.7222222222222222 0.29140625 0.7125 0.29140625 0.7069444444444445 0.27734375 0.6555555555555556 0.26953125 0.6416666666666667 0.25234375 0.6375 0.22734375 0.6402777777777777 0.22734375 0.6222222222222222 0.23359375 0.5930555555555556 0.2390625 0.5875 0.25625 0.5833333333333334 0.2859375 0.5833333333333334 0.30078125 0.6263888888888889
1 0.54453125 0.3194444444444444 0.55 0.33194444444444443 0.54765625 0.3347222222222222 0.53515625 0.3347222222222222 0.5234375 0.35833333333333334 0.51875 0.3486111111111111 0.5171875 0.3375 0.51875 0.325 0.52265625 0.3194444444444444 0.52734375 0.31805555555555554 0.5390625 0.31666666666666665 0.54375 0.3194444444444444
1 0.2421875 0.5180555555555556 0.2484375 0.5277777777777778 0.25703125 0.5597222222222222 0.2609375 0.5638888888888889 0.265625 0.5638888888888889 0.2671875 0.5708333333333333 0.2640625 0.5763888888888888 0.25625 0.5819444444444445 0.24140625 0.5847222222222223 0.23359375 0.5902777777777778 0.22734375 0.6138888888888889 0.22578125 0.6347222222222222 0.21328125 0.6472222222222223 0.19921875 0.6736111111111112 0.1953125 0.6763888888888889 0.1890625 0.675 0.1875 0.6708333333333333 0.18515625 0.6430555555555556 0.18671875 0.6333333333333333 0.18671875 0.5888888888888889 0.1796875 0.5791666666666667 0.17890625 0.5708333333333333 0.18671875 0.5638888888888889 0.190625 0.5444444444444444 0.2 0.525 0.21171875 0.5208333333333334 0.24140625 0.5180555555555556
1 0.32421875 0.41805555555555557 0.3328125 0.4305555555555556 0.33828125 0.45 0.340625 0.4722222222222222 0.33359375 0.48333333333333334 0.32421875 0.5222222222222223 0.30703125 0.5236111111111111 0.29453125 0.5333333333333333 0.28984375 0.5333333333333333 0.2859375 0.5236111111111111 0.28203125 0.4930555555555556 0.28203125 0.4708333333333333 0.28828125 0.4527777777777778 0.28984375 0.4263888888888889 0.2921875 0.42083333333333334 0.29921875 0.4166666666666667 0.3234375 0.41805555555555557
1 0.3828125 0.37569444444444444 0.040625 0.0625
1 0.73984375 0.4527777777777778 0.75234375 0.4583333333333333 0.76484375 0.4708333333333333 0.771875 0.49166666666666664 0.77578125 0.4986111111111111 0.78046875 0.5013888888888889 0.78125 0.5055555555555555 0.778125 0.5152777777777777 0.78125 0.5236111111111111 0.78359375 0.5458333333333333 0.7875 0.5597222222222222 0.78046875 0.5777777777777777 0.7765625 0.5805555555555556 0.73359375 0.575 0.7296875 0.5652777777777778 0.7296875 0.5416666666666666 0.71953125 0.5208333333333334 0.70078125 0.49444444444444446 0.7 0.4875 0.7078125 0.45555555555555555 0.71171875 0.4527777777777778 0.7390625 0.4527777777777778
1 0.43984375 0.3236111111111111 0.4421875 0.3194444444444444 0.440625 0.30833333333333335 0.4421875 0.29305555555555557 0.44609375 0.2847222222222222 0.45625 0.2833333333333333 0.46328125 0.2833333333333333 0.46796875 0.30277777777777776 0.45546875 0.3055555555555556 0.4484375 0.3138888888888889 0.44375 0.325 0.440625 0.3236111111111111
1 0.6109375 0.46944444444444444 0.6203125 0.48055555555555557 0.63203125 0.5263888888888889 0.63046875 0.5375 0.62109375 0.5416666666666666 0.58046875 0.5416666666666666 0.5640625 0.5472222222222223 0.56015625 0.5458333333333333 0.55859375 0.5291666666666667 0.56015625 0.5125 0.56328125 0.5013888888888889 0.5640625 0.4847222222222222 0.56875 0.475 0.57578125 0.46805555555555556 0.61015625 0.46944444444444444
1 0.2828125 0.3 0.29453125 0.30416666666666664 0.303125 0.3111111111111111 0.30703125 0.3236111111111111 0.30703125 0.3277777777777778 0.30390625 0.3333333333333333 0.296875 0.3277777777777778 0.26328125 0.3277777777777778 0.265625 0.31666666666666665 0.271875 0.30416666666666664 0.28203125 0.3
1 0.4359375 0.24583333333333332 0.43984375 0.2513888888888889 0.4390625 0.2625 0.4359375 0.26805555555555555 0.42109375 0.26666666666666666 0.41796875 0.2569444444444444 0.41953125 0.24861111111111112 0.421875 0.24583333333333332 0.43515625 0.24583333333333332
1 0.43125 0.3 0.44140625 0.3055555555555556 0.44453125 0.31666666666666665 0.44453125 0.32222222222222224 0.4421875 0.3263888888888889 0.43203125 0.3263888888888889 0.42578125 0.31527777777777777 0.4140625 0.30972222222222223 0.4171875 0.2972222222222222 0.43046875 0.3
1 0.228125 0.37916666666666665 0.234375 0.3888888888888889 0.2375 0.4 0.24453125 0.4041666666666667 0.24375 0.4097222222222222 0.23828125 0.41388888888888886 0.23984375 0.41944444444444445 0.2390625 0.42777777777777776 0.22421875 0.4236111111111111 0.22265625 0.41388888888888886 0.2171875 0.4041666666666667 0.196875 0.4013888888888889 0.19375 0.3958333333333333 0.1953125 0.38333333333333336 0.19921875 0.37916666666666665 0.22734375 0.37916666666666665
1 0.2078125 0.4027777777777778 0.21875 0.40694444444444444 0.22421875 0.4236111111111111 0.221875 0.4263888888888889 0.20546875 0.42777777777777776 0.19921875 0.43472222222222223 0.19453125 0.45416666666666666 0.1921875 0.4736111111111111 0.19296875 0.4861111111111111 0.1875 0.5083333333333333 0.18125 0.5180555555555556 0.17578125 0.5208333333333334 0.17109375 0.5152777777777777 0.16796875 0.49583333333333335 0.16875 0.45 0.16640625 0.43472222222222223 0.1734375 0.425 0.17421875 0.4111111111111111 0.1765625 0.40694444444444444 0.20703125 0.4027777777777778
1 0.95625 0.7194444444444444 0.98125 0.7263888888888889 0.99921875 0.7458333333333333 0.99921875 0.8375 0.99609375 0.8416666666666667 0.996875 0.8652777777777778 0.99921875 0.8708333333333333 0.99921875 0.9027777777777778 0.9953125 0.9055555555555556 0.975 0.9055555555555556 0.93828125 0.9013888888888889 0.93125 0.9069444444444444 0.9265625 0.9069444444444444 0.92265625 0.9013888888888889 0.91953125 0.8805555555555555 0.91484375 0.8708333333333333 0.90078125 0.8597222222222223 0.8890625 0.8638888888888889 0.88359375 0.8569444444444444 0.88125 0.8194444444444444 0.88125 0.7791666666666667 0.8828125 0.7652777777777777 0.88671875 0.7541666666666667 0.9046875 0.7305555555555555 0.91171875 0.7263888888888889 0.9203125 0.7236111111111111 0.93671875 0.725 0.94921875 0.7194444444444444 0.95546875 0.7208333333333333
1 0.51875 0.3611111111111111 0.52578125 0.36944444444444446 0.5328125 0.3875 0.5328125 0.39444444444444443 0.50625 0.39305555555555555 0.509375 0.3902777777777778 0.5078125 0.3861111111111111 0.49765625 0.38055555555555554 0.49453125 0.3861111111111111 0.48984375 0.3763888888888889 0.4890625 0.36527777777777776 0.49453125 0.3611111111111111 0.51796875 0.3611111111111111
1 0.3546875 0.9083333333333333 0.3953125 0.9069444444444444 0.40703125 0.9111111111111111 0.4109375 0.9166666666666666 0.41953125 0.9458333333333333 0.428125 0.9666666666666667 0.43359375 0.9916666666666667 0.43046875 0.9944444444444445 0.403125 0.9958333333333333 0.40078125 0.9986111111111111 0.38203125 0.9986111111111111 0.37421875 0.9944444444444445 0.36796875 0.9986111111111111 0.30234375 0.9986111111111111 0.30546875 0.9916666666666667 0.30703125 0.975 0.31328125 0.9555555555555556 0.31484375 0.9319444444444445 0.31796875 0.9222222222222223 0.33515625 0.9111111111111111 0.35390625 0.9083333333333333
1 0.6875 0.4388888888888889 0.6953125 0.44305555555555554 0.70625 0.45555555555555555 0.703125 0.4736111111111111 0.69609375 0.4930555555555556 0.6609375 0.49166666666666664 0.65859375 0.49027777777777776 0.65859375 0.48333333333333334 0.65234375 0.47638888888888886 0.65 0.46944444444444444 0.653125 0.45 0.6609375 0.4388888888888889 0.6671875 0.4361111111111111 0.68671875 0.4388888888888889
1 0.546875 0.3277777777777778 0.54765625 0.33194444444444443 0.5609375 0.3375 0.56484375 0.34444444444444444 0.56484375 0.35138888888888886 0.54921875 0.3527777777777778 0.546875 0.35555555555555557 0.5421875 0.375 0.54296875 0.39305555555555555 0.53671875 0.3902777777777778 0.525 0.3638888888888889 0.525 0.35138888888888886 0.52734375 0.3416666666666667 0.53515625 0.3347222222222222 0.5453125 0.3333333333333333 0.546875 0.32916666666666666
1 0.66328125 0.49583333333333335 0.6984375 0.49722222222222223 0.7171875 0.525 0.72109375 0.5388888888888889 0.72734375 0.5416666666666666 0.7265625 0.5597222222222222 0.7328125 0.5847222222222223 0.73203125 0.6208333333333333 0.73046875 0.6263888888888889 0.72734375 0.6277777777777778 0.7015625 0.6208333333333333 0.6765625 0.6222222222222222 0.671875 0.6166666666666667 0.66640625 0.5861111111111111 0.66328125 0.5777777777777777 0.6625 0.5666666666666667 0.659375 0.5611111111111111 0.64140625 0.5458333333333333 0.63671875 0.5333333333333333 0.63984375 0.5194444444444445 0.65234375 0.49722222222222223 0.6625 0.49583333333333335
1 0.52578125 0.48333333333333334 0.53515625 0.49027777777777776 0.54453125 0.5027777777777778 0.54921875 0.5263888888888889 0.55625 0.5402777777777777 0.56015625 0.5569444444444445 0.55859375 0.5972222222222222 0.5546875 0.6041666666666666 0.503125 0.6013888888888889 0.49609375 0.6069444444444444 0.490625 0.6055555555555555 0.4859375 0.5916666666666667 0.4765625 0.5875 0.47578125 0.5847222222222223 0.47265625 0.5555555555555556 0.47265625 0.5305555555555556 0.4765625 0.5083333333333333 0.48359375 0.49027777777777776 0.48984375 0.48333333333333334 0.525 0.48333333333333334
1 0.60703125 0.975 0.6515625 0.9763888888888889 0.675 0.9805555555555555 0.68125 0.9861111111111112 0.6859375 0.9986111111111111 0.565625 0.9986111111111111 0.56953125 0.9847222222222223 0.5765625 0.975 0.60625 0.975
1 0.39140625 0.425 0.4 0.4305555555555556 0.40859375 0.44305555555555554 0.4109375 0.4513888888888889 0.4171875 0.49444444444444446 0.41875 0.5319444444444444 0.41640625 0.5361111111111111 0.4046875 0.5333333333333333 0.40078125 0.5263888888888889 0.4 0.5180555555555556 0.3890625 0.4861111111111111 0.37890625 0.4736111111111111 0.3671875 0.4708333333333333 0.35078125 0.475 0.34375 0.4736111111111111 0.3421875 0.4527777777777778 0.3484375 0.4305555555555556 0.365625 0.425 0.390625 0.425
1 0.4109375 0.5388888888888889 0.42109375 0.5444444444444444 0.42890625 0.5597222222222222 0.4359375 0.5833333333333334 0.44375 0.5847222222222223 0.446875 0.5888888888888889 0.44609375 0.5944444444444444 0.43984375 0.6027777777777777 0.4453125 0.625 0.44453125 0.6583333333333333 0.4421875 0.6625 0.43125 0.6638888888888889 0.42109375 0.6722222222222223 0.38359375 0.6777777777777778 0.37265625 0.6888888888888889 0.3671875 0.6833333333333333 0.365625 0.6722222222222223 0.36328125 0.6680555555555555 0.35625 0.6638888888888889 0.3546875 0.6583333333333333 0.35234375 0.6069444444444444 0.353125 0.5861111111111111 0.35625 0.5763888888888888 0.35625 0.5694444444444444 0.36171875 0.5513888888888889 0.36640625 0.5444444444444444 0.41015625 0.5388888888888889
1 0.0984375 0.25972222222222224 0.11328125 0.26666666666666666 0.11953125 0.28055555555555556 0.1203125 0.2972222222222222 0.11640625 0.3125 0.109375 0.32222222222222224 0.09296875 0.31527777777777777 0.0828125 0.31527777777777777 0.0796875 0.30972222222222223 0.07734375 0.28888888888888886 0.08046875 0.2763888888888889 0.08828125 0.2625 0.09765625 0.25972222222222224
1 0.47578125 0.3055555555555556 0.48515625 0.3125 0.48828125 0.325 0.4875 0.33194444444444443 0.4703125 0.3277777777777778 0.45625 0.33611111111111114 0.45234375 0.33611111111111114 0.44609375 0.3277777777777778 0.44765625 0.31666666666666665 0.4515625 0.30972222222222223 0.45546875 0.3055555555555556 0.475 0.3055555555555556
1 0.45859375 0.6625 0.47734375 0.6638888888888889 0.48828125 0.6680555555555555 0.5 0.6861111111111111 0.515625 0.7305555555555555 0.52578125 0.7305555555555555 0.52890625 0.7333333333333333 0.52890625 0.7444444444444445 0.52265625 0.7486111111111111 0.52109375 0.7541666666666667 0.53125 0.7819444444444444 0.53359375 0.8138888888888889 0.5328125 0.8541666666666666 0.53046875 0.8597222222222223 0.52578125 0.8611111111111112 0.51953125 0.8527777777777777 0.51328125 0.85 0.45390625 0.8527777777777777 0.4484375 0.8541666666666666 0.44140625 0.8652777777777778 0.43671875 0.8680555555555556 0.43125 0.8652777777777778 0.4265625 0.8333333333333334 0.421875 0.8263888888888888 0.41796875 0.8277777777777777 0.4125 0.8194444444444444 0.41015625 0.8013888888888889 0.409375 0.7638888888888888 0.41171875 0.7138888888888889 0.42734375 0.6708333333333333 0.434375 0.6666666666666666 0.4578125 0.6625
1 0.259375 0.6388888888888888 0.2703125 0.6430555555555556 0.27578125 0.6513888888888889 0.28125 0.6763888888888889 0.29140625 0.7083333333333334 0.2921875 0.7222222222222222 0.27890625 0.7263888888888889 0.27265625 0.7319444444444444 0.26875 0.7402777777777778 0.26484375 0.7638888888888888 0.2546875 0.7888888888888889 0.228125 0.7888888888888889 0.21640625 0.8027777777777778 0.21015625 0.8027777777777778 0.20703125 0.7972222222222223 0.20546875 0.7777777777777778 0.1984375 0.7611111111111111 0.19609375 0.7152777777777778 0.19921875 0.6819444444444445 0.209375 0.6569444444444444 0.21796875 0.6444444444444445 0.25859375 0.6388888888888888
1 0.415625 0.29444444444444445 0.434375 0.3 0.43984375 0.30694444444444446 0.42578125 0.30972222222222223 0.43359375 0.3236111111111111 0.4140625 0.3236111111111111 0.4125 0.32222222222222224 0.41328125 0.3194444444444444 0.41875 0.3194444444444444 0.42109375 0.3236111111111111 0.428125 0.3236111111111111 0.4296875 0.32083333333333336 0.4203125 0.3111111111111111 0.409375 0.3125 0.40546875 0.31805555555555554 0.40625 0.32222222222222224 0.4015625 0.3333333333333333 0.403125 0.3375 0.4015625 0.3416666666666667 0.39609375 0.3375 0.39609375 0.31666666666666665 0.39921875 0.30972222222222223 0.4 0.3013888888888889 0.403125 0.29583333333333334 0.41484375 0.29444444444444445
1 0.5265625 0.25416666666666665 0.5328125 0.2625 0.53515625 0.2791666666666667 0.5125 0.28194444444444444 0.5078125 0.2791666666666667 0.50625 0.2708333333333333 0.50078125 0.2611111111111111 0.5015625 0.25833333333333336 0.5046875 0.25416666666666665 0.52578125 0.25416666666666665
1 0.453125 0.2388888888888889 0.45546875 0.24444444444444444 0.45625 0.2513888888888889 0.4546875 0.25277777777777777 0.44140625 0.25277777777777777 0.434375 0.24444444444444444 0.4375 0.2361111111111111 0.45234375 0.2388888888888889
0 0.28046875 0.20694444444444443 0.28671875 0.2152777777777778 0.28828125 0.225 0.28984375 0.25 0.2859375 0.25416666666666665 0.26875 0.25277777777777777 0.2671875 0.25 0.26640625 0.22777777777777777 0.26328125 0.21666666666666667 0.26328125 0.20833333333333334 0.26953125 0.20416666666666666 0.2796875 0.20694444444444443
0 0.44375 0.35694444444444445 0.47734375 0.36527777777777776 0.496875 0.39305555555555555 0.5 0.4013888888888889 0.5046875 0.46805555555555556 0.503125 0.4791666666666667 0.48984375 0.48194444444444445 0.484375 0.4875 0.4765625 0.5055555555555555 0.47421875 0.5194444444444445 0.47109375 0.5263888888888889 0.44921875 0.5333333333333333 0.4421875 0.5319444444444444 0.4359375 0.5222222222222223 0.42734375 0.5152777777777777 0.421875 0.4986111111111111 0.42109375 0.4875 0.421875 0.4708333333333333 0.41953125 0.43194444444444446 0.421875 0.40694444444444444 0.42109375 0.375 0.4296875 0.35833333333333334 0.44296875 0.35694444444444445
0 0.3578125 0.23472222222222222 0.3765625 0.24583333333333332 0.384375 0.25833333333333336 0.38828125 0.2777777777777778 0.3875 0.30833333333333335 0.390625 0.33611111111111114 0.390625 0.3402777777777778 0.38671875 0.34444444444444444 0.37265625 0.3458333333333333 0.36484375 0.36527777777777776 0.3625 0.37916666666666665 0.359375 0.38333333333333336 0.34921875 0.38055555555555554 0.3390625 0.3625 0.33046875 0.3541666666666667 0.3296875 0.3416666666666667 0.32421875 0.33194444444444443 0.3234375 0.3263888888888889 0.3203125 0.26666666666666666 0.32265625 0.24861111111111112 0.32734375 0.2388888888888889 0.35703125 0.23472222222222222