0 0.2578125 0.9958333333333333 0.2515625 0.9611111111111111 0.25078125 0.9416666666666667 0.25078125 0.9125 0.2546875 0.8875 0.26015625 0.8763888888888889 0.26953125 0.8458333333333333 0.27578125 0.8402777777777778 0.2953125 0.8333333333333334 0.30078125 0.8333333333333334 0.30234375 0.8875 0.30234375 0.9236111111111112 0.3 0.9333333333333333 0.29765625 0.9944444444444445 0.2875 0.9986111111111111 0.26015625 0.9986111111111111 0.25859375 0.9958333333333333
0 0.234375 0.32916666666666666 0.2375 0.33055555555555555 0.2375 0.3347222222222222 0.234375 0.3402777777777778 0.20625 0.34305555555555556 0.2 0.3472222222222222 0.19609375 0.3541666666666667 0.1921875 0.39305555555555555 0.1890625 0.40694444444444444 0.1890625 0.4263888888888889 0.18671875 0.4361111111111111 0.18671875 0.45416666666666666 0.1890625 0.46944444444444444 0.18828125 0.4847222222222222 0.17890625 0.49166666666666664 0.17109375 0.4888888888888889 0.165625 0.46944444444444444 0.1640625 0.35138888888888886 0.16953125 0.3416666666666667 0.17734375 0.3375 0.20546875 0.33055555555555555 0.23359375 0.32916666666666666
0 0.47109375 0.24027777777777778 0.478125 0.24305555555555555 0.48203125 0.2513888888888889 0.48359375 0.2722222222222222 0.47578125 0.2763888888888889 0.45546875 0.2763888888888889 0.45390625 0.27361111111111114 0.4546875 0.2513888888888889 0.46328125 0.24027777777777778 0.4703125 0.24027777777777778
0 0.1015625 0.2611111111111111 0.1140625 0.26805555555555555 0.11796875 0.2777777777777778 0.11953125 0.2875 0.11875 0.3055555555555556 0.11640625 0.31805555555555554 0.1125 0.3236111111111111 0.09375 0.31527777777777777 0.08046875 0.31527777777777777 0.07734375 0.3111111111111111 0.07734375 0.2847222222222222 0.08359375 0.26666666666666666 0.08828125 0.25972222222222224 0.10078125 0.2611111111111111
0 0.4390625 0.28055555555555556 0.44375 0.2861111111111111 0.446875 0.2972222222222222 0.4453125 0.3375 0.4390625 0.3416666666666667 0.43515625 0.3402777777777778 0.43359375 0.3347222222222222 0.43359375 0.30416666666666664 0.43828125 0.28194444444444444
0 0.72890625 0.5861111111111111 0.74765625 0.5875 0.765625 0.5958333333333333 0.7765625 0.6097222222222223 0.7890625 0.6333333333333333 0.79609375 0.6361111111111111 0.796875 0.6402777777777777 0.79453125 0.6472222222222223 0.80390625 0.6680555555555555 0.80625 0.6791666666666667 0.80625 0.7111111111111111 0.80390625 0.7138888888888889 0.79296875 0.6930555555555555 0.77890625 0.6791666666666667 0.7546875 0.6722222222222223 0.71953125 0.675 0.7046875 0.6902777777777778 0.6953125 0.6916666666666667 0.68984375 0.7 0.68203125 0.6944444444444444 0.6765625 0.6569444444444444 0.6765625 0.6430555555555556 0.678125 0.6277777777777778 0.6828125 0.6125 0.703125 0.5902777777777778 0.728125 0.5861111111111111
0 0.425 0.2111111111111111 0.4328125 0.2152777777777778 0.4359375 0.2222222222222222 0.43515625 0.24583333333333332 0.42890625 0.24166666666666667 0.41796875 0.24305555555555555 0.41484375 0.2361111111111111 0.41640625 0.21666666666666667 0.42421875 0.2125
0 0.54375 0.3625 0.55234375 0.3638888888888889 0.5578125 0.36944444444444446 0.56171875 0.39305555555555555 0.5640625 0.3972222222222222 0.56328125 0.4041666666666667 0.53203125 0.40555555555555556 0.52265625 0.4111111111111111 0.51875 0.41944444444444445 0.51484375 0.4152777777777778 0.51328125 0.3902777777777778 0.51875 0.3861111111111111 0.5265625 0.36666666666666664 0.54296875 0.3625
0 0.70625 0.275 0.71015625 0.2708333333333333 0.7265625 0.26944444444444443 0.73046875 0.2722222222222222 0.734375 0.26805555555555555 0.740625 0.26944444444444443 0.74296875 0.275 0.74296875 0.2861111111111111 0.740625 0.29305555555555557 0.7359375 0.3013888888888889 0.7265625 0.30694444444444446 0.71328125 0.30416666666666664 0.70625 0.29444444444444445 0.7046875 0.2916666666666667 0.70625 0.2763888888888889
0 0.44140625 0.15138888888888888 0.44609375 0.1527777777777778 0.4484375 0.1597222222222222 0.4484375 0.16805555555555557 0.4453125 0.17222222222222222 0.4375 0.17222222222222222 0.43515625 0.16805555555555557 0.43515625 0.15555555555555556 0.440625 0.15138888888888888
0 0.7765625 0.7458333333333333 0.81796875 0.7458333333333333 0.8359375 0.7569444444444444 0.86640625 0.8097222222222222 0.88125 0.8236111111111111 0.91875 0.8680555555555556 0.921875 0.875 0.925 0.8986111111111111 0.92890625 0.9055555555555556 0.934375 0.9083333333333333 0.93671875 0.9152777777777777 0.9359375 0.9361111111111111 0.92421875 0.9472222222222222 0.921875 0.9652777777777778 0.91484375 0.9666666666666667 0.90859375 0.9722222222222222 0.9015625 0.9847222222222223 0.88671875 0.9847222222222223 0.87890625 0.9736111111111111 0.8765625 0.9638888888888889 0.86640625 0.9583333333333334 0.85703125 0.9583333333333334 0.85 0.9611111111111111 0.84296875 0.9722222222222222 0.84140625 0.9805555555555555 0.83828125 0.9791666666666666 0.83671875 0.9833333333333333 0.828125 0.9833333333333333 0.8234375 0.9888888888888889 0.78046875 0.9958333333333333 0.728125 0.9944444444444445 0.7296875 0.9902777777777778 0.72734375 0.9861111111111112 0.7203125 0.9888888888888889 0.715625 0.9833333333333333 0.71328125 0.9708333333333333 0.70859375 0.9638888888888889 0.70703125 0.9555555555555556 0.70703125 0.8875 0.7109375 0.8736111111111111 0.71171875 0.8625 0.709375 0.8361111111111111 0.70859375 0.7888888888888889 0.71328125 0.7625 0.71796875 0.7541666666666667 0.73125 0.7486111111111111 0.7421875 0.7458333333333333 0.77578125 0.7458333333333333
0 0.565625 0.85 0.58046875 0.8597222222222223 0.58828125 0.8722222222222222 0.5953125 0.8902777777777777 0.60390625 0.9236111111111112 0.5859375 0.9291666666666667 0.5796875 0.9375 0.5703125 0.975 0.5640625 0.9833333333333333 0.565625 0.9888888888888889 0.5640625 0.9986111111111111 0.5140625 0.9958333333333333 0.509375 0.9944444444444445 0.5078125 0.9888888888888889 0.5015625 0.9875 0.48046875 0.9888888888888889 0.4765625 0.9819444444444444 0.47578125 0.9472222222222222 0.47734375 0.9208333333333333 0.48046875 0.9055555555555556 0.4875 0.8847222222222222 0.50078125 0.8583333333333333 0.51171875 0.8513888888888889 0.534375 0.8472222222222222 0.56484375 0.85
0 0.90234375 0.5666666666666667 0.91953125 0.5833333333333334 0.9359375 0.6125 0.94765625 0.6208333333333333 0.94453125 0.6333333333333333 0.95390625 0.6583333333333333 0.95625 0.6805555555555556 0.946875 0.6972222222222222 0.93515625 0.7069444444444445 0.9296875 0.7069444444444445 0.925 0.7111111111111111 0.88125 0.7083333333333334 0.875 0.7208333333333333 0.8671875 0.725 0.86328125 0.725 0.86015625 0.7208333333333333 0.85703125 0.7097222222222223 0.85546875 0.6930555555555555 0.85234375 0.6875 0.84375 0.6833333333333333 0.8375 0.6958333333333333 0.828125 0.6958333333333333 0.825 0.6902777777777778 0.82265625 0.6722222222222223 0.825 0.6083333333333333 0.83515625 0.5847222222222223 0.83828125 0.5722222222222222 0.84296875 0.5666666666666667 0.9015625 0.5666666666666667
0 0.3703125 0.2125 0.37578125 0.21805555555555556 0.37578125 0.2375 0.37265625 0.25 0.36640625 0.25277777777777777 0.35546875 0.2513888888888889 0.3546875 0.22916666666666666 0.36171875 0.2152777777777778 0.36953125 0.2125
0 0.39765625 0.8138888888888889 0.41015625 0.8166666666666667 0.41796875 0.8305555555555556 0.4328125 0.8680555555555556 0.4359375 0.8777777777777778 0.43671875 0.8888888888888888 0.44375 0.9027777777777778 0.4546875 0.9444444444444444 0.4578125 0.9875 0.45078125 0.9944444444444445 0.42109375 0.9944444444444445 0.41484375 0.9916666666666667 0.41171875 0.9944444444444445 0.37578125 0.9986111111111111 0.29765625 0.9986111111111111 0.29609375 0.9944444444444445 0.29296875 0.9944444444444445 0.29609375 0.9944444444444445 0.30078125 0.9833333333333333 0.3 0.9486111111111111 0.30234375 0.9347222222222222 0.30859375 0.9347222222222222 0.31171875 0.9291666666666667 0.303125 0.9222222222222223 0.303125 0.9069444444444444 0.3015625 0.9041666666666667 0.303125 0.8930555555555556 0.30234375 0.8375 0.315625 0.8236111111111111 0.33671875 0.8166666666666667 0.396875 0.8138888888888889
0 0.496875 0.25277777777777777 0.50859375 0.2569444444444444 0.51171875 0.2638888888888889 0.5140625 0.28888888888888886 0.5140625 0.3055555555555556 0.51171875 0.30972222222222223 0.50703125 0.30694444444444446 0.5046875 0.2791666666666667 0.5015625 0.27361111111111114 0.48359375 0.2722222222222222 0.48359375 0.2652777777777778 0.48671875 0.25416666666666665 0.49609375 0.25277777777777777
0 0.2640625 0.30277777777777776 0.2703125 0.3055555555555556 0.31328125 0.3055555555555556 0.321875 0.3111111111111111 0.325 0.35138888888888886 0.33125 0.37083333333333335 0.33125 0.37916666666666665 0.33515625 0.3875 0.33359375 0.39444444444444443 0.32734375 0.39861111111111114 0.3296875 0.4166666666666667 0.33515625 0.4222222222222222 0.33515625 0.45694444444444443 0.3328125 0.47638888888888886 0.325 0.4875 0.3171875 0.48055555555555557 0.29609375 0.48055555555555557 0.2921875 0.4777777777777778 0.2921875 0.42777777777777776 0.27890625 0.35 0.27421875 0.34305555555555556 0.25078125 0.3416666666666667 0.25 0.3388888888888889 0.2546875 0.3125 0.26171875 0.3013888888888889 0.26328125 0.30277777777777776
0 0.1265625 0.39305555555555555 0.1328125 0.39861111111111114 0.13203125 0.425 0.13046875 0.43333333333333335 0.12421875 0.4388888888888889 0.11953125 0.4388888888888889 0.11875 0.4361111111111111 0.11640625 0.40555555555555556 0.11875 0.39305555555555555 0.12578125 0.39305555555555555
0 0.22109375 0.3125 0.228125 0.31666666666666665 0.23203125 0.3236111111111111 0.23125 0.3277777777777778 0.2015625 0.33055555555555555 0.2 0.3333333333333333 0.19453125 0.3277777777777778 0.203125 0.3138888888888889 0.209375 0.3111111111111111 0.2203125 0.3125
0 0.38671875 0.3402777777777778 0.3984375 0.34444444444444444 0.40390625 0.35833333333333334 0.4078125 0.3819444444444444 0.4078125 0.40694444444444444 0.365625 0.40694444444444444 0.365625 0.3625 0.37265625 0.34444444444444444 0.37578125 0.3416666666666667 0.3859375 0.3416666666666667
0 0.3765625 0.20277777777777778 0.0171875 0.027777777777777776
0 0.49609375 0.275 0.50078125 0.2763888888888889 0.503125 0.28055555555555556 0.50703125 0.31527777777777777 0.50625 0.3541666666666667 0.509375 0.38055555555555554 0.50859375 0.4152777777777778 0.50625 0.425 0.50078125 0.4236111111111111 0.49765625 0.4166666666666667 0.4734375 0.41944444444444445 0.46875 0.40694444444444444 0.4578125 0.3888888888888889 0.44765625 0.38333333333333336 0.4453125 0.37916666666666665 0.446875 0.36527777777777776 0.44609375 0.33194444444444443 0.44921875 0.3277777777777778 0.44921875 0.32222222222222224 0.44609375 0.3194444444444444 0.44921875 0.3 0.446875 0.2791666666666667 0.44921875 0.2763888888888889 0.4953125 0.275
0 0.4109375 0.1986111111111111 0.415625 0.20972222222222223 0.4140625 0.23333333333333334 0.4109375 0.2361111111111111 0.40078125 0.23472222222222222 0.396875 0.22916666666666666 0.39453125 0.21805555555555556 0.39765625 0.2 0.41015625 0.1986111111111111
0 0.66328125 0.23472222222222222 0.66640625 0.2388888888888889 0.66796875 0.2513888888888889 0.65625 0.25277777777777777 0.65390625 0.25972222222222224 0.65 0.2625 0.646875 0.28055555555555556 0.640625 0.2791666666666667 0.640625 0.2625 0.646875 0.24166666666666667 0.65390625 0.23472222222222222 0.6625 0.23472222222222222
0 0.25 0.24722222222222223 0.253125 0.25 0.253125 0.25416666666666665 0.24453125 0.25972222222222224 0.2375 0.28055555555555556 0.22578125 0.275 0.22890625 0.25416666666666665 0.23359375 0.24861111111111112 0.24921875 0.24722222222222223
0 0.3859375 0.43472222222222223 0.39375 0.45555555555555555 0.396875 0.4708333333333333 0.40078125 0.47638888888888886 0.40390625 0.47638888888888886 0.40390625 0.4861111111111111 0.4015625 0.4888888888888889 0.36015625 0.4888888888888889 0.35078125 0.49166666666666664 0.3453125 0.49722222222222223 0.3421875 0.5055555555555555 0.34140625 0.5166666666666667 0.340625 0.49722222222222223 0.3375 0.4847222222222222 0.33828125 0.48055555555555557 0.34453125 0.47638888888888886 0.3453125 0.4583333333333333 0.34921875 0.4388888888888889 0.3546875 0.43194444444444446 0.36640625 0.4305555555555556 0.3796875 0.4305555555555556 0.38515625 0.43472222222222223
0 0.114453125 0.5506944444444445 0.02265625 0.059722222222222225
0 0.1328125 0.23333333333333334 0.13671875 0.25555555555555554 0.1359375 0.2777777777777778 0.13359375 0.2833333333333333 0.12734375 0.2875 0.1265625 0.29305555555555557 0.12265625 0.2916666666666667 0.11484375 0.26805555555555555 0.08984375 0.2569444444444444 0.09375 0.25 0.10703125 0.24861111111111112 0.11015625 0.24444444444444444 0.1125 0.23472222222222222 0.1171875 0.2375 0.11796875 0.25 0.12265625 0.25555555555555554 0.125 0.25 0.1265625 0.23333333333333334 0.13203125 0.23333333333333334
0 0.4984375 0.48333333333333334 0.503125 0.49166666666666664 0.5046875 0.5069444444444444 0.50390625 0.5291666666666667 0.4984375 0.5416666666666666 0.490625 0.5388888888888889 0.4875 0.5319444444444444 0.4859375 0.5208333333333334 0.4859375 0.49722222222222223 0.48828125 0.4875 0.49453125 0.48194444444444445 0.49765625 0.48333333333333334
0 0.77109375 0.5027777777777778 0.79296875 0.5138888888888888 0.80078125 0.5347222222222222 0.8078125 0.5430555555555555 0.80859375 0.5597222222222222 0.81328125 0.5708333333333333 0.8125 0.6111111111111112 0.81015625 0.6180555555555556 0.78125 0.6125 0.75859375 0.5888888888888889 0.73203125 0.5805555555555556 0.7234375 0.5819444444444445 0.721875 0.5791666666666667 0.721875 0.5319444444444444 0.73359375 0.5097222222222222 0.74453125 0.5041666666666667 0.7703125 0.5027777777777778
0 0.46640625 0.6986111111111111 0.47578125 0.7 0.484375 0.7069444444444445 0.49765625 0.7347222222222223 0.5078125 0.7680555555555556 0.5140625 0.7583333333333333 0.5234375 0.7625 0.52421875 0.7694444444444445 0.52265625 0.7736111111111111 0.51328125 0.7763888888888889 0.5109375 0.7805555555555556 0.5171875 0.8041666666666667 0.52265625 0.8166666666666667 0.52421875 0.8444444444444444 0.52109375 0.8486111111111111 0.50390625 0.8527777777777777 0.4921875 0.8708333333333333 0.4796875 0.8972222222222223 0.4578125 0.9 0.44609375 0.9 0.4421875 0.8958333333333334 0.434375 0.8680555555555556 0.42421875 0.8458333333333333 0.4203125 0.8319444444444445 0.41171875 0.8152777777777778 0.39609375 0.8097222222222222 0.39296875 0.8 0.3921875 0.7875 0.39609375 0.7694444444444445 0.39765625 0.7486111111111111 0.4 0.7402777777777778 0.4046875 0.7333333333333333 0.41171875 0.7069444444444445 0.41640625 0.7027777777777777 0.4578125 0.7013888888888888 0.465625 0.6986111111111111
0 0.58203125 0.5875 0.5984375 0.6138888888888889 0.6125 0.6583333333333333 0.6234375 0.6555555555555556 0.62578125 0.6611111111111111 0.6234375 0.6680555555555555 0.61640625 0.675 0.6265625 0.7208333333333333 0.6265625 0.7819444444444444 0.6234375 0.7847222222222222 0.615625 0.7833333333333333 0.60703125 0.7708333333333334 0.6 0.7666666666666667 0.5765625 0.7666666666666667 0.553125 0.7694444444444445 0.5421875 0.7861111111111111 0.53828125 0.7861111111111111 0.53515625 0.7819444444444444 0.53046875 0.7527777777777778 0.521875 0.7416666666666667 0.51796875 0.7277777777777777 0.5171875 0.7013888888888888 0.51875 0.6847222222222222 0.51640625 0.6555555555555556 0.51875 0.6402777777777777 0.52734375 0.6013888888888889 0.53359375 0.5902777777777778 0.5453125 0.5916666666666667 0.55390625 0.5875 0.58125 0.5875
0 0.303125 0.6180555555555556 0.32109375 0.6763888888888889 0.33046875 0.7444444444444445 0.33203125 0.7444444444444445 0.33359375 0.7361111111111112 0.3375 0.7333333333333333 0.3421875 0.7361111111111112 0.3421875 0.7569444444444444 0.3328125 0.7611111111111111 0.33515625 0.7972222222222223 0.3421875 0.8097222222222222 0.33203125 0.8138888888888889 0.328125 0.8125 0.32421875 0.8069444444444445 0.3203125 0.7930555555555555 0.31953125 0.7805555555555556 0.3171875 0.7763888888888889 0.31171875 0.7763888888888889 0.3078125 0.7833333333333333 0.3078125 0.7958333333333333 0.3046875 0.8069444444444445 0.30625 0.8166666666666667 0.3046875 0.825 0.27109375 0.8416666666666667 0.26328125 0.8583333333333333 0.26171875 0.8680555555555556 0.25546875 0.8819444444444444 0.2515625 0.8972222222222223 0.23359375 0.9027777777777778 0.22890625 0.9083333333333333 0.22421875 0.9083333333333333 0.22109375 0.9027777777777778 0.2171875 0.85 0.2140625 0.8388888888888889 0.21171875 0.7847222222222222 0.20625 0.7680555555555556 0.20625 0.7527777777777778 0.209375 0.7305555555555555 0.20859375 0.6791666666666667 0.2125 0.65 0.21640625 0.6402777777777777 0.21875 0.6263888888888889 0.22421875 0.6208333333333333 0.27421875 0.6138888888888889 0.296875 0.6138888888888889 0.30234375 0.6180555555555556
0 0.340625 0.29444444444444445 0.3453125 0.3347222222222222 0.34140625 0.3541666666666667 0.3375 0.35555555555555557 0.33515625 0.3611111111111111 0.33515625 0.3875 0.33671875 0.39305555555555555 0.33515625 0.45694444444444443 0.33125 0.4791666666666667 0.32734375 0.4791666666666667 0.32421875 0.4722222222222222 0.3203125 0.46944444444444444 0.3171875 0.475 0.30859375 0.47638888888888886 0.3125 0.4625 0.31328125 0.45 0.31796875 0.4486111111111111 0.32265625 0.45694444444444443 0.328125 0.4583333333333333 0.32578125 0.4527777777777778 0.32890625 0.44583333333333336 0.32734375 0.4375 0.32109375 0.4361111111111111 0.31796875 0.44027777777777777 0.31328125 0.44027777777777777 0.309375 0.43472222222222223 0.29609375 0.43333333333333335 0.2921875 0.4166666666666667 0.29453125 0.4097222222222222 0.30390625 0.4097222222222222 0.309375 0.41388888888888886 0.31015625 0.42083333333333334 0.3140625 0.4152777777777778 0.31953125 0.4166666666666667 0.32109375 0.4222222222222222 0.325 0.41388888888888886 0.32578125 0.4097222222222222 0.32421875 0.40555555555555556 0.31484375 0.4083333333333333 0.315625 0.4013888888888889 0.31328125 0.3958333333333333 0.3140625 0.39305555555555555 0.3171875 0.39305555555555555 0.321875 0.3819444444444444 0.321875 0.37777777777777777 0.31875 0.37222222222222223 0.321875 0.36527777777777776 0.325 0.3638888888888889 0.325 0.35555555555555557 0.32265625 0.35138888888888886 0.321875 0.31527777777777777 0.31796875 0.30833333333333335 0.30625 0.30416666666666664 0.2609375 0.30416666666666664 0.259375 0.3013888888888889 0.26015625 0.275 0.25703125 0.25833333333333336 0.26015625 0.24861111111111112 0.26796875 0.24027777777777778 0.27265625 0.2388888888888889 0.33203125 0.2375 0.33359375 0.24027777777777778 0.3328125 0.25 0.3359375 0.2625 0.3359375 0.2777777777777778 0.3375 0.28194444444444444 0.3359375 0.2902777777777778 0.33984375 0.29444444444444445
0 0.43359375 0.24166666666666667 0.43671875 0.24861111111111112 0.43828125 0.2611111111111111 0.43515625 0.2777777777777778 0.42890625 0.26944444444444443 0.4203125 0.26944444444444443 0.4140625 0.2777777777777778 0.41171875 0.2652777777777778 0.41328125 0.2513888888888889 0.41796875 0.24305555555555555 0.4328125 0.24166666666666667
0 0.2078125 0.20277777777777778 0.21484375 0.2111111111111111 0.2296875 0.21805555555555556 0.23203125 0.2222222222222222 0.23203125 0.23055555555555557 0.2296875 0.2361111111111111 0.2171875 0.24166666666666667 0.2015625 0.2375 0.1921875 0.2388888888888889 0.18828125 0.23194444444444445 0.18828125 0.21388888888888888 0.190625 0.20416666666666666 0.20703125 0.20277777777777778
0 0.4 0.49027777777777776 0.41328125 0.5222222222222223 0.41875 0.5222222222222223 0.421875 0.5277777777777778 0.4203125 0.5333333333333333 0.41484375 0.5388888888888889 0.4203125 0.5652777777777778 0.4203125 0.5708333333333333 0.415625 0.575 0.409375 0.5736111111111111 0.40234375 0.5444444444444444 0.3984375 0.5361111111111111 0.38984375 0.5263888888888889 0.365625 0.525 0.340625 0.5291666666666667 0.33984375 0.525 0.34375 0.5055555555555555 0.35 0.4930555555555556 0.3578125 0.49027777777777776 0.39921875 0.49027777777777776
0 0.46640625 0.17222222222222222 0.46796875 0.1763888888888889 0.46796875 0.19305555555555556 0.4640625 0.20555555555555555 0.45859375 0.20972222222222223 0.4546875 0.20694444444444443 0.4515625 0.18194444444444444 0.4546875 0.175 0.465625 0.1736111111111111
0 0.25546875 0.2569444444444444 0.25859375 0.2722222222222222 0.25859375 0.2986111111111111 0.253125 0.3111111111111111 0.24453125 0.31666666666666665 0.240625 0.31666666666666665 0.23828125 0.3125 0.2375 0.28888888888888886 0.240625 0.26666666666666666 0.2453125 0.25833333333333336 0.2546875 0.2569444444444444
0 0.24140625 0.3416666666666667 0.25 0.34444444444444444 0.275 0.34444444444444444 0.27890625 0.3527777777777778 0.28203125 0.3680555555555556 0.290625 0.425 0.290625 0.4597222222222222 0.2890625 0.4666666666666667 0.2921875 0.49444444444444446 0.29453125 0.5527777777777778 0.29296875 0.5958333333333333 0.28984375 0.6055555555555555 0.2859375 0.6055555555555555 0.28046875 0.5944444444444444 0.27578125 0.5680555555555555 0.2671875 0.5375 0.2625 0.5291666666666667 0.259375 0.5277777777777778 0.2359375 0.5263888888888889 0.21328125 0.5291666666666667 0.2046875 0.5361111111111111 0.196875 0.5666666666666667 0.1953125 0.5694444444444444 0.1921875 0.5666666666666667 0.18984375 0.5472222222222223 0.18984375 0.4638888888888889 0.1875 0.4527777777777778 0.18984375 0.4041666666666667 0.19453125 0.37916666666666665 0.19609375 0.35555555555555557 0.20546875 0.34444444444444444 0.240625 0.3416666666666667
0 0.1125 0.4444444444444444 0.11640625 0.45416666666666666 0.1171875 0.4666666666666667 0.109375 0.4777777777777778 0.10703125 0.4930555555555556 0.10390625 0.49583333333333335 0.1 0.49027777777777776 0.0984375 0.4847222222222222 0.0984375 0.4666666666666667 0.1 0.45555555555555555 0.1046875 0.44583333333333336 0.11171875 0.44583333333333336
0 0.60546875 0.38333333333333336 0.6109375 0.3861111111111111 0.6390625 0.3861111111111111 0.64765625 0.3902777777777778 0.6609375 0.4027777777777778 0.67109375 0.42916666666666664 0.66953125 0.43194444444444446 0.65078125 0.43472222222222223 0.6453125 0.4444444444444444 0.64375 0.4527777777777778 0.640625 0.45555555555555555 0.60703125 0.4513888888888889 0.5984375 0.4375 0.59765625 0.43194444444444446 0.59765625 0.4125 0.6046875 0.38472222222222224
0 0.075 0.3236111111111111 0.07421875 0.3375 0.0765625 0.35555555555555557 0.07421875 0.3625 0.04609375 0.3625 0.040625 0.36527777777777776 0.0359375 0.35694444444444445 0.03828125 0.3375 0.04609375 0.33055555555555555 0.05546875 0.32916666666666666 0.0609375 0.3236111111111111 0.07421875 0.3236111111111111
0 0.46875 0.1486111111111111 0.47265625 0.15416666666666667 0.47265625 0.1638888888888889 0.47109375 0.17083333333333334 0.4671875 0.175 0.46328125 0.17083333333333334 0.4609375 0.1625 0.4609375 0.1527777777777778 0.46796875 0.1486111111111111
0 0.43984375 0.19722222222222222 0.44453125 0.1986111111111111 0.44765625 0.20416666666666666 0.4484375 0.2152777777777778 0.446875 0.2263888888888889 0.44375 0.23194444444444445 0.43671875 0.23194444444444445 0.43359375 0.21805555555555556 0.428125 0.2111111111111111 0.428125 0.20416666666666666 0.43125 0.1986111111111111 0.4390625 0.19722222222222222
0 0.3453125 0.2763888888888889 0.34609375 0.28055555555555556 0.34375 0.2875 0.34609375 0.30833333333333335 0.3453125 0.35555555555555557 0.3421875 0.3597222222222222 0.3375 0.3597222222222222 0.334375 0.35555555555555557 0.33359375 0.3111111111111111 0.334375 0.29305555555555557 0.33984375 0.2902777777777778 0.34453125 0.2777777777777778
0 0.246875 0.5291666666666667 0.25859375 0.5305555555555556 0.26640625 0.5402777777777777 0.27421875 0.5680555555555555 0.278125 0.5972222222222222 0.246875 0.5930555555555556 0.228125 0.5986111111111111 0.22265625 0.6180555555555556 0.21796875 0.625 0.2109375 0.6527777777777778 0.20703125 0.6777777777777778 0.20859375 0.7 0.20703125 0.7083333333333334 0.2078125 0.7194444444444444 0.20625 0.7222222222222222 0.2046875 0.6958333333333333 0.2 0.6652777777777777 0.19765625 0.6236111111111111 0.1953125 0.6138888888888889 0.1953125 0.5777777777777777 0.20234375 0.5569444444444445 0.203125 0.5444444444444444 0.20703125 0.5361111111111111 0.22109375 0.5305555555555556 0.24609375 0.5291666666666667
0 0.4921875 0.14722222222222223 0.496875 0.1527777777777778 0.496875 0.1625 0.49453125 0.16805555555555557 0.49140625 0.16944444444444445 0.4859375 0.16805555555555557 0.48359375 0.15833333333333333 0.48359375 0.15 0.49140625 0.14722222222222223
0 0.5984375 0.4527777777777778 0.6390625 0.4583333333333333 0.65078125 0.4722222222222222 0.6578125 0.4888888888888889 0.6609375 0.5027777777777778 0.67109375 0.5194444444444445 0.675 0.5361111111111111 0.67421875 0.575 0.671875 0.5902777777777778 0.66640625 0.5916666666666667 0.65859375 0.5763888888888888 0.65234375 0.5736111111111111 0.61796875 0.5736111111111111 0.6140625 0.5763888888888888 0.60859375 0.5875 0.6015625 0.5902777777777778 0.59765625 0.5847222222222223 0.59609375 0.5722222222222222 0.59296875 0.5666666666666667 0.59140625 0.5652777777777778 0.58828125 0.5708333333333333 0.58125 0.5708333333333333 0.5796875 0.5680555555555555 0.5765625 0.5472222222222223 0.578125 0.49027777777777776 0.58828125 0.46111111111111114 0.5921875 0.45555555555555555 0.59765625 0.45416666666666666
0 0.3796875 0.2263888888888889 0.38984375 0.2263888888888889 0.39375 0.2222222222222222 0.39921875 0.23472222222222222 0.403125 0.25277777777777777 0.4015625 0.275 0.38984375 0.275 0.3859375 0.25972222222222224 0.3796875 0.25972222222222224 0.37578125 0.2513888888888889 0.3765625 0.23472222222222222 0.3796875 0.22777777777777777
0 0.5015625 0.17916666666666667 0.5046875 0.18194444444444444 0.50625 0.19166666666666668 0.50625 0.20972222222222223 0.50390625 0.2125 0.496875 0.2111111111111111 0.48828125 0.19305555555555556 0.48984375 0.18055555555555555 0.50078125 0.17916666666666667
0 0.36015625 0.5263888888888889 0.38828125 0.5263888888888889 0.39375 0.5305555555555556 0.40078125 0.5402777777777777 0.41015625 0.5736111111111111 0.40703125 0.5777777777777777 0.396875 0.5819444444444445 0.3921875 0.5916666666666667 0.38515625 0.6194444444444445 0.3796875 0.6625 0.3765625 0.6722222222222223 0.3609375 0.6708333333333333 0.35 0.6736111111111112 0.35078125 0.6777777777777778 0.34765625 0.6847222222222222 0.34140625 0.6916666666666667 0.33671875 0.6888888888888889 0.33515625 0.6722222222222223 0.33125 0.6680555555555555 0.3296875 0.6597222222222222 0.328125 0.6402777777777777 0.32890625 0.5805555555555556 0.33359375 0.5736111111111111 0.3390625 0.5347222222222222 0.3453125 0.5291666666666667 0.359375 0.5263888888888889
0 0.22265625 0.28055555555555556 0.234375 0.28194444444444444 0.2359375 0.31527777777777777 0.23515625 0.32083333333333336 0.23125 0.325 0.22265625 0.3138888888888889 0.20625 0.3138888888888889 0.2046875 0.3013888888888889 0.2015625 0.29444444444444445 0.203125 0.2861111111111111 0.20625 0.28194444444444444 0.221875 0.28055555555555556
0 0.06328125 0.1763888888888889 0.07734375 0.18333333333333332 0.08125 0.19027777777777777 0.084375 0.20416666666666666 0.0859375 0.24166666666666667 0.0828125 0.25416666666666665 0.078125 0.25833333333333336 0.065625 0.2569444444444444 0.05859375 0.2513888888888889 0.05859375 0.17916666666666667 0.0625 0.1763888888888889
0 0.98984375 0.6833333333333333 0.99921875 0.6888888888888889 0.99921875 0.8111111111111111 0.9953125 0.8166666666666667 0.996875 0.825 0.99921875 0.8277777777777777 0.99921875 0.8416666666666667 0.9890625 0.8527777777777777 0.9828125 0.8527777777777777 0.978125 0.8486111111111111 0.97109375 0.8236111111111111 0.95703125 0.8125 0.94921875 0.8111111111111111 0.940625 0.8152777777777778 0.93515625 0.8111111111111111 0.93203125 0.7930555555555555 0.9296875 0.7555555555555555 0.93125 0.7166666666666667 0.934375 0.7111111111111111 0.94375 0.7041666666666667 0.959375 0.6847222222222222 0.9890625 0.6833333333333333
0 0.5640625 0.3486111111111111 0.56875 0.3527777777777778 0.59140625 0.35833333333333334 0.6015625 0.3763888888888889 0.6015625 0.3958333333333333 0.596875 0.4125 0.5984375 0.42777777777777776 0.5953125 0.43333333333333335 0.58359375 0.4305555555555556 0.5640625 0.4041666666666667 0.56484375 0.39861111111111114 0.559375 0.37222222222222223 0.5546875 0.3625 0.5578125 0.3486111111111111 0.56328125 0.3486111111111111
0 0.565625 0.4111111111111111 0.578125 0.42777777777777776 0.5859375 0.4583333333333333 0.58515625 0.4666666666666667 0.578125 0.4847222222222222 0.57421875 0.5027777777777778 0.56171875 0.5 0.5484375 0.5013888888888889 0.54296875 0.49444444444444446 0.53515625 0.49583333333333335 0.5328125 0.5013888888888889 0.53046875 0.4986111111111111 0.521875 0.4986111111111111 0.51875 0.4930555555555556 0.51640625 0.47638888888888886 0.515625 0.4375 0.5171875 0.425 0.52265625 0.4111111111111111 0.5328125 0.40694444444444444 0.55078125 0.40555555555555556 0.56171875 0.40694444444444444 0.56484375 0.4111111111111111
0 0.7703125 0.6763888888888889 0.77890625 0.6805555555555556 0.79609375 0.6986111111111111 0.80390625 0.7166666666666667 0.80546875 0.725 0.8078125 0.7291666666666666 0.81640625 0.7305555555555555 0.81796875 0.7388888888888889 0.8140625 0.7430555555555556 0.746875 0.7430555555555556 0.71875 0.7513888888888889 0.71171875 0.7638888888888888 0.70703125 0.7888888888888889 0.70625 0.8083333333333333 0.69609375 0.8083333333333333 0.6921875 0.8041666666666667 0.690625 0.7958333333333333 0.690625 0.7541666666666667 0.69375 0.7347222222222223 0.69296875 0.7111111111111111 0.69453125 0.7055555555555556 0.70625 0.6875 0.7234375 0.6736111111111112 0.7484375 0.6722222222222223 0.76953125 0.6763888888888889
0 0.26171875 0.5930555555555556 0.26875 0.5944444444444444 0.27578125 0.5902777777777778 0.28515625 0.6083333333333333 0.28359375 0.6111111111111112 0.23125 0.6180555555555556 0.22265625 0.6166666666666667 0.22578125 0.6013888888888889 0.2296875 0.5972222222222222 0.2609375 0.5930555555555556
0 0.41796875 0.3138888888888889 0.4171875 0.30277777777777776 0.4125 0.2902777777777778 0.41171875 0.28055555555555556 0.41484375 0.26944444444444443 0.42109375 0.26805555555555555 0.43515625 0.26944444444444443 0.43984375 0.2833333333333333 0.434375 0.3 0.4328125 0.3125 0.41875 0.3138888888888889
0 0.4109375 0.28888888888888886 0.41484375 0.29583333333333334 0.41640625 0.30416666666666664 0.41640625 0.3416666666666667 0.41796875 0.3472222222222222 0.41796875 0.36527777777777776 0.4125 0.36944444444444446 0.40703125 0.3680555555555556 0.39765625 0.34444444444444444 0.378125 0.3388888888888889 0.375 0.31666666666666665 0.37890625 0.2916666666666667 0.38125 0.28888888888888886 0.41015625 0.28888888888888886
0 0.33828125 0.18472222222222223 0.34140625 0.18888888888888888 0.34296875 0.1986111111111111 0.34140625 0.225 0.33828125 0.22916666666666666 0.328125 0.22916666666666666 0.3234375 0.21944444444444444 0.325 0.19027777777777777 0.3296875 0.18611111111111112 0.3375 0.18611111111111112
0 0.440625 0.5763888888888888 0.45234375 0.5805555555555556 0.46875 0.6083333333333333 0.47734375 0.6347222222222222 0.48515625 0.6333333333333333 0.48828125 0.6361111111111111 0.48828125 0.6458333333333334 0.47890625 0.6541666666666667 0.48671875 0.6805555555555556 0.48828125 0.7041666666666667 0.48671875 0.7069444444444445 0.48046875 0.6986111111111111 0.47265625 0.6972222222222222 0.41640625 0.7013888888888888 0.409375 0.7083333333333334 0.40859375 0.7166666666666667 0.40234375 0.7361111111111112 0.39453125 0.7444444444444445 0.38359375 0.7416666666666667 0.3796875 0.7277777777777777 0.38046875 0.6583333333333333 0.38984375 0.6027777777777777 0.39765625 0.5847222222222223 0.403125 0.5805555555555556 0.41875 0.5763888888888888 0.43984375 0.5763888888888888
0 0.425 0.3875 0.45703125 0.3902777777777778 0.4671875 0.4041666666666667 0.4734375 0.42916666666666664 0.47734375 0.45694444444444443 0.4765625 0.47638888888888886 0.47265625 0.4847222222222222 0.46953125 0.4847222222222222 0.459375 0.4736111111111111 0.43828125 0.475 0.425 0.4847222222222222 0.42109375 0.48055555555555557 0.4171875 0.4722222222222222 0.41484375 0.44583333333333336 0.41640625 0.4222222222222222 0.425 0.3888888888888889
0 0.45078125 0.21666666666666667 0.4546875 0.2125 0.46328125 0.2125 0.47734375 0.2361111111111111 0.47734375 0.24166666666666667 0.465625 0.24027777777777778 0.459375 0.24305555555555555 0.45390625 0.2513888888888889 0.45546875 0.25416666666666665 0.45234375 0.25972222222222224 0.45078125 0.25555555555555554 0.45234375 0.2513888888888889 0.44609375 0.24305555555555555 0.44609375 0.2375 0.44921875 0.22916666666666666 0.44921875 0.21944444444444444 0.45078125 0.21805555555555556
0 0.6578125 0.925 0.67578125 0.9319444444444445 0.7078125 0.9736111111111111 0.71484375 0.9861111111111112 0.71640625 0.9944444444444445 0.728125 0.9930555555555556 0.7296875 0.9958333333333333 0.72734375 0.9986111111111111 0.7234375 0.9958333333333333 0.71875 0.9958333333333333 0.71796875 0.9986111111111111 0.678125 0.9986111111111111 0.675 0.9958333333333333 0.6734375 0.9986111111111111 0.64453125 0.9986111111111111 0.63984375 0.9944444444444445 0.63671875 0.9944444444444445 0.634375 0.9986111111111111 0.5875 0.9986111111111111 0.5859375 0.9958333333333333 0.57734375 0.9944444444444445 0.57421875 0.9972222222222222 0.5703125 0.9944444444444445 0.57421875 0.9819444444444444 0.56875 0.9763888888888889 0.575 0.9625 0.578125 0.9430555555555555 0.58515625 0.9305555555555556 0.65703125 0.925
0 0.4609375 0.20972222222222223 0.46328125 0.2111111111111111 0.46640625 0.21944444444444444 0.46640625 0.225 0.46953125 0.2263888888888889 0.47109375 0.23194444444444445 0.4703125 0.23472222222222222 0.46640625 0.23055555555555557 0.4671875 0.2263888888888889 0.4625 0.2222222222222222 0.4609375 0.22777777777777777 0.4546875 0.23333333333333334 0.45546875 0.24305555555555555 0.45234375 0.24722222222222223 0.44609375 0.24444444444444444 0.4453125 0.22361111111111112 0.4484375 0.21388888888888888 0.46015625 0.20972222222222223
0 0.47890625 0.19305555555555556 0.48515625 0.20833333333333334 0.48515625 0.2222222222222222 0.48671875 0.2263888888888889 0.48359375 0.23333333333333334 0.48046875 0.23472222222222222 0.4765625 0.23333333333333334 0.465625 0.2125 0.46640625 0.1986111111111111 0.47265625 0.19305555555555556 0.478125 0.19305555555555556
0 0.52734375 0.3138888888888889 0.5359375 0.31666666666666665 0.53828125 0.32083333333333336 0.54453125 0.3416666666666667 0.54453125 0.35833333333333334 0.540625 0.3625 0.52578125 0.3597222222222222 0.5234375 0.37083333333333335 0.5203125 0.3736111111111111 0.5109375 0.37222222222222223 0.50859375 0.36666666666666664 0.50703125 0.3486111111111111 0.5078125 0.3236111111111111 0.509375 0.31666666666666665 0.51328125 0.3138888888888889 0.5265625 0.3138888888888889
0 0.353125 0.18333333333333332 0.36171875 0.1875 0.36484375 0.20277777777777778 0.35546875 0.2263888888888889 0.3515625 0.22916666666666666 0.34375 0.22777777777777777 0.3421875 0.21944444444444444 0.34375 0.18888888888888888 0.3484375 0.18333333333333332 0.35234375 0.18333333333333332
0 0.69609375 0.44027777777777777 0.70625 0.4527777777777778 0.715625 0.4722222222222222 0.72265625 0.5097222222222222 0.721875 0.5486111111111112 0.72421875 0.5555555555555556 0.7234375 0.5583333333333333 0.7203125 0.5541666666666667 0.71875 0.5569444444444445 0.7125 0.5555555555555556 0.703125 0.5444444444444444 0.6921875 0.5430555555555555 0.6859375 0.5388888888888889 0.67890625 0.5416666666666666 0.6734375 0.5208333333333334 0.6625 0.5 0.659375 0.4861111111111111 0.64453125 0.45555555555555555 0.646875 0.44166666666666665 0.65 0.4361111111111111 0.65625 0.43333333333333335 0.6796875 0.43472222222222223 0.6953125 0.44027777777777777
0 0.39140625 0.15416666666666667 0.39609375 0.1597222222222222 0.39453125 0.16805555555555557 0.38671875 0.16805555555555557 0.38125 0.1763888888888889 0.3703125 0.1736111111111111 0.37109375 0.15694444444444444 0.375 0.1527777777777778 0.390625 0.15416666666666667