0 0.33515625 0.175 0.3421875 0.18194444444444444 0.3421875 0.19444444444444445 0.33046875 0.2 0.3140625 0.19583333333333333 0.3125 0.18333333333333332 0.32421875 0.175 0.334375 0.175
0 0.22734375 0.30277777777777776 0.23125 0.3138888888888889 0.23203125 0.32916666666666666 0.234375 0.33611111111111114 0.23359375 0.35 0.23046875 0.3541666666666667 0.22578125 0.3486111111111111 0.209375 0.3486111111111111 0.2 0.35555555555555557 0.196875 0.35555555555555557 0.19375 0.3458333333333333 0.1953125 0.31805555555555554 0.19921875 0.30694444444444446 0.20546875 0.3013888888888889 0.221875 0.3 0.2265625 0.30277777777777776
0 0.484375 0.1736111111111111 0.49296875 0.18333333333333332 0.49296875 0.18888888888888888 0.4875 0.19583333333333333 0.48046875 0.19583333333333333 0.475 0.1875 0.475 0.17777777777777778 0.48359375 0.1736111111111111
0 0.0984375 0.2611111111111111 0.1125 0.26666666666666666 0.11875 0.2791666666666667 0.12109375 0.29305555555555557 0.11875 0.30833333333333335 0.11328125 0.32222222222222224 0.08125 0.3125 0.078125 0.3055555555555556 0.078125 0.2875 0.0828125 0.2722222222222222 0.08828125 0.2625 0.09765625 0.2611111111111111
0 0.4640625 0.24861111111111112 0.46875 0.25416666666666665 0.46953125 0.2611111111111111 0.46328125 0.26944444444444443 0.459375 0.2833333333333333 0.45625 0.2875 0.446875 0.2791666666666667 0.44375 0.2708333333333333 0.44296875 0.25555555555555554 0.4453125 0.24861111111111112 0.45 0.24583333333333332 0.46328125 0.24861111111111112
0 0.4328125 0.2 0.4390625 0.20416666666666666 0.44375 0.2125 0.44140625 0.22083333333333333 0.44140625 0.24166666666666667 0.4390625 0.24722222222222223 0.41953125 0.24722222222222223 0.41796875 0.24305555555555555 0.41875 0.20555555555555555 0.42109375 0.2013888888888889 0.43203125 0.2
0 0.2140625 0.20694444444444443 0.23203125 0.22083333333333333 0.23203125 0.23472222222222222 0.23046875 0.2375 0.2234375 0.2375 0.2171875 0.24166666666666667 0.21328125 0.24166666666666667 0.209375 0.23472222222222222 0.20390625 0.23333333333333334 0.19921875 0.2263888888888889 0.19296875 0.22361111111111112 0.190625 0.21805555555555556 0.190625 0.20833333333333334 0.19453125 0.20277777777777778 0.2078125 0.20277777777777778 0.21328125 0.20694444444444443
0 0.82890625 0.6361111111111111 0.8359375 0.6472222222222223 0.84140625 0.6472222222222223 0.8421875 0.65 0.8421875 0.6805555555555556 0.840625 0.6888888888888889 0.84140625 0.7236111111111111 0.83984375 0.7263888888888889 0.834375 0.7263888888888889 0.825 0.7166666666666667 0.82109375 0.7194444444444444 0.8171875 0.7180555555555556 0.81484375 0.7125 0.81328125 0.6972222222222222 0.80859375 0.6847222222222222 0.80859375 0.6777777777777778 0.81796875 0.6680555555555555 0.8171875 0.6611111111111111 0.8140625 0.6555555555555556 0.8140625 0.65 0.81796875 0.6430555555555556 0.8171875 0.6388888888888888 0.8234375 0.6347222222222222 0.828125 0.6361111111111111
0 0.29296875 0.32222222222222224 0.3 0.325 0.303125 0.3347222222222222 0.30078125 0.3861111111111111 0.2921875 0.3875 0.28671875 0.38472222222222224 0.28359375 0.37777777777777777 0.2828125 0.36527777777777776 0.2890625 0.33194444444444443 0.29296875 0.3236111111111111
0 0.40390625 0.8402777777777778 0.421875 0.8652777777777778 0.43203125 0.8972222222222223 0.44140625 0.9388888888888889 0.44453125 0.9444444444444444 0.4484375 0.9402777777777778 0.4578125 0.9416666666666667 0.4609375 0.9458333333333333 0.46171875 0.9513888888888888 0.4578125 0.9597222222222223 0.4484375 0.9666666666666667 0.453125 0.9833333333333333 0.453125 0.9916666666666667 0.44140625 0.9958333333333333 0.4015625 0.9958333333333333 0.396875 0.9986111111111111 0.31015625 0.9986111111111111 0.30859375 0.9958333333333333 0.30859375 0.9777777777777777 0.30703125 0.9722222222222222 0.30703125 0.9444444444444444 0.3109375 0.9083333333333333 0.31640625 0.8930555555555556 0.32265625 0.8597222222222223 0.32734375 0.8486111111111111 0.334375 0.8402777777777778 0.3734375 0.8333333333333334 0.38828125 0.8333333333333334 0.403125 0.8402777777777778
0 0.48359375 0.22361111111111112 0.49375 0.2263888888888889 0.503125 0.23333333333333334 0.5078125 0.24722222222222223 0.50234375 0.25277777777777777 0.484375 0.25277777777777777 0.47578125 0.2361111111111111 0.4671875 0.23472222222222222 0.46640625 0.23055555555555557 0.46875 0.22777777777777777 0.4828125 0.22361111111111112
0 0.2796875 0.3013888888888889 0.2875 0.3055555555555556 0.29140625 0.3125 0.29296875 0.32083333333333336 0.2875 0.3375 0.2828125 0.36527777777777776 0.2671875 0.36527777777777776 0.26171875 0.36944444444444446 0.25625 0.3680555555555556 0.25234375 0.325 0.26171875 0.3055555555555556 0.2703125 0.3013888888888889 0.27890625 0.3013888888888889
0 0.22421875 0.34444444444444444 0.23359375 0.35833333333333334 0.23984375 0.375 0.24453125 0.37777777777777777 0.24453125 0.3819444444444444 0.240625 0.3875 0.2421875 0.4152777777777778 0.240625 0.41805555555555557 0.2328125 0.4097222222222222 0.20859375 0.4111111111111111 0.20234375 0.41388888888888886 0.19609375 0.4222222222222222 0.19140625 0.4111111111111111 0.1921875 0.3888888888888889 0.190625 0.3763888888888889 0.1984375 0.3625 0.2015625 0.35138888888888886 0.20625 0.3472222222222222 0.2234375 0.34444444444444444
0 0.38359375 0.4444444444444444 0.390625 0.45416666666666666 0.39296875 0.4652777777777778 0.396875 0.4722222222222222 0.40234375 0.47638888888888886 0.403125 0.48333333333333334 0.396875 0.4875 0.3796875 0.4888888888888889 0.371875 0.49444444444444446 0.3625 0.5569444444444445 0.35546875 0.5597222222222222 0.34609375 0.5708333333333333 0.340625 0.5708333333333333 0.33515625 0.5513888888888889 0.32890625 0.5527777777777778 0.32578125 0.5388888888888889 0.32578125 0.5 0.33359375 0.4527777777777778 0.33828125 0.44583333333333336 0.34921875 0.44722222222222224 0.3671875 0.4444444444444444 0.36953125 0.44166666666666665 0.3828125 0.4444444444444444
0 0.74921875 0.6819444444444445 0.76328125 0.6847222222222222 0.81640625 0.7347222222222223 0.821875 0.7569444444444444 0.83203125 0.7708333333333334 0.840625 0.8041666666666667 0.84375 0.8361111111111111 0.84296875 0.8527777777777777 0.8375 0.8569444444444444 0.81796875 0.8541666666666666 0.815625 0.8611111111111112 0.81484375 0.9291666666666667 0.8171875 0.9680555555555556 0.815625 0.9819444444444444 0.8140625 0.9847222222222223 0.8 0.9875 0.78671875 0.9847222222222223 0.77421875 0.9875 0.73671875 0.9875 0.7296875 0.9680555555555556 0.7171875 0.9611111111111111 0.70625 0.9402777777777778 0.69609375 0.9291666666666667 0.6875 0.9111111111111111 0.68046875 0.9083333333333333 0.678125 0.9041666666666667 0.6765625 0.8930555555555556 0.6609375 0.8666666666666667 0.65859375 0.8569444444444444 0.6578125 0.7666666666666667 0.659375 0.7611111111111111 0.65859375 0.7194444444444444 0.66015625 0.6916666666666667 0.6984375 0.6847222222222222 0.7484375 0.6819444444444445
0 0.1171875 0.4125 0.1203125 0.41805555555555557 0.1203125 0.4375 0.11640625 0.4583333333333333 0.1125 0.4583333333333333 0.10546875 0.44305555555555554 0.10703125 0.41388888888888886 0.11171875 0.4111111111111111 0.11640625 0.4125
0 0.48046875 0.6361111111111111 0.503125 0.65 0.51171875 0.6611111111111111 0.51640625 0.6736111111111112 0.53671875 0.6930555555555555 0.53671875 0.7013888888888888 0.52734375 0.7097222222222223 0.5328125 0.7222222222222222 0.5375 0.7416666666666667 0.53828125 0.7569444444444444 0.53671875 0.7652777777777777 0.5203125 0.7291666666666666 0.49375 0.7097222222222223 0.48046875 0.7083333333333334 0.45078125 0.7111111111111111 0.4390625 0.7166666666666667 0.43046875 0.7375 0.428125 0.7625 0.425 0.7680555555555556 0.42109375 0.7569444444444444 0.42109375 0.7263888888888889 0.42265625 0.7 0.42578125 0.6888888888888889 0.42578125 0.6736111111111112 0.440625 0.6444444444444445 0.4796875 0.6361111111111111
0 0.34921875 0.24027777777777778 0.35078125 0.26666666666666666 0.3484375 0.2708333333333333 0.321875 0.2708333333333333 0.3203125 0.26805555555555555 0.32109375 0.24583333333333332 0.3265625 0.23194444444444445 0.3375 0.22777777777777777 0.3453125 0.22916666666666666 0.3484375 0.24027777777777778
0 0.28671875 0.5416666666666666 0.29921875 0.5486111111111112 0.30390625 0.5569444444444445 0.3140625 0.5875 0.315625 0.6583333333333333 0.31796875 0.6833333333333333 0.31328125 0.6847222222222222 0.31015625 0.6819444444444445 0.30546875 0.6763888888888889 0.303125 0.6680555555555555 0.2875 0.6666666666666666 0.2828125 0.6625 0.271875 0.6666666666666666 0.26328125 0.6597222222222222 0.25859375 0.6680555555555555 0.246875 0.6708333333333333 0.24296875 0.675 0.2421875 0.6847222222222222 0.2328125 0.7 0.23046875 0.7208333333333333 0.22734375 0.7166666666666667 0.22734375 0.7083333333333334 0.21953125 0.7013888888888888 0.21796875 0.6944444444444444 0.2171875 0.675 0.22265625 0.6513888888888889 0.221875 0.6236111111111111 0.2171875 0.5763888888888888 0.2171875 0.5597222222222222 0.21875 0.5541666666666667 0.2234375 0.55 0.2421875 0.5444444444444444 0.2859375 0.5416666666666666
0 0.396875 0.22083333333333333 0.40625 0.22361111111111112 0.409375 0.22777777777777777 0.41328125 0.25416666666666665 0.40859375 0.2611111111111111 0.390625 0.2652777777777778 0.38671875 0.2652777777777778 0.384375 0.2611111111111111 0.3859375 0.22777777777777777 0.38828125 0.2222222222222222 0.39609375 0.22083333333333333
0 0.3171875 0.31527777777777777 0.35234375 0.31527777777777777 0.3625 0.31805555555555554 0.36796875 0.37777777777777777 0.36796875 0.4375 0.36640625 0.44166666666666665 0.33828125 0.4444444444444444 0.33046875 0.4527777777777778 0.3171875 0.45694444444444443 0.3125 0.45416666666666666 0.31015625 0.44583333333333336 0.30703125 0.42916666666666664 0.30703125 0.4 0.303125 0.39166666666666666 0.30234375 0.38333333333333336 0.30234375 0.35138888888888886 0.30546875 0.3263888888888889 0.309375 0.31666666666666665 0.31640625 0.31527777777777777
0 0.43515625 0.18055555555555555 0.4390625 0.17777777777777778 0.45078125 0.17777777777777778 0.45546875 0.19444444444444445 0.45546875 0.2 0.453125 0.20277777777777778 0.44140625 0.20277777777777778 0.434375 0.19444444444444445 0.43515625 0.18194444444444444
0 0.234375 0.2847222222222222 0.24140625 0.29305555555555557 0.2484375 0.29583333333333334 0.2484375 0.34305555555555556 0.2421875 0.3527777777777778 0.234375 0.35 0.2296875 0.3125 0.225 0.30277777777777776 0.20625 0.3 0.20859375 0.2902777777777778 0.2125 0.2847222222222222 0.23359375 0.2847222222222222
0 0.2359375 0.4125 0.240625 0.41805555555555557 0.24609375 0.43472222222222223 0.25546875 0.4375 0.25546875 0.44305555555555554 0.24921875 0.4486111111111111 0.25234375 0.4638888888888889 0.2515625 0.4722222222222222 0.2359375 0.46944444444444444 0.2109375 0.4722222222222222 0.20703125 0.47638888888888886 0.19921875 0.5013888888888889 0.19296875 0.5111111111111111 0.190625 0.5041666666666667 0.19140625 0.4527777777777778 0.18671875 0.44583333333333336 0.18671875 0.44166666666666665 0.19453125 0.43194444444444446 0.20078125 0.41388888888888886 0.225 0.4097222222222222 0.23515625 0.4125
0 0.65625 0.8930555555555556 0.68359375 0.9152777777777777 0.69609375 0.9375 0.70078125 0.9513888888888888 0.70859375 0.9625 0.72265625 0.9694444444444444 0.72734375 0.9902777777777778 0.72421875 0.9986111111111111 0.69921875 0.9986111111111111 0.696875 0.9958333333333333 0.634375 0.9986111111111111 0.60859375 0.9930555555555556 0.59765625 0.9958333333333333 0.5953125 0.9916666666666667 0.5953125 0.9819444444444444 0.5921875 0.9833333333333333 0.59296875 0.9875 0.5890625 0.9902777777777778 0.59140625 0.9944444444444445 0.56328125 0.9944444444444445 0.56484375 0.9875 0.55703125 0.9736111111111111 0.55625 0.9486111111111111 0.57265625 0.9 0.5796875 0.8958333333333334 0.60546875 0.8902777777777777 0.63125 0.8888888888888888 0.65546875 0.8930555555555556
0 0.4984375 0.2972222222222222 0.5203125 0.3 0.528125 0.3111111111111111 0.5296875 0.32083333333333336 0.528125 0.35833333333333334 0.5265625 0.3625 0.521875 0.3625 0.51484375 0.38055555555555554 0.48515625 0.38055555555555554 0.4765625 0.3763888888888889 0.47265625 0.37083333333333335 0.47109375 0.35138888888888886 0.47578125 0.3388888888888889 0.47421875 0.32916666666666666 0.4796875 0.3194444444444444 0.48203125 0.3013888888888889 0.484375 0.2972222222222222 0.49765625 0.2972222222222222
0 0.2453125 0.30972222222222223 0.24609375 0.30277777777777776 0.2421875 0.2972222222222222 0.24140625 0.2902777777777778 0.2265625 0.2722222222222222 0.22734375 0.2638888888888889 0.234375 0.25277777777777777 0.25859375 0.24722222222222223 0.2640625 0.2652777777777778 0.2625 0.2972222222222222 0.253125 0.31666666666666665 0.2484375 0.31805555555555554 0.24609375 0.3111111111111111
0 0.453125 0.20972222222222223 0.4578125 0.21666666666666667 0.45859375 0.23055555555555557 0.45234375 0.24027777777777778 0.44296875 0.24444444444444444 0.4390625 0.24444444444444444 0.440625 0.2388888888888889 0.440625 0.21944444444444444 0.4453125 0.20972222222222223 0.45234375 0.20972222222222223
0 0.50703125 0.44305555555555554 0.53359375 0.44583333333333336 0.55 0.45416666666666666 0.5671875 0.48333333333333334 0.571875 0.4861111111111111 0.571875 0.49722222222222223 0.578125 0.5097222222222222 0.58203125 0.525 0.58125 0.5541666666666667 0.57734375 0.575 0.5703125 0.575 0.56328125 0.5638888888888889 0.55625 0.5611111111111111 0.53203125 0.5625 0.52578125 0.5652777777777778 0.5203125 0.5736111111111111 0.51484375 0.575 0.5109375 0.5708333333333333 0.50703125 0.5555555555555556 0.503125 0.5513888888888889 0.49765625 0.55 0.49140625 0.5597222222222222 0.48515625 0.5569444444444445 0.48125 0.5361111111111111 0.4796875 0.5083333333333333 0.48046875 0.48194444444444445 0.49140625 0.4486111111111111 0.50625 0.44305555555555554
0 0.48359375 0.15833333333333333 0.4875 0.16666666666666666 0.48828125 0.175 0.4875 0.17777777777777778 0.48046875 0.1763888888888889 0.47734375 0.18055555555555555 0.4734375 0.18055555555555555 0.47109375 0.1763888888888889 0.4703125 0.16527777777777777 0.475 0.15694444444444444 0.4828125 0.15833333333333333
0 0.3078125 0.20277777777777778 0.31171875 0.2222222222222222 0.3125 0.26805555555555555 0.31015625 0.2763888888888889 0.303125 0.2791666666666667 0.2703125 0.2763888888888889 0.26953125 0.25555555555555554 0.2671875 0.24444444444444444 0.2671875 0.21944444444444444 0.27109375 0.20833333333333334 0.27890625 0.2013888888888889 0.3 0.1986111111111111 0.30703125 0.20277777777777778
0 0.0609375 0.1763888888888889 0.07109375 0.17777777777777778 0.078125 0.18333333333333332 0.08125 0.19027777777777777 0.0859375 0.2111111111111111 0.08671875 0.24722222222222223 0.08046875 0.2569444444444444 0.06796875 0.2569444444444444 0.06015625 0.25277777777777777 0.05859375 0.23472222222222222 0.06015625 0.21944444444444444 0.05859375 0.18194444444444444 0.06015625 0.17777777777777778
0 0.928125 0.8486111111111111 0.9359375 0.8569444444444444 0.95 0.8652777777777778 0.95625 0.8833333333333333 0.96640625 0.8861111111111111 0.96953125 0.8986111111111111 0.99140625 0.9166666666666666 0.990625 0.9263888888888889 0.99296875 0.9333333333333333 0.99296875 0.9458333333333333 0.990625 0.9527777777777777 0.9953125 0.9736111111111111 0.9859375 0.9791666666666666 0.96015625 0.9819444444444444 0.95859375 0.9847222222222223 0.9609375 0.9875 0.9828125 0.9861111111111112 0.99453125 0.9819444444444444 0.99921875 0.9930555555555556 0.978125 0.9986111111111111 0.97421875 0.9958333333333333 0.93828125 0.9958333333333333 0.9359375 0.9944444444444445 0.9328125 0.9819444444444444 0.92578125 0.9777777777777777 0.91796875 0.9680555555555556 0.91171875 0.9666666666666667 0.9078125 0.9666666666666667 0.90625 0.9722222222222222 0.90625 0.9875 0.91171875 0.9944444444444445 0.90390625 0.9986111111111111 0.890625 0.9986111111111111 0.88046875 0.9944444444444445 0.84609375 0.9944444444444445 0.8421875 0.9888888888888889 0.83125 0.9916666666666667 0.82890625 0.9888888888888889 0.8203125 0.9888888888888889 0.81875 0.9833333333333333 0.8203125 0.9666666666666667 0.81796875 0.9444444444444444 0.8140625 0.9472222222222222 0.81171875 0.9388888888888889 0.81171875 0.9305555555555556 0.8171875 0.9152777777777777 0.8171875 0.8958333333333334 0.815625 0.8902777777777777 0.81640625 0.8680555555555556 0.81875 0.8583333333333333 0.840625 0.8583333333333333 0.859375 0.8513888888888889 0.8953125 0.8513888888888889 0.90390625 0.8472222222222222 0.92734375 0.8486111111111111
0 0.48046875 0.3819444444444444 0.490625 0.3888888888888889 0.496875 0.40555555555555556 0.5015625 0.4111111111111111 0.50078125 0.425 0.503125 0.4388888888888889 0.49140625 0.44583333333333336 0.48046875 0.4722222222222222 0.46328125 0.4722222222222222 0.45390625 0.48333333333333334 0.44921875 0.48055555555555557 0.446875 0.4736111111111111 0.44140625 0.4708333333333333 0.4390625 0.4625 0.43828125 0.425 0.44140625 0.40694444444444444 0.4453125 0.3958333333333333 0.45390625 0.38333333333333336 0.459375 0.38055555555555554 0.4796875 0.3819444444444444
0 0.38203125 0.20972222222222223 0.3875 0.21666666666666667 0.38515625 0.24027777777777778 0.3828125 0.24861111111111112 0.3765625 0.2513888888888889 0.3625 0.25 0.36171875 0.2375 0.36796875 0.2125 0.38125 0.20972222222222223
0 0.26484375 0.5 0.27109375 0.5013888888888889 0.2734375 0.5055555555555555 0.27421875 0.5138888888888888 0.271875 0.525 0.271875 0.5361111111111111 0.26171875 0.5430555555555555 0.23828125 0.5430555555555555 0.2203125 0.55 0.21640625 0.5625 0.2171875 0.5777777777777777 0.215625 0.5944444444444444 0.21015625 0.6013888888888889 0.20859375 0.6083333333333333 0.203125 0.6111111111111112 0.19921875 0.6027777777777777 0.19765625 0.5694444444444444 0.1953125 0.5638888888888889 0.1953125 0.5319444444444444 0.196875 0.5263888888888889 0.1953125 0.5125 0.20078125 0.5013888888888889 0.20625 0.4791666666666667 0.209375 0.475 0.2203125 0.4722222222222222 0.2375 0.4708333333333333 0.2515625 0.4736111111111111 0.2640625 0.5
0 0.43671875 0.2722222222222222 0.43984375 0.2722222222222222 0.4484375 0.2875 0.4546875 0.2916666666666667 0.4609375 0.31666666666666665 0.4625 0.3375 0.459375 0.375 0.4578125 0.37916666666666665 0.45078125 0.38333333333333336 0.4421875 0.39861111111111114 0.43515625 0.425 0.40078125 0.425 0.39296875 0.4305555555555556 0.38671875 0.42083333333333334 0.38125 0.4111111111111111 0.3796875 0.4027777777777778 0.3765625 0.325 0.3765625 0.3125 0.3796875 0.29444444444444445 0.384375 0.29444444444444445 0.38671875 0.28888888888888886 0.38984375 0.2875 0.39140625 0.2833333333333333 0.390625 0.2791666666666667 0.39375 0.27361111111111114 0.4015625 0.275 0.3984375 0.2791666666666667 0.4 0.28194444444444444 0.41484375 0.28194444444444444 0.42734375 0.2861111111111111 0.4359375 0.2833333333333333 0.43671875 0.27361111111111114
0 0.43984375 0.5666666666666667 0.44609375 0.5694444444444444 0.45546875 0.5833333333333334 0.465625 0.6125 0.47109375 0.6208333333333333 0.47734375 0.6222222222222222 0.47890625 0.6291666666666667 0.47734375 0.6333333333333333 0.47265625 0.6361111111111111 0.4484375 0.6402777777777777 0.4375 0.6472222222222223 0.42421875 0.6777777777777778 0.4234375 0.6958333333333333 0.4203125 0.7083333333333334 0.40859375 0.7152777777777778 0.40234375 0.7236111111111111 0.396875 0.7208333333333333 0.39375 0.7013888888888888 0.38671875 0.6972222222222222 0.3828125 0.6819444444444445 0.38125 0.6347222222222222 0.38984375 0.5930555555555556 0.38984375 0.5847222222222223 0.39609375 0.5694444444444444 0.40078125 0.5666666666666667 0.4390625 0.5666666666666667
0 0.40859375 0.4861111111111111 0.42890625 0.49027777777777776 0.4390625 0.5 0.4453125 0.5138888888888888 0.4515625 0.5388888888888889 0.4546875 0.5444444444444444 0.459375 0.5458333333333333 0.46171875 0.55 0.46171875 0.5555555555555556 0.45546875 0.5638888888888889 0.45625 0.5777777777777777 0.45234375 0.5777777777777777 0.4453125 0.5666666666666667 0.43984375 0.5638888888888889 0.41015625 0.5638888888888889 0.39609375 0.5680555555555555 0.390625 0.5805555555555556 0.3796875 0.6333333333333333 0.37421875 0.6347222222222222 0.36484375 0.6319444444444444 0.3625 0.6222222222222222 0.3625 0.5694444444444444 0.37109375 0.4986111111111111 0.3734375 0.4930555555555556 0.3796875 0.49027777777777776 0.4078125 0.4861111111111111
0 0.47734375 0.2361111111111111 0.48203125 0.24722222222222223 0.4828125 0.2625 0.4703125 0.2611111111111111 0.46484375 0.24861111111111112 0.45703125 0.24444444444444444 0.46171875 0.23333333333333334 0.4734375 0.23333333333333334 0.4765625 0.2361111111111111
0 0.4828125 0.7097222222222223 0.4953125 0.7125 0.52109375 0.7305555555555555 0.525 0.7444444444444445 0.53203125 0.7569444444444444 0.54296875 0.7875 0.5546875 0.7875 0.5578125 0.7902777777777777 0.55703125 0.7986111111111112 0.55 0.8097222222222222 0.54921875 0.8152777777777778 0.55546875 0.8388888888888889 0.559375 0.8708333333333333 0.559375 0.9166666666666666 0.55703125 0.925 0.55390625 0.9263888888888889 0.5359375 0.9208333333333333 0.5046875 0.9208333333333333 0.4609375 0.9319444444444445 0.453125 0.9305555555555556 0.4484375 0.9208333333333333 0.44765625 0.9138888888888889 0.43828125 0.8958333333333334 0.43671875 0.8875 0.43046875 0.8763888888888889 0.428125 0.8666666666666667 0.42421875 0.8416666666666667 0.4265625 0.8013888888888889 0.42421875 0.7722222222222223 0.42890625 0.7652777777777777 0.42734375 0.7569444444444444 0.43046875 0.7458333333333333 0.43046875 0.7375 0.4390625 0.7180555555555556 0.45078125 0.7125 0.48203125 0.7097222222222223
0 0.60546875 0.6277777777777778 0.6265625 0.6291666666666667 0.65 0.6513888888888889 0.65859375 0.6708333333333333 0.659375 0.6888888888888889 0.6578125 0.6944444444444444 0.65625 0.7388888888888889 0.65625 0.8152777777777778 0.6546875 0.8180555555555555 0.61953125 0.8166666666666667 0.60390625 0.8194444444444444 0.5953125 0.8319444444444445 0.5875 0.8291666666666667 0.584375 0.8055555555555556 0.58125 0.7958333333333333 0.58203125 0.7930555555555555 0.578125 0.7875 0.56953125 0.7916666666666666 0.5625 0.7888888888888889 0.56015625 0.7736111111111111 0.559375 0.7305555555555555 0.55703125 0.7097222222222223 0.56328125 0.6583333333333333 0.571875 0.6319444444444444 0.57421875 0.6291666666666667 0.6046875 0.6277777777777778
0 0.471875 0.25972222222222224 0.48359375 0.2625 0.49140625 0.2833333333333333 0.4875 0.29305555555555557 0.4734375 0.30694444444444446 0.4640625 0.30416666666666664 0.459375 0.2902777777777778 0.46171875 0.2722222222222222 0.47109375 0.25972222222222224
0 0.4921875 0.2125 0.5015625 0.23055555555555557 0.49296875 0.22777777777777777 0.46328125 0.23055555555555557 0.465625 0.21944444444444444 0.46953125 0.2125 0.478125 0.20972222222222223 0.49140625 0.2125
0 0.3 0.6527777777777778 0.30390625 0.6569444444444444 0.309375 0.6819444444444445 0.31796875 0.6944444444444444 0.3265625 0.7194444444444444 0.33046875 0.7388888888888889 0.33359375 0.7416666666666667 0.34296875 0.7402777777777778 0.3453125 0.7430555555555556 0.34609375 0.75 0.34453125 0.7541666666666667 0.334375 0.7597222222222222 0.34453125 0.8125 0.34453125 0.8347222222222223 0.32890625 0.8430555555555556 0.3203125 0.8611111111111112 0.3140625 0.8666666666666667 0.2640625 0.8722222222222222 0.2578125 0.875 0.25078125 0.8888888888888888 0.24453125 0.8930555555555556 0.2390625 0.8902777777777777 0.2375 0.8847222222222222 0.23671875 0.8555555555555555 0.23046875 0.8486111111111111 0.22890625 0.8388888888888889 0.22734375 0.8097222222222222 0.228125 0.7791666666666667 0.225 0.7625 0.23125 0.7444444444444445 0.234375 0.6986111111111111 0.24296875 0.6833333333333333 0.24296875 0.675 0.246875 0.6638888888888889 0.2515625 0.6638888888888889 0.2640625 0.6555555555555556 0.271875 0.6625 0.2796875 0.6569444444444444 0.2859375 0.6638888888888889 0.2890625 0.6638888888888889 0.29609375 0.6611111111111111 0.29921875 0.6541666666666667
0 0.88671875 0.7416666666666667 0.89375 0.7527777777777778 0.89765625 0.8416666666666667 0.89140625 0.8472222222222222 0.8640625 0.8458333333333333 0.8609375 0.8416666666666667 0.86015625 0.8277777777777777 0.8578125 0.8236111111111111 0.86171875 0.8013888888888889 0.8609375 0.7888888888888889 0.86328125 0.7861111111111111 0.86484375 0.7777777777777778 0.86328125 0.7638888888888888 0.8578125 0.7625 0.86484375 0.7597222222222222 0.86484375 0.7541666666666667 0.875 0.7458333333333333 0.8859375 0.7430555555555556
0 0.7140625 0.5652777777777778 0.71875 0.5763888888888888 0.71875 0.5888888888888889 0.7140625 0.6416666666666667 0.71015625 0.6458333333333334 0.70078125 0.6402777777777777 0.696875 0.6347222222222222 0.6921875 0.6166666666666667 0.6921875 0.6083333333333333 0.69375 0.6041666666666666 0.6953125 0.5722222222222222 0.6984375 0.5666666666666667 0.71328125 0.5652777777777778
0 0.39921875 0.1638888888888889 0.40546875 0.175 0.4015625 0.18055555555555555 0.38984375 0.18055555555555555 0.3859375 0.175 0.3875 0.16666666666666666 0.3984375 0.1638888888888889