3 0.7765625 0.4708333333333333 0.8640625 0.47638888888888886 0.88046875 0.48194444444444445 0.89140625 0.5027777777777778 0.90546875 0.5402777777777777 0.91953125 0.5680555555555555 0.95078125 0.6458333333333334 0.9578125 0.6583333333333333 0.9578125 0.6958333333333333 0.9546875 0.7055555555555556 0.95625 0.7125 0.95625 0.7333333333333333 0.95390625 0.7486111111111111 0.95546875 0.7625 0.95390625 0.7805555555555556 0.95546875 0.8458333333333333 0.953125 0.8652777777777778 0.953125 0.8972222222222223 0.9515625 0.9 0.953125 0.9847222222222223 0.95078125 0.9986111111111111 0.8859375 0.9986111111111111 0.884375 0.9958333333333333 0.8453125 0.9958333333333333 0.8421875 0.9986111111111111 0.828125 0.9986111111111111 0.82578125 0.9958333333333333 0.82109375 0.9986111111111111 0.809375 0.9958333333333333 0.70859375 0.9986111111111111 0.70703125 0.9944444444444445 0.7078125 0.9416666666666667 0.71015625 0.9319444444444445 0.7078125 0.8722222222222222 0.71015625 0.8055555555555556 0.70859375 0.7527777777777778 0.71328125 0.6416666666666667 0.7125 0.625 0.7140625 0.6194444444444445 0.71328125 0.5805555555555556 0.71484375 0.525 0.7171875 0.5125 0.7171875 0.47638888888888886 0.71953125 0.46944444444444444 0.72265625 0.46805555555555556 0.77578125 0.4708333333333333
3 0.98515625 0.6597222222222222 0.99921875 0.6625 0.99921875 0.9944444444444445 0.9921875 0.9986111111111111 0.9546875 0.9986111111111111 0.95625 0.9736111111111111 0.95625 0.9180555555555555 0.9546875 0.9013888888888889 0.9578125 0.8138888888888889 0.9578125 0.7680555555555556 0.95625 0.7541666666666667 0.95859375 0.7291666666666666 0.96015625 0.6666666666666666 0.9625 0.6583333333333333 0.984375 0.6597222222222222
3 0.62890625 0.7055555555555556 0.65625 0.7097222222222223 0.66171875 0.7305555555555555 0.6671875 0.7402777777777778 0.68046875 0.7430555555555556 0.68359375 0.7513888888888889 0.68359375 0.7583333333333333 0.678125 0.7652777777777777 0.6796875 0.7763888888888889 0.678125 0.8736111111111111 0.66796875 0.8861111111111111 0.665625 0.9277777777777778 0.6609375 0.9361111111111111 0.653125 0.9333333333333333 0.6421875 0.9138888888888889 0.64453125 0.9111111111111111 0.63984375 0.9 0.62890625 0.8930555555555556 0.59140625 0.8916666666666667 0.584375 0.8888888888888888 0.5703125 0.8902777777777777 0.56796875 0.8958333333333334 0.5640625 0.9222222222222223 0.55234375 0.9263888888888889 0.54765625 0.9208333333333333 0.54609375 0.9138888888888889 0.54609375 0.8055555555555556 0.55703125 0.7694444444444445 0.5609375 0.7625 0.56796875 0.7333333333333333 0.5765625 0.7138888888888889 0.58359375 0.7055555555555556 0.628125 0.7055555555555556
3 0.31953125 0.5541666666666667 0.328125 0.5569444444444445 0.33515625 0.5736111111111111 0.346875 0.5833333333333334 0.346875 0.6680555555555555 0.34453125 0.675 0.33359375 0.6805555555555556 0.33203125 0.7027777777777777 0.328125 0.7083333333333334 0.321875 0.7083333333333334 0.3140625 0.6944444444444444 0.303125 0.6902777777777778 0.2546875 0.6888888888888889 0.24140625 0.6527777777777778 0.2421875 0.6222222222222222 0.25390625 0.6 0.25625 0.5777777777777777 0.26875 0.5527777777777778 0.27421875 0.55 0.28125 0.5541666666666667 0.31875 0.5541666666666667
3 0.67890625 0.34305555555555556 0.68671875 0.3472222222222222 0.68984375 0.36666666666666664 0.6890625 0.3861111111111111 0.6859375 0.4041666666666667 0.67734375 0.3972222222222222 0.65078125 0.3972222222222222 0.64765625 0.4013888888888889 0.64296875 0.4222222222222222 0.63359375 0.43333333333333335 0.6296875 0.42916666666666664 0.62578125 0.41805555555555557 0.628125 0.39444444444444443 0.628125 0.37916666666666665 0.62578125 0.37222222222222223 0.63046875 0.36527777777777776 0.634375 0.3486111111111111 0.63828125 0.34305555555555556 0.65078125 0.3402777777777778 0.678125 0.34305555555555556
3 0.1140625 0.36944444444444446 0.1171875 0.3819444444444444 0.12265625 0.39305555555555555 0.12421875 0.40694444444444444 0.1234375 0.42916666666666664 0.125 0.44305555555555554 0.121875 0.48333333333333334 0.07421875 0.4875 0.0671875 0.49444444444444446 0.06328125 0.49444444444444446 0.0625 0.49166666666666664 0.05859375 0.4625 0.059375 0.4486111111111111 0.05703125 0.44305555555555554 0.05703125 0.4361111111111111 0.06171875 0.42916666666666664 0.065625 0.4125 0.065625 0.39861111111111114 0.06328125 0.39166666666666666 0.0828125 0.3736111111111111 0.09921875 0.3736111111111111 0.10546875 0.3680555555555556 0.11328125 0.36944444444444446
3 0.65234375 0.18611111111111112 0.6609375 0.19027777777777777 0.6625 0.19722222222222222 0.6640625 0.20833333333333334 0.6640625 0.24166666666666667 0.66171875 0.24444444444444444 0.63671875 0.24305555555555555 0.634375 0.24722222222222223 0.63515625 0.2569444444444444 0.63203125 0.25972222222222224 0.628125 0.25833333333333336 0.62578125 0.25 0.62421875 0.2222222222222222 0.62578125 0.19027777777777777 0.63515625 0.18472222222222223 0.6515625 0.18611111111111112
2 0.0640625 0.29583333333333334 0.06796875 0.30277777777777776 0.06953125 0.3111111111111111 0.05078125 0.325 0.04609375 0.3236111111111111 0.046875 0.30972222222222223 0.053125 0.29583333333333334 0.06328125 0.29583333333333334
2 0.72578125 0.44583333333333336 0.73671875 0.4527777777777778 0.73359375 0.45694444444444443 0.7359375 0.4625 0.7234375 0.4652777777777778 0.71640625 0.4625 0.715625 0.44722222222222224 0.7171875 0.4444444444444444 0.725 0.44583333333333336
2 0.01328125 0.4305555555555556 0.01875 0.44027777777777777 0.0171875 0.44583333333333336 0.01953125 0.4597222222222222 0.01875 0.4777777777777778 0.0140625 0.47638888888888886 0.0125 0.4597222222222222 0.00859375 0.4486111111111111 0.003125 0.44166666666666665 0.0046875 0.4361111111111111 0.0125 0.4305555555555556
2 0.27265625 0.3277777777777778 0.278125 0.33194444444444443 0.27734375 0.3611111111111111 0.2734375 0.3680555555555556 0.26953125 0.36944444444444446 0.2671875 0.36666666666666664 0.265625 0.35694444444444445 0.265625 0.33055555555555555 0.271875 0.3277777777777778
2 0.1953125 0.34444444444444444 0.203125 0.3416666666666667 0.20703125 0.3486111111111111 0.203125 0.38472222222222224 0.1984375 0.38472222222222224 0.19609375 0.37916666666666665 0.196875 0.3541666666666667 0.1953125 0.3458333333333333
2 0.50859375 0.31805555555555554 0.5125 0.32083333333333336 0.5140625 0.3375 0.51328125 0.35 0.50859375 0.35833333333333334 0.5046875 0.35694444444444445 0.5015625 0.3402777777777778 0.503125 0.32222222222222224 0.5078125 0.31805555555555554
2 0.803125 0.3527777777777778 0.81328125 0.35833333333333334 0.81796875 0.36666666666666664 0.81953125 0.3736111111111111 0.81875 0.3958333333333333 0.8171875 0.39861111111111114 0.81171875 0.3972222222222222 0.80625 0.3861111111111111 0.79296875 0.37916666666666665 0.7921875 0.36666666666666664 0.79921875 0.3541666666666667 0.80234375 0.3541666666666667
2 0.009375 0.48194444444444445 0.01171875 0.4861111111111111 0.0140625 0.5013888888888889 0.0109375 0.5263888888888889 0.00703125 0.5333333333333333 0 0.5319444444444444 0 0.4861111111111111 0.00859375 0.48194444444444445
2 0.39765625 0.42916666666666664 0.4015625 0.43472222222222223 0.40390625 0.4444444444444444 0.40390625 0.4583333333333333 0.40078125 0.4666666666666667 0.39453125 0.4736111111111111 0.38828125 0.4638888888888889 0.38671875 0.4513888888888889 0.3890625 0.43333333333333335 0.39375 0.42777777777777776 0.396875 0.42916666666666664
2 0.26875 0.23055555555555557 0.26796875 0.2152777777777778 0.27109375 0.2111111111111111 0.27421875 0.2152777777777778 0.27421875 0.2263888888888889 0.27265625 0.23055555555555557 0.26953125 0.23055555555555557
2 0.40625 0.5638888888888889 0.4109375 0.5708333333333333 0.41328125 0.5958333333333333 0.41171875 0.6083333333333333 0.4015625 0.6277777777777778 0.396875 0.6263888888888889 0.39140625 0.6125 0.3921875 0.5680555555555555 0.39921875 0.5625 0.40546875 0.5638888888888889
2 0.45625 0.4263888888888889 0.46015625 0.4305555555555556 0.46328125 0.4444444444444444 0.46015625 0.45416666666666666 0.45390625 0.45694444444444443 0.44921875 0.4652777777777778 0.4453125 0.4638888888888889 0.44453125 0.43194444444444446 0.4484375 0.4263888888888889 0.45546875 0.4263888888888889
2 0.0359375 0.5069444444444444 0.03984375 0.5097222222222222 0.0421875 0.5166666666666667 0.04375 0.5361111111111111 0.04296875 0.5569444444444445 0.03984375 0.5638888888888889 0.0296875 0.5736111111111111 0.02578125 0.5722222222222222 0.021875 0.5569444444444445 0.021875 0.5208333333333334 0.0265625 0.5083333333333333 0.03515625 0.5069444444444444
2 0.56015625 0.3194444444444444 0.5640625 0.32222222222222224 0.565625 0.32916666666666666 0.56484375 0.34305555555555556 0.5625 0.35 0.56015625 0.3541666666666667 0.5578125 0.3527777777777778 0.55390625 0.34305555555555556 0.55390625 0.3263888888888889 0.55546875 0.32222222222222224 0.559375 0.32083333333333336
1 0.825 0.25833333333333336 0.8265625 0.25972222222222224 0.82734375 0.26944444444444443 0.82734375 0.29444444444444445 0.82578125 0.3013888888888889 0.815625 0.30694444444444446 0.80703125 0.3194444444444444 0.803125 0.31805555555555554 0.796875 0.3055555555555556 0.79609375 0.2847222222222222 0.80078125 0.2708333333333333 0.80546875 0.2638888888888889 0.82421875 0.25833333333333336
1 0.4609375 0.45555555555555555 0.49140625 0.4583333333333333 0.5 0.475 0.50703125 0.47638888888888886 0.50859375 0.48333333333333334 0.50703125 0.4875 0.50625 0.5291666666666667 0.4984375 0.5472222222222223 0.47578125 0.5388888888888889 0.4671875 0.5388888888888889 0.44375 0.5486111111111112 0.43984375 0.5472222222222223 0.43828125 0.5388888888888889 0.43984375 0.5055555555555555 0.44375 0.4847222222222222 0.44140625 0.4736111111111111 0.446875 0.4708333333333333 0.45390625 0.4583333333333333 0.46015625 0.45555555555555555
1 0.71015625 0.24583333333333332 0.71875 0.25 0.709375 0.2513888888888889 0.703125 0.25833333333333336 0.6984375 0.3055555555555556 0.690625 0.30277777777777776 0.6875 0.275 0.6953125 0.25 0.69921875 0.24583333333333332 0.709375 0.24583333333333332
1 0.38203125 0.7055555555555556 0.41484375 0.7111111111111111 0.42265625 0.7236111111111111 0.4265625 0.7375 0.43515625 0.7402777777777778 0.43828125 0.7458333333333333 0.43828125 0.7513888888888889 0.4296875 0.7611111111111111 0.43359375 0.7958333333333333 0.43125 0.825 0.43203125 0.8361111111111111 0.4265625 0.9069444444444444 0.4234375 0.9138888888888889 0.4171875 0.9138888888888889 0.4140625 0.9097222222222222 0.4125 0.8916666666666667 0.40859375 0.8847222222222222 0.3296875 0.8847222222222222 0.3234375 0.8833333333333333 0.315625 0.8722222222222222 0.31953125 0.8 0.3265625 0.7652777777777777 0.32421875 0.7583333333333333 0.31484375 0.7527777777777778 0.315625 0.7444444444444445 0.3203125 0.7402777777777778 0.32890625 0.7388888888888889 0.33203125 0.7333333333333333 0.33515625 0.7194444444444444 0.34140625 0.7097222222222223 0.38125 0.7055555555555556
1 0.6671875 0.3 0.67265625 0.31666666666666665 0.671875 0.33611111111111114 0.6484375 0.3347222222222222 0.64453125 0.33055555555555555 0.640625 0.33611111111111114 0.6390625 0.3333333333333333 0.6390625 0.31666666666666665 0.64296875 0.30277777777777776 0.646875 0.3 0.66640625 0.3
1 0.025 0.24444444444444444 0.03359375 0.24722222222222223 0.040625 0.2652777777777778 0.040625 0.2861111111111111 0.03671875 0.29444444444444445 0.03125 0.2972222222222222 0.02578125 0.29583333333333334 0.02265625 0.28194444444444444 0.01953125 0.2763888888888889 0 0.2611111111111111 0 0.24583333333333332 0.02421875 0.24444444444444444
1 0.51953125 0.29305555555555557 0.52265625 0.2972222222222222 0.52890625 0.32083333333333336 0.5265625 0.3388888888888889 0.52265625 0.3416666666666667 0.51484375 0.3402777777777778 0.51328125 0.31666666666666665 0.50859375 0.30972222222222223 0.50234375 0.31805555555555554 0.50078125 0.3402777777777778 0.49453125 0.3402777777777778 0.49375 0.3194444444444444 0.49765625 0.2986111111111111 0.5046875 0.2916666666666667 0.51875 0.29305555555555557
1 0.74921875 0.37777777777777777 0.765625 0.3861111111111111 0.76171875 0.4097222222222222 0.75625 0.4152777777777778 0.75703125 0.42777777777777776 0.7546875 0.4486111111111111 0.740625 0.4486111111111111 0.7328125 0.4166666666666667 0.7328125 0.40555555555555556 0.7375 0.3819444444444444 0.7390625 0.37916666666666665 0.7484375 0.37777777777777777
1 0.53984375 0.2777777777777778 0.54453125 0.28194444444444444 0.54453125 0.3111111111111111 0.54296875 0.31666666666666665 0.53203125 0.3194444444444444 0.52890625 0.31805555555555554 0.5234375 0.29583333333333334 0.53203125 0.2777777777777778 0.5390625 0.2777777777777778
1 0.70546875 0.19166666666666668 0.71796875 0.19166666666666668 0.7203125 0.19444444444444445 0.721875 0.20555555555555555 0.7203125 0.21944444444444444 0.709375 0.22083333333333333 0.703125 0.20555555555555555 0.70546875 0.19305555555555556
1 0.290625 0.22777777777777777 0.3 0.24027777777777778 0.29609375 0.2513888888888889 0.296875 0.25416666666666665 0.290625 0.2611111111111111 0.27734375 0.2638888888888889 0.275 0.2638888888888889 0.271875 0.25833333333333336 0.26875 0.24722222222222223 0.2703125 0.2375 0.27890625 0.2263888888888889 0.28984375 0.22777777777777777
1 0.678125 0.4263888888888889 0.6765625 0.4361111111111111 0.68125 0.44722222222222224 0.68359375 0.4652777777777778 0.6890625 0.4777777777777778 0.690625 0.49166666666666664 0.6890625 0.5388888888888889 0.68671875 0.5486111111111112 0.6796875 0.5486111111111112 0.6765625 0.5388888888888889 0.678125 0.5319444444444444 0.675 0.5166666666666667 0.675 0.4708333333333333 0.67265625 0.45416666666666666 0.6703125 0.4513888888888889 0.659375 0.4527777777777778 0.63359375 0.4486111111111111 0.6359375 0.4361111111111111 0.63984375 0.43194444444444446 0.65546875 0.43333333333333335 0.66328125 0.425 0.67734375 0.4263888888888889
1 0.72421875 0.24861111111111112 0.7375 0.25833333333333336 0.73671875 0.2611111111111111 0.71328125 0.26805555555555555 0.71015625 0.2722222222222222 0.70859375 0.2833333333333333 0.7109375 0.2861111111111111 0.71015625 0.29305555555555557 0.7140625 0.2972222222222222 0.71328125 0.3138888888888889 0.70625 0.3236111111111111 0.70234375 0.3194444444444444 0.6984375 0.30694444444444446 0.69140625 0.30277777777777776 0.6921875 0.2722222222222222 0.69609375 0.2847222222222222 0.6984375 0.2625 0.7015625 0.2513888888888889 0.715625 0.24722222222222223 0.7234375 0.24861111111111112
1 0.76875 0.3472222222222222 0.784375 0.35138888888888886 0.790625 0.37916666666666665 0.78671875 0.3819444444444444 0.759375 0.3819444444444444 0.7421875 0.3736111111111111 0.74375 0.3625 0.75 0.35 0.753125 0.3472222222222222 0.76796875 0.3472222222222222
1 0.70859375 0.22916666666666666 0.7203125 0.23333333333333334 0.721875 0.2375 0.72109375 0.24444444444444444 0.71875 0.24722222222222223 0.6984375 0.25 0.69296875 0.2625 0.6890625 0.2791666666666667 0.6859375 0.2791666666666667 0.68203125 0.27361111111111114 0.68203125 0.2513888888888889 0.69453125 0.22916666666666666 0.7078125 0.22916666666666666
1 0.2421875 0.3375 0.24921875 0.35694444444444445 0.2515625 0.38055555555555554 0.25 0.3972222222222222 0.24140625 0.4041666666666667 0.2265625 0.4041666666666667 0.2109375 0.3888888888888889 0.2109375 0.3861111111111111 0.215625 0.3819444444444444 0.215625 0.3402777777777778 0.2171875 0.3375 0.24140625 0.3375
1 0.66171875 0.27361111111111114 0.6703125 0.28888888888888886 0.67109375 0.29305555555555557 0.66953125 0.2972222222222222 0.66796875 0.3 0.64609375 0.3 0.63828125 0.31666666666666665 0.6375 0.3347222222222222 0.634375 0.3416666666666667 0.6296875 0.3416666666666667 0.62734375 0.3347222222222222 0.62734375 0.3111111111111111 0.634375 0.2763888888888889 0.64140625 0.2708333333333333 0.6609375 0.27361111111111114
1 0.2671875 0.24722222222222223 0.27265625 0.25972222222222224 0.2703125 0.26944444444444443 0.2609375 0.2791666666666667 0.2515625 0.28194444444444444 0.24765625 0.28055555555555556 0.24375 0.25833333333333336 0.24921875 0.25 0.26640625 0.24722222222222223
1 0.00546875 0.26666666666666666 0.01796875 0.275 0.02265625 0.28194444444444444 0.025 0.29583333333333334 0.02265625 0.30277777777777776 0.01953125 0.30416666666666664 0.009375 0.30416666666666664 0.00390625 0.29583333333333334 0.00234375 0.28055555555555556 0 0.2791666666666667 0 0.26805555555555555 0.0046875 0.26666666666666666
1 0.81015625 0.3958333333333333 0.825 0.40694444444444444 0.82734375 0.41388888888888886 0.8265625 0.41805555555555557 0.8234375 0.4222222222222222 0.79375 0.41805555555555557 0.784375 0.42083333333333334 0.77734375 0.43194444444444446 0.77734375 0.44305555555555554 0.77265625 0.4638888888888889 0.76328125 0.4638888888888889 0.75625 0.4597222222222222 0.7546875 0.4486111111111111 0.75859375 0.4236111111111111 0.75859375 0.42777777777777776 0.76171875 0.43333333333333335 0.76640625 0.42083333333333334 0.7671875 0.4125 0.775 0.4 0.809375 0.3972222222222222
1 0.61796875 0.5597222222222222 0.64921875 0.5597222222222222 0.65234375 0.5652777777777778 0.6578125 0.5888888888888889 0.63046875 0.5930555555555556 0.62265625 0.6125 0.6171875 0.6138888888888889 0.59140625 0.6138888888888889 0.60234375 0.5666666666666667 0.60546875 0.5625 0.6171875 0.5597222222222222
1 0.40234375 0.2833333333333333 0.40859375 0.2861111111111111 0.4109375 0.29305555555555557 0.409375 0.3 0.40234375 0.30694444444444446 0.390625 0.3125 0.38515625 0.3111111111111111 0.384375 0.29444444444444445 0.3859375 0.28888888888888886 0.390625 0.2847222222222222 0.4015625 0.2833333333333333
1 0.23046875 0.25833333333333336 0.23359375 0.2638888888888889 0.23671875 0.2611111111111111 0.2453125 0.2625 0.24765625 0.26944444444444443 0.2484375 0.2833333333333333 0.24765625 0.28888888888888886 0.240625 0.2986111111111111 0.23671875 0.2972222222222222 0.2296875 0.3013888888888889 0.21796875 0.3 0.215625 0.2833333333333333 0.21640625 0.275 0.225 0.2611111111111111 0.2296875 0.25833333333333336
1 0.45078125 0.3458333333333333 0.4671875 0.3486111111111111 0.4734375 0.35694444444444445 0.478125 0.3819444444444444 0.47734375 0.42083333333333334 0.47421875 0.4263888888888889 0.46875 0.4263888888888889 0.46328125 0.42083333333333334 0.45703125 0.4027777777777778 0.45625 0.39166666666666666 0.453125 0.3861111111111111 0.45078125 0.3861111111111111 0.44765625 0.3888888888888889 0.446875 0.40694444444444444 0.4359375 0.42777777777777776 0.43046875 0.42777777777777776 0.42890625 0.4222222222222222 0.428125 0.3972222222222222 0.43046875 0.3819444444444444 0.42890625 0.36666666666666664 0.43828125 0.35 0.45 0.3458333333333333
1 0.12734375 0.2388888888888889 0.13828125 0.24722222222222223 0.140625 0.25416666666666665 0.140625 0.2638888888888889 0.1125 0.26944444444444443 0.10390625 0.2611111111111111 0.10625 0.2513888888888889 0.11328125 0.24027777777777778 0.1265625 0.2388888888888889
1 0.72734375 0.2986111111111111 0.7296875 0.3 0.72421875 0.30972222222222223 0.721875 0.3236111111111111 0.71953125 0.325 0.7078125 0.3236111111111111 0.71171875 0.32083333333333336 0.71640625 0.3 0.7265625 0.2986111111111111
1 0.63671875 0.5916666666666667 0.6875 0.5944444444444444 0.69296875 0.6 0.6984375 0.6166666666666667 0.7078125 0.6194444444444445 0.71015625 0.6305555555555555 0.7109375 0.6638888888888889 0.7078125 0.7305555555555555 0.70546875 0.7486111111111111 0.70234375 0.7541666666666667 0.696875 0.7541666666666667 0.69296875 0.7347222222222223 0.68515625 0.7416666666666667 0.6765625 0.7361111111111112 0.67578125 0.7055555555555556 0.678125 0.675 0.68046875 0.6680555555555555 0.6765625 0.6555555555555556 0.675 0.6263888888888889 0.6703125 0.6208333333333333 0.659375 0.6180555555555556 0.62578125 0.6152777777777778 0.6234375 0.6125 0.62734375 0.5986111111111111 0.6296875 0.5944444444444444 0.6359375 0.5930555555555556
1 0.4703125 0.325 0.478125 0.3263888888888889 0.4875 0.3402777777777778 0.48828125 0.37916666666666665 0.48515625 0.38472222222222224 0.48046875 0.3861111111111111 0.4703125 0.35 0.45 0.34444444444444444 0.4484375 0.3416666666666667 0.4484375 0.33611111111111114 0.453125 0.3277777777777778 0.46953125 0.3263888888888889
1 0.71875 0.325 0.72578125 0.3277777777777778 0.728125 0.33194444444444443 0.72578125 0.37777777777777777 0.72421875 0.38472222222222224 0.721875 0.3861111111111111 0.6984375 0.3861111111111111 0.6953125 0.3819444444444444 0.6953125 0.3597222222222222 0.70234375 0.32916666666666666 0.709375 0.325 0.71796875 0.325
1 0 0.37222222222222223 0.00546875 0.37222222222222223 0.015625 0.3902777777777778 0.0171875 0.3972222222222222 0.0171875 0.4305555555555556 0.015625 0.43333333333333335 0.009375 0.43333333333333335 0.00546875 0.4388888888888889 0 0.4388888888888889 0 0.3736111111111111
1 0.68515625 0.2 0.68828125 0.20694444444444443 0.69453125 0.20972222222222223 0.6953125 0.21944444444444444 0.69375 0.225 0.6859375 0.22777777777777777 0.6828125 0.23194444444444445 0.68203125 0.24583333333333332 0.678125 0.25277777777777777 0.6734375 0.2513888888888889 0.66796875 0.24027777777777778 0.66953125 0.21805555555555556 0.67109375 0.2111111111111111 0.675 0.20555555555555555 0.675 0.2013888888888889 0.684375 0.2
1 0.134375 0.2652777777777778 0.14140625 0.26944444444444443 0.14765625 0.29444444444444445 0.146875 0.31805555555555554 0.1375 0.3263888888888889 0.1265625 0.3236111111111111 0.11484375 0.3263888888888889 0.11171875 0.32222222222222224 0.10625 0.2986111111111111 0.10625 0.28194444444444444 0.11015625 0.2708333333333333 0.13359375 0.2652777777777778
1 0.30859375 0.3347222222222222 0.315625 0.3375 0.3171875 0.34444444444444444 0.3171875 0.36666666666666664 0.30546875 0.37916666666666665 0.296875 0.3958333333333333 0.2796875 0.4097222222222222 0.2765625 0.40555555555555556 0.27578125 0.38055555555555554 0.28203125 0.35 0.28984375 0.3375 0.3078125 0.3347222222222222
1 0.20703125 0.39861111111111114 0.20859375 0.4 0.2109375 0.42916666666666664 0.20859375 0.44166666666666665 0.20859375 0.4736111111111111 0.203125 0.48055555555555557 0.1875 0.49166666666666664 0.178125 0.49444444444444446 0.16796875 0.5041666666666667 0.1640625 0.49722222222222223 0.1640625 0.4583333333333333 0.16796875 0.4361111111111111 0.17421875 0.4166666666666667 0.18046875 0.4041666666666667 0.18515625 0.4 0.19375 0.3972222222222222 0.20625 0.39861111111111114
1 0.73984375 0.2986111111111111 0.74921875 0.3 0.75546875 0.30694444444444446 0.73984375 0.3111111111111111 0.734375 0.3194444444444444 0.73046875 0.3347222222222222 0.728125 0.32916666666666666 0.7203125 0.3236111111111111 0.7203125 0.31805555555555554 0.725 0.30694444444444446 0.72578125 0.3 0.7390625 0.2986111111111111
1 0.6796875 0.4 0.6875 0.41388888888888886 0.6875 0.425 0.66484375 0.4263888888888889 0.6578125 0.43194444444444446 0.63984375 0.43194444444444446 0.65 0.4 0.67890625 0.4
1 0.69453125 0.22777777777777777 0.6953125 0.23055555555555557 0.69140625 0.2375 0.69296875 0.25833333333333336 0.68828125 0.2777777777777778 0.684375 0.2777777777777778 0.6796875 0.26666666666666666 0.68125 0.2388888888888889 0.68515625 0.22916666666666666 0.69375 0.22777777777777777
1 0.43046875 0.27361111111111114 0.43203125 0.28055555555555556 0.42890625 0.2861111111111111 0.41640625 0.29305555555555557 0.4125 0.29305555555555557 0.40625 0.28194444444444444 0.40859375 0.275 0.4125 0.2722222222222222 0.4296875 0.27361111111111114
1 0.08984375 0.2847222222222222 0.034375 0.041666666666666664
1 0.1234375 0.4888888888888889 0.134375 0.5125 0.13828125 0.5430555555555555 0.13671875 0.5680555555555555 0.1328125 0.5875 0.12265625 0.5930555555555556 0.11171875 0.6041666666666666 0.09765625 0.6041666666666666 0.08671875 0.6125 0.06640625 0.6152777777777778 0.05390625 0.6277777777777778 0.046875 0.6277777777777778 0.04296875 0.6222222222222222 0.03984375 0.6013888888888889 0.04140625 0.5958333333333333 0.03984375 0.5736111111111111 0.046875 0.5458333333333333 0.04765625 0.5361111111111111 0.04609375 0.5291666666666667 0.05 0.5319444444444444 0.0625 0.5 0.07421875 0.4888888888888889 0.09375 0.4861111111111111 0.11953125 0.4861111111111111 0.12265625 0.4888888888888889
1 0.06484375 0.9527777777777777 0.07109375 0.9611111111111111 0.08828125 0.9625 0.1109375 0.9722222222222222 0.12265625 0.9861111111111112 0.12734375 0.9944444444444445 0.12734375 0.9986111111111111 0.059375 0.9986111111111111 0.05703125 0.9958333333333333 0.00234375 0.9986111111111111 0.0015625 0.9888888888888889 0 0.9875 0.0140625 0.9694444444444444 0.034375 0.9625 0.03828125 0.9541666666666667 0.0421875 0.9513888888888888 0.0640625 0.9527777777777777
1 0.63828125 0.3416666666666667 0.63984375 0.32083333333333336 0.6515625 0.3138888888888889 0.67109375 0.31666666666666665 0.671875 0.32222222222222224 0.6765625 0.33055555555555555 0.67578125 0.34305555555555556 0.64765625 0.34444444444444444 0.6390625 0.3416666666666667
1 0.6671875 0.5083333333333333 0.66875 0.5111111111111111 0.66875 0.5208333333333334 0.67265625 0.525 0.67265625 0.5444444444444444 0.67734375 0.5666666666666667 0.67734375 0.5861111111111111 0.675 0.5902777777777778 0.65859375 0.5875 0.65234375 0.5638888888888889 0.6484375 0.5583333333333333 0.62890625 0.5569444444444445 0.60234375 0.5611111111111111 0.60546875 0.5388888888888889 0.596875 0.5305555555555556 0.5984375 0.5222222222222223 0.6078125 0.5208333333333334 0.61875 0.5 0.65234375 0.5 0.659375 0.5013888888888889 0.66640625 0.5083333333333333
1 0.80625 0.2604166666666667 0.04375 0.04583333333333333
1 0.05703125 0.2375 0.06953125 0.24166666666666667 0.07265625 0.24583333333333332 0.07734375 0.2625 0.07734375 0.2763888888888889 0.07421875 0.2847222222222222 0.0640625 0.2833333333333333 0.0515625 0.2916666666666667 0.03984375 0.28194444444444444 0.040625 0.2652777777777778 0.03515625 0.25 0.03515625 0.24166666666666667 0.03828125 0.2375 0.05625 0.2375
1 0.51875 0.36944444444444446 0.53515625 0.37222222222222223 0.5390625 0.3763888888888889 0.54296875 0.3875 0.54765625 0.3888888888888889 0.54765625 0.39444444444444443 0.54375 0.4 0.54453125 0.4444444444444444 0.5390625 0.4583333333333333 0.53203125 0.45416666666666666 0.52734375 0.44583333333333336 0.515625 0.44583333333333336 0.49921875 0.45416666666666666 0.49453125 0.45416666666666666 0.4921875 0.4486111111111111 0.49140625 0.4222222222222222 0.49453125 0.39861111111111114 0.4921875 0.3888888888888889 0.50078125 0.37222222222222223 0.51796875 0.36944444444444446
1 0.69375 0.42916666666666664 0.69921875 0.44305555555555554 0.70390625 0.4666666666666667 0.703125 0.5013888888888889 0.70078125 0.5125 0.6921875 0.5111111111111111 0.68984375 0.48333333333333334 0.6765625 0.43333333333333335 0.678125 0.4263888888888889 0.68984375 0.4263888888888889 0.69296875 0.42916666666666664
1 0.2015625 0.6527777777777778 0.21875 0.6527777777777778 0.24140625 0.6583333333333333 0.2453125 0.6638888888888889 0.25546875 0.6916666666666667 0.2640625 0.6930555555555555 0.26640625 0.6986111111111111 0.26484375 0.7180555555555556 0.26796875 0.7305555555555555 0.26796875 0.7472222222222222 0.265625 0.7680555555555556 0.265625 0.7930555555555555 0.26171875 0.8041666666666667 0.24765625 0.8041666666666667 0.2453125 0.8097222222222222 0.2453125 0.825 0.24296875 0.8388888888888889 0.234375 0.8444444444444444 0.22578125 0.8375 0.2171875 0.8069444444444445 0.21640625 0.7888888888888889 0.22109375 0.7694444444444445 0.221875 0.7472222222222222 0.21875 0.7375 0.2109375 0.725 0.19609375 0.7180555555555556 0.1859375 0.7263888888888889 0.178125 0.7444444444444445 0.14765625 0.7444444444444445 0.14140625 0.7416666666666667 0.140625 0.7375 0.146875 0.7166666666666667 0.15078125 0.6861111111111111 0.15703125 0.675 0.175 0.6569444444444444 0.20078125 0.6527777777777778
1 0.33828125 0.8875 0.35546875 0.8972222222222223 0.36953125 0.925 0.38203125 0.9291666666666667 0.38515625 0.9347222222222222 0.384375 0.9416666666666667 0.378125 0.9486111111111111 0.38046875 0.9666666666666667 0.38046875 0.9944444444444445 0.36171875 0.9986111111111111 0.35546875 0.9958333333333333 0.35234375 0.9986111111111111 0.35 0.9958333333333333 0.3421875 0.9986111111111111 0.31015625 0.9986111111111111 0.30859375 0.9958333333333333 0.24140625 0.9986111111111111 0.2390625 0.9944444444444445 0.24921875 0.9541666666666667 0.24921875 0.9486111111111111 0.24453125 0.9458333333333333 0.2421875 0.9361111111111111 0.2453125 0.9319444444444445 0.2546875 0.9319444444444445 0.26484375 0.9027777777777778 0.27109375 0.8916666666666667 0.29140625 0.8875 0.2984375 0.8791666666666667 0.30625 0.8763888888888889 0.3203125 0.8805555555555555 0.3234375 0.8875 0.3375 0.8875
1 0.53046875 0.2708333333333333 0.5359375 0.275 0.53046875 0.2791666666666667 0.521875 0.29583333333333334 0.50625 0.28888888888888886 0.50859375 0.275 0.5140625 0.26944444444444443 0.5296875 0.2708333333333333
0 0.871875 0.4166666666666667 0.90078125 0.42083333333333334 0.9078125 0.425 0.9203125 0.44027777777777777 0.93671875 0.45416666666666666 0.940625 0.4625 0.9515625 0.46944444444444444 0.9625 0.4888888888888889 0.9734375 0.5 0.978125 0.5083333333333333 0.98359375 0.5666666666666667 0.9828125 0.5736111111111111 0.98515625 0.5833333333333334 0.98359375 0.5972222222222222 0.98359375 0.6472222222222223 0.9828125 0.6541666666666667 0.98046875 0.6569444444444444 0.96171875 0.6555555555555556 0.9546875 0.65 0.89609375 0.5097222222222222 0.8796875 0.47638888888888886 0.87578125 0.4736111111111111 0.8359375 0.4722222222222222 0.81484375 0.4666666666666667 0.81640625 0.4527777777777778 0.815625 0.4361111111111111 0.81796875 0.42777777777777776 0.834375 0.425 0.8484375 0.4166666666666667 0.87109375 0.4166666666666667
0 0.58515625 0.22777777777777777 0.58828125 0.23055555555555557 0.58984375 0.25555555555555554 0.5921875 0.2652777777777778 0.5921875 0.2791666666666667 0.5875 0.30277777777777776 0.58828125 0.3194444444444444 0.58515625 0.33194444444444443 0.56796875 0.33194444444444443 0.56796875 0.31527777777777777 0.56484375 0.3013888888888889 0.5609375 0.29444444444444445 0.5546875 0.3055555555555556 0.55234375 0.3277777777777778 0.54609375 0.33055555555555555 0.54453125 0.3277777777777778 0.5453125 0.28888888888888886 0.54375 0.2777777777777778 0.54609375 0.23194444444444445 0.55859375 0.2222222222222222 0.571875 0.2222222222222222 0.584375 0.22777777777777777
0 0.16484375 0.18611111111111112 0.175 0.18055555555555555 0.20390625 0.18055555555555555 0.20625 0.18194444444444444 0.2078125 0.18888888888888888 0.2078125 0.21666666666666667 0.20625 0.225 0.2015625 0.23055555555555557 0.19921875 0.24027777777777778 0.19453125 0.24166666666666667 0.19140625 0.24027777777777778 0.18515625 0.225 0.17578125 0.2375 0.171875 0.23472222222222222 0.1671875 0.2375 0.16484375 0.23333333333333334 0.16484375 0.1875
0 0.64296875 0.1597222222222222 0.66328125 0.1625 0.66875 0.16805555555555557 0.671875 0.18472222222222223 0.67421875 0.18055555555555555 0.6765625 0.18333333333333332 0.675 0.18888888888888888 0.6703125 0.1875 0.671875 0.19305555555555556 0.6703125 0.20555555555555555 0.66796875 0.20972222222222223 0.6640625 0.20972222222222223 0.6625 0.2 0.65390625 0.18611111111111112 0.62890625 0.18472222222222223 0.628125 0.175 0.63125 0.16527777777777777 0.63359375 0.16111111111111112 0.6421875 0.1597222222222222