3 0.34921875 0.45694444444444443 0.353125 0.46111111111111114 0.38203125 0.4625 0.38671875 0.475 0.390625 0.4736111111111111 0.3921875 0.4625 0.3953125 0.4583333333333333 0.425 0.45555555555555555 0.4328125 0.46111111111111114 0.446875 0.48055555555555557 0.453125 0.49444444444444446 0.45625 0.5569444444444445 0.45390625 0.5805555555555556 0.4578125 0.6305555555555555 0.45625 0.6486111111111111 0.44765625 0.6319444444444444 0.43984375 0.6263888888888889 0.3859375 0.6291666666666667 0.3671875 0.6347222222222222 0.35546875 0.6625 0.35078125 0.6625 0.34765625 0.6583333333333333 0.34296875 0.6388888888888888 0.3421875 0.5736111111111111 0.3453125 0.5208333333333334 0.34375 0.5138888888888888 0.34296875 0.4722222222222222 0.34375 0.4597222222222222 0.3484375 0.45694444444444443
3 0.46953125 0.23472222222222222 0.47578125 0.24861111111111112 0.47578125 0.28194444444444444 0.4734375 0.2861111111111111 0.46171875 0.2875 0.43515625 0.2875 0.43203125 0.28194444444444444 0.43125 0.2625 0.43359375 0.2375 0.4359375 0.23194444444444445 0.46875 0.23472222222222222
3 0.0765625 0.18194444444444444 0.0796875 0.18611111111111112 0.08359375 0.20277777777777778 0.0859375 0.22777777777777777 0.08515625 0.24861111111111112 0.08046875 0.25833333333333336 0.06484375 0.2569444444444444 0.06015625 0.25416666666666665 0.05859375 0.24861111111111112 0.059375 0.20555555555555555 0.0578125 0.17916666666666667 0.059375 0.1763888888888889 0.06640625 0.1763888888888889 0.07578125 0.18194444444444444
3 0.48671875 0.4777777777777778 0.4984375 0.49027777777777776 0.5046875 0.5013888888888889 0.509375 0.5166666666666667 0.50859375 0.5277777777777778 0.5109375 0.5347222222222222 0.51171875 0.5652777777777778 0.51328125 0.5763888888888888 0.51875 0.5875 0.5203125 0.6166666666666667 0.51953125 0.65 0.51875 0.6541666666666667 0.515625 0.6555555555555556 0.51171875 0.6541666666666667 0.50546875 0.6444444444444445 0.46171875 0.6472222222222223 0.459375 0.6430555555555556 0.45703125 0.6041666666666666 0.4578125 0.5583333333333333 0.45546875 0.4986111111111111 0.45 0.48194444444444445 0.45859375 0.4777777777777778 0.4859375 0.4777777777777778
3 0.5015625 0.24444444444444444 0.5265625 0.24583333333333332 0.52890625 0.2513888888888889 0.52890625 0.26944444444444443 0.53125 0.2791666666666667 0.53046875 0.28888888888888886 0.5171875 0.2972222222222222 0.5078125 0.32222222222222224 0.5015625 0.325 0.49375 0.31666666666666665 0.48828125 0.29583333333333334 0.4953125 0.26944444444444443 0.496875 0.24722222222222223 0.50078125 0.24583333333333332
2 0.77578125 0.6388888888888888 0.778125 0.6458333333333334 0.7796875 0.6736111111111112 0.77578125 0.7027777777777777 0.771875 0.7111111111111111 0.76875 0.7125 0.75390625 0.7097222222222223 0.75 0.7 0.74921875 0.6847222222222222 0.7515625 0.6694444444444444 0.7515625 0.65 0.7609375 0.6388888888888888 0.775 0.6388888888888888
2 0.990625 0.8041666666666667 0.99609375 0.8166666666666667 0.996875 0.8625 0.99921875 0.8666666666666667 0.99921875 0.9291666666666667 0.996875 0.9305555555555556 0.98984375 0.9305555555555556 0.97421875 0.9041666666666667 0.97421875 0.8972222222222223 0.97109375 0.8861111111111111 0.96328125 0.8833333333333333 0.96015625 0.8763888888888889 0.9578125 0.8597222222222223 0.959375 0.8305555555555556 0.9609375 0.8305555555555556 0.965625 0.8486111111111111 0.96953125 0.85 0.96953125 0.8152777777777778 0.975 0.8097222222222222 0.98984375 0.8041666666666667
2 0.05859375 0.6777777777777778 0.06640625 0.6861111111111111 0.065625 0.725 0.06875 0.7361111111111112 0.06875 0.7430555555555556 0.0625 0.7694444444444445 0.0546875 0.7791666666666667 0.05 0.7777777777777778 0.0453125 0.7694444444444445 0.03984375 0.7513888888888889 0.040625 0.7263888888888889 0.0390625 0.7125 0.04140625 0.7069444444444445 0.04140625 0.7 0.0375 0.6958333333333333 0.040625 0.6847222222222222 0.05078125 0.6777777777777778 0.0578125 0.6777777777777778
1 0.61875 0.37222222222222223 0.6328125 0.37777777777777777 0.63828125 0.3861111111111111 0.64296875 0.4 0.640625 0.4041666666666667 0.62109375 0.40555555555555556 0.6015625 0.40555555555555556 0.596875 0.4 0.59921875 0.3875 0.59609375 0.3763888888888889 0.596875 0.37222222222222223 0.61796875 0.37222222222222223
1 0.5734375 0.35 0.58203125 0.35694444444444445 0.58671875 0.36944444444444446 0.5859375 0.37222222222222223 0.57109375 0.37777777777777777 0.56796875 0.38472222222222224 0.565625 0.4 0.5515625 0.4041666666666667 0.54765625 0.4083333333333333 0.54296875 0.4083333333333333 0.540625 0.4041666666666667 0.53984375 0.3736111111111111 0.5421875 0.36666666666666664 0.5546875 0.35 0.57265625 0.35
1 0.10703125 0.2625 0.115625 0.2722222222222222 0.11953125 0.28888888888888886 0.1171875 0.31527777777777777 0.1140625 0.32222222222222224 0.1046875 0.32083333333333336 0.09609375 0.3138888888888889 0.08046875 0.3138888888888889 0.07578125 0.30416666666666664 0.07578125 0.2833333333333333 0.08828125 0.25972222222222224 0.10625 0.2625
1 0.4875 0.3388888888888889 0.4890625 0.3416666666666667 0.48125 0.36666666666666664 0.48203125 0.38055555555555554 0.478125 0.39166666666666666 0.47421875 0.41944444444444445 0.46640625 0.41944444444444445 0.46484375 0.4166666666666667 0.4625 0.39305555555555555 0.45625 0.36527777777777776 0.4671875 0.3402777777777778 0.48671875 0.3388888888888889
1 0.47109375 0.43472222222222223 0.48125 0.46944444444444444 0.48046875 0.47638888888888886 0.4515625 0.4791666666666667 0.4453125 0.4777777777777778 0.4296875 0.45694444444444443 0.428125 0.4527777777777778 0.43125 0.4444444444444444 0.4375 0.4375 0.44609375 0.43472222222222223 0.4703125 0.43472222222222223
1 0.3484375 0.4097222222222222 0.35390625 0.41388888888888886 0.35859375 0.4236111111111111 0.36328125 0.4375 0.36328125 0.44305555555555554 0.35546875 0.4527777777777778 0.34609375 0.45416666666666666 0.33828125 0.4597222222222222 0.33203125 0.47638888888888886 0.32578125 0.4847222222222222 0.31640625 0.5097222222222222 0.3125 0.5069444444444444 0.31015625 0.49722222222222223 0.31015625 0.46111111111111114 0.3125 0.4527777777777778 0.31328125 0.425 0.3171875 0.4152777777777778 0.32109375 0.4125 0.34765625 0.4097222222222222
1 0.328125 0.3763888888888889 0.33828125 0.38055555555555554 0.3453125 0.39305555555555555 0.34765625 0.4097222222222222 0.31796875 0.41388888888888886 0.31328125 0.425 0.3125 0.44722222222222224 0.30859375 0.4638888888888889 0.3078125 0.4791666666666667 0.30390625 0.48333333333333334 0.3 0.48055555555555557 0.296875 0.4722222222222222 0.29296875 0.45 0.2953125 0.4027777777777778 0.2984375 0.3958333333333333 0.29921875 0.3875 0.30390625 0.37916666666666665 0.309375 0.3763888888888889 0.32734375 0.3763888888888889
1 0.7390625 0.7138888888888889 0.76328125 0.7138888888888889 0.77578125 0.7208333333333333 0.78984375 0.7388888888888889 0.7953125 0.7527777777777778 0.80859375 0.7722222222222223 0.81484375 0.8083333333333333 0.81875 0.8138888888888889 0.825 0.8138888888888889 0.828125 0.8180555555555555 0.82890625 0.8291666666666667 0.82265625 0.8486111111111111 0.8234375 0.8597222222222223 0.834375 0.8861111111111111 0.83984375 0.8916666666666667 0.84609375 0.8930555555555556 0.8546875 0.9055555555555556 0.85390625 0.9569444444444445 0.85625 0.9680555555555556 0.85625 0.9847222222222223 0.8546875 0.9944444444444445 0.85234375 0.9958333333333333 0.83046875 0.9944444444444445 0.828125 0.9888888888888889 0.82421875 0.9902777777777778 0.821875 0.9791666666666666 0.8109375 0.9819444444444444 0.80625 0.9708333333333333 0.7984375 0.9722222222222222 0.7953125 0.9763888888888889 0.7953125 0.9833333333333333 0.79296875 0.9861111111111112 0.77109375 0.9861111111111112 0.7703125 0.9833333333333333 0.7734375 0.9819444444444444 0.7734375 0.9791666666666666 0.7671875 0.9791666666666666 0.765625 0.9847222222222223 0.76015625 0.9847222222222223 0.7515625 0.975 0.74609375 0.9736111111111111 0.73984375 0.9791666666666666 0.73984375 0.9833333333333333 0.7359375 0.9861111111111112 0.734375 0.9930555555555556 0.7265625 0.9944444444444445 0.72265625 0.9930555555555556 0.72421875 0.9888888888888889 0.728125 0.9888888888888889 0.72890625 0.9861111111111112 0.72265625 0.9833333333333333 0.72890625 0.9805555555555555 0.72109375 0.9736111111111111 0.72734375 0.9694444444444444 0.72890625 0.9666666666666667 0.7265625 0.9638888888888889 0.71953125 0.9652777777777778 0.71796875 0.9611111111111111 0.7140625 0.9611111111111111 0.71015625 0.9527777777777777 0.7 0.95 0.675 0.9555555555555556 0.66796875 0.9444444444444444 0.665625 0.9222222222222223 0.665625 0.85 0.6703125 0.8277777777777777 0.67109375 0.7958333333333333 0.6765625 0.7694444444444445 0.67578125 0.7472222222222222 0.6796875 0.7222222222222222 0.68359375 0.7166666666666667 0.69296875 0.7138888888888889 0.73828125 0.7138888888888889
1 0.40703125 0.4361111111111111 0.4140625 0.4527777777777778 0.40625 0.45555555555555555 0.3609375 0.4527777777777778 0.36640625 0.44027777777777777 0.3859375 0.43472222222222223 0.40625 0.4361111111111111
1 0.35078125 0.29583333333333334 0.35390625 0.3 0.35390625 0.3125 0.34140625 0.31527777777777777 0.3328125 0.32083333333333336 0.32421875 0.3402777777777778 0.31796875 0.33611111111111114 0.31484375 0.32083333333333336 0.31484375 0.30694444444444446 0.31953125 0.2972222222222222 0.32421875 0.29305555555555557 0.3453125 0.29305555555555557 0.35 0.29583333333333334
1 0.92265625 0.575 0.94609375 0.5805555555555556 0.9578125 0.5875 0.96484375 0.6041666666666666 0.98203125 0.625 0.99140625 0.6527777777777778 0.99921875 0.6541666666666667 0.99921875 0.6694444444444444 0.996875 0.6708333333333333 0.996875 0.675 0.99921875 0.6763888888888889 0.99921875 0.7291666666666666 0.996875 0.7319444444444444 0.99609375 0.7583333333333333 0.990625 0.7597222222222222 0.98046875 0.75 0.96953125 0.7472222222222222 0.96328125 0.7513888888888889 0.959375 0.7583333333333333 0.93359375 0.7597222222222222 0.93125 0.7625 0.92890625 0.7736111111111111 0.92265625 0.7791666666666667 0.9171875 0.7777777777777778 0.9109375 0.7694444444444445 0.90546875 0.7472222222222222 0.8953125 0.7402777777777778 0.88203125 0.7430555555555556 0.87734375 0.7375 0.875 0.7166666666666667 0.87265625 0.7111111111111111 0.87421875 0.7013888888888888 0.8734375 0.6847222222222222 0.8703125 0.6736111111111112 0.8703125 0.6430555555555556 0.88359375 0.5902777777777778 0.88671875 0.5847222222222223 0.89921875 0.5763888888888888 0.921875 0.575
1 0.296875 0.6319444444444444 0.30703125 0.65 0.321875 0.6916666666666667 0.33125 0.6916666666666667 0.334375 0.6958333333333333 0.334375 0.7013888888888888 0.3265625 0.7111111111111111 0.3265625 0.7208333333333333 0.33125 0.7458333333333333 0.33203125 0.7916666666666666 0.33359375 0.7986111111111112 0.3375 0.8041666666666667 0.3375 0.8111111111111111 0.3359375 0.8138888888888889 0.30703125 0.8111111111111111 0.278125 0.8180555555555555 0.253125 0.8166666666666667 0.24296875 0.825 0.23984375 0.8236111111111111 0.2375 0.8166666666666667 0.2359375 0.7930555555555555 0.23046875 0.7819444444444444 0.228125 0.7208333333333333 0.22421875 0.7138888888888889 0.225 0.7069444444444445 0.23125 0.6944444444444444 0.2375 0.6541666666666667 0.240625 0.6458333333333334 0.24765625 0.6402777777777777 0.2640625 0.6347222222222222 0.29296875 0.6347222222222222 0.29609375 0.6319444444444444
1 0.45625 0.375 0.46328125 0.4097222222222222 0.46328125 0.4222222222222222 0.459375 0.4305555555555556 0.446875 0.43333333333333335 0.4375 0.43194444444444446 0.43359375 0.4097222222222222 0.4265625 0.3958333333333333 0.4203125 0.3888888888888889 0.4203125 0.37777777777777777 0.425 0.36944444444444446 0.42890625 0.3680555555555556 0.45078125 0.36944444444444446 0.45546875 0.375
1 0.2453125 0.4986111111111111 0.2546875 0.5 0.26796875 0.5125 0.271875 0.5194444444444445 0.275 0.5361111111111111 0.27890625 0.5416666666666666 0.27890625 0.5541666666666667 0.27421875 0.5472222222222223 0.265625 0.5444444444444444 0.24453125 0.5444444444444444 0.2265625 0.55 0.21796875 0.5736111111111111 0.21640625 0.5916666666666667 0.2078125 0.6041666666666666 0.2078125 0.6180555555555556 0.21015625 0.6291666666666667 0.21015625 0.65 0.2078125 0.6527777777777778 0.20234375 0.65 0.19921875 0.6347222222222222 0.1953125 0.5486111111111112 0.20390625 0.5291666666666667 0.20625 0.5125 0.21015625 0.5041666666666667 0.215625 0.5 0.24453125 0.4986111111111111
1 0.27421875 0.55 0.28359375 0.5680555555555555 0.29296875 0.5958333333333333 0.303125 0.6 0.303125 0.6069444444444444 0.29609375 0.6166666666666667 0.29765625 0.6333333333333333 0.2921875 0.6361111111111111 0.26328125 0.6347222222222222 0.2421875 0.6430555555555556 0.23671875 0.6583333333333333 0.22890625 0.6986111111111111 0.225 0.7069444444444445 0.225 0.7208333333333333 0.2203125 0.7263888888888889 0.21640625 0.7222222222222222 0.21328125 0.7055555555555556 0.2109375 0.6319444444444444 0.2078125 0.6125 0.20859375 0.6013888888888889 0.21640625 0.5916666666666667 0.2203125 0.5666666666666667 0.22890625 0.5486111111111112 0.27109375 0.5458333333333333 0.2734375 0.55
1 0.59765625 0.37777777777777777 0.6 0.38333333333333336 0.6 0.3972222222222222 0.596875 0.4027777777777778 0.5640625 0.4 0.56796875 0.3819444444444444 0.57109375 0.3763888888888889 0.59375 0.375 0.596875 0.37777777777777777
1 0.51640625 0.41944444444444445 0.521875 0.4263888888888889 0.5265625 0.44305555555555554 0.53046875 0.4666666666666667 0.53125 0.4986111111111111 0.52890625 0.5208333333333334 0.52109375 0.5236111111111111 0.515625 0.5347222222222222 0.51171875 0.5319444444444444 0.50703125 0.5055555555555555 0.49375 0.48333333333333334 0.48046875 0.4722222222222222 0.47265625 0.4361111111111111 0.475 0.42777777777777776 0.484375 0.42083333333333334 0.4921875 0.41805555555555557 0.515625 0.41944444444444445
1 0.3921875 0.38333333333333336 0.4 0.3875 0.4109375 0.3875 0.41171875 0.3902777777777778 0.40078125 0.3902777777777778 0.38984375 0.3972222222222222 0.38671875 0.41388888888888886 0.38046875 0.43194444444444446 0.37265625 0.4375 0.36484375 0.43333333333333335 0.359375 0.4111111111111111 0.37421875 0.3861111111111111 0.38359375 0.3819444444444444 0.39140625 0.38333333333333336
1 0.34296875 0.46111111111111114 0.3421875 0.5 0.34453125 0.5180555555555556 0.34453125 0.5513888888888889 0.34140625 0.5833333333333334 0.34140625 0.6222222222222222 0.3390625 0.6263888888888889 0.3359375 0.625 0.33359375 0.6180555555555556 0.33203125 0.5819444444444445 0.32265625 0.5805555555555556 0.3203125 0.5763888888888888 0.3171875 0.5597222222222222 0.31640625 0.5208333333333334 0.3171875 0.5111111111111111 0.3234375 0.4930555555555556 0.32421875 0.4847222222222222 0.33203125 0.475 0.33515625 0.4638888888888889 0.3421875 0.46111111111111114
1 0.37421875 0.3486111111111111 0.3796875 0.35138888888888886 0.38359375 0.35833333333333334 0.38671875 0.38333333333333336 0.37265625 0.39166666666666666 0.365625 0.40555555555555556 0.365625 0.4111111111111111 0.36015625 0.41388888888888886 0.3484375 0.4013888888888889 0.34765625 0.39305555555555555 0.340625 0.37916666666666665 0.34140625 0.36527777777777776 0.34453125 0.35555555555555557 0.35234375 0.3486111111111111 0.3734375 0.3486111111111111
1 0.25 0.4638888888888889 0.259375 0.4791666666666667 0.26484375 0.49444444444444446 0.2734375 0.5 0.271875 0.5097222222222222 0.26875 0.5111111111111111 0.25703125 0.5013888888888889 0.2484375 0.4986111111111111 0.21484375 0.4986111111111111 0.20546875 0.5138888888888888 0.20234375 0.5347222222222222 0.19921875 0.5416666666666666 0.196875 0.5361111111111111 0.196875 0.5180555555555556 0.19453125 0.5041666666666667 0.20078125 0.49444444444444446 0.20625 0.4708333333333333 0.209375 0.4652777777777778 0.24921875 0.4638888888888889
1 0.50078125 0.38055555555555554 0.5171875 0.38333333333333336 0.53046875 0.39861111111111114 0.5359375 0.41388888888888886 0.5421875 0.44583333333333336 0.53984375 0.4652777777777778 0.534375 0.4722222222222222 0.53125 0.46944444444444444 0.52265625 0.42916666666666664 0.515625 0.41805555555555557 0.49375 0.4166666666666667 0.48203125 0.4222222222222222 0.4765625 0.42083333333333334 0.47890625 0.39305555555555555 0.48203125 0.38472222222222224 0.490625 0.38055555555555554 0.5 0.3819444444444444
1 0.5640625 0.9319444444444445 0.61171875 0.9333333333333333 0.6234375 0.9458333333333333 0.63125 0.9611111111111111 0.6328125 0.9680555555555556 0.628125 0.9722222222222222 0.62734375 0.9763888888888889 0.634375 0.9805555555555555 0.63984375 0.9986111111111111 0.58828125 0.9986111111111111 0.57890625 0.9944444444444445 0.55234375 0.9986111111111111 0.55078125 0.9944444444444445 0.5453125 0.9930555555555556 0.5453125 0.9833333333333333 0.54296875 0.9805555555555555 0.5375 0.9819444444444444 0.5359375 0.9861111111111112 0.53203125 0.9875 0.5296875 0.9944444444444445 0.5265625 0.9958333333333333 0.50234375 0.9944444444444445 0.50078125 0.9847222222222223 0.50234375 0.9763888888888889 0.515625 0.95 0.51015625 0.9458333333333333 0.51171875 0.9430555555555555 0.51875 0.9472222222222222 0.5328125 0.9375 0.56328125 0.9319444444444445
1 0.41796875 0.39166666666666666 0.428125 0.4 0.4359375 0.4222222222222222 0.4359375 0.43472222222222223 0.425 0.4527777777777778 0.4125 0.4513888888888889 0.4078125 0.4361111111111111 0.38125 0.43333333333333335 0.38125 0.4263888888888889 0.390625 0.3958333333333333 0.40078125 0.39166666666666666 0.4171875 0.39166666666666666
1 0.4328125 0.6277777777777778 0.44375 0.6291666666666667 0.44921875 0.6361111111111111 0.453125 0.6430555555555556 0.45859375 0.6625 0.46015625 0.7333333333333333 0.46328125 0.7402777777777778 0.46328125 0.7527777777777778 0.46015625 0.7625 0.4609375 0.8125 0.45703125 0.8333333333333334 0.45625 0.8722222222222222 0.4515625 0.8791666666666667 0.43671875 0.8736111111111111 0.390625 0.8763888888888889 0.38046875 0.8708333333333333 0.37265625 0.8430555555555556 0.36484375 0.8277777777777777 0.34453125 0.8138888888888889 0.340625 0.7861111111111111 0.34140625 0.7652777777777777 0.33359375 0.7583333333333333 0.334375 0.7444444444444445 0.34140625 0.7472222222222222 0.34375 0.7416666666666667 0.35078125 0.6861111111111111 0.35859375 0.6569444444444444 0.36640625 0.6402777777777777 0.371875 0.6361111111111111 0.40078125 0.6291666666666667 0.43203125 0.6277777777777778
1 0.21328125 0.20833333333333334 0.2296875 0.21805555555555556 0.23203125 0.22361111111111112 0.23046875 0.23472222222222222 0.21953125 0.24166666666666667 0.2109375 0.24166666666666667 0.19765625 0.23472222222222222 0.1921875 0.2375 0.1890625 0.23055555555555557 0.18828125 0.21666666666666667 0.19140625 0.20416666666666666 0.209375 0.20277777777777778 0.2125 0.20833333333333334
1 0.57890625 0.7763888888888889 0.5953125 0.7888888888888889 0.6109375 0.8097222222222222 0.6125 0.8291666666666667 0.61171875 0.8666666666666667 0.6140625 0.8847222222222222 0.6140625 0.9111111111111111 0.61171875 0.9263888888888889 0.609375 0.9291666666666667 0.57421875 0.9319444444444445 0.55078125 0.9291666666666667 0.52890625 0.9361111111111111 0.51875 0.9430555555555555 0.51171875 0.9416666666666667 0.509375 0.9458333333333333 0.51171875 0.95 0.51171875 0.9555555555555556 0.49765625 0.9847222222222223 0.4828125 0.9888888888888889 0.465625 0.9888888888888889 0.45546875 0.9805555555555555 0.45546875 0.9458333333333333 0.4578125 0.9208333333333333 0.4703125 0.8805555555555555 0.46875 0.8722222222222222 0.4609375 0.8652777777777778 0.46015625 0.8541666666666666 0.46875 0.8513888888888889 0.4734375 0.8555555555555555 0.48515625 0.8208333333333333 0.4875 0.8069444444444445 0.5046875 0.7763888888888889 0.578125 0.7763888888888889
1 0.61875 0.6388888888888888 0.63046875 0.65 0.63828125 0.6638888888888889 0.64765625 0.6888888888888889 0.6625 0.6944444444444444 0.6625 0.7055555555555556 0.65625 0.7125 0.66171875 0.725 0.66953125 0.7555555555555555 0.66875 0.8166666666666667 0.6640625 0.8305555555555556 0.6578125 0.8291666666666667 0.65234375 0.8194444444444444 0.64765625 0.8166666666666667 0.62265625 0.8166666666666667 0.6171875 0.8138888888888889 0.596875 0.7875 0.57890625 0.7722222222222223 0.53125 0.7708333333333334 0.52734375 0.7652777777777777 0.52421875 0.7180555555555556 0.528125 0.7055555555555556 0.528125 0.6958333333333333 0.52265625 0.6736111111111112 0.528125 0.6638888888888889 0.54375 0.6625 0.5484375 0.6541666666666667 0.54921875 0.6486111111111111 0.55625 0.6402777777777777 0.58046875 0.6375 0.61796875 0.6388888888888888
1 0.3140625 0.35555555555555557 0.325 0.37083333333333335 0.325 0.3763888888888889 0.30703125 0.3763888888888889 0.3 0.3861111111111111 0.29453125 0.4097222222222222 0.29453125 0.4388888888888889 0.28984375 0.45416666666666666 0.284375 0.4527777777777778 0.27890625 0.4388888888888889 0.27890625 0.4222222222222222 0.28125 0.4125 0.28046875 0.3902777777777778 0.284375 0.37916666666666665 0.28515625 0.36944444444444446 0.2921875 0.35833333333333334 0.31328125 0.35555555555555557
1 0.3375 0.8180555555555555 0.35546875 0.8236111111111111 0.36640625 0.8375 0.37265625 0.8513888888888889 0.375 0.8652777777777778 0.38671875 0.8916666666666667 0.40078125 0.8902777777777777 0.40703125 0.8986111111111111 0.40625 0.9069444444444444 0.40390625 0.9111111111111111 0.39296875 0.9180555555555555 0.3921875 0.9236111111111112 0.4 0.9430555555555555 0.41484375 0.9916666666666667 0.4125 0.9986111111111111 0.39453125 0.9986111111111111 0.390625 0.9958333333333333 0.38828125 0.9986111111111111 0.38359375 0.9958333333333333 0.38125 0.9986111111111111 0.37109375 0.9986111111111111 0.3640625 0.9944444444444445 0.2921875 0.9958333333333333 0.28984375 0.9986111111111111 0.27890625 0.9958333333333333 0.2765625 0.9986111111111111 0.2671875 0.9986111111111111 0.24375 0.9930555555555556 0.240625 0.9638888888888889 0.23984375 0.9194444444444444 0.2421875 0.9111111111111111 0.24453125 0.8763888888888889 0.25078125 0.8486111111111111 0.26328125 0.8430555555555556 0.2703125 0.8305555555555556 0.27734375 0.8263888888888888 0.30390625 0.8194444444444444 0.33671875 0.8180555555555555
1 0.63828125 0.4041666666666667 0.65 0.40694444444444444 0.6640625 0.4166666666666667 0.68515625 0.45555555555555555 0.68828125 0.48333333333333334 0.68515625 0.5111111111111111 0.6828125 0.5180555555555556 0.6796875 0.5194444444444445 0.66640625 0.5083333333333333 0.63671875 0.5069444444444444 0.63359375 0.49166666666666664 0.62734375 0.48333333333333334 0.62421875 0.4222222222222222 0.6203125 0.4152777777777778 0.6046875 0.40694444444444444 0.6375 0.4041666666666667
0 0.23828125 0.29444444444444445 0.25234375 0.32083333333333336 0.25859375 0.35138888888888886 0.2625 0.4361111111111111 0.26171875 0.4708333333333333 0.25859375 0.475 0.24921875 0.46111111111111114 0.2125 0.4625 0.20703125 0.46805555555555556 0.19921875 0.4930555555555556 0.19609375 0.49722222222222223 0.1875 0.49444444444444446 0.18125 0.4736111111111111 0.17734375 0.4361111111111111 0.1796875 0.3972222222222222 0.17578125 0.38333333333333336 0.1765625 0.3763888888888889 0.17421875 0.36527777777777776 0.175 0.34444444444444444 0.1734375 0.3347222222222222 0.1703125 0.33055555555555555 0.17109375 0.3277777777777778 0.1640625 0.32083333333333336 0.17578125 0.3 0.18046875 0.29583333333333334 0.2375 0.29444444444444445
0 0.39609375 0.20833333333333334 0.4109375 0.21666666666666667 0.41796875 0.225 0.42265625 0.2361111111111111 0.425 0.3055555555555556 0.421875 0.3125 0.41171875 0.30972222222222223 0.40703125 0.30277777777777776 0.40859375 0.2875 0.40390625 0.2791666666666667 0.38984375 0.28055555555555556 0.3796875 0.2777777777777778 0.37421875 0.2875 0.37109375 0.30694444444444446 0.36875 0.30694444444444446 0.36875 0.3 0.36640625 0.29583333333333334 0.36484375 0.2847222222222222 0.36484375 0.2569444444444444 0.36328125 0.25 0.36484375 0.22361111111111112 0.36953125 0.2125 0.3953125 0.20833333333333334