0 0.390625 0.5125 0.396875 0.5138888888888888 0.41015625 0.525 0.42109375 0.5583333333333333 0.4328125 0.5611111111111111 0.4328125 0.5680555555555555 0.42734375 0.5763888888888888 0.43046875 0.6097222222222223 0.4296875 0.6166666666666667 0.425 0.6152777777777778 0.41171875 0.5916666666666667 0.38125 0.5902777777777778 0.3625 0.5972222222222222 0.353125 0.6208333333333333 0.34453125 0.6194444444444445 0.34375 0.5972222222222222 0.3421875 0.5930555555555556 0.34453125 0.5458333333333333 0.35390625 0.5208333333333334 0.35546875 0.5180555555555556 0.38984375 0.5138888888888888
0 0.39375 0.6513888888888889 0.4046875 0.6527777777777778 0.4140625 0.65 0.41484375 0.6527777777777778 0.415625 0.7194444444444444 0.41796875 0.7388888888888889 0.41796875 0.8041666666666667 0.41171875 0.8083333333333333 0.375 0.8097222222222222 0.371875 0.8125 0.36640625 0.8111111111111111 0.3625 0.7875 0.3546875 0.775 0.3515625 0.7027777777777777 0.35703125 0.6944444444444444 0.36171875 0.6722222222222223 0.36796875 0.6597222222222222 0.37890625 0.6527777777777778 0.39296875 0.6513888888888889
0 0.228125 0.3236111111111111 0.23125 0.3347222222222222 0.23125 0.37222222222222223 0.2265625 0.3819444444444444 0.221875 0.38055555555555554 0.21640625 0.37083333333333335 0.2109375 0.36666666666666664 0.18515625 0.36666666666666664 0.18515625 0.33611111111111114 0.1953125 0.3236111111111111 0.22734375 0.3236111111111111
0 0.10625 0.25277777777777777 0.11484375 0.2569444444444444 0.125 0.2777777777777778 0.11640625 0.2986111111111111 0.11328125 0.3138888888888889 0.1078125 0.32083333333333336 0.08203125 0.31666666666666665 0.0765625 0.30972222222222223 0.07734375 0.2861111111111111 0.08671875 0.25972222222222224 0.0953125 0.25277777777777777 0.10546875 0.25277777777777777
0 0.44375 0.23333333333333334 0.4484375 0.2361111111111111 0.4484375 0.3111111111111111 0.446875 0.3277777777777778 0.4453125 0.33194444444444443 0.4203125 0.3333333333333333 0.4140625 0.3333333333333333 0.4109375 0.3263888888888889 0.41015625 0.2375 0.4125 0.23333333333333334 0.44296875 0.23333333333333334
0 0.334375 0.175 0.34296875 0.18194444444444444 0.34296875 0.19444444444444445 0.3375 0.2 0.3296875 0.2013888888888889 0.3140625 0.1986111111111111 0.31171875 0.1875 0.3140625 0.18194444444444444 0.321875 0.1763888888888889 0.33359375 0.175
0 0.96328125 0.7972222222222223 0.99921875 0.8069444444444445 0.99921875 0.8555555555555555 0.996875 0.8569444444444444 0.9953125 0.8722222222222222 0.99609375 0.9027777777777778 0.99921875 0.9069444444444444 0.99921875 0.9388888888888889 0.9953125 0.9402777777777778 0.99375 0.9444444444444444 0.98359375 0.9444444444444444 0.98359375 0.9486111111111111 0.97890625 0.9513888888888888 0.97890625 0.9555555555555556 0.96875 0.9777777777777777 0.95078125 0.9833333333333333 0.9421875 0.9819444444444444 0.9296875 0.9694444444444444 0.92578125 0.9625 0.9265625 0.9541666666666667 0.915625 0.9527777777777777 0.91171875 0.9472222222222222 0.89765625 0.9527777777777777 0.8859375 0.9486111111111111 0.88125 0.8986111111111111 0.884375 0.8736111111111111 0.884375 0.8583333333333333 0.8828125 0.8472222222222222 0.8796875 0.8402777777777778 0.8796875 0.8333333333333334 0.91484375 0.8027777777777778 0.9625 0.7972222222222223
0 0.2078125 0.20277777777777778 0.21328125 0.20972222222222223 0.23125 0.22083333333333333 0.23125 0.23333333333333334 0.2296875 0.2361111111111111 0.2171875 0.24166666666666667 0.20078125 0.2375 0.19140625 0.2388888888888889 0.18828125 0.23333333333333334 0.18828125 0.21805555555555556 0.19140625 0.20416666666666666 0.20703125 0.20277777777777778
0 0.63125 0.4097222222222222 0.64296875 0.40694444444444444 0.67578125 0.4083333333333333 0.6859375 0.4111111111111111 0.7 0.42083333333333334 0.7015625 0.425 0.7015625 0.45555555555555555 0.71015625 0.49027777777777776 0.7078125 0.49444444444444446 0.67421875 0.49583333333333335 0.6703125 0.5013888888888889 0.66796875 0.5361111111111111 0.66015625 0.5444444444444444 0.65390625 0.5458333333333333 0.65078125 0.5430555555555555 0.646875 0.5277777777777778 0.63515625 0.5291666666666667 0.6328125 0.5263888888888889 0.62734375 0.4875 0.62734375 0.45555555555555555 0.6296875 0.4375 0.6296875 0.4152777777777778 0.63125 0.4111111111111111
0 0.8765625 0.5694444444444444 0.8875 0.5763888888888888 0.89375 0.5847222222222223 0.90546875 0.6069444444444444 0.91640625 0.6361111111111111 0.921875 0.6569444444444444 0.92265625 0.6833333333333333 0.91953125 0.6958333333333333 0.91484375 0.7 0.90546875 0.6958333333333333 0.89296875 0.6972222222222222 0.871875 0.6930555555555555 0.8421875 0.6944444444444444 0.840625 0.6833333333333333 0.83828125 0.6791666666666667 0.8265625 0.6722222222222223 0.81640625 0.6541666666666667 0.81484375 0.6430555555555556 0.8078125 0.6236111111111111 0.80859375 0.6111111111111112 0.8125 0.5944444444444444 0.8234375 0.5777777777777777 0.8359375 0.5694444444444444 0.85859375 0.5652777777777778 0.87578125 0.5694444444444444
0 0.3671875 0.8583333333333333 0.38671875 0.8583333333333333 0.396875 0.8638888888888889 0.41171875 0.9013888888888889 0.42421875 0.9513888888888888 0.42890625 0.9555555555555556 0.43203125 0.9486111111111111 0.4390625 0.9458333333333333 0.4453125 0.9555555555555556 0.44296875 0.9638888888888889 0.4359375 0.9694444444444444 0.43359375 0.9791666666666666 0.434375 0.9916666666666667 0.4328125 0.9944444444444445 0.41796875 0.9986111111111111 0.39375 0.9986111111111111 0.390625 0.9944444444444445 0.36171875 0.9958333333333333 0.36015625 0.9986111111111111 0.2765625 0.9986111111111111 0.27890625 0.9541666666666667 0.278125 0.9194444444444444 0.2828125 0.8930555555555556 0.29453125 0.8916666666666667 0.303125 0.8736111111111111 0.3140625 0.8652777777777778 0.36640625 0.8583333333333333
0 0.1859375 0.36666666666666664 0.2125 0.3680555555555556 0.22109375 0.37916666666666665 0.21484375 0.4041666666666667 0.21171875 0.43194444444444446 0.2078125 0.4361111111111111 0.196875 0.4388888888888889 0.1859375 0.4527777777777778 0.178125 0.45416666666666666 0.17578125 0.4513888888888889 0.1734375 0.43472222222222223 0.1734375 0.3958333333333333 0.18515625 0.3680555555555556
0 0.21484375 0.4361111111111111 0.23359375 0.44027777777777777 0.23828125 0.44722222222222224 0.2453125 0.46944444444444444 0.2453125 0.5 0.234375 0.49027777777777776 0.2015625 0.4930555555555556 0.19765625 0.49583333333333335 0.19296875 0.5083333333333333 0.1890625 0.5125 0.1859375 0.5083333333333333 0.18828125 0.4791666666666667 0.1828125 0.46944444444444444 0.18359375 0.4638888888888889 0.190625 0.4583333333333333 0.1953125 0.44166666666666665 0.2140625 0.4361111111111111
0 0.25390625 0.38472222222222224 0.25625 0.3888888888888889 0.26328125 0.425 0.265625 0.46944444444444444 0.2640625 0.4736111111111111 0.253125 0.475 0.24765625 0.475 0.23515625 0.44166666666666665 0.22890625 0.4375 0.21328125 0.43472222222222223 0.21640625 0.39861111111111114 0.22109375 0.3861111111111111 0.22890625 0.3819444444444444 0.2484375 0.3819444444444444 0.253125 0.38472222222222224
0 0.38828125 0.1875 0.390625 0.19027777777777777 0.39296875 0.20277777777777778 0.39140625 0.2111111111111111 0.37734375 0.21666666666666667 0.37109375 0.2125 0.37109375 0.19583333333333333 0.37734375 0.1875 0.3875 0.1875
0 0.31875 0.3958333333333333 0.3328125 0.4 0.3359375 0.40555555555555556 0.33671875 0.4125 0.3125 0.41388888888888886 0.30546875 0.42083333333333334 0.30234375 0.45 0.29921875 0.4625 0.3 0.48333333333333334 0.29921875 0.4875 0.29453125 0.49166666666666664 0.28984375 0.4861111111111111 0.28828125 0.4791666666666667 0.28828125 0.43472222222222223 0.28671875 0.4263888888888889 0.2921875 0.41944444444444445 0.2953125 0.40694444444444444 0.3 0.4013888888888889 0.3078125 0.4027777777777778 0.3140625 0.3958333333333333 0.31796875 0.3958333333333333
0 0.07265625 0.6694444444444444 0.078125 0.6708333333333333 0.08125 0.6763888888888889 0.0921875 0.6847222222222222 0.0984375 0.7125 0.1015625 0.7555555555555555 0.1125 0.7569444444444444 0.11328125 0.7694444444444445 0.1015625 0.7736111111111111 0.09375 0.7805555555555556 0.0828125 0.7805555555555556 0.0546875 0.7916666666666666 0.04140625 0.8277777777777777 0.03359375 0.8416666666666667 0.02890625 0.8805555555555555 0.02578125 0.8861111111111111 0.021875 0.8833333333333333 0.0203125 0.8736111111111111 0.0140625 0.8625 0 0.8611111111111112 0 0.8347222222222223 0.00234375 0.8277777777777777 0.0015625 0.8055555555555556 0 0.8013888888888889 0.00234375 0.7972222222222223 0.00390625 0.7597222222222222 0.009375 0.7375 0.009375 0.7333333333333333 0.00703125 0.7305555555555555 0.00859375 0.7180555555555556 0.01484375 0.6930555555555555 0.0203125 0.6819444444444445 0.028125 0.6736111111111112 0.04609375 0.6694444444444444 0.071875 0.6694444444444444
0 0.33125 0.3458333333333333 0.3375 0.35555555555555557 0.3375 0.36944444444444446 0.3109375 0.36944444444444446 0.3046875 0.37777777777777777 0.30078125 0.3972222222222222 0.29375 0.40694444444444444 0.29140625 0.4013888888888889 0.29140625 0.37222222222222223 0.29921875 0.3472222222222222 0.33046875 0.3458333333333333
0 0.7234375 0.7638888888888888 0.73828125 0.7708333333333334 0.76015625 0.7916666666666666 0.77109375 0.8111111111111111 0.7875 0.8513888888888889 0.80234375 0.8513888888888889 0.80703125 0.8583333333333333 0.80703125 0.8652777777777778 0.79453125 0.8763888888888889 0.80078125 0.8958333333333334 0.7984375 0.8986111111111111 0.76015625 0.8972222222222223 0.73046875 0.9055555555555556 0.71796875 0.9277777777777778 0.71171875 0.9597222222222223 0.70078125 0.9666666666666667 0.70390625 0.9722222222222222 0.703125 0.9805555555555555 0.70078125 0.9930555555555556 0.69609375 0.9958333333333333 0.67890625 0.9930555555555556 0.684375 0.9819444444444444 0.684375 0.9680555555555556 0.65078125 0.9694444444444444 0.63984375 0.9652777777777778 0.63828125 0.9388888888888889 0.63671875 0.9361111111111111 0.63828125 0.9013888888888889 0.64140625 0.8791666666666667 0.640625 0.8652777777777778 0.6375 0.8555555555555555 0.63984375 0.825 0.64375 0.8194444444444444 0.646875 0.8027777777777778 0.65703125 0.7736111111111111 0.6609375 0.7694444444444445 0.68203125 0.7652777777777777 0.72265625 0.7638888888888888
0 0.178125 0.30972222222222223 0.19140625 0.3138888888888889 0.19453125 0.32222222222222224 0.18515625 0.3347222222222222 0.184375 0.3625 0.1796875 0.37916666666666665 0.1765625 0.38333333333333336 0.165625 0.375 0.15625 0.375 0.15078125 0.38055555555555554 0.14375 0.37916666666666665 0.14140625 0.3763888888888889 0.13828125 0.35138888888888886 0.1328125 0.3486111111111111 0.1359375 0.34444444444444444 0.13125 0.3375 0.13125 0.3333333333333333 0.1359375 0.32916666666666666 0.14296875 0.3125 0.17734375 0.30972222222222223
0 0.2421875 0.26944444444444443 0.2453125 0.2722222222222222 0.25234375 0.2916666666666667 0.25390625 0.32083333333333336 0.2515625 0.33055555555555555 0.2484375 0.33055555555555555 0.2453125 0.3236111111111111 0.24375 0.30694444444444446 0.2375 0.2916666666666667 0.225 0.2902777777777778 0.21484375 0.29305555555555557 0.21796875 0.275 0.22734375 0.26944444444444443 0.24140625 0.26944444444444443
0 0.32265625 0.36944444444444446 0.3390625 0.3736111111111111 0.34453125 0.3972222222222222 0.34765625 0.4013888888888889 0.34375 0.41388888888888886 0.3359375 0.4111111111111111 0.33203125 0.4013888888888889 0.321875 0.3958333333333333 0.30234375 0.4 0.303125 0.3861111111111111 0.30625 0.375 0.31171875 0.37083333333333335 0.321875 0.36944444444444446
0 0.340625 0.41388888888888886 0.34453125 0.4152777777777778 0.353125 0.43472222222222223 0.3484375 0.44305555555555554 0.32578125 0.4444444444444444 0.31953125 0.45 0.315625 0.4708333333333333 0.31484375 0.4888888888888889 0.30703125 0.5208333333333334 0.303125 0.5208333333333334 0.2984375 0.49166666666666664 0.30078125 0.4791666666666667 0.29921875 0.4625 0.30234375 0.45416666666666666 0.303125 0.43472222222222223 0.30625 0.42083333333333334 0.315625 0.41388888888888886 0.33984375 0.41388888888888886
0 0.42109375 0.17777777777777778 0.4328125 0.1763888888888889 0.4375 0.18194444444444444 0.4375 0.2125 0.43359375 0.21388888888888888 0.42890625 0.20694444444444443 0.425 0.20833333333333334 0.4203125 0.20416666666666666 0.42109375 0.17916666666666667
0 0.2359375 0.2916666666666667 0.24140625 0.3 0.24453125 0.32083333333333336 0.2484375 0.33194444444444443 0.24921875 0.3486111111111111 0.24609375 0.36944444444444446 0.23359375 0.36944444444444446 0.23125 0.36666666666666664 0.22890625 0.35138888888888886 0.22890625 0.33194444444444443 0.22421875 0.3236111111111111 0.20859375 0.3236111111111111 0.20625 0.32083333333333336 0.209375 0.30277777777777776 0.21328125 0.29583333333333334 0.2234375 0.2916666666666667 0.23515625 0.2916666666666667
0 0.2421875 0.49722222222222223 0.25234375 0.525 0.2515625 0.5388888888888889 0.22421875 0.5444444444444444 0.21875 0.5527777777777778 0.21328125 0.5736111111111111 0.20703125 0.5847222222222223 0.2078125 0.5916666666666667 0.2046875 0.5958333333333333 0.19453125 0.5986111111111111 0.1890625 0.5972222222222222 0.1875 0.5916666666666667 0.1859375 0.5736111111111111 0.18671875 0.5388888888888889 0.18359375 0.5333333333333333 0.18359375 0.5277777777777778 0.1890625 0.5222222222222223 0.190625 0.5125 0.19609375 0.4986111111111111 0.19921875 0.49444444444444446 0.23125 0.4930555555555556 0.23359375 0.49027777777777776 0.23828125 0.49166666666666664 0.24140625 0.49722222222222223
0 0.82890625 0.9027777777777778 0.86171875 0.9361111111111111 0.8671875 0.9472222222222222 0.86484375 0.9527777777777777 0.8734375 0.9569444444444445 0.884375 0.9819444444444444 0.88203125 0.9944444444444445 0.84375 0.9930555555555556 0.840625 0.9888888888888889 0.8359375 0.9944444444444445 0.81328125 0.9916666666666667 0.80703125 0.9958333333333333 0.76875 0.9944444444444445 0.746875 0.9958333333333333 0.74375 0.9986111111111111 0.703125 0.9986111111111111 0.70234375 0.9958333333333333 0.7046875 0.9736111111111111 0.7140625 0.9541666666666667 0.71640625 0.9347222222222222 0.72265625 0.9180555555555555 0.7296875 0.9083333333333333 0.740625 0.9027777777777778 0.7765625 0.8986111111111111 0.828125 0.9027777777777778
0 0.715625 0.49722222222222223 0.74140625 0.5111111111111111 0.7484375 0.5208333333333334 0.75234375 0.5541666666666667 0.759375 0.5847222222222223 0.76015625 0.6027777777777777 0.75859375 0.6069444444444444 0.7515625 0.6097222222222223 0.74375 0.6069444444444444 0.7375 0.5972222222222222 0.7265625 0.6027777777777777 0.715625 0.6180555555555556 0.71328125 0.6402777777777777 0.703125 0.6416666666666667 0.7 0.6458333333333334 0.69375 0.6444444444444445 0.69140625 0.6361111111111111 0.6859375 0.6291666666666667 0.67890625 0.625 0.67109375 0.625 0.66796875 0.6194444444444445 0.66796875 0.5638888888888889 0.66640625 0.5458333333333333 0.66953125 0.5319444444444444 0.66875 0.5138888888888888 0.67421875 0.49583333333333335 0.71484375 0.49722222222222223
0 0.46640625 0.16111111111111112 0.46953125 0.1625 0.47421875 0.17083333333333334 0.4734375 0.18472222222222223 0.4703125 0.19166666666666668 0.46328125 0.19166666666666668 0.453125 0.18333333333333332 0.45546875 0.16805555555555557 0.459375 0.1625 0.465625 0.16111111111111112
0 0.29609375 0.30972222222222223 0.29765625 0.3138888888888889 0.29765625 0.3402777777777778 0.29453125 0.35694444444444445 0.2875 0.36527777777777776 0.27734375 0.36666666666666664 0.2734375 0.3625 0.271875 0.3527777777777778 0.26796875 0.34444444444444444 0.2703125 0.3388888888888889 0.26796875 0.3277777777777778 0.271875 0.325 0.28046875 0.30972222222222223 0.2953125 0.30972222222222223
0 0.47890625 0.28194444444444444 0.490625 0.2847222222222222 0.5015625 0.3 0.48359375 0.30277777777777776 0.471875 0.33055555555555555 0.46328125 0.3277777777777778 0.46171875 0.32083333333333336 0.4625 0.3 0.46484375 0.2902777777777778 0.46796875 0.2861111111111111 0.478125 0.28194444444444444
0 0.575 0.5083333333333333 0.5921875 0.5236111111111111 0.6125 0.5541666666666667 0.6140625 0.5833333333333334 0.6203125 0.6138888888888889 0.62265625 0.6375 0.621875 0.6569444444444444 0.61796875 0.6625 0.6 0.6638888888888889 0.59140625 0.6708333333333333 0.578125 0.6638888888888889 0.553125 0.6277777777777778 0.54765625 0.6236111111111111 0.53125 0.6236111111111111 0.496875 0.6305555555555555 0.48671875 0.6305555555555555 0.478125 0.6236111111111111 0.47890625 0.6111111111111112 0.4765625 0.5875 0.47890625 0.5694444444444444 0.48359375 0.5472222222222223 0.4953125 0.525 0.5265625 0.5180555555555556 0.553125 0.5055555555555555 0.56953125 0.5055555555555555 0.57421875 0.5083333333333333
0 0.33515625 0.2569444444444444 0.3453125 0.25833333333333336 0.34765625 0.2625 0.35234375 0.2861111111111111 0.353125 0.30694444444444446 0.35078125 0.3138888888888889 0.35078125 0.325 0.353125 0.3472222222222222 0.3484375 0.35555555555555557 0.3484375 0.39305555555555555 0.3453125 0.3902777777777778 0.34140625 0.37916666666666665 0.3375 0.3625 0.3375 0.3541666666666667 0.33359375 0.3472222222222222 0.3296875 0.34444444444444444 0.29921875 0.3472222222222222 0.2984375 0.34305555555555556 0.29921875 0.30972222222222223 0.2953125 0.2763888888888889 0.29609375 0.2638888888888889 0.30390625 0.2569444444444444 0.334375 0.2569444444444444
0 0.484375 0.15694444444444444 0.49140625 0.15416666666666667 0.49609375 0.1625 0.49453125 0.1763888888888889 0.48359375 0.1763888888888889 0.48203125 0.16527777777777777 0.484375 0.15833333333333333
0 0.26640625 0.3486111111111111 0.26484375 0.30694444444444446 0.26875 0.2916666666666667 0.27578125 0.2847222222222222 0.28828125 0.2833333333333333 0.29453125 0.2875 0.296875 0.2972222222222222 0.29609375 0.30694444444444446 0.27890625 0.30972222222222223 0.27265625 0.3277777777777778 0.2734375 0.3375 0.27109375 0.3472222222222222 0.26953125 0.35 0.2671875 0.3486111111111111
0 0.41640625 0.19583333333333333 0.421875 0.20972222222222223 0.421875 0.22777777777777777 0.41953125 0.23055555555555557 0.4015625 0.23194444444444445 0.3984375 0.23055555555555557 0.39765625 0.21666666666666667 0.4 0.2013888888888889 0.40625 0.19444444444444445 0.415625 0.19583333333333333
0 0.3609375 0.44583333333333336 0.36640625 0.4527777777777778 0.36796875 0.4652777777777778 0.3625 0.46944444444444444 0.3421875 0.4708333333333333 0.33984375 0.4736111111111111 0.3359375 0.48333333333333334 0.33359375 0.5055555555555555 0.32890625 0.5152777777777777 0.33046875 0.5263888888888889 0.328125 0.55 0.32109375 0.5569444444444445 0.31484375 0.5569444444444445 0.31015625 0.5458333333333333 0.30859375 0.5194444444444445 0.30859375 0.5111111111111111 0.31484375 0.48333333333333334 0.315625 0.46111111111111114 0.31875 0.4513888888888889 0.32734375 0.4444444444444444 0.35546875 0.44305555555555554 0.36015625 0.44583333333333336
0 0.11796875 0.7805555555555556 0.140625 0.7847222222222222 0.1734375 0.8041666666666667 0.18203125 0.8111111111111111 0.203125 0.85 0.2140625 0.85 0.21875 0.8555555555555555 0.21875 0.8597222222222223 0.2125 0.8722222222222222 0.2296875 0.8986111111111111 0.2390625 0.9291666666666667 0.2390625 0.9833333333333333 0.23515625 0.9944444444444445 0.22890625 0.9986111111111111 0.1765625 0.9944444444444445 0.17265625 0.9902777777777778 0.1765625 0.9847222222222223 0.17578125 0.9819444444444444 0.1640625 0.9819444444444444 0.1625 0.9847222222222223 0.16328125 0.9888888888888889 0.15390625 0.9958333333333333 0.10703125 0.9958333333333333 0.10078125 0.9944444444444445 0.09453125 0.9861111111111112 0.0921875 0.9875 0.08046875 0.9819444444444444 0.0640625 0.9694444444444444 0.0609375 0.9694444444444444 0.0578125 0.9777777777777777 0.05390625 0.9805555555555555 0.046875 0.9805555555555555 0.04140625 0.975 0.03828125 0.9625 0.0375 0.9277777777777778 0.03515625 0.925 0.03125 0.9097222222222222 0.03125 0.8791666666666667 0.034375 0.8597222222222223 0.03828125 0.8486111111111111 0.0375 0.8416666666666667 0.04453125 0.8277777777777777 0.053125 0.7972222222222223 0.06015625 0.7902777777777777 0.08046875 0.7847222222222222 0.1171875 0.7805555555555556
0 0.05859375 0.17777777777777778 0.07109375 0.17777777777777778 0.0796875 0.1875 0.084375 0.20555555555555555 0.0859375 0.24027777777777778 0.0828125 0.25416666666666665 0.07890625 0.25833333333333336 0.0578125 0.25416666666666665 0.05703125 0.24444444444444444 0.059375 0.21944444444444444 0.05859375 0.17916666666666667
0 0.0265625 0.9263888888888889 0.03359375 0.9430555555555555 0.03125 0.9597222222222223 0.03671875 0.9819444444444444 0.0359375 0.9930555555555556 0.03359375 0.9986111111111111 0.00234375 0.9986111111111111 0 0.9958333333333333 0.00234375 0.9305555555555556 0.015625 0.9263888888888889 0.0203125 0.9208333333333333 0.02578125 0.9208333333333333 0.02578125 0.9263888888888889
0 0.38515625 0.4722222222222222 0.40078125 0.5069444444444444 0.409375 0.5111111111111111 0.409375 0.5180555555555556 0.4015625 0.5194444444444445 0.39453125 0.5152777777777777 0.38359375 0.5152777777777777 0.35546875 0.5194444444444445 0.3453125 0.5472222222222223 0.34296875 0.5875 0.34375 0.6083333333333333 0.3421875 0.6111111111111112 0.3390625 0.6055555555555555 0.3375 0.5958333333333333 0.33125 0.5902777777777778 0.32890625 0.5722222222222222 0.32890625 0.5194444444444445 0.334375 0.4888888888888889 0.34375 0.4722222222222222 0.36640625 0.46944444444444444 0.38125 0.46944444444444444 0.384375 0.4722222222222222
0 0.79453125 0.6208333333333333 0.80390625 0.6291666666666667 0.8125 0.6430555555555556 0.81640625 0.6597222222222222 0.8296875 0.6847222222222222 0.8375 0.7125 0.8421875 0.7347222222222223 0.8421875 0.775 0.83828125 0.7916666666666666 0.834375 0.7958333333333333 0.7609375 0.7861111111111111 0.74453125 0.7736111111111111 0.72734375 0.7388888888888889 0.7234375 0.7388888888888889 0.72109375 0.7444444444444445 0.71875 0.7444444444444445 0.71640625 0.7388888888888889 0.715625 0.7 0.71328125 0.6847222222222222 0.7140625 0.6708333333333333 0.71875 0.65 0.72578125 0.6388888888888888 0.73046875 0.6194444444444445 0.74140625 0.6138888888888889 0.759375 0.6125 0.7859375 0.6152777777777778 0.79375 0.6208333333333333
0 0.275 0.23055555555555557 0.28125 0.2263888888888889 0.29140625 0.2263888888888889 0.29609375 0.23472222222222222 0.29296875 0.26944444444444443 0.271875 0.2708333333333333 0.2703125 0.25 0.275 0.23194444444444445
0 0.38984375 0.5208333333333334 0.40546875 0.5263888888888889 0.4078125 0.5333333333333333 0.4046875 0.5361111111111111 0.40703125 0.5388888888888889 0.4109375 0.5347222222222222 0.41171875 0.5416666666666666 0.41484375 0.5458333333333333 0.41484375 0.5513888888888889 0.41796875 0.5555555555555556 0.4234375 0.5736111111111111 0.41796875 0.5847222222222223 0.4140625 0.5847222222222223 0.4125 0.5902777777777778 0.42109375 0.5958333333333333 0.42421875 0.6013888888888889 0.42421875 0.6097222222222223 0.43125 0.625 0.43125 0.6347222222222222 0.4171875 0.6402777777777777 0.41171875 0.65 0.38671875 0.6513888888888889 0.37265625 0.6555555555555556 0.36015625 0.6763888888888889 0.35703125 0.6958333333333333 0.3546875 0.6986111111111111 0.35078125 0.6972222222222222 0.3484375 0.6888888888888889 0.3484375 0.6666666666666666 0.346875 0.6597222222222222 0.34765625 0.6291666666666667 0.35 0.6180555555555556 0.35625 0.6069444444444444 0.35703125 0.6 0.3625 0.5944444444444444 0.35859375 0.5902777777777778 0.36171875 0.5847222222222223 0.35859375 0.5805555555555556 0.37578125 0.5805555555555556 0.3796875 0.5791666666666667 0.3859375 0.5708333333333333 0.38046875 0.5666666666666667 0.38359375 0.5611111111111111 0.37890625 0.5569444444444445 0.38203125 0.55 0.38046875 0.5472222222222223 0.37109375 0.5486111111111112 0.36953125 0.5611111111111111 0.36875 0.5486111111111112 0.36484375 0.5458333333333333 0.3625 0.5513888888888889 0.36328125 0.5583333333333333 0.36171875 0.5638888888888889 0.35859375 0.5638888888888889 0.36171875 0.5611111111111111 0.3625 0.5513888888888889 0.3609375 0.5458333333333333 0.3625 0.5416666666666666 0.3703125 0.5388888888888889 0.3734375 0.5430555555555555 0.3828125 0.5375 0.384375 0.5347222222222222 0.3828125 0.5305555555555556 0.36953125 0.5347222222222222 0.3578125 0.5333333333333333 0.35390625 0.5305555555555556 0.3546875 0.525 0.36015625 0.5208333333333334 0.37421875 0.5222222222222223 0.38125 0.525 0.38359375 0.5291666666666667 0.38984375 0.5222222222222223
0 0.44609375 0.4166666666666667 0.46484375 0.4444444444444444 0.46484375 0.4986111111111111 0.46328125 0.5027777777777778 0.440625 0.49722222222222223 0.4125 0.5027777777777778 0.4078125 0.49583333333333335 0.40625 0.4486111111111111 0.4109375 0.43472222222222223 0.4125 0.4222222222222222 0.428125 0.4152777777777778 0.4453125 0.4166666666666667
0 0.47265625 0.24861111111111112 0.47890625 0.25277777777777777 0.484375 0.2638888888888889 0.484375 0.2791666666666667 0.471875 0.28194444444444444 0.46640625 0.2875 0.45859375 0.2861111111111111 0.45625 0.2652777777777778 0.46015625 0.2513888888888889 0.471875 0.24861111111111112
0 0.54765625 0.6277777777777778 0.5640625 0.6472222222222223 0.6 0.7027777777777777 0.603125 0.7402777777777778 0.6015625 0.7555555555555555 0.60390625 0.7930555555555555 0.60859375 0.8097222222222222 0.61875 0.8777777777777778 0.61953125 0.9 0.6234375 0.9277777777777778 0.6234375 0.9652777777777778 0.62265625 0.9708333333333333 0.61328125 0.9791666666666666 0.58828125 0.9791666666666666 0.58203125 0.9833333333333333 0.56640625 0.9805555555555555 0.5546875 0.9861111111111112 0.54609375 0.9805555555555555 0.54375 0.9847222222222223 0.5453125 0.9902777777777778 0.54296875 0.9930555555555556 0.5390625 0.9930555555555556 0.53671875 0.9875 0.5328125 0.9902777777777778 0.52890625 0.9875 0.52578125 0.9944444444444445 0.50234375 0.9902777777777778 0.47734375 0.9916666666666667 0.471875 0.9875 0.46953125 0.9819444444444444 0.4640625 0.9805555555555555 0.4546875 0.9819444444444444 0.45390625 0.9875 0.4484375 0.9861111111111112 0.44765625 0.9513888888888888 0.44296875 0.9430555555555555 0.43515625 0.9388888888888889 0.43203125 0.9236111111111112 0.4328125 0.8930555555555556 0.4234375 0.8722222222222222 0.42109375 0.8611111111111112 0.42109375 0.8138888888888889 0.41875 0.7930555555555555 0.4203125 0.7791666666666667 0.4203125 0.7402777777777778 0.4171875 0.7097222222222223 0.41640625 0.6458333333333334 0.425 0.6402777777777777 0.453125 0.6347222222222222 0.49765625 0.6347222222222222 0.51796875 0.6291666666666667 0.546875 0.6277777777777778
0 0.6453125 0.6625 0.66796875 0.6680555555555555 0.6890625 0.6861111111111111 0.703125 0.7125 0.71484375 0.7472222222222222 0.71640625 0.7583333333333333 0.71328125 0.7625 0.6828125 0.7625 0.66328125 0.7652777777777777 0.6578125 0.7694444444444445 0.63828125 0.8263888888888888 0.63671875 0.8430555555555556 0.62734375 0.8763888888888889 0.63125 0.8833333333333333 0.63671875 0.8861111111111111 0.6328125 0.8986111111111111 0.6296875 0.8958333333333334 0.62578125 0.8972222222222223 0.62265625 0.8916666666666667 0.6109375 0.8111111111111111 0.60546875 0.7888888888888889 0.603125 0.7097222222222223 0.60078125 0.6986111111111111 0.59296875 0.6861111111111111 0.590625 0.6777777777777778 0.6015625 0.6666666666666666 0.64453125 0.6625
0 0.44765625 0.19027777777777777 0.45625 0.1875 0.46484375 0.19722222222222222 0.46328125 0.21388888888888888 0.44609375 0.2152777777777778 0.4453125 0.1986111111111111 0.44765625 0.19166666666666668
0 0.27109375 0.5472222222222223 0.28046875 0.5694444444444444 0.2859375 0.5694444444444444 0.2875 0.5736111111111111 0.28671875 0.5847222222222223 0.2828125 0.5888888888888889 0.2828125 0.5958333333333333 0.2875 0.6138888888888889 0.28671875 0.6388888888888888 0.28359375 0.6430555555555556 0.24375 0.6458333333333334 0.2234375 0.6652777777777777 0.2171875 0.6652777777777777 0.21328125 0.6569444444444444 0.2109375 0.6430555555555556 0.20859375 0.5902777777777778 0.20859375 0.5847222222222223 0.21484375 0.5736111111111111 0.21953125 0.5527777777777778 0.22734375 0.5444444444444444 0.2515625 0.5402777777777777 0.26640625 0.5430555555555555 0.2703125 0.5472222222222223
0 0.51015625 0.31805555555555554 0.5125 0.3236111111111111 0.51015625 0.33055555555555555 0.5109375 0.35 0.50859375 0.35555555555555557 0.47734375 0.3527777777777778 0.47421875 0.3458333333333333 0.47421875 0.3333333333333333 0.48046875 0.30833333333333335 0.48671875 0.3013888888888889 0.50234375 0.30277777777777776 0.509375 0.31805555555555554
0 0.75234375 0.46111111111111114 0.7734375 0.4722222222222222 0.78828125 0.5027777777777778 0.79453125 0.5083333333333333 0.79453125 0.5166666666666667 0.80234375 0.5513888888888889 0.80078125 0.5763888888888888 0.79609375 0.5916666666666667 0.79375 0.5861111111111111 0.7859375 0.5805555555555556 0.76171875 0.5805555555555556 0.7578125 0.5736111111111111 0.75078125 0.525 0.7453125 0.5125 0.71171875 0.4930555555555556 0.7109375 0.48194444444444445 0.71875 0.4638888888888889 0.7515625 0.46111111111111114
0 0.4171875 0.15416666666666667 0.41875 0.16666666666666666 0.41171875 0.17083333333333334 0.403125 0.16805555555555557 0.403125 0.16111111111111112 0.40703125 0.15416666666666667 0.41640625 0.15416666666666667
0 0.30703125 0.6583333333333333 0.31171875 0.6611111111111111 0.321875 0.6805555555555556 0.33984375 0.725 0.3484375 0.7791666666666667 0.3546875 0.8388888888888889 0.35390625 0.8486111111111111 0.3515625 0.8541666666666666 0.34765625 0.8555555555555555 0.32421875 0.8583333333333333 0.31015625 0.8638888888888889 0.303125 0.8708333333333333 0.29765625 0.8833333333333333 0.29296875 0.8875 0.28125 0.8902777777777777 0.2765625 0.9027777777777778 0.26171875 0.9055555555555556 0.2546875 0.9208333333333333 0.25078125 0.9208333333333333 0.24765625 0.9138888888888889 0.24453125 0.8791666666666667 0.2359375 0.8694444444444445 0.2328125 0.8208333333333333 0.228125 0.7958333333333333 0.22890625 0.7888888888888889 0.2265625 0.7708333333333334 0.23046875 0.7388888888888889 0.22890625 0.7166666666666667 0.2203125 0.7111111111111111 0.21875 0.7041666666666667 0.2234375 0.6972222222222222 0.23046875 0.7 0.23515625 0.6916666666666667 0.23671875 0.6736111111111112 0.24375 0.6666666666666666 0.2671875 0.6611111111111111 0.27421875 0.6694444444444444 0.278125 0.6694444444444444 0.28359375 0.6597222222222222 0.30625 0.6583333333333333
0 0.9953125 0.6958333333333333 0.99921875 0.6972222222222222 0.99921875 0.8041666666666667 0.98125 0.8 0.965625 0.7902777777777777 0.9578125 0.7638888888888888 0.95859375 0.7263888888888889 0.98203125 0.6986111111111111 0.99453125 0.6958333333333333
0 0.3265625 0.2361111111111111 0.3328125 0.24722222222222223 0.3328125 0.25416666666666665 0.33046875 0.2569444444444444 0.30546875 0.2569444444444444 0.303125 0.25416666666666665 0.30546875 0.2388888888888889 0.30859375 0.2361111111111111 0.32578125 0.2361111111111111
0 0.29609375 0.6472222222222223 0.3015625 0.6527777777777778 0.2984375 0.6569444444444444 0.28515625 0.6583333333333333 0.27890625 0.6625 0.25625 0.6611111111111111 0.240625 0.6680555555555555 0.23515625 0.6777777777777778 0.234375 0.6944444444444444 0.23046875 0.7013888888888888 0.22578125 0.6958333333333333 0.225 0.6819444444444445 0.2265625 0.6708333333333333 0.23671875 0.6513888888888889 0.24140625 0.6472222222222223 0.26171875 0.6444444444444445 0.2875 0.6444444444444445 0.2953125 0.6472222222222223