3 0.225 0.5333333333333333 0.26640625 0.5361111111111111 0.271875 0.5486111111111112 0.27578125 0.5708333333333333 0.2796875 0.5722222222222222 0.2859375 0.5583333333333333 0.28828125 0.5708333333333333 0.2859375 0.5777777777777777 0.27734375 0.5875 0.27734375 0.6527777777777778 0.27265625 0.6708333333333333 0.2671875 0.7097222222222223 0.26171875 0.7152777777777778 0.2546875 0.7125 0.240625 0.725 0.23515625 0.7347222222222223 0.23125 0.7541666666666667 0.2296875 0.7930555555555555 0.22734375 0.8027777777777778 0.2203125 0.8097222222222222 0.209375 0.8069444444444445 0.1921875 0.7944444444444444 0.178125 0.8 0.1578125 0.8013888888888889 0.15234375 0.8055555555555556 0.12421875 0.8097222222222222 0.1203125 0.8055555555555556 0.1140625 0.7861111111111111 0.09453125 0.7819444444444444 0.08984375 0.7736111111111111 0.08671875 0.7722222222222223 0.0828125 0.7625 0.08203125 0.7347222222222223 0.08359375 0.7194444444444444 0.1171875 0.6777777777777778 0.13125 0.6652777777777777 0.16953125 0.6194444444444445 0.171875 0.6125 0.17265625 0.5652777777777778 0.178125 0.55 0.19453125 0.5347222222222222 0.22421875 0.5333333333333333
3 0.36171875 0.21805555555555556 0.36484375 0.22083333333333333 0.3625 0.2777777777777778 0.359375 0.28194444444444444 0.346875 0.28194444444444444 0.34453125 0.2791666666666667 0.33984375 0.2833333333333333 0.3359375 0.28194444444444444 0.334375 0.2777777777777778 0.3328125 0.23055555555555557 0.33671875 0.225 0.34609375 0.21944444444444444 0.3609375 0.21805555555555556
3 0.572265625 0.27152777777777776 0.04296875 0.1125
3 0.27734375 0.20694444444444443 0.28046875 0.23055555555555557 0.28046875 0.2625 0.2765625 0.2916666666666667 0.26875 0.30416666666666664 0.2609375 0.30277777777777776 0.25234375 0.3125 0.24296875 0.3125 0.234375 0.3055555555555556 0.2328125 0.29583333333333334 0.23359375 0.2847222222222222 0.23046875 0.28055555555555556 0.22890625 0.2847222222222222 0.22890625 0.3055555555555556 0.2203125 0.3138888888888889 0.21484375 0.3 0.215625 0.24861111111111112 0.21875 0.2375 0.21953125 0.2222222222222222 0.225 0.21944444444444444 0.2296875 0.23333333333333334 0.228125 0.24305555555555555 0.228125 0.2722222222222222 0.23203125 0.2763888888888889 0.234375 0.27361111111111114 0.23125 0.2375 0.2328125 0.2125 0.253125 0.20555555555555555 0.2765625 0.20694444444444443
3 0.41796875 0.4666666666666667 0.425 0.46944444444444444 0.4265625 0.4736111111111111 0.42734375 0.5013888888888889 0.43125 0.525 0.4296875 0.5888888888888889 0.42578125 0.6319444444444444 0.4171875 0.6416666666666667 0.415625 0.6583333333333333 0.409375 0.6763888888888889 0.403125 0.675 0.39765625 0.6652777777777777 0.3859375 0.6638888888888889 0.3671875 0.6652777777777777 0.35625 0.6777777777777778 0.3515625 0.6736111111111112 0.34921875 0.6541666666666667 0.3390625 0.6402777777777777 0.33671875 0.6125 0.33671875 0.49027777777777776 0.35546875 0.4666666666666667 0.4171875 0.4666666666666667
2 0.11953125 0.30694444444444446 0.12578125 0.3055555555555556 0.13046875 0.30972222222222223 0.1296875 0.325 0.12734375 0.33055555555555555 0.125 0.33055555555555555 0.11875 0.32083333333333336 0.11953125 0.30833333333333335
2 0.70546875 0.37777777777777777 0.70859375 0.3972222222222222 0.703125 0.4111111111111111 0.6984375 0.40555555555555556 0.69609375 0.3972222222222222 0.69609375 0.38472222222222224 0.69921875 0.37777777777777777 0.7046875 0.37777777777777777
2 0.4640625 0.2791666666666667 0.46640625 0.2833333333333333 0.46640625 0.29583333333333334 0.4640625 0.3013888888888889 0.46015625 0.3 0.45859375 0.29444444444444445 0.459375 0.28055555555555556 0.46328125 0.2791666666666667
2 0.44921875 0.3194444444444444 0.45625 0.32083333333333336 0.45625 0.34444444444444444 0.45234375 0.35 0.44921875 0.3486111111111111 0.44765625 0.3416666666666667 0.4484375 0.32083333333333336
2 0.1921875 0.28888888888888886 0.19140625 0.27361111111111114 0.1953125 0.26805555555555555 0.19921875 0.26805555555555555 0.19921875 0.2847222222222222 0.19609375 0.2902777777777778 0.19296875 0.28888888888888886
2 0.86953125 0.5847222222222223 0.87265625 0.6013888888888889 0.87265625 0.6041666666666666 0.86875 0.6069444444444444 0.8703125 0.6430555555555556 0.8671875 0.6597222222222222 0.8625 0.6638888888888889 0.85625 0.6611111111111111 0.8484375 0.6513888888888889 0.84453125 0.6361111111111111 0.84765625 0.6263888888888889 0.85 0.5986111111111111 0.8546875 0.5875 0.859375 0.5833333333333334 0.86875 0.5847222222222223
2 0.5171875 0.4666666666666667 0.525 0.46805555555555556 0.52890625 0.4722222222222222 0.5296875 0.4930555555555556 0.52265625 0.5152777777777777 0.51875 0.5125 0.5140625 0.49444444444444446 0.51328125 0.4736111111111111 0.51640625 0.4666666666666667
2 0.15390625 0.3527777777777778 0.15703125 0.3597222222222222 0.15859375 0.37916666666666665 0.15625 0.38472222222222224 0.14765625 0.3888888888888889 0.14453125 0.3888888888888889 0.14296875 0.38333333333333336 0.1421875 0.35555555555555557 0.1453125 0.3486111111111111 0.153125 0.3527777777777778
2 0.46875 0.25833333333333336 0.4703125 0.26805555555555555 0.4671875 0.2763888888888889 0.46328125 0.275 0.4609375 0.26805555555555555 0.46328125 0.25972222222222224 0.46796875 0.25833333333333336
2 0.675 0.3263888888888889 0.68046875 0.33055555555555555 0.68125 0.3347222222222222 0.68203125 0.3402777777777778 0.6796875 0.35555555555555557 0.67421875 0.35694444444444445 0.67265625 0.3541666666666667 0.671875 0.3375 0.67421875 0.3277777777777778
2 0.69609375 0.325 0.69296875 0.3138888888888889 0.69453125 0.29583333333333334 0.696875 0.29305555555555557 0.70078125 0.2972222222222222 0.69921875 0.32222222222222224 0.696875 0.3236111111111111
2 0.603125 0.30972222222222223 0.60546875 0.3125 0.60625 0.32222222222222224 0.60546875 0.33055555555555555 0.60234375 0.3375 0.5984375 0.3375 0.59609375 0.33055555555555555 0.59765625 0.3111111111111111 0.60234375 0.30972222222222223
2 0.678125 0.3111111111111111 0.68203125 0.3194444444444444 0.68203125 0.33194444444444443 0.67890625 0.3402777777777778 0.67421875 0.3388888888888889 0.671875 0.33194444444444443 0.67265625 0.31666666666666665 0.67734375 0.3111111111111111
2 0.71640625 0.4 0.72421875 0.4 0.7296875 0.4111111111111111 0.72890625 0.41944444444444445 0.721875 0.42083333333333334 0.7140625 0.41805555555555557 0.7125 0.40694444444444444 0.71640625 0.4013888888888889
2 0.685546875 0.36666666666666664 0.01015625 0.027777777777777776
2 0.65703125 0.28194444444444444 0.66015625 0.28888888888888886 0.66171875 0.3 0.65859375 0.3111111111111111 0.6546875 0.30972222222222223 0.6515625 0.2986111111111111 0.6515625 0.2875 0.65390625 0.28194444444444444 0.65625 0.28194444444444444
2 0.71015625 0.3486111111111111 0.709375 0.33194444444444443 0.7125 0.3277777777777778 0.71640625 0.3277777777777778 0.71640625 0.3486111111111111 0.7109375 0.3486111111111111
1 0.6375 0.29444444444444445 0.65078125 0.2986111111111111 0.6578125 0.32083333333333336 0.6578125 0.33194444444444443 0.65625 0.3333333333333333 0.65390625 0.3333333333333333 0.64765625 0.3236111111111111 0.63671875 0.3194444444444444 0.6296875 0.3194444444444444 0.62265625 0.3263888888888889 0.61953125 0.32222222222222224 0.61875 0.3125 0.625 0.3 0.63125 0.29444444444444445 0.63671875 0.29444444444444445
1 0.08671875 0.30972222222222223 0.090625 0.3138888888888889 0.0921875 0.3236111111111111 0.08671875 0.32916666666666666 0.07890625 0.3472222222222222 0.07734375 0.36666666666666664 0.07421875 0.37222222222222223 0.06015625 0.37083333333333335 0.05078125 0.3527777777777778 0.0390625 0.3486111111111111 0.0375 0.34444444444444444 0.04609375 0.32222222222222224 0.05078125 0.31666666666666665 0.06640625 0.30972222222222223 0.0859375 0.30972222222222223
1 0.734375 0.5138888888888888 0.74140625 0.5236111111111111 0.74921875 0.5472222222222223 0.75234375 0.575 0.753125 0.6069444444444444 0.7515625 0.6097222222222223 0.73359375 0.6125 0.7265625 0.6222222222222222 0.69765625 0.625 0.690625 0.6305555555555555 0.68515625 0.6305555555555555 0.68203125 0.6236111111111111 0.68125 0.6027777777777777 0.67734375 0.5944444444444444 0.67734375 0.5597222222222222 0.68046875 0.5513888888888889 0.68125 0.5416666666666666 0.67578125 0.5333333333333333 0.67578125 0.5291666666666667 0.684375 0.5236111111111111 0.6859375 0.5180555555555556 0.6953125 0.5111111111111111 0.72578125 0.5111111111111111 0.73359375 0.5138888888888888
1 0.77578125 0.015277777777777777 0.78125 0.018055555555555554 0.7859375 0.027777777777777776 0.7859375 0.043055555555555555 0.77890625 0.059722222222222225 0.7734375 0.059722222222222225 0.76171875 0.06666666666666667 0.74453125 0.06388888888888888 0.7296875 0.05694444444444444 0.72890625 0.04583333333333333 0.73046875 0.03888888888888889 0.734375 0.03333333333333333 0.74765625 0.025 0.7625 0.02361111111111111 0.7703125 0.016666666666666666 0.775 0.016666666666666666
1 0.29296875 0.18194444444444444 0.2953125 0.19166666666666668 0.30390625 0.20416666666666666 0.29921875 0.21388888888888888 0.2953125 0.21388888888888888 0.2921875 0.20694444444444443 0.2828125 0.1986111111111111 0.2890625 0.18888888888888888 0.2890625 0.18333333333333332 0.2921875 0.18194444444444444
1 0.57578125 0.3527777777777778 0.58515625 0.35555555555555557 0.5921875 0.3625 0.59765625 0.3902777777777778 0.5953125 0.4097222222222222 0.59453125 0.4027777777777778 0.58671875 0.38472222222222224 0.55859375 0.3819444444444444 0.55859375 0.37222222222222223 0.5625 0.35833333333333334 0.5671875 0.35138888888888886 0.575 0.3527777777777778
1 0.04921875 0.3527777777777778 0.05390625 0.35833333333333334 0.059375 0.3763888888888889 0.06015625 0.4013888888888889 0.05859375 0.4166666666666667 0.05546875 0.4222222222222222 0.04609375 0.42083333333333334 0.03984375 0.43333333333333335 0.03671875 0.43472222222222223 0.02421875 0.42777777777777776 0.00859375 0.42777777777777776 0 0.41805555555555557 0 0.375 0.0109375 0.35694444444444445 0.0390625 0.35138888888888886 0.0484375 0.3527777777777778
1 0.78671875 0.6166666666666667 0.79296875 0.6222222222222222 0.8015625 0.6402777777777777 0.80859375 0.6680555555555555 0.81328125 0.6791666666666667 0.815625 0.6902777777777778 0.815625 0.7166666666666667 0.79296875 0.7208333333333333 0.77578125 0.7333333333333333 0.74921875 0.7333333333333333 0.73984375 0.7375 0.73359375 0.7375 0.7296875 0.7319444444444444 0.72734375 0.7125 0.7203125 0.7 0.7125 0.6791666666666667 0.7140625 0.6319444444444444 0.7171875 0.6263888888888889 0.72578125 0.625 0.7328125 0.6152777777777778 0.73828125 0.6125 0.76953125 0.6125 0.7859375 0.6166666666666667
1 0.55703125 0.30694444444444446 0.578125 0.3111111111111111 0.58359375 0.3263888888888889 0.5828125 0.3347222222222222 0.57421875 0.3388888888888889 0.56015625 0.3611111111111111 0.55078125 0.3611111111111111 0.5515625 0.325 0.553125 0.3138888888888889 0.55625 0.30833333333333335
1 0.51015625 0.2263888888888889 0.51953125 0.225 0.525 0.23333333333333334 0.52421875 0.24861111111111112 0.5109375 0.24861111111111112 0.509375 0.24027777777777778 0.51015625 0.22777777777777777
1 0.2765625 0.19722222222222222 0.29375 0.2111111111111111 0.29453125 0.21666666666666667 0.28671875 0.22361111111111112 0.2796875 0.2222222222222222 0.27890625 0.2125 0.27578125 0.20694444444444443 0.26015625 0.20555555555555555 0.25703125 0.20277777777777778 0.259375 0.19722222222222222 0.27578125 0.19722222222222222
1 0.67578125 0.4027777777777778 0.68515625 0.40694444444444444 0.6875 0.4152777777777778 0.6859375 0.44583333333333336 0.68359375 0.45694444444444443 0.678125 0.4708333333333333 0.6640625 0.46944444444444444 0.65625 0.475 0.65078125 0.475 0.64921875 0.46944444444444444 0.64765625 0.4388888888888889 0.65703125 0.40694444444444444 0.675 0.4027777777777778
1 0.30234375 0.22777777777777777 0.30625 0.23472222222222222 0.30546875 0.25416666666666665 0.30390625 0.25555555555555554 0.2828125 0.25555555555555554 0.28125 0.25277777777777777 0.28125 0.24027777777777778 0.28515625 0.22916666666666666 0.2921875 0.2263888888888889 0.3015625 0.22777777777777777
1 0.83046875 0.7152777777777778 0.834375 0.7166666666666667 0.83828125 0.7236111111111111 0.8546875 0.7305555555555555 0.86640625 0.7513888888888889 0.8671875 0.7638888888888888 0.8796875 0.8055555555555556 0.88359375 0.8263888888888888 0.884375 0.8625 0.8828125 0.8875 0.88046875 0.8930555555555556 0.82890625 0.8847222222222222 0.78984375 0.8319444444444445 0.76796875 0.8166666666666667 0.7671875 0.7708333333333334 0.7703125 0.7472222222222222 0.76796875 0.7416666666666667 0.76875 0.7361111111111112 0.7765625 0.7361111111111112 0.78984375 0.7236111111111111 0.815625 0.7208333333333333 0.81953125 0.7152777777777778 0.8296875 0.7152777777777778
1 0.58125 0.47638888888888886 0.5921875 0.4847222222222222 0.59921875 0.5097222222222222 0.6015625 0.5263888888888889 0.6015625 0.5486111111111112 0.6 0.5694444444444444 0.5984375 0.5722222222222222 0.59375 0.5708333333333333 0.5875 0.5375 0.584375 0.5305555555555556 0.5765625 0.5263888888888889 0.5515625 0.5263888888888889 0.54609375 0.5194444444444445 0.546875 0.5 0.54296875 0.49583333333333335 0.54375 0.4888888888888889 0.54921875 0.4861111111111111 0.55703125 0.475 0.58046875 0.47638888888888886
1 0.05 0.49444444444444446 0.04453125 0.48055555555555557 0.0453125 0.4597222222222222 0.05546875 0.425 0.06171875 0.4125 0.07578125 0.4013888888888889 0.10546875 0.39861111111111114 0.11484375 0.39305555555555555 0.12109375 0.39444444444444443 0.128125 0.42083333333333334 0.12890625 0.44722222222222224 0.1265625 0.4722222222222222 0.1109375 0.47638888888888886 0.10078125 0.4930555555555556 0.065625 0.4930555555555556 0.05390625 0.49722222222222223 0.05078125 0.49444444444444446
1 0.379296875 0.24722222222222223 0.01328125 0.030555555555555555
1 0.488671875 0.31805555555555554 0.03671875 0.058333333333333334
1 0.46796875 0.3625 0.47578125 0.36527777777777776 0.4859375 0.37916666666666665 0.484375 0.38333333333333336 0.48359375 0.41805555555555557 0.48046875 0.4263888888888889 0.46796875 0.41944444444444445 0.45390625 0.41944444444444445 0.45078125 0.4222222222222222 0.44453125 0.41944444444444445 0.44296875 0.38333333333333336 0.453125 0.3638888888888889 0.4671875 0.3625
1 0.2578125 0.3458333333333333 0.26328125 0.35138888888888886 0.26875 0.36944444444444446 0.27109375 0.39444444444444443 0.2703125 0.4027777777777778 0.2609375 0.4097222222222222 0.2578125 0.4152777777777778 0.25625 0.425 0.25390625 0.4263888888888889 0.23984375 0.425 0.23671875 0.41805555555555557 0.23671875 0.39861111111111114 0.24140625 0.3861111111111111 0.24296875 0.375 0.2421875 0.3527777777777778 0.24609375 0.3486111111111111 0.25703125 0.3472222222222222
1 0.7734375 0.825 0.78984375 0.8347222222222223 0.80078125 0.8527777777777777 0.80859375 0.8597222222222223 0.8296875 0.8888888888888888 0.840625 0.9416666666666667 0.84140625 0.9736111111111111 0.84453125 0.9888888888888889 0.84296875 0.9986111111111111 0.72578125 0.9958333333333333 0.715625 0.9847222222222223 0.7 0.9513888888888888 0.6921875 0.9458333333333333 0.68359375 0.9444444444444444 0.678125 0.9388888888888889 0.675 0.9236111111111112 0.675 0.8638888888888889 0.68203125 0.8444444444444444 0.69375 0.8416666666666667 0.70859375 0.8291666666666667 0.71796875 0.825 0.77265625 0.825
1 0.621875 0.42083333333333334 0.6265625 0.4305555555555556 0.634375 0.46111111111111114 0.63359375 0.5152777777777777 0.63125 0.5208333333333334 0.62578125 0.5194444444444445 0.6203125 0.5069444444444444 0.59921875 0.5013888888888889 0.590625 0.48055555555555557 0.578125 0.4736111111111111 0.5765625 0.46944444444444444 0.57734375 0.44583333333333336 0.584375 0.43333333333333335 0.58828125 0.42083333333333334 0.59453125 0.4166666666666667 0.61796875 0.41805555555555557 0.62109375 0.42083333333333334
1 0.328125 0.225 0.33125 0.2361111111111111 0.33046875 0.25 0.3125 0.25555555555555554 0.30625 0.25416666666666665 0.30703125 0.23055555555555557 0.3109375 0.23194444444444445 0.31640625 0.22361111111111112 0.32734375 0.225
1 0.11953125 0.325 0.125 0.33194444444444443 0.12734375 0.3416666666666667 0.12890625 0.36666666666666664 0.1265625 0.37222222222222223 0.11953125 0.3736111111111111 0.1125 0.38055555555555554 0.090625 0.38055555555555554 0.0828125 0.38333333333333336 0.0796875 0.3819444444444444 0.07734375 0.37222222222222223 0.0796875 0.3611111111111111 0.0796875 0.3486111111111111 0.08828125 0.32916666666666666 0.09140625 0.3263888888888889 0.11875 0.325
1 0.2921875 0.19722222222222222 0.296875 0.1986111111111111 0.30234375 0.20555555555555555 0.29921875 0.21388888888888888 0.29296875 0.21944444444444444 0.2890625 0.21944444444444444 0.28828125 0.2125 0.278125 0.2 0.28359375 0.19583333333333333 0.29140625 0.19722222222222222
1 0.64375 0.32222222222222224 0.65390625 0.3333333333333333 0.6546875 0.3416666666666667 0.6390625 0.34305555555555556 0.62734375 0.3763888888888889 0.61953125 0.3763888888888889 0.615625 0.36527777777777776 0.615625 0.3402777777777778 0.6171875 0.3347222222222222 0.6203125 0.3263888888888889 0.628125 0.32083333333333336 0.63515625 0.3194444444444444 0.64296875 0.32222222222222224
1 0.590625 0.3375 0.60078125 0.34444444444444444 0.60625 0.3625 0.60703125 0.3861111111111111 0.6046875 0.39305555555555555 0.5984375 0.39166666666666666 0.59453125 0.37916666666666665 0.59453125 0.37083333333333335 0.5890625 0.35833333333333334 0.57421875 0.3527777777777778 0.57109375 0.3486111111111111 0.57421875 0.3402777777777778 0.58984375 0.3375
1 0.5046875 0.22361111111111112 0.509375 0.23194444444444445 0.51015625 0.25 0.49609375 0.25277777777777777 0.4890625 0.25 0.49140625 0.225 0.49609375 0.2222222222222222 0.50390625 0.22361111111111112
1 0.58046875 0.5291666666666667 0.58671875 0.5361111111111111 0.5921875 0.5666666666666667 0.59296875 0.6222222222222222 0.59140625 0.6361111111111111 0.58828125 0.6402777777777777 0.5796875 0.6333333333333333 0.5609375 0.6305555555555555 0.54140625 0.6319444444444444 0.5359375 0.6361111111111111 0.53046875 0.6333333333333333 0.52890625 0.6208333333333333 0.52890625 0.6055555555555555 0.53203125 0.5916666666666667 0.53203125 0.5736111111111111 0.534375 0.5611111111111111 0.5296875 0.5444444444444444 0.5359375 0.5402777777777777 0.54453125 0.5263888888888889 0.5796875 0.5291666666666667
1 0.56171875 0.38333333333333336 0.58828125 0.3861111111111111 0.59296875 0.4 0.5953125 0.4152777777777778 0.5890625 0.41944444444444445 0.58515625 0.4305555555555556 0.57734375 0.44166666666666665 0.575 0.45 0.56328125 0.4527777777777778 0.55 0.46111111111111114 0.54765625 0.45555555555555555 0.546875 0.4388888888888889 0.54921875 0.4111111111111111 0.54765625 0.3972222222222222 0.55390625 0.39305555555555555 0.55703125 0.38472222222222224 0.5609375 0.38333333333333336
1 0.5765625 0.2902777777777778 0.58046875 0.3013888888888889 0.58046875 0.3111111111111111 0.57890625 0.3125 0.55703125 0.3111111111111111 0.553125 0.30694444444444446 0.5578125 0.2902777777777778 0.57578125 0.2902777777777778
1 0.5921875 0.6652777777777777 0.61640625 0.6708333333333333 0.62578125 0.6875 0.63359375 0.6916666666666667 0.6375 0.6972222222222222 0.6359375 0.7055555555555556 0.62890625 0.7097222222222223 0.63359375 0.7388888888888889 0.6328125 0.7722222222222223 0.634375 0.7958333333333333 0.63203125 0.85 0.6296875 0.8597222222222223 0.6265625 0.8611111111111112 0.6203125 0.8555555555555555 0.61328125 0.8430555555555556 0.60546875 0.8375 0.56015625 0.8333333333333334 0.54375 0.85 0.53984375 0.8486111111111111 0.5359375 0.8388888888888889 0.5359375 0.8194444444444444 0.53828125 0.8083333333333333 0.53828125 0.7847222222222222 0.540625 0.7652777777777777 0.540625 0.7347222222222223 0.5390625 0.7291666666666666 0.54296875 0.7027777777777777 0.540625 0.6986111111111111 0.53359375 0.6958333333333333 0.53125 0.6902777777777778 0.53203125 0.6861111111111111 0.5359375 0.6819444444444445 0.546875 0.6805555555555556 0.55703125 0.6638888888888889 0.59140625 0.6652777777777777
1 0.64765625 0.34305555555555556 0.6578125 0.34444444444444444 0.6625 0.3486111111111111 0.6671875 0.3638888888888889 0.665625 0.3680555555555556 0.63359375 0.36666666666666664 0.6375 0.3472222222222222 0.646875 0.34305555555555556
1 0.36015625 0.7319444444444444 0.36875 0.7361111111111112 0.38125 0.7541666666666667 0.39140625 0.7583333333333333 0.39296875 0.7611111111111111 0.39375 0.7819444444444444 0.39375 0.8305555555555556 0.390625 0.8694444444444445 0.37734375 0.9027777777777778 0.37421875 0.9236111111111112 0.3734375 0.9555555555555556 0.3703125 0.9638888888888889 0.3671875 0.9652777777777778 0.353125 0.9555555555555556 0.34609375 0.9430555555555555 0.3421875 0.9416666666666667 0.32265625 0.9458333333333333 0.3109375 0.9430555555555555 0.28203125 0.9444444444444444 0.2734375 0.95 0.265625 0.9597222222222223 0.2609375 0.9597222222222223 0.2546875 0.9486111111111111 0.24921875 0.9083333333333333 0.253125 0.8486111111111111 0.278125 0.7611111111111111 0.2953125 0.7347222222222223 0.321875 0.7305555555555555 0.359375 0.7319444444444444
1 0.640625 0.36666666666666664 0.659375 0.36666666666666664 0.675 0.375 0.68046875 0.3819444444444444 0.68515625 0.39861111111111114 0.68515625 0.4041666666666667 0.68359375 0.40555555555555556 0.67265625 0.4013888888888889 0.65859375 0.40555555555555556 0.64921875 0.42916666666666664 0.646875 0.44305555555555554 0.64453125 0.44583333333333336 0.640625 0.44583333333333336 0.63359375 0.43472222222222223 0.62890625 0.43194444444444446 0.61953125 0.41388888888888886 0.61953125 0.4 0.6234375 0.3819444444444444 0.634375 0.36527777777777776 0.63984375 0.36666666666666664
0 0.6359375 0.225 0.64765625 0.23472222222222222 0.65078125 0.24166666666666667 0.65234375 0.2652777777777778 0.65078125 0.29583333333333334 0.62734375 0.2972222222222222 0.62265625 0.30694444444444446 0.61875 0.30972222222222223 0.61640625 0.32083333333333336 0.6125 0.3277777777777778 0.60859375 0.3138888888888889 0.60859375 0.29583333333333334 0.6109375 0.2875 0.61015625 0.2652777777777778 0.6078125 0.2611111111111111 0.609375 0.25833333333333336 0.61015625 0.23333333333333334 0.61796875 0.22361111111111112 0.63515625 0.225