0 0.5984375 0.2152777777777778 0.60703125 0.22361111111111112 0.61015625 0.23055555555555557 0.60859375 0.2388888888888889 0.6015625 0.24166666666666667 0.59765625 0.24722222222222223 0.59921875 0.25416666666666665 0.5984375 0.26666666666666666 0.590625 0.2652777777777778 0.5859375 0.25 0.58671875 0.23333333333333334 0.584375 0.22916666666666666 0.58671875 0.21805555555555556 0.59140625 0.21388888888888888 0.59765625 0.2152777777777778
0 0.57890625 0.25 0.58828125 0.25555555555555554 0.590625 0.2625 0.5890625 0.2722222222222222 0.56953125 0.26944444444444443 0.5703125 0.2569444444444444 0.578125 0.25
0 0.22109375 0.2833333333333333 0.2265625 0.2916666666666667 0.2265625 0.30694444444444446 0.2046875 0.30972222222222223 0.1921875 0.3194444444444444 0.190625 0.3138888888888889 0.1921875 0.3 0.196875 0.2875 0.209375 0.28194444444444444 0.2203125 0.2833333333333333
0 0.56875 0.22083333333333333 0.57421875 0.23055555555555557 0.57578125 0.2388888888888889 0.575 0.25 0.5671875 0.2625 0.56015625 0.2638888888888889 0.55390625 0.2611111111111111 0.55390625 0.24027777777777778 0.5578125 0.22361111111111112 0.56796875 0.22083333333333333
0 0.68828125 0.39166666666666666 0.7046875 0.4 0.7125 0.41388888888888886 0.71015625 0.45 0.71015625 0.4708333333333333 0.7125 0.49027777777777776 0.71015625 0.4986111111111111 0.69765625 0.5013888888888889 0.675 0.5 0.665625 0.49583333333333335 0.6625 0.4930555555555556 0.65390625 0.4652777777777778 0.65625 0.4527777777777778 0.659375 0.39444444444444443 0.66484375 0.3902777777777778 0.6875 0.39166666666666666
0 0.62265625 0.2638888888888889 0.63125 0.26805555555555555 0.6328125 0.275 0.61953125 0.2791666666666667 0.6125 0.3055555555555556 0.6078125 0.30277777777777776 0.6109375 0.2722222222222222 0.6140625 0.2652777777777778 0.621875 0.2638888888888889
0 0.73203125 0.03611111111111111 0.76171875 0.025 0.77109375 0.016666666666666666 0.78203125 0.018055555555555554 0.7859375 0.029166666666666667 0.78515625 0.043055555555555555 0.78046875 0.05694444444444444 0.76953125 0.0625 0.76484375 0.06805555555555555 0.75859375 0.06805555555555555 0.7546875 0.06388888888888888 0.7375 0.06388888888888888 0.728125 0.05694444444444444 0.7296875 0.043055555555555555 0.73203125 0.0375
0 0.27109375 0.19722222222222222 0.27890625 0.2013888888888889 0.28359375 0.2125 0.27890625 0.22361111111111112 0.26875 0.22777777777777777 0.26171875 0.22361111111111112 0.25859375 0.21805555555555556 0.2578125 0.2013888888888889 0.26015625 0.19722222222222222 0.2703125 0.19722222222222222
0 0.29375 0.17777777777777778 0.29609375 0.18055555555555555 0.29921875 0.17777777777777778 0.30703125 0.17916666666666667 0.3109375 0.19166666666666668 0.31015625 0.1986111111111111 0.3078125 0.2013888888888889 0.2875 0.19722222222222222 0.2859375 0.19444444444444445 0.2859375 0.18472222222222223 0.28828125 0.17916666666666667 0.29296875 0.17777777777777778
0 0.609375 0.2388888888888889 0.61953125 0.24166666666666667 0.62265625 0.24722222222222223 0.62265625 0.25833333333333336 0.61953125 0.26666666666666666 0.61171875 0.2763888888888889 0.6078125 0.2875 0.6 0.2875 0.5984375 0.2847222222222222 0.59765625 0.24444444444444444 0.60078125 0.24027777777777778 0.60859375 0.2388888888888889
0 0.360546875 0.2701388888888889 0.03359375 0.05138888888888889
0 0.13828125 0.39305555555555555 0.14140625 0.39305555555555555 0.14296875 0.4013888888888889 0.15078125 0.40555555555555556 0.15390625 0.4041666666666667 0.15390625 0.41805555555555557 0.15703125 0.4305555555555556 0.1546875 0.44166666666666665 0.14453125 0.4486111111111111 0.13984375 0.44722222222222224 0.13671875 0.425 0.13671875 0.4125 0.1390625 0.4027777777777778 0.13828125 0.39444444444444443
0 0.42578125 0.3888888888888889 0.434375 0.39305555555555555 0.44375 0.40555555555555556 0.44140625 0.4152777777777778 0.44296875 0.4263888888888889 0.4421875 0.4527777777777778 0.43984375 0.45555555555555555 0.4390625 0.4652777777777778 0.43515625 0.4708333333333333 0.42578125 0.4638888888888889 0.41328125 0.4638888888888889 0.39375 0.4708333333333333 0.39140625 0.46111111111111114 0.39296875 0.425 0.3953125 0.4111111111111111 0.39296875 0.4041666666666667 0.40546875 0.3888888888888889 0.425 0.3888888888888889
0 0.4671875 0.2722222222222222 0.47265625 0.275 0.478125 0.30416666666666664 0.478125 0.3125 0.47421875 0.31805555555555554 0.4609375 0.31527777777777777 0.45234375 0.31805555555555554 0.45 0.31527777777777777 0.45 0.2916666666666667 0.453125 0.2763888888888889 0.4578125 0.2722222222222222 0.46640625 0.2722222222222222
0 0.579296875 0.29583333333333334 0.03046875 0.04722222222222222
0 0.5234375 0.1875 0.528125 0.19027777777777777 0.53125 0.19722222222222222 0.53203125 0.22083333333333333 0.52890625 0.24444444444444444 0.51875 0.24722222222222223 0.51484375 0.24583333333333332 0.50859375 0.2375 0.50625 0.21944444444444444 0.50703125 0.19722222222222222 0.51171875 0.18888888888888888 0.52265625 0.1875
0 0.6515625 0.20694444444444443 0.65390625 0.2125 0.65390625 0.225 0.65234375 0.22916666666666666 0.64609375 0.23194444444444445 0.64375 0.2361111111111111 0.63984375 0.2361111111111111 0.63671875 0.22916666666666666 0.6375 0.2125 0.64140625 0.20833333333333334 0.65078125 0.20694444444444443
0 0.0171875 0.4013888888888889 0.03515625 0.41388888888888886 0.03828125 0.425 0.03828125 0.4388888888888889 0.0328125 0.4597222222222222 0.0203125 0.4597222222222222 0.0046875 0.46805555555555556 0 0.4666666666666667 0 0.4027777777777778 0.01640625 0.4013888888888889
0 0.1609375 0.2875 0.1640625 0.2902777777777778 0.165625 0.30416666666666664 0.1640625 0.30972222222222223 0.15859375 0.3125 0.1546875 0.3125 0.15390625 0.29305555555555557 0.15625 0.2875 0.16015625 0.2875
0 0.965625 0.5111111111111111 0.97421875 0.5138888888888888 0.9953125 0.5111111111111111 0.99921875 0.5138888888888888 0.99921875 0.6486111111111111 0.996875 0.65 0.99921875 0.6555555555555556 0.99921875 0.8875 0.99375 0.8861111111111111 0.93125 0.8291666666666667 0.92109375 0.8263888888888888 0.91796875 0.8319444444444445 0.9140625 0.8333333333333334 0.90078125 0.8236111111111111 0.89375 0.8111111111111111 0.8875 0.7902777777777777 0.87578125 0.7833333333333333 0.86484375 0.7708333333333334 0.8609375 0.7458333333333333 0.85859375 0.675 0.8609375 0.6638888888888889 0.8625 0.6319444444444444 0.86484375 0.625 0.8609375 0.5902777777777778 0.86484375 0.5763888888888888 0.86875 0.5486111111111112 0.871875 0.5402777777777777 0.8796875 0.5263888888888889 0.89375 0.5180555555555556 0.92265625 0.5125 0.96484375 0.5111111111111111
0 0.35859375 0.4597222222222222 0.3609375 0.4652777777777778 0.3625 0.4888888888888889 0.35625 0.5027777777777778 0.353125 0.5027777777777778 0.3484375 0.49166666666666664 0.3484375 0.4666666666666667 0.3515625 0.4583333333333333 0.3578125 0.4597222222222222
0 0.57578125 0.3472222222222222 0.58359375 0.35138888888888886 0.58671875 0.3597222222222222 0.59140625 0.3625 0.58984375 0.36944444444444446 0.58984375 0.4041666666666667 0.58828125 0.40694444444444444 0.5671875 0.4041666666666667 0.55703125 0.4111111111111111 0.55078125 0.40694444444444444 0.55 0.3875 0.55234375 0.3680555555555556 0.55 0.3597222222222222 0.55546875 0.35694444444444445 0.56015625 0.3486111111111111 0.575 0.3472222222222222
0 0.38671875 0.2263888888888889 0.39140625 0.24027777777777778 0.390625 0.25416666666666665 0.38671875 0.25972222222222224 0.378125 0.25833333333333336 0.375 0.24861111111111112 0.36875 0.24166666666666667 0.36875 0.23194444444444445 0.371875 0.2263888888888889 0.3859375 0.2263888888888889
0 0.36953125 0.1763888888888889 0.371875 0.18055555555555555 0.371875 0.18888888888888888 0.36796875 0.19305555555555556 0.3578125 0.19305555555555556 0.3546875 0.18888888888888888 0.3546875 0.18055555555555555 0.35859375 0.1763888888888889 0.36875 0.1763888888888889
0 0.71640625 0.6125 0.74296875 0.6180555555555556 0.75234375 0.6333333333333333 0.76171875 0.6430555555555556 0.76171875 0.6486111111111111 0.75703125 0.6541666666666667 0.75703125 0.6625 0.7671875 0.7013888888888888 0.7671875 0.7652777777777777 0.76484375 0.7902777777777777 0.759375 0.7972222222222223 0.75078125 0.7944444444444444 0.74296875 0.7763888888888889 0.73125 0.7708333333333334 0.69453125 0.7666666666666667 0.68203125 0.7833333333333333 0.675 0.7833333333333333 0.67109375 0.7777777777777778 0.6703125 0.7402777777777778 0.66171875 0.7180555555555556 0.66171875 0.6930555555555555 0.665625 0.6513888888888889 0.6625 0.6347222222222222 0.6640625 0.6305555555555555 0.6765625 0.6263888888888889 0.68359375 0.6138888888888889 0.6875 0.6111111111111112 0.715625 0.6125
0 0.63515625 0.2763888888888889 0.64453125 0.28055555555555556 0.6484375 0.2902777777777778 0.64921875 0.3 0.64765625 0.30277777777777776 0.63203125 0.3013888888888889 0.6265625 0.3055555555555556 0.62109375 0.3236111111111111 0.6203125 0.3375 0.615625 0.3347222222222222 0.61328125 0.32083333333333336 0.6140625 0.30833333333333335 0.6125 0.3 0.61484375 0.2833333333333333 0.61875 0.2777777777777778 0.634375 0.2763888888888889
0 0.05703125 0.3347222222222222 0.0703125 0.34444444444444444 0.0703125 0.35833333333333334 0.06875 0.3611111111111111 0.0640625 0.3597222222222222 0.05703125 0.36527777777777776 0.05703125 0.33611111111111114
0 0.58125 0.16944444444444445 0.5859375 0.17916666666666667 0.58203125 0.19305555555555556 0.57421875 0.19305555555555556 0.57265625 0.19027777777777777 0.57265625 0.175 0.57421875 0.17083333333333334 0.58046875 0.16944444444444445
0 0.30234375 0.32916666666666666 0.3078125 0.3402777777777778 0.30859375 0.3541666666666667 0.30859375 0.3611111111111111 0.30390625 0.37222222222222223 0.3 0.37777777777777777 0.29140625 0.37916666666666665 0.27421875 0.3902777777777778 0.26796875 0.3861111111111111 0.2671875 0.3625 0.26875 0.3486111111111111 0.28046875 0.32916666666666666 0.3015625 0.32916666666666666
0 0.41484375 0.2152777777777778 0.4171875 0.21944444444444444 0.41796875 0.24305555555555555 0.41171875 0.25 0.40078125 0.25416666666666665 0.396875 0.25277777777777777 0.3953125 0.24305555555555555 0.39765625 0.21944444444444444 0.40078125 0.2152777777777778 0.4140625 0.2152777777777778
0 0.85546875 0.9083333333333333 0.859375 0.9097222222222222 0.865625 0.9194444444444444 0.86796875 0.9319444444444445 0.8671875 0.9430555555555555 0.86875 0.9458333333333333 0.875 0.9430555555555555 0.88203125 0.9291666666666667 0.88671875 0.9277777777777778 0.8953125 0.9333333333333333 0.9015625 0.9486111111111111 0.9015625 0.9611111111111111 0.9078125 0.9902777777777778 0.90703125 0.9986111111111111 0.8640625 0.9986111111111111 0.865625 0.9819444444444444 0.86484375 0.9736111111111111 0.8625 0.9694444444444444 0.8671875 0.9638888888888889 0.86796875 0.9472222222222222 0.86328125 0.9402777777777778 0.859375 0.9416666666666667 0.8546875 0.9333333333333333 0.85390625 0.9166666666666666 0.85546875 0.9097222222222222
0 0.59609375 0.19166666666666668 0.59765625 0.19583333333333333 0.596875 0.2013888888888889 0.5890625 0.20972222222222223 0.58515625 0.20972222222222223 0.5828125 0.20555555555555555 0.58125 0.2 0.58203125 0.19444444444444445 0.584375 0.19027777777777777 0.5953125 0.19166666666666668
0 0.325 0.20416666666666666 0.3296875 0.20694444444444443 0.33203125 0.2125 0.3328125 0.2222222222222222 0.33125 0.23055555555555557 0.32734375 0.23055555555555557 0.32421875 0.23472222222222222 0.3140625 0.22916666666666666 0.303125 0.2361111111111111 0.29140625 0.23333333333333334 0.2890625 0.22777777777777777 0.28984375 0.21805555555555556 0.3 0.21388888888888888 0.30859375 0.20555555555555555 0.32421875 0.20416666666666666
0 0.26875 0.2569444444444444 0.2734375 0.275 0.27265625 0.2916666666666667 0.26484375 0.2986111111111111 0.246875 0.3 0.24140625 0.2972222222222222 0.24140625 0.2791666666666667 0.24609375 0.2638888888888889 0.25234375 0.2569444444444444 0.26796875 0.2569444444444444
0 0.22109375 0.30833333333333335 0.22421875 0.3125 0.221875 0.3277777777777778 0.2234375 0.3611111111111111 0.221875 0.3736111111111111 0.19921875 0.3763888888888889 0.1921875 0.3763888888888889 0.18828125 0.3680555555555556 0.18671875 0.3541666666666667 0.1875 0.3347222222222222 0.19140625 0.32083333333333336 0.20625 0.30972222222222223 0.2203125 0.30833333333333335
0 0.10546875 0.4486111111111111 0.109375 0.45416666666666666 0.11484375 0.47638888888888886 0.10859375 0.49166666666666664 0.09921875 0.49722222222222223 0.0953125 0.49583333333333335 0.09375 0.4513888888888889 0.0953125 0.44722222222222224 0.1046875 0.4486111111111111
0 0.59765625 0.30416666666666664 0.60234375 0.3138888888888889 0.60546875 0.32916666666666666 0.60546875 0.34444444444444444 0.603125 0.35138888888888886 0.584375 0.35 0.575 0.34305555555555556 0.57734375 0.31527777777777777 0.58046875 0.30694444444444446 0.596875 0.30416666666666664
0 0.48046875 0.21666666666666667 0.49296875 0.21666666666666667 0.4953125 0.21944444444444444 0.496875 0.23055555555555557 0.496875 0.2375 0.49453125 0.24305555555555555 0.48046875 0.24583333333333332 0.478125 0.2375 0.48046875 0.21805555555555556
0 0.70859375 0.5083333333333333 0.7375 0.5138888888888888 0.746875 0.5305555555555556 0.746875 0.5402777777777777 0.75390625 0.5611111111111111 0.75625 0.6013888888888889 0.75546875 0.6194444444444445 0.7515625 0.6277777777777778 0.74140625 0.6138888888888889 0.69921875 0.6069444444444444 0.684375 0.6097222222222223 0.68203125 0.6069444444444444 0.67421875 0.5777777777777777 0.675 0.5583333333333333 0.67890625 0.5347222222222222 0.678125 0.525 0.69453125 0.5083333333333333 0.7078125 0.5083333333333333
0 0.5953125 0.4111111111111111 0.6 0.4222222222222222 0.60625 0.42777777777777776 0.60234375 0.43333333333333335 0.60390625 0.44722222222222224 0.603125 0.4861111111111111 0.60234375 0.49166666666666664 0.5984375 0.49444444444444446 0.5921875 0.4847222222222222 0.5875 0.48333333333333334 0.5671875 0.48333333333333334 0.56171875 0.49027777777777776 0.55703125 0.49027777777777776 0.55625 0.45694444444444443 0.559375 0.43333333333333335 0.553125 0.425 0.55390625 0.42083333333333334 0.55859375 0.41944444444444445 0.56484375 0.4083333333333333 0.5828125 0.40694444444444444 0.59453125 0.4111111111111111
0 0.5671875 0.1736111111111111 0.57109375 0.18055555555555555 0.5703125 0.19166666666666668 0.5609375 0.19166666666666668 0.55703125 0.19583333333333333 0.55703125 0.175 0.56015625 0.17222222222222222 0.56640625 0.1736111111111111
0 0.335546875 0.18680555555555556 0.03046875 0.034722222222222224
0 0.45625 0.7236111111111111 0.459375 0.7291666666666666 0.45703125 0.7347222222222223 0.4578125 0.7486111111111111 0.4546875 0.7569444444444444 0.45234375 0.7902777777777777 0.44765625 0.8 0.44765625 0.8138888888888889 0.44921875 0.8180555555555555 0.45234375 0.8180555555555555 0.45234375 0.8333333333333334 0.44375 0.8444444444444444 0.43984375 0.8583333333333333 0.43671875 0.8597222222222223 0.43203125 0.8541666666666666 0.425 0.8291666666666667 0.425 0.8125 0.42734375 0.8069444444444445 0.42734375 0.7916666666666666 0.425 0.7819444444444444 0.4265625 0.7708333333333334 0.425 0.7361111111111112 0.43203125 0.7291666666666666 0.4359375 0.7319444444444444 0.45078125 0.7319444444444444 0.45546875 0.7236111111111111
0 0.2375 0.20694444444444443 0.2421875 0.20833333333333334 0.24453125 0.2125 0.246875 0.23333333333333334 0.24375 0.24027777777777778 0.2359375 0.24444444444444444 0.2328125 0.24166666666666667 0.23046875 0.21388888888888888 0.2265625 0.24027777777777778 0.22421875 0.24444444444444444 0.2109375 0.24027777777777778 0.20859375 0.21944444444444444 0.21015625 0.2125 0.21484375 0.20972222222222223 0.23671875 0.20694444444444443
0 0.57109375 0.2 0.575 0.2111111111111111 0.57421875 0.22777777777777777 0.56796875 0.22083333333333333 0.55625 0.22083333333333333 0.55625 0.20555555555555555 0.55859375 0.2013888888888889 0.5703125 0.2
0 0.60078125 0.7930555555555555 0.66015625 0.7944444444444444 0.66640625 0.8027777777777778 0.675 0.8236111111111111 0.67890625 0.8236111111111111 0.68515625 0.8305555555555556 0.678125 0.8347222222222223 0.6765625 0.8402777777777778 0.67890625 0.8569444444444444 0.68984375 0.8930555555555556 0.6921875 0.9138888888888889 0.69375 0.9944444444444445 0.6890625 0.9986111111111111 0.65 0.9944444444444445 0.646875 0.9902777777777778 0.64296875 0.9930555555555556 0.6359375 0.9875 0.615625 0.9888888888888889 0.6140625 0.9930555555555556 0.60390625 0.9902777777777778 0.58984375 0.9958333333333333 0.5796875 0.9958333333333333 0.5765625 0.9930555555555556 0.5765625 0.9333333333333333 0.5734375 0.9125 0.56875 0.9013888888888889 0.56875 0.8277777777777777 0.5640625 0.8180555555555555 0.5765625 0.8111111111111111 0.59140625 0.7944444444444444 0.6 0.7930555555555555
0 0.6609375 0.34305555555555556 0.6734375 0.3472222222222222 0.67890625 0.3541666666666667 0.68203125 0.37083333333333335 0.68203125 0.3875 0.6609375 0.3902777777777778 0.65859375 0.39305555555555555 0.65703125 0.4041666666666667 0.646875 0.4111111111111111 0.6421875 0.4111111111111111 0.63828125 0.4 0.6390625 0.37083333333333335 0.6421875 0.35833333333333334 0.64765625 0.3472222222222222 0.653125 0.34305555555555556 0.66015625 0.34305555555555556
0 0.65 0.30416666666666664 0.65546875 0.3194444444444444 0.6546875 0.3388888888888889 0.64375 0.35138888888888886 0.634375 0.35555555555555557 0.62578125 0.35555555555555557 0.62109375 0.35138888888888886 0.61875 0.3194444444444444 0.62734375 0.30277777777777776 0.64921875 0.30416666666666664
0 0.3 0.2777777777777778 0.30703125 0.2847222222222222 0.30859375 0.30416666666666664 0.30546875 0.3138888888888889 0.29921875 0.31805555555555554 0.27578125 0.31805555555555554 0.27265625 0.30833333333333335 0.27421875 0.29444444444444445 0.28203125 0.28055555555555556 0.2859375 0.2777777777777778 0.29921875 0.2777777777777778
0 0.26640625 0.7194444444444444 0.26953125 0.7236111111111111 0.27109375 0.7333333333333333 0.27421875 0.7388888888888889 0.28125 0.7458333333333333 0.29921875 0.7513888888888889 0.303125 0.7569444444444444 0.3046875 0.7652777777777777 0.30546875 0.8736111111111111 0.303125 0.8861111111111111 0.2984375 0.8916666666666667 0.29140625 0.8930555555555556 0.28671875 0.9013888888888889 0.28046875 0.9208333333333333 0.28125 0.9638888888888889 0.27890625 0.9722222222222222 0.27734375 0.9944444444444445 0.275 0.9986111111111111 0.2375 0.9944444444444445 0.19921875 0.9958333333333333 0.19609375 0.9930555555555556 0.18984375 0.9958333333333333 0.14765625 0.9958333333333333 0.14375 0.9888888888888889 0.14140625 0.975 0.13359375 0.9625 0.1359375 0.9361111111111111 0.134375 0.9083333333333333 0.14375 0.8708333333333333 0.1453125 0.8430555555555556 0.159375 0.8152777777777778 0.16484375 0.7916666666666666 0.16796875 0.7638888888888888 0.17109375 0.7583333333333333 0.17890625 0.7541666666666667 0.19453125 0.7263888888888889 0.20078125 0.7208333333333333 0.265625 0.7194444444444444