3 0.81796875 0.6125 0.86953125 0.6527777777777778 0.88046875 0.6666666666666666 0.87890625 0.7236111111111111 0.88046875 0.7305555555555555 0.88984375 0.7430555555555556 0.89453125 0.7597222222222222 0.89921875 0.8 0.9046875 0.8180555555555555 0.91015625 0.8888888888888888 0.91015625 0.9444444444444444 0.90703125 0.95 0.89921875 0.9541666666666667 0.89765625 0.9597222222222223 0.89140625 0.9625 0.884375 0.9625 0.87734375 0.9583333333333334 0.8625 0.9611111111111111 0.796875 0.9541666666666667 0.78828125 0.9583333333333334 0.7765625 0.9569444444444445 0.7640625 0.9263888888888889 0.75703125 0.9222222222222223 0.74140625 0.925 0.73671875 0.9208333333333333 0.73359375 0.9027777777777778 0.7265625 0.8819444444444444 0.728125 0.8430555555555556 0.72421875 0.8375 0.709375 0.8361111111111111 0.70625 0.8305555555555556 0.7078125 0.7013888888888888 0.70625 0.6208333333333333 0.71171875 0.6152777777777778 0.8171875 0.6125
3 0.0734375 0.17916666666666667 0.08125 0.18888888888888888 0.084375 0.20555555555555555 0.0859375 0.24722222222222223 0.08046875 0.2569444444444444 0.06328125 0.25555555555555554 0.05859375 0.24861111111111112 0.05859375 0.17777777777777778 0.06796875 0.1763888888888889 0.07265625 0.17916666666666667
3 0.90078125 0.5638888888888889 0.934375 0.5625 0.95078125 0.5652777777777778 0.99921875 0.6 0.99921875 0.6625 0.99765625 0.6638888888888889 0.99921875 0.6652777777777777 0.99921875 0.8805555555555555 0.99453125 0.8833333333333333 0.984375 0.8805555555555555 0.975 0.8833333333333333 0.93515625 0.8819444444444444 0.91796875 0.8916666666666667 0.91484375 0.8875 0.915625 0.8763888888888889 0.91328125 0.8694444444444445 0.91171875 0.8402777777777778 0.9078125 0.8166666666666667 0.90234375 0.8 0.89765625 0.7611111111111111 0.89375 0.7472222222222222 0.88125 0.725 0.88359375 0.6958333333333333 0.88203125 0.6666666666666666 0.87890625 0.6597222222222222 0.8546875 0.6388888888888888 0.84765625 0.6291666666666667 0.84921875 0.5666666666666667 0.8546875 0.5625 0.9 0.5638888888888889
3 0.57421875 0.8152777777777778 0.59140625 0.8458333333333333 0.60859375 0.8944444444444445 0.62265625 0.8930555555555556 0.62734375 0.8972222222222223 0.62734375 0.9097222222222222 0.6171875 0.9152777777777777 0.6140625 0.9208333333333333 0.6203125 0.9430555555555555 0.62734375 0.9583333333333334 0.63203125 0.9861111111111112 0.63203125 0.9986111111111111 0.61484375 0.9986111111111111 0.61015625 0.9944444444444445 0.5734375 0.9944444444444445 0.5703125 0.9986111111111111 0.56796875 0.9930555555555556 0.565625 0.9958333333333333 0.55390625 0.9972222222222222 0.534375 0.9944444444444445 0.51875 0.9972222222222222 0.50234375 0.9944444444444445 0.484375 0.9958333333333333 0.48046875 0.9944444444444445 0.47265625 0.9777777777777777 0.46796875 0.9569444444444445 0.46484375 0.9319444444444445 0.465625 0.9208333333333333 0.4625 0.9069444444444444 0.4609375 0.8638888888888889 0.4625 0.8541666666666666 0.47109375 0.8486111111111111 0.48046875 0.8555555555555555 0.48671875 0.8305555555555556 0.490625 0.8236111111111111 0.496875 0.8208333333333333 0.54140625 0.8152777777777778 0.5734375 0.8152777777777778
3 0.20625 0.20277777777777778 0.21640625 0.2125 0.22734375 0.21666666666666667 0.23125 0.2222222222222222 0.23125 0.23194444444444445 0.2171875 0.24166666666666667 0.18984375 0.2375 0.18671875 0.20694444444444443 0.19375 0.20277777777777778 0.20546875 0.20277777777777778
2 0.096875 0.4097222222222222 0.1 0.4152777777777778 0.1015625 0.43472222222222223 0.1 0.45 0.09375 0.4583333333333333 0.0890625 0.45416666666666666 0.08515625 0.4388888888888889 0.084375 0.425 0.0859375 0.4125 0.08828125 0.4083333333333333 0.09609375 0.4097222222222222
2 0.10859375 0.46111111111111114 0.1234375 0.46111111111111114 0.1265625 0.4666666666666667 0.12734375 0.4736111111111111 0.12734375 0.4875 0.12421875 0.5 0.11875 0.5111111111111111 0.11328125 0.5111111111111111 0.10625 0.4861111111111111 0.10625 0.4708333333333333 0.10859375 0.4625
2 0.05859375 0.6472222222222223 0.07421875 0.6486111111111111 0.07734375 0.6541666666666667 0.0765625 0.7083333333333334 0.07109375 0.7291666666666666 0.0640625 0.7347222222222223 0.059375 0.7305555555555555 0.0546875 0.7111111111111111 0.05390625 0.6819444444444445 0.05625 0.6638888888888889 0.0546875 0.6527777777777778 0.0578125 0.6472222222222223
2 0.99453125 0.9388888888888889 0.99765625 0.9430555555555555 0.996875 0.9486111111111111 0.99921875 0.9527777777777777 0.99921875 0.9583333333333334 0.99765625 0.9597222222222223 0.99921875 0.9652777777777778 0.99921875 0.9972222222222222 0.996875 0.9986111111111111 0.96953125 0.9986111111111111 0.96796875 0.9944444444444445 0.9703125 0.975 0.97421875 0.9708333333333333 0.9703125 0.9680555555555556 0.9703125 0.9638888888888889 0.9671875 0.9583333333333334 0.9671875 0.9458333333333333 0.97421875 0.9402777777777778 0.99375 0.9388888888888889
2 0.0640625 0.8277777777777777 0.06640625 0.8388888888888889 0.0640625 0.8527777777777777 0.06640625 0.9097222222222222 0.0625 0.9291666666666667 0.05546875 0.9416666666666667 0.053125 0.9527777777777777 0.05078125 0.9555555555555556 0.04609375 0.9541666666666667 0.04296875 0.9388888888888889 0.0359375 0.9236111111111112 0.0328125 0.8944444444444445 0.03515625 0.8625 0.03359375 0.8430555555555556 0.0390625 0.8347222222222223 0.053125 0.8361111111111111 0.06328125 0.8277777777777777
2 0.096875 0.6805555555555556 0.10546875 0.6972222222222222 0.10859375 0.7402777777777778 0.10625 0.7472222222222222 0.10625 0.7583333333333333 0.09609375 0.7861111111111111 0.090625 0.7847222222222222 0.08828125 0.7708333333333334 0.0828125 0.7597222222222222 0.0828125 0.7263888888888889 0.08125 0.7236111111111111 0.0859375 0.7041666666666667 0.08515625 0.6916666666666667 0.0875 0.6833333333333333 0.09140625 0.6791666666666667 0.09609375 0.6805555555555556
1 0.50546875 0.44583333333333336 0.52109375 0.46944444444444444 0.525 0.4875 0.52421875 0.49027777777777776 0.5140625 0.49583333333333335 0.50859375 0.5027777777777778 0.5 0.5180555555555556 0.49765625 0.5305555555555556 0.47421875 0.5361111111111111 0.4703125 0.5361111111111111 0.46640625 0.5263888888888889 0.46015625 0.5263888888888889 0.45859375 0.5208333333333334 0.4578125 0.49583333333333335 0.46015625 0.4736111111111111 0.46328125 0.4625 0.46953125 0.4486111111111111 0.478125 0.4444444444444444 0.5046875 0.44583333333333336
1 0.26328125 0.4777777777777778 0.26484375 0.4666666666666667 0.2671875 0.4625 0.26875 0.44027777777777777 0.271875 0.43194444444444446 0.27578125 0.4305555555555556 0.278125 0.45 0.2765625 0.4638888888888889 0.27890625 0.48055555555555557 0.278125 0.49027777777777776 0.2828125 0.5111111111111111 0.28125 0.5222222222222223 0.2828125 0.525 0.2828125 0.5402777777777777 0.2796875 0.5458333333333333 0.27578125 0.5444444444444444 0.26875 0.5291666666666667 0.26953125 0.5138888888888888 0.26484375 0.5097222222222222 0.2640625 0.4791666666666667
1 0.553125 0.3194444444444444 0.55703125 0.32222222222222224 0.56328125 0.3347222222222222 0.56796875 0.3486111111111111 0.56796875 0.35694444444444445 0.56484375 0.3638888888888889 0.5546875 0.37083333333333335 0.55 0.38055555555555554 0.540625 0.3888888888888889 0.53359375 0.3861111111111111 0.52734375 0.375 0.5265625 0.3541666666666667 0.5234375 0.3486111111111111 0.5234375 0.34444444444444444 0.528125 0.3263888888888889 0.5328125 0.3194444444444444 0.55234375 0.3194444444444444
1 0.3703125 0.8236111111111111 0.375 0.8263888888888888 0.38359375 0.8430555555555556 0.39765625 0.9013888888888889 0.40078125 0.9069444444444444 0.4171875 0.9055555555555556 0.421875 0.9111111111111111 0.421875 0.9166666666666666 0.41953125 0.9208333333333333 0.409375 0.9263888888888889 0.40546875 0.9319444444444445 0.40546875 0.9388888888888889 0.41796875 0.9833333333333333 0.41640625 0.9902777777777778 0.4140625 0.9944444444444445 0.40625 0.9944444444444445 0.3984375 0.9833333333333333 0.39140625 0.9791666666666666 0.3703125 0.9763888888888889 0.3296875 0.9805555555555555 0.2890625 0.9958333333333333 0.26171875 0.9958333333333333 0.25859375 0.9833333333333333 0.26015625 0.9805555555555555 0.259375 0.9625 0.2609375 0.9597222222222223 0.25859375 0.9416666666666667 0.2609375 0.9375 0.2625 0.9138888888888889 0.275 0.9083333333333333 0.27578125 0.8791666666666667 0.28125 0.8694444444444445 0.2828125 0.8486111111111111 0.28515625 0.8416666666666667 0.29140625 0.8333333333333334 0.29921875 0.8305555555555556 0.32421875 0.8291666666666667 0.3296875 0.825 0.36953125 0.8236111111111111
1 0.08671875 0.31666666666666665 0.10625 0.32222222222222224 0.1171875 0.3347222222222222 0.13046875 0.3402777777777778 0.13984375 0.35138888888888886 0.13984375 0.3625 0.134375 0.36944444444444446 0.1296875 0.37083333333333335 0.12109375 0.3638888888888889 0.11484375 0.37222222222222223 0.05546875 0.3638888888888889 0.03984375 0.35694444444444445 0.03828125 0.35138888888888886 0.03984375 0.3486111111111111 0.0390625 0.33611111111111114 0.04140625 0.3333333333333333 0.05 0.3333333333333333 0.05546875 0.325 0.065625 0.3194444444444444 0.0859375 0.31666666666666665
1 0.50546875 0.3736111111111111 0.52421875 0.3763888888888889 0.5328125 0.39166666666666666 0.53203125 0.3972222222222222 0.52265625 0.39861111111111114 0.51640625 0.4083333333333333 0.50703125 0.4305555555555556 0.50546875 0.44166666666666665 0.48359375 0.44027777777777777 0.48125 0.4236111111111111 0.48359375 0.3972222222222222 0.4859375 0.3888888888888889 0.49765625 0.375 0.5046875 0.3736111111111111
1 0.60234375 0.38472222222222224 0.61328125 0.39166666666666666 0.6125 0.4013888888888889 0.60703125 0.40555555555555556 0.60390625 0.4152777777777778 0.60390625 0.43194444444444446 0.6 0.43472222222222223 0.58125 0.43472222222222223 0.57734375 0.4375 0.57421875 0.44583333333333336 0.57109375 0.44305555555555554 0.56484375 0.42083333333333334 0.56640625 0.4027777777777778 0.58046875 0.38472222222222224 0.6015625 0.38472222222222224
1 0.709375 0.44722222222222224 0.73671875 0.4486111111111111 0.74765625 0.4527777777777778 0.76484375 0.48333333333333334 0.77109375 0.4875 0.7734375 0.49166666666666664 0.77578125 0.5069444444444444 0.771875 0.5111111111111111 0.75859375 0.5152777777777777 0.75234375 0.5236111111111111 0.715625 0.5138888888888888 0.6984375 0.5152777777777777 0.68828125 0.4875 0.6875 0.4791666666666667 0.69921875 0.4486111111111111 0.70859375 0.44722222222222224
1 0.390625 0.34305555555555556 0.3921875 0.35 0.3921875 0.40694444444444444 0.390625 0.4083333333333333 0.38359375 0.40694444444444444 0.375 0.38333333333333336 0.37578125 0.37222222222222223 0.38203125 0.3486111111111111 0.38359375 0.34444444444444444 0.38984375 0.34305555555555556
1 0.57265625 0.3625 0.5875 0.3680555555555556 0.5921875 0.3763888888888889 0.5921875 0.3819444444444444 0.578125 0.3875 0.56875 0.4 0.565625 0.4111111111111111 0.546875 0.39444444444444443 0.54609375 0.3861111111111111 0.55234375 0.37222222222222223 0.5625 0.3638888888888889 0.571875 0.3625
1 0.225 0.4638888888888889 0.23125 0.46805555555555556 0.23046875 0.4736111111111111 0.21328125 0.4736111111111111 0.2046875 0.4791666666666667 0.20078125 0.4861111111111111 0.19375 0.5236111111111111 0.19375 0.5569444444444445 0.190625 0.5611111111111111 0.184375 0.5611111111111111 0.18203125 0.5569444444444445 0.178125 0.5277777777777778 0.175 0.5180555555555556 0.175 0.5 0.18203125 0.4888888888888889 0.19140625 0.4638888888888889 0.22421875 0.4638888888888889
1 0.41171875 0.525 0.421875 0.5361111111111111 0.43203125 0.5527777777777778 0.43515625 0.5680555555555555 0.434375 0.5736111111111111 0.428125 0.5777777777777777 0.4140625 0.5763888888888888 0.39609375 0.5805555555555556 0.38828125 0.5847222222222223 0.38359375 0.5916666666666667 0.38203125 0.6111111111111112 0.3859375 0.6611111111111111 0.384375 0.7013888888888888 0.38359375 0.7041666666666667 0.3640625 0.7069444444444445 0.359375 0.7111111111111111 0.353125 0.7041666666666667 0.35078125 0.6930555555555555 0.34375 0.6819444444444445 0.3390625 0.6666666666666666 0.3359375 0.6152777777777778 0.33828125 0.6013888888888889 0.3375 0.5680555555555555 0.33984375 0.5388888888888889 0.3421875 0.5333333333333333 0.35 0.5291666666666667 0.38984375 0.5263888888888889 0.3953125 0.5236111111111111 0.4109375 0.525
1 0.7328125 0.5208333333333334 0.746875 0.5263888888888889 0.73984375 0.5319444444444444 0.740625 0.5416666666666666 0.73671875 0.5708333333333333 0.73671875 0.6069444444444444 0.73359375 0.6111111111111112 0.7078125 0.6152777777777778 0.70390625 0.6208333333333333 0.703125 0.6291666666666667 0.70078125 0.6319444444444444 0.69609375 0.6263888888888889 0.68359375 0.5902777777777778 0.68515625 0.5611111111111111 0.6890625 0.5444444444444444 0.69453125 0.5277777777777778 0.69921875 0.5208333333333334 0.70859375 0.5166666666666667 0.73203125 0.5208333333333334
1 0.3 0.34305555555555556 0.30625 0.3472222222222222 0.3078125 0.3541666666666667 0.28046875 0.37222222222222223 0.27890625 0.4041666666666667 0.27578125 0.41388888888888886 0.27265625 0.4 0.27421875 0.37777777777777777 0.271875 0.3611111111111111 0.2734375 0.35555555555555557 0.28046875 0.3458333333333333 0.29921875 0.34305555555555556
1 0.32890625 0.7541666666666667 0.33984375 0.7597222222222222 0.3484375 0.7777777777777778 0.35234375 0.7930555555555555 0.346875 0.7972222222222223 0.30078125 0.8013888888888889 0.28671875 0.8069444444444445 0.2828125 0.8138888888888889 0.28046875 0.8208333333333333 0.28125 0.825 0.27265625 0.8486111111111111 0.27265625 0.8625 0.2671875 0.8694444444444445 0.25859375 0.9083333333333333 0.2546875 0.9069444444444444 0.25234375 0.8958333333333334 0.25 0.8277777777777777 0.2546875 0.7986111111111112 0.26328125 0.7736111111111111 0.2703125 0.7611111111111111 0.28203125 0.7555555555555555 0.3 0.7527777777777778 0.328125 0.7541666666666667
1 0.79609375 0.5125 0.80859375 0.5166666666666667 0.81015625 0.5194444444444445 0.80859375 0.5305555555555556 0.76484375 0.5305555555555556 0.75390625 0.5263888888888889 0.7578125 0.5166666666666667 0.7625 0.5138888888888888 0.7734375 0.5111111111111111 0.7953125 0.5125
1 0.2859375 0.6625 0.296875 0.6819444444444445 0.3078125 0.7138888888888889 0.309375 0.7194444444444444 0.30859375 0.7305555555555555 0.31328125 0.7472222222222222 0.309375 0.7513888888888889 0.2875 0.7527777777777778 0.27109375 0.7597222222222222 0.2625 0.7736111111111111 0.2578125 0.7861111111111111 0.25 0.8208333333333333 0.24765625 0.825 0.23515625 0.8277777777777777 0.22578125 0.8277777777777777 0.2234375 0.8236111111111111 0.21953125 0.7986111111111112 0.2125 0.7819444444444444 0.21171875 0.7194444444444444 0.21328125 0.7013888888888888 0.225 0.6736111111111112 0.23359375 0.6652777777777777 0.2625 0.6597222222222222 0.28515625 0.6625
1 0.3171875 0.48333333333333334 0.32421875 0.49444444444444446 0.32890625 0.49583333333333335 0.38046875 0.49444444444444446 0.38671875 0.5 0.3921875 0.5152777777777777 0.3921875 0.5222222222222223 0.3890625 0.525 0.34453125 0.5291666666666667 0.33984375 0.5361111111111111 0.33671875 0.5694444444444444 0.33671875 0.6486111111111111 0.3234375 0.65 0.32109375 0.6472222222222223 0.31875 0.6347222222222222 0.3140625 0.6319444444444444 0.31171875 0.6263888888888889 0.309375 0.5958333333333333 0.31171875 0.5847222222222223 0.309375 0.5694444444444444 0.309375 0.5083333333333333 0.31015625 0.49722222222222223 0.31328125 0.4875 0.31640625 0.4847222222222222
1 0.2328125 0.4097222222222222 0.23828125 0.4152777777777778 0.24375 0.4361111111111111 0.2453125 0.4652777777777778 0.23984375 0.46944444444444444 0.2328125 0.46944444444444444 0.2296875 0.4652777777777778 0.21875 0.46111111111111114 0.1921875 0.4638888888888889 0.184375 0.4486111111111111 0.190625 0.4388888888888889 0.1953125 0.41805555555555557 0.20078125 0.4097222222222222 0.23203125 0.4097222222222222
1 0.25546875 0.5569444444444445 0.27578125 0.5569444444444445 0.284375 0.575 0.2875 0.5888888888888889 0.29453125 0.6041666666666666 0.30703125 0.6083333333333333 0.30703125 0.6152777777777778 0.29765625 0.625 0.303125 0.6541666666666667 0.30546875 0.6847222222222222 0.3046875 0.6958333333333333 0.303125 0.6972222222222222 0.30078125 0.6888888888888889 0.2859375 0.6694444444444444 0.28359375 0.6625 0.265625 0.6569444444444444 0.2328125 0.6652777777777777 0.215625 0.6958333333333333 0.21328125 0.6986111111111111 0.21015625 0.6958333333333333 0.20625 0.6722222222222223 0.20859375 0.6319444444444444 0.20390625 0.6152777777777778 0.21171875 0.6055555555555555 0.2125 0.5875 0.21796875 0.5819444444444445 0.2203125 0.5666666666666667 0.2234375 0.5652777777777778 0.2265625 0.5583333333333333 0.2546875 0.5583333333333333
1 0.60703125 0.43472222222222223 0.61875 0.4388888888888889 0.63203125 0.4513888888888889 0.63671875 0.46944444444444444 0.63046875 0.47638888888888886 0.6234375 0.49444444444444446 0.61875 0.49583333333333335 0.615625 0.5069444444444444 0.58515625 0.5111111111111111 0.58125 0.5138888888888888 0.57734375 0.5222222222222223 0.57421875 0.5222222222222223 0.5671875 0.5041666666666667 0.56796875 0.475 0.5734375 0.4486111111111111 0.5765625 0.44027777777777777 0.5828125 0.4361111111111111 0.60625 0.43472222222222223
1 0.35234375 0.7958333333333333 0.36640625 0.8027777777777778 0.37265625 0.8166666666666667 0.371875 0.8236111111111111 0.3171875 0.8277777777777777 0.29140625 0.8347222222222223 0.28828125 0.8388888888888889 0.28359375 0.8527777777777777 0.2828125 0.8625 0.2796875 0.8680555555555556 0.2796875 0.8833333333333333 0.2765625 0.8888888888888888 0.2765625 0.9083333333333333 0.271875 0.9125 0.2609375 0.9097222222222222 0.25859375 0.9 0.26171875 0.8916666666666667 0.2640625 0.8722222222222222 0.271875 0.8611111111111112 0.27265625 0.8458333333333333 0.27578125 0.8319444444444445 0.27421875 0.8138888888888889 0.27578125 0.8055555555555556 0.27890625 0.8027777777777778 0.2796875 0.8069444444444445 0.2828125 0.8083333333333333 0.2890625 0.8041666666666667 0.32734375 0.7958333333333333 0.3515625 0.7958333333333333
1 0.2515625 0.4791666666666667 0.25703125 0.49166666666666664 0.259375 0.5083333333333333 0.26484375 0.5152777777777777 0.26875 0.5125 0.26640625 0.5402777777777777 0.2640625 0.5430555555555555 0.2390625 0.5416666666666666 0.2234375 0.5444444444444444 0.21484375 0.5583333333333333 0.2109375 0.5888888888888889 0.203125 0.6125 0.1984375 0.6111111111111112 0.19765625 0.6013888888888889 0.19375 0.5930555555555556 0.19453125 0.5638888888888889 0.19296875 0.5347222222222222 0.19375 0.5208333333333334 0.20234375 0.48194444444444445 0.209375 0.47638888888888886 0.22890625 0.475 0.240625 0.4708333333333333 0.246875 0.4722222222222222 0.25078125 0.4791666666666667
1 0.53046875 0.4930555555555556 0.5578125 0.49722222222222223 0.57109375 0.5208333333333334 0.5734375 0.5361111111111111 0.56796875 0.5513888888888889 0.56484375 0.5847222222222223 0.56171875 0.5930555555555556 0.528125 0.5916666666666667 0.521875 0.5972222222222222 0.51796875 0.5972222222222222 0.509375 0.5833333333333334 0.5 0.5791666666666667 0.4984375 0.5458333333333333 0.5015625 0.5180555555555556 0.51171875 0.5013888888888889 0.52421875 0.4930555555555556 0.5296875 0.4930555555555556
1 0.66328125 0.5736111111111111 0.675 0.5833333333333334 0.6828125 0.5972222222222222 0.68828125 0.6083333333333333 0.6984375 0.6430555555555556 0.70390625 0.6555555555555556 0.70546875 0.6847222222222222 0.7046875 0.7236111111111111 0.703125 0.7263888888888889 0.6578125 0.7263888888888889 0.64140625 0.7305555555555555 0.63671875 0.7333333333333333 0.63046875 0.7472222222222222 0.62421875 0.7513888888888889 0.61953125 0.75 0.615625 0.7430555555555556 0.61328125 0.7236111111111111 0.61015625 0.7180555555555556 0.60546875 0.7138888888888889 0.5984375 0.7138888888888889 0.59140625 0.6986111111111111 0.58984375 0.6763888888888889 0.5921875 0.6486111111111111 0.58984375 0.6277777777777778 0.59296875 0.6194444444444445 0.59296875 0.6097222222222223 0.60390625 0.575 0.609375 0.5680555555555555 0.6484375 0.5680555555555555 0.6625 0.5736111111111111
1 0.63203125 0.5138888888888888 0.64765625 0.5305555555555556 0.6578125 0.5527777777777778 0.6609375 0.5680555555555555 0.6578125 0.5708333333333333 0.64375 0.5666666666666667 0.60859375 0.5680555555555555 0.60234375 0.5763888888888888 0.59375 0.6013888888888889 0.5921875 0.6194444444444445 0.5890625 0.6291666666666667 0.59140625 0.6388888888888888 0.5890625 0.6430555555555556 0.58125 0.6388888888888888 0.571875 0.6472222222222223 0.56875 0.6430555555555556 0.5671875 0.6333333333333333 0.565625 0.5902777777777778 0.56875 0.5541666666666667 0.58046875 0.5166666666666667 0.5921875 0.5111111111111111 0.625 0.5111111111111111 0.63125 0.5138888888888888
1 0.25703125 0.5430555555555555 0.26796875 0.5458333333333333 0.27578125 0.5527777777777778 0.2828125 0.5694444444444444 0.2828125 0.5736111111111111 0.27578125 0.5625 0.26875 0.5638888888888889 0.2609375 0.5583333333333333 0.23125 0.5611111111111111 0.22578125 0.5680555555555555 0.225 0.5777777777777777 0.221875 0.5847222222222223 0.21328125 0.5916666666666667 0.2140625 0.5652777777777778 0.21953125 0.55 0.23046875 0.5444444444444444 0.25625 0.5430555555555555
1 0.115625 0.25555555555555554 0.11953125 0.275 0.11953125 0.2972222222222222 0.109375 0.3236111111111111 0.09140625 0.31527777777777777 0.08046875 0.3138888888888889 0.078125 0.30833333333333335 0.07734375 0.2861111111111111 0.08671875 0.25833333333333336 0.09140625 0.25416666666666665 0.11484375 0.25555555555555554
1 0.5078125 0.2652777777777778 0.51015625 0.275 0.5 0.2791666666666667 0.49375 0.3138888888888889 0.48359375 0.3138888888888889 0.48046875 0.30972222222222223 0.48046875 0.2875 0.4859375 0.26944444444444443 0.490625 0.2638888888888889 0.50546875 0.2625 0.50703125 0.2652777777777778
1 0.51328125 0.275 0.52109375 0.2791666666666667 0.52421875 0.2861111111111111 0.52421875 0.2916666666666667 0.51484375 0.29583333333333334 0.4984375 0.3138888888888889 0.49375 0.3138888888888889 0.490625 0.30972222222222223 0.496875 0.2833333333333333 0.50234375 0.2763888888888889 0.5125 0.275
1 0.6890625 0.4263888888888889 0.70078125 0.43472222222222223 0.703125 0.44305555555555554 0.69296875 0.4597222222222222 0.68515625 0.4791666666666667 0.67109375 0.4722222222222222 0.63984375 0.4708333333333333 0.6375 0.45555555555555555 0.646875 0.42916666666666664 0.65078125 0.425 0.67890625 0.4236111111111111 0.68828125 0.4263888888888889
1 0.55390625 0.4013888888888889 0.5609375 0.41388888888888886 0.56875 0.4375 0.57109375 0.4486111111111111 0.56953125 0.46111111111111114 0.565625 0.4708333333333333 0.54140625 0.4722222222222222 0.521875 0.46944444444444444 0.50859375 0.44583333333333336 0.5078125 0.42916666666666664 0.52265625 0.4 0.5484375 0.39861111111111114 0.553125 0.4013888888888889
1 0.503125 0.7527777777777778 0.52578125 0.7625 0.53046875 0.7708333333333334 0.54140625 0.8125 0.4921875 0.8208333333333333 0.48515625 0.8319444444444445 0.48046875 0.85 0.46640625 0.8486111111111111 0.4625 0.8527777777777777 0.46015625 0.8583333333333333 0.46015625 0.8763888888888889 0.4640625 0.9333333333333333 0.4609375 0.9472222222222222 0.45859375 0.95 0.45546875 0.9486111111111111 0.453125 0.9388888888888889 0.45078125 0.9125 0.44375 0.9013888888888889 0.43828125 0.8972222222222223 0.43515625 0.8791666666666667 0.43359375 0.8319444444444445 0.4359375 0.7958333333333333 0.440625 0.775 0.44765625 0.7652777777777777 0.475 0.7541666666666667 0.50234375 0.7527777777777778
1 0.65390625 0.3875 0.6625 0.39444444444444443 0.66796875 0.40694444444444444 0.67109375 0.42083333333333334 0.64921875 0.425 0.63671875 0.4527777777777778 0.6328125 0.4527777777777778 0.6265625 0.44305555555555554 0.61640625 0.43472222222222223 0.6078125 0.43194444444444446 0.60546875 0.42777777777777776 0.60625 0.4125 0.6140625 0.4013888888888889 0.61796875 0.3888888888888889 0.621875 0.3861111111111111 0.653125 0.3875
1 0.6484375 0.4722222222222222 0.678125 0.47638888888888886 0.6859375 0.48333333333333334 0.68671875 0.49027777777777776 0.6921875 0.5027777777777778 0.69609375 0.5222222222222223 0.68671875 0.5486111111111112 0.68203125 0.5847222222222223 0.67890625 0.5847222222222223 0.66484375 0.5708333333333333 0.65625 0.5444444444444444 0.64375 0.5222222222222223 0.63359375 0.5125 0.6234375 0.5083333333333333 0.62109375 0.5041666666666667 0.6328125 0.47638888888888886 0.64765625 0.4722222222222222
0 0.32109375 0.35555555555555557 0.34921875 0.3625 0.3765625 0.3902777777777778 0.38046875 0.3972222222222222 0.38359375 0.4097222222222222 0.38828125 0.4152777777777778 0.3890625 0.42083333333333334 0.39375 0.42916666666666664 0.39609375 0.4388888888888889 0.396875 0.4583333333333333 0.390625 0.46944444444444444 0.38984375 0.5013888888888889 0.3828125 0.49444444444444446 0.37734375 0.4930555555555556 0.32421875 0.49583333333333335 0.31796875 0.4861111111111111 0.3140625 0.4875 0.309375 0.4986111111111111 0.3078125 0.5208333333333334 0.31015625 0.5527777777777778 0.30859375 0.5652777777777778 0.309375 0.6041666666666666 0.30390625 0.6027777777777777 0.29921875 0.5944444444444444 0.29609375 0.5930555555555556 0.296875 0.5680555555555555 0.29296875 0.5638888888888889 0.28671875 0.5652777777777778 0.28359375 0.5569444444444445 0.28125 0.5430555555555555 0.28046875 0.5083333333333333 0.27734375 0.4986111111111111 0.27734375 0.4847222222222222 0.27421875 0.4722222222222222 0.2765625 0.4527777777777778 0.275 0.43472222222222223 0.27890625 0.4013888888888889 0.278125 0.39444444444444443 0.2796875 0.39166666666666666 0.2796875 0.3763888888888889 0.28203125 0.37083333333333335 0.3015625 0.35833333333333334 0.3203125 0.35555555555555557
0 0.20390625 0.2833333333333333 0.2078125 0.2861111111111111 0.24609375 0.28888888888888886 0.25859375 0.3138888888888889 0.259375 0.33055555555555555 0.2640625 0.3458333333333333 0.2640625 0.35555555555555557 0.26640625 0.3597222222222222 0.26484375 0.3902777777777778 0.2671875 0.4263888888888889 0.26640625 0.4638888888888889 0.25859375 0.4777777777777778 0.2515625 0.4736111111111111 0.24765625 0.4666666666666667 0.2421875 0.4263888888888889 0.23984375 0.41805555555555557 0.23125 0.40694444444444444 0.2 0.4083333333333333 0.1953125 0.4152777777777778 0.1890625 0.44027777777777777 0.1859375 0.4375 0.18203125 0.3736111111111111 0.1828125 0.3486111111111111 0.1875 0.33055555555555555 0.18828125 0.29444444444444445 0.1921875 0.2861111111111111 0.203125 0.2833333333333333
0 0.38046875 0.1597222222222222 0.38203125 0.1625 0.38046875 0.19722222222222222 0.37734375 0.2 0.3546875 0.2 0.35234375 0.19305555555555556 0.35078125 0.175 0.35859375 0.16111111111111112 0.3671875 0.15833333333333333 0.3796875 0.1597222222222222