3 0.5515625 0.7583333333333333 0.65625 0.7694444444444445 0.665625 0.7708333333333334 0.6703125 0.775 0.67578125 0.8013888888888889 0.67734375 0.8222222222222222 0.67578125 0.8666666666666667 0.6765625 0.9125 0.67421875 0.9527777777777777 0.67421875 0.9944444444444445 0.67265625 0.9986111111111111 0.65625 0.9986111111111111 0.6546875 0.9958333333333333 0.6046875 0.9958333333333333 0.60234375 0.9986111111111111 0.6 0.9958333333333333 0.5828125 0.9986111111111111 0.56953125 0.9958333333333333 0.5203125 0.9972222222222222 0.51953125 0.9166666666666666 0.515625 0.9083333333333333 0.5109375 0.8888888888888888 0.51171875 0.8694444444444445 0.51484375 0.8611111111111112 0.52109375 0.8555555555555555 0.51953125 0.8236111111111111 0.52890625 0.7638888888888888 0.53125 0.7597222222222222 0.55078125 0.7583333333333333
3 0.328125 0.6652777777777777 0.3625 0.6652777777777777 0.37421875 0.6680555555555555 0.41796875 0.6666666666666666 0.42578125 0.6708333333333333 0.42734375 0.6777777777777778 0.4265625 0.7333333333333333 0.42734375 0.7555555555555555 0.42890625 0.7597222222222222 0.42734375 0.7708333333333334 0.428125 0.8069444444444445 0.4296875 0.8125 0.43515625 0.8125 0.4390625 0.7958333333333333 0.44609375 0.7958333333333333 0.44765625 0.8027777777777778 0.44765625 0.8277777777777777 0.4421875 0.85 0.43203125 0.8527777777777777 0.42890625 0.8597222222222223 0.428125 0.9319444444444445 0.4296875 0.9430555555555555 0.42578125 0.9930555555555556 0.42265625 0.9986111111111111 0.26171875 0.9986111111111111 0.26015625 0.9958333333333333 0.246875 0.9944444444444445 0.2453125 0.9513888888888888 0.24609375 0.9305555555555556 0.2484375 0.9180555555555555 0.2484375 0.8666666666666667 0.246875 0.85 0.2484375 0.7263888888888889 0.2578125 0.7055555555555556 0.28359375 0.6666666666666666 0.32734375 0.6652777777777777
2 0.83828125 0.525 0.84296875 0.5472222222222223 0.8453125 0.5805555555555556 0.8359375 0.5986111111111111 0.828125 0.5916666666666667 0.8203125 0.5736111111111111 0.8203125 0.5375 0.8234375 0.5277777777777778 0.8375 0.525
2 0.328125 0.32083333333333336 0.33828125 0.32222222222222224 0.3421875 0.3277777777777778 0.3421875 0.3333333333333333 0.33828125 0.3416666666666667 0.328125 0.3472222222222222 0.3234375 0.33055555555555555 0.32421875 0.3236111111111111 0.32734375 0.32222222222222224
2 0.8375 0.44305555555555554 0.0203125 0.03888888888888889
2 0.0359375 0.35694444444444445 0.04609375 0.35833333333333334 0.04765625 0.36527777777777776 0.046875 0.3861111111111111 0.04140625 0.39166666666666666 0.0359375 0.39166666666666666 0.034375 0.38055555555555554 0.034375 0.3638888888888889 0.0359375 0.35833333333333334
2 0.26796875 0.3541666666666667 0.27265625 0.36527777777777776 0.26875 0.3680555555555556 0.25390625 0.3680555555555556 0.25078125 0.36527777777777776 0.2578125 0.35 0.2671875 0.3541666666666667
2 0.32734375 0.21944444444444444 0.32578125 0.20555555555555555 0.328125 0.2 0.33203125 0.2 0.33515625 0.20694444444444443 0.3328125 0.21944444444444444 0.328125 0.21944444444444444
2 0.01484375 0.4708333333333333 0.02265625 0.4736111111111111 0.0265625 0.48055555555555557 0.0265625 0.4861111111111111 0.0296875 0.49444444444444446 0.0296875 0.5027777777777778 0.02421875 0.5222222222222223 0.0203125 0.5291666666666667 0.01171875 0.5263888888888889 0.01015625 0.5208333333333334 0.01015625 0.4888888888888889 0.01171875 0.475 0.01484375 0.4722222222222222
2 0.9578125 0.6236111111111111 0.96328125 0.6291666666666667 0.96015625 0.6583333333333333 0.96015625 0.6958333333333333 0.94921875 0.7125 0.9390625 0.7055555555555556 0.93515625 0.6972222222222222 0.9328125 0.6736111111111112 0.93359375 0.6375 0.9421875 0.6236111111111111 0.95703125 0.6236111111111111
2 0.7015625 0.7541666666666667 0.7140625 0.7652777777777777 0.71171875 0.7680555555555556 0.7125 0.8027777777777778 0.71484375 0.8138888888888889 0.7203125 0.8166666666666667 0.7203125 0.8305555555555556 0.70546875 0.8263888888888888 0.69921875 0.8319444444444445 0.6828125 0.8291666666666667 0.68046875 0.8194444444444444 0.68046875 0.8027777777777778 0.684375 0.7819444444444444 0.6859375 0.7583333333333333 0.690625 0.7541666666666667 0.70078125 0.7541666666666667
2 0.240625 0.25972222222222224 0.24453125 0.2638888888888889 0.24375 0.2833333333333333 0.2375 0.28888888888888886 0.23515625 0.2833333333333333 0.23515625 0.26666666666666666 0.2375 0.2611111111111111 0.23984375 0.2611111111111111
2 0.27109375 0.24722222222222223 0.0078125 0.027777777777777776
2 0.14140625 0.46111111111111114 0.14609375 0.46805555555555556 0.1484375 0.49722222222222223 0.14296875 0.5097222222222222 0.13359375 0.5138888888888888 0.128125 0.5111111111111111 0.12734375 0.4708333333333333 0.13046875 0.46111111111111114 0.140625 0.46111111111111114
2 0.3078125 0.3590277777777778 0.0203125 0.029166666666666667
2 0.18046875 0.37222222222222223 0.18515625 0.37777777777777777 0.1875 0.39305555555555555 0.18671875 0.4027777777777778 0.18203125 0.4125 0.17421875 0.4083333333333333 0.171875 0.39166666666666666 0.17265625 0.3763888888888889 0.17578125 0.37222222222222223 0.1796875 0.37222222222222223
2 0.21640625 0.30972222222222223 0.21484375 0.2833333333333333 0.21953125 0.275 0.2234375 0.275 0.22578125 0.2791666666666667 0.22734375 0.2902777777777778 0.2234375 0.3055555555555556 0.2171875 0.30972222222222223
2 0.164453125 0.3298611111111111 0.01484375 0.03194444444444444
2 0.130078125 0.34444444444444444 0.01953125 0.030555555555555555
2 0.99453125 0.6555555555555556 0.9953125 0.6694444444444444 0.99140625 0.6875 0.990625 0.7055555555555556 0.978125 0.7097222222222223 0.9734375 0.6986111111111111 0.9703125 0.6986111111111111 0.971875 0.6972222222222222 0.971875 0.6861111111111111 0.9625 0.6805555555555556 0.96171875 0.675 0.96484375 0.6666666666666666 0.96953125 0.6638888888888889 0.97265625 0.6569444444444444 0.98125 0.6541666666666667 0.99375 0.6555555555555556
2 0.3 0.21388888888888888 0.3078125 0.21666666666666667 0.3078125 0.23333333333333334 0.303125 0.2375 0.2984375 0.22916666666666666 0.3 0.2152777777777778
2 0.859375 0.6305555555555555 0.86640625 0.6319444444444444 0.8703125 0.6291666666666667 0.8765625 0.6333333333333333 0.87890625 0.6305555555555555 0.88671875 0.6333333333333333 0.88828125 0.6375 0.8875 0.6430555555555556 0.8828125 0.6513888888888889 0.88203125 0.6666666666666666 0.86171875 0.6666666666666666 0.8578125 0.6513888888888889 0.85859375 0.6319444444444444
2 0.4453125 0.6819444444444445 0.44765625 0.6916666666666667 0.4484375 0.7222222222222222 0.44453125 0.7305555555555555 0.44296875 0.7402777777777778 0.4390625 0.7430555555555556 0.43125 0.7416666666666667 0.428125 0.7361111111111112 0.428125 0.6819444444444445 0.44453125 0.6819444444444445
2 0.796875 0.46111111111111114 0.8 0.4638888888888889 0.80078125 0.4736111111111111 0.79765625 0.4888888888888889 0.7984375 0.5041666666666667 0.7953125 0.5111111111111111 0.79765625 0.5138888888888888 0.79609375 0.5208333333333334 0.79296875 0.5166666666666667 0.78203125 0.4722222222222222 0.7859375 0.4625 0.79609375 0.46111111111111114
2 0.865625 0.5430555555555555 0.86640625 0.5555555555555556 0.86015625 0.5763888888888888 0.85703125 0.5958333333333333 0.85703125 0.6152777777777778 0.85234375 0.6208333333333333 0.84765625 0.6125 0.84765625 0.5611111111111111 0.84609375 0.5513888888888889 0.84765625 0.5458333333333333 0.85234375 0.5416666666666666 0.86484375 0.5430555555555555
2 0.20625 0.3902777777777778 0.203125 0.38333333333333336 0.20234375 0.3611111111111111 0.2078125 0.3611111111111111 0.209375 0.38055555555555554 0.20703125 0.3888888888888889
1 0.8265625 0.25833333333333336 0.828125 0.2625 0.82734375 0.2916666666666667 0.82109375 0.29583333333333334 0.80703125 0.3194444444444444 0.80390625 0.31805555555555554 0.79609375 0.3013888888888889 0.79609375 0.2902777777777778 0.79921875 0.275 0.80546875 0.2638888888888889 0.82578125 0.25833333333333336
1 0.6921875 0.2152777777777778 0.69375 0.22916666666666666 0.6890625 0.2611111111111111 0.6734375 0.2652777777777778 0.6703125 0.2638888888888889 0.66796875 0.25833333333333336 0.66796875 0.24305555555555555 0.67109375 0.22083333333333333 0.6765625 0.2125 0.68984375 0.2125 0.69140625 0.2152777777777778
1 0.5703125 0.5875 0.57734375 0.6097222222222223 0.584375 0.6138888888888889 0.5875 0.6222222222222222 0.584375 0.6361111111111111 0.58125 0.6986111111111111 0.57421875 0.7277777777777777 0.57109375 0.7319444444444444 0.5640625 0.7222222222222222 0.54609375 0.7180555555555556 0.5046875 0.7194444444444444 0.4984375 0.725 0.49609375 0.7319444444444444 0.49140625 0.7319444444444444 0.48828125 0.7222222222222222 0.48984375 0.6527777777777778 0.49921875 0.6027777777777777 0.50625 0.5847222222222223 0.515625 0.5819444444444445 0.54765625 0.5819444444444445 0.5640625 0.5833333333333334 0.56953125 0.5875
1 0.0984375 0.32916666666666666 0.103125 0.3347222222222222 0.103125 0.3388888888888889 0.109375 0.35138888888888886 0.11171875 0.36666666666666664 0.1109375 0.37222222222222223 0.10234375 0.3875 0.096875 0.40694444444444444 0.08125 0.4027777777777778 0.0515625 0.40694444444444444 0.0484375 0.3958333333333333 0.04765625 0.37916666666666665 0.05 0.3597222222222222 0.06328125 0.3333333333333333 0.075 0.32916666666666666 0.09765625 0.32916666666666666
1 0.6484375 0.2125 0.65625 0.21944444444444444 0.65703125 0.22361111111111112 0.65546875 0.22777777777777777 0.63671875 0.22777777777777777 0.634375 0.22361111111111112 0.63671875 0.21388888888888888 0.64765625 0.2125
1 0.759375 0.5194444444444445 0.76875 0.525 0.78046875 0.5680555555555555 0.78125 0.5819444444444445 0.77890625 0.5875 0.7734375 0.5875 0.76640625 0.5944444444444444 0.7578125 0.6111111111111112 0.75 0.6138888888888889 0.7484375 0.6236111111111111 0.74375 0.6291666666666667 0.73125 0.6263888888888889 0.71328125 0.6277777777777778 0.71171875 0.625 0.70234375 0.5736111111111111 0.70546875 0.55 0.703125 0.5388888888888889 0.709375 0.5375 0.71484375 0.5222222222222223 0.71953125 0.5180555555555556 0.75859375 0.5194444444444445
1 0.665625 0.3402777777777778 0.6703125 0.35138888888888886 0.6703125 0.3638888888888889 0.665625 0.3736111111111111 0.6640625 0.38333333333333336 0.6328125 0.3819444444444444 0.63125 0.3597222222222222 0.63515625 0.34444444444444444 0.64140625 0.33611111111111114 0.66484375 0.3402777777777778
1 0.94375 0.8180555555555555 0.9546875 0.8236111111111111 0.96796875 0.825 0.9765625 0.8319444444444445 0.99140625 0.8611111111111112 0.9921875 0.8736111111111111 0.9875 0.8861111111111111 0.98671875 0.9 0.98203125 0.9041666666666667 0.984375 0.9138888888888889 0.98515625 0.9319444444444445 0.965625 0.9402777777777778 0.94375 0.9791666666666666 0.940625 0.9944444444444445 0.92890625 0.9958333333333333 0.890625 0.9958333333333333 0.8796875 0.9805555555555555 0.865625 0.9722222222222222 0.8453125 0.9666666666666667 0.84296875 0.9527777777777777 0.84375 0.8527777777777777 0.8515625 0.8472222222222222 0.86171875 0.8472222222222222 0.87265625 0.8236111111111111 0.8796875 0.8166666666666667 0.94296875 0.8180555555555555
1 0.36015625 0.4625 0.35546875 0.575 0.34921875 0.5805555555555556 0.33828125 0.5763888888888888 0.3328125 0.5819444444444445 0.32734375 0.5805555555555556 0.325 0.5527777777777778 0.33125 0.49166666666666664 0.340625 0.4638888888888889 0.3453125 0.46111111111111114 0.359375 0.4625
1 0 0.26666666666666666 0.00546875 0.2652777777777778 0.01875 0.275 0.02265625 0.28055555555555556 0.02578125 0.29583333333333334 0.0234375 0.30277777777777776 0.0078125 0.30277777777777776 0.003125 0.29305555555555557 0 0.26805555555555555
1 0.26640625 0.36666666666666664 0.27890625 0.37083333333333335 0.28515625 0.3861111111111111 0.28671875 0.3958333333333333 0.2796875 0.4111111111111111 0.2703125 0.42083333333333334 0.26171875 0.4375 0.2453125 0.44166666666666665 0.2359375 0.44166666666666665 0.234375 0.4388888888888889 0.23359375 0.3902777777777778 0.2375 0.3875 0.24765625 0.36944444444444446 0.265625 0.36666666666666664
1 0.825 0.5916666666666667 0.83125 0.5972222222222222 0.84453125 0.6263888888888889 0.84765625 0.6694444444444444 0.840625 0.6875 0.82734375 0.7111111111111111 0.7828125 0.7083333333333334 0.76640625 0.7138888888888889 0.75234375 0.7125 0.75 0.7069444444444445 0.7484375 0.6555555555555556 0.75078125 0.6291666666666667 0.74765625 0.6222222222222222 0.7484375 0.6125 0.7546875 0.6111111111111112 0.76953125 0.5888888888888889 0.775 0.5861111111111111 0.77890625 0.5888888888888889 0.82421875 0.5916666666666667
1 0.06796875 0.2388888888888889 0.075 0.24444444444444444 0.0765625 0.25833333333333336 0.07578125 0.27361111111111114 0.07265625 0.2861111111111111 0.06640625 0.2875 0.0609375 0.29444444444444445 0.05234375 0.29444444444444445 0.03984375 0.2847222222222222 0.03984375 0.2652777777777778 0.03515625 0.25 0.03515625 0.24166666666666667 0.0375 0.2375 0.0671875 0.2388888888888889
1 0.1 0.47638888888888886 0.10703125 0.4847222222222222 0.11484375 0.5111111111111111 0.11640625 0.5388888888888889 0.115625 0.5722222222222222 0.1109375 0.5916666666666667 0.10546875 0.5958333333333333 0.1015625 0.5888888888888889 0.09921875 0.5888888888888889 0.096875 0.5986111111111111 0.08828125 0.6125 0.0671875 0.6041666666666666 0.0328125 0.6069444444444444 0.02578125 0.6194444444444445 0.02265625 0.6208333333333333 0.01796875 0.6208333333333333 0.0140625 0.6138888888888889 0.009375 0.5833333333333334 0.0109375 0.5694444444444444 0.01015625 0.5555555555555556 0.02421875 0.5236111111111111 0.028125 0.5069444444444444 0.0328125 0.49722222222222223 0.03828125 0.4888888888888889 0.05546875 0.4791666666666667 0.09921875 0.47638888888888886
1 0.81484375 0.7194444444444444 0.81953125 0.7222222222222222 0.8234375 0.7291666666666666 0.84140625 0.8055555555555556 0.84296875 0.8291666666666667 0.840625 0.8694444444444445 0.84140625 0.9027777777777778 0.83984375 0.9222222222222223 0.83515625 0.9291666666666667 0.8265625 0.9277777777777778 0.821875 0.9069444444444444 0.81640625 0.8972222222222223 0.81015625 0.8930555555555556 0.775 0.8888888888888888 0.765625 0.8972222222222223 0.75703125 0.8986111111111111 0.7546875 0.8958333333333334 0.74765625 0.9013888888888889 0.74375 0.9 0.7375 0.8916666666666667 0.73359375 0.8805555555555555 0.73046875 0.8527777777777777 0.7234375 0.8416666666666667 0.725 0.7916666666666666 0.72890625 0.7694444444444445 0.73125 0.7652777777777777 0.72734375 0.7611111111111111 0.72421875 0.7513888888888889 0.7265625 0.7444444444444445 0.73359375 0.7458333333333333 0.73984375 0.7291666666666666 0.7484375 0.7180555555555556 0.79453125 0.7152777777777778 0.8140625 0.7194444444444444
1 0.6328125 0.4583333333333333 0.6375 0.4597222222222222 0.63984375 0.4638888888888889 0.64375 0.475 0.64375 0.48055555555555557 0.62109375 0.47638888888888886 0.60859375 0.4777777777777778 0.59765625 0.48333333333333334 0.5953125 0.4875 0.5953125 0.47638888888888886 0.5984375 0.4666666666666667 0.603125 0.46111111111111114 0.63203125 0.4583333333333333
1 0.9953125 0.7166666666666667 0.99921875 0.7194444444444444 0.99921875 0.8694444444444445 0.97734375 0.8291666666666667 0.97109375 0.8236111111111111 0.94453125 0.8152777777777778 0.9296875 0.8138888888888889 0.92421875 0.8055555555555556 0.92890625 0.7527777777777778 0.93359375 0.7486111111111111 0.94375 0.7208333333333333 0.953125 0.7166666666666667 0.99453125 0.7166666666666667
1 0.2296875 0.6569444444444444 0.271875 0.6569444444444444 0.2796875 0.6680555555555555 0.27578125 0.6777777777777778 0.24921875 0.7208333333333333 0.24765625 0.7263888888888889 0.24765625 0.7847222222222222 0.24375 0.7958333333333333 0.23359375 0.7958333333333333 0.22890625 0.7916666666666666 0.225 0.7805555555555556 0.2171875 0.7791666666666667 0.20390625 0.7458333333333333 0.19609375 0.7416666666666667 0.184375 0.7416666666666667 0.18125 0.7375 0.18203125 0.7263888888888889 0.1875 0.7152777777777778 0.1921875 0.6944444444444444 0.20546875 0.6611111111111111 0.2109375 0.6569444444444444 0.22890625 0.6569444444444444
1 0.68125 0.5597222222222222 0.69453125 0.5625 0.7 0.5694444444444444 0.71171875 0.6305555555555555 0.71171875 0.6652777777777777 0.70703125 0.6736111111111112 0.70234375 0.6708333333333333 0.69609375 0.6597222222222222 0.68359375 0.6527777777777778 0.64375 0.65 0.6328125 0.6625 0.6265625 0.6652777777777777 0.62421875 0.6611111111111111 0.6234375 0.6527777777777778 0.62734375 0.6083333333333333 0.63984375 0.5708333333333333 0.6484375 0.5597222222222222 0.68046875 0.5597222222222222
1 0.5046875 0.2763888888888889 0.5078125 0.2791666666666667 0.509375 0.3013888888888889 0.5015625 0.3277777777777778 0.496875 0.32222222222222224 0.48984375 0.29583333333333334 0.484375 0.2902777777777778 0.48046875 0.2902777777777778 0.47890625 0.2861111111111111 0.4828125 0.2791666666666667 0.49453125 0.275 0.50390625 0.2763888888888889
1 0.13671875 0.24305555555555555 0.13984375 0.24722222222222223 0.1421875 0.2708333333333333 0.13984375 0.2791666666666667 0.13359375 0.2847222222222222 0.1296875 0.28194444444444444 0.1265625 0.275 0.11953125 0.2847222222222222 0.11015625 0.28194444444444444 0.11015625 0.26944444444444443 0.1046875 0.25972222222222224 0.1046875 0.25555555555555554 0.1078125 0.24722222222222223 0.115625 0.2388888888888889 0.13046875 0.2388888888888889 0.1359375 0.24305555555555555
1 0.72578125 0.2875 0.72734375 0.2916666666666667 0.7203125 0.29305555555555557 0.7140625 0.3013888888888889 0.7109375 0.34444444444444444 0.70703125 0.3486111111111111 0.69765625 0.3472222222222222 0.6953125 0.3402777777777778 0.69765625 0.30416666666666664 0.70078125 0.2902777777777778 0.70703125 0.2847222222222222 0.721875 0.2847222222222222 0.725 0.2875
1 0.65078125 0.18888888888888888 0.6578125 0.20277777777777778 0.6578125 0.20972222222222223 0.6546875 0.21805555555555556 0.65078125 0.21388888888888888 0.63828125 0.21388888888888888 0.63671875 0.21666666666666667 0.63515625 0.2111111111111111 0.63515625 0.19722222222222222 0.6375 0.19166666666666668 0.65 0.18888888888888888
1 0.303125 0.5402777777777777 0.30859375 0.5472222222222223 0.3171875 0.5680555555555555 0.3234375 0.5722222222222222 0.32578125 0.5805555555555556 0.3265625 0.6597222222222222 0.3203125 0.6638888888888889 0.2796875 0.6625 0.2734375 0.6555555555555556 0.2265625 0.6555555555555556 0.2234375 0.6527777777777778 0.22421875 0.6166666666666667 0.22734375 0.5972222222222222 0.23359375 0.5805555555555556 0.2359375 0.5625 0.24609375 0.5416666666666666 0.24921875 0.5388888888888889 0.30234375 0.5402777777777777
1 0.840625 0.9708333333333333 0.86171875 0.975 0.8796875 0.9833333333333333 0.88671875 0.9916666666666667 0.8890625 0.9986111111111111 0.85078125 0.9986111111111111 0.84921875 0.9958333333333333 0.7671875 0.9986111111111111 0.7671875 0.9930555555555556 0.784375 0.9680555555555556 0.82578125 0.9680555555555556 0.83984375 0.9708333333333333
1 0.8 0.37083333333333335 0.8078125 0.38333333333333336 0.81171875 0.4041666666666667 0.8125 0.4222222222222222 0.81015625 0.4513888888888889 0.80703125 0.45694444444444443 0.8015625 0.45694444444444443 0.7953125 0.44166666666666665 0.79140625 0.4388888888888889 0.7875 0.44027777777777777 0.7828125 0.4527777777777778 0.77109375 0.4486111111111111 0.7625 0.45416666666666666 0.7578125 0.4527777777777778 0.7546875 0.4444444444444444 0.753125 0.43194444444444446 0.753125 0.39861111111111114 0.7625 0.37222222222222223 0.7671875 0.3680555555555556 0.79921875 0.37083333333333335
1 0.07734375 0.24444444444444444 0.0890625 0.24166666666666667 0.103125 0.24583333333333332 0.1046875 0.2513888888888889 0.10078125 0.26805555555555555 0.10234375 0.2722222222222222 0.10546875 0.2652777777777778 0.1078125 0.27361111111111114 0.1078125 0.28194444444444444 0.10625 0.2833333333333333 0.0953125 0.28055555555555556 0.09140625 0.2861111111111111 0.08125 0.2847222222222222 0.0765625 0.26666666666666666 0.07734375 0.24583333333333332
1 0.66953125 0.30972222222222223 0.678125 0.3277777777777778 0.678125 0.33611111111111114 0.675 0.3486111111111111 0.67265625 0.35 0.66953125 0.34305555555555556 0.665625 0.3402777777777778 0.64765625 0.33611111111111114 0.63984375 0.3375 0.64296875 0.31666666666666665 0.64609375 0.3111111111111111 0.66875 0.30972222222222223
1 0.75390625 0.34444444444444444 0.76875 0.3486111111111111 0.77265625 0.3541666666666667 0.77421875 0.3625 0.76640625 0.36944444444444446 0.759375 0.3819444444444444 0.753125 0.4 0.7515625 0.4152777777777778 0.7484375 0.4152777777777778 0.74140625 0.4041666666666667 0.725 0.3972222222222222 0.7234375 0.375 0.73125 0.3472222222222222 0.753125 0.34444444444444444
1 0.73828125 0.4375 0.74296875 0.44583333333333336 0.74609375 0.46805555555555556 0.7390625 0.4777777777777778 0.73203125 0.5027777777777778 0.73203125 0.5097222222222222 0.728125 0.5152777777777777 0.71640625 0.5180555555555556 0.7046875 0.5319444444444444 0.69375 0.5375 0.68828125 0.5361111111111111 0.68671875 0.49722222222222223 0.69140625 0.4527777777777778 0.6953125 0.44027777777777777 0.69921875 0.43333333333333335 0.70546875 0.43194444444444446 0.7375 0.4375
1 0.48359375 0.2916666666666667 0.4890625 0.29583333333333334 0.496875 0.3236111111111111 0.49609375 0.35 0.49296875 0.35694444444444445 0.48828125 0.35555555555555557 0.484375 0.3486111111111111 0.46875 0.35 0.45859375 0.35694444444444445 0.45546875 0.3486111111111111 0.45546875 0.3194444444444444 0.46171875 0.29583333333333334 0.46640625 0.2916666666666667 0.4828125 0.2916666666666667
1 0.52578125 0.26944444444444443 0.5359375 0.2722222222222222 0.5390625 0.2833333333333333 0.5390625 0.2916666666666667 0.5359375 0.29583333333333334 0.5109375 0.3 0.5078125 0.2763888888888889 0.51640625 0.2708333333333333 0.525 0.2708333333333333
1 0.5484375 0.27361111111111114 0.54921875 0.2791666666666667 0.546875 0.29444444444444445 0.53828125 0.29305555555555557 0.53828125 0.275 0.54765625 0.27361111111111114
1 0.1609375 0.35694444444444445 0.16875 0.3625 0.171875 0.37222222222222223 0.171875 0.3888888888888889 0.17421875 0.3958333333333333 0.17578125 0.42083333333333334 0.1734375 0.4375 0.1703125 0.44305555555555554 0.165625 0.44305555555555554 0.1609375 0.4361111111111111 0.1578125 0.4361111111111111 0.1546875 0.4236111111111111 0.14375 0.4083333333333333 0.13359375 0.4222222222222222 0.13203125 0.43472222222222223 0.12578125 0.44166666666666665 0.1125 0.44305555555555554 0.1078125 0.4361111111111111 0.10078125 0.43194444444444446 0.1 0.40694444444444444 0.1015625 0.3972222222222222 0.10703125 0.38333333333333336 0.11875 0.36527777777777776 0.128125 0.35833333333333334 0.16015625 0.35694444444444445
1 0.82578125 0.3055555555555556 0.82734375 0.30833333333333335 0.82734375 0.35138888888888886 0.825 0.35555555555555557 0.821875 0.35555555555555557 0.8171875 0.3486111111111111 0.8109375 0.33194444444444443 0.8109375 0.32083333333333336 0.81328125 0.3125 0.8171875 0.30694444444444446 0.825 0.3055555555555556
1 0.990625 0.9138888888888889 0.99140625 0.9069444444444444 0.99453125 0.9041666666666667 0.99609375 0.9069444444444444 0.9953125 0.9152777777777777 0.99921875 0.9194444444444444 0.99921875 0.9847222222222223 0.996875 0.9875 0.9953125 0.9986111111111111 0.94296875 0.9986111111111111 0.9421875 0.9902777777777778 0.9453125 0.9777777777777777 0.96171875 0.9472222222222222 0.96640625 0.9416666666666667 0.98671875 0.9347222222222222 0.98828125 0.9319444444444445 0.98828125 0.9208333333333333 0.99140625 0.9152777777777777
1 0.66484375 0.3861111111111111 0.66953125 0.39444444444444443 0.6703125 0.40555555555555556 0.6765625 0.4236111111111111 0.678125 0.4361111111111111 0.67734375 0.4583333333333333 0.67265625 0.4736111111111111 0.66953125 0.475 0.66328125 0.4708333333333333 0.65546875 0.44027777777777777 0.65078125 0.43194444444444446 0.64375 0.4263888888888889 0.628125 0.4236111111111111 0.625 0.41805555555555557 0.625 0.4111111111111111 0.6328125 0.38472222222222224 0.6515625 0.38333333333333336 0.6640625 0.3861111111111111
1 0.6984375 0.36666666666666664 0.7046875 0.37916666666666665 0.7078125 0.4 0.70078125 0.4152777777777778 0.6953125 0.43472222222222223 0.68203125 0.4388888888888889 0.6796875 0.4361111111111111 0.67890625 0.425 0.671875 0.40555555555555556 0.67109375 0.39305555555555555 0.66640625 0.38333333333333336 0.66640625 0.375 0.67265625 0.36527777777777776 0.69765625 0.36666666666666664
1 0.01015625 0.9027777777777778 0.05859375 0.9041666666666667 0.06953125 0.9069444444444444 0.07421875 0.9138888888888889 0.084375 0.9208333333333333 0.084375 0.9347222222222222 0.09140625 0.9569444444444445 0.09296875 0.9694444444444444 0.08671875 0.9819444444444444 0.0875 0.9902777777777778 0.0859375 0.9944444444444445 0.07578125 0.9986111111111111 0.05234375 0.9986111111111111 0.04296875 0.9944444444444445 0.04375 0.9888888888888889 0.05 0.9875 0.05 0.9819444444444444 0.0375 0.9819444444444444 0.0359375 0.9930555555555556 0.03125 0.9958333333333333 0.01015625 0.9986111111111111 0.003125 0.9944444444444445 0.0015625 0.9736111111111111 0.003125 0.9625 0.00234375 0.9555555555555556 0 0.9527777777777777 0 0.9305555555555556 0.00234375 0.9263888888888889 0.00390625 0.9055555555555556 0.009375 0.9027777777777778
1 0.82578125 0.2375 0.828125 0.24027777777777778 0.82734375 0.25416666666666665 0.82578125 0.2569444444444444 0.81015625 0.25972222222222224 0.80390625 0.2652777777777778 0.79375 0.29444444444444445 0.78984375 0.29444444444444445 0.7859375 0.2847222222222222 0.78671875 0.25 0.796875 0.24305555555555555 0.825 0.2375
1 0.8703125 0.4666666666666667 0.8796875 0.48333333333333334 0.884375 0.4875 0.88359375 0.5055555555555555 0.88671875 0.525 0.8859375 0.5361111111111111 0.88359375 0.5388888888888889 0.88125 0.5361111111111111 0.86640625 0.5375 0.8640625 0.5277777777777778 0.85859375 0.5194444444444445 0.846875 0.5180555555555556 0.8421875 0.5222222222222223 0.83046875 0.5222222222222223 0.82578125 0.525 0.81875 0.5402777777777777 0.8203125 0.5569444444444445 0.81796875 0.5652777777777778 0.8109375 0.5444444444444444 0.8125 0.49166666666666664 0.81015625 0.4875 0.81015625 0.48194444444444445 0.81875 0.4791666666666667 0.82578125 0.4625 0.8546875 0.4625 0.86953125 0.4666666666666667
1 0.90625 0.675 0.91953125 0.6805555555555556 0.93125 0.6916666666666667 0.9390625 0.7152777777777778 0.9390625 0.7263888888888889 0.934375 0.7444444444444445 0.93203125 0.7472222222222222 0.928125 0.7458333333333333 0.92421875 0.7625 0.925 0.7958333333333333 0.91484375 0.8138888888888889 0.878125 0.8083333333333333 0.85859375 0.8 0.8484375 0.8013888888888889 0.8421875 0.7986111111111112 0.82578125 0.7277777777777777 0.82578125 0.7222222222222222 0.83046875 0.7069444444444445 0.84453125 0.6791666666666667 0.85 0.6736111111111112 0.86953125 0.6694444444444444 0.90546875 0.675
1 0.69296875 0.8347222222222223 0.71640625 0.8402777777777778 0.72265625 0.8458333333333333 0.728125 0.8555555555555555 0.73203125 0.8888888888888888 0.740625 0.9111111111111111 0.7421875 0.9208333333333333 0.74296875 0.9472222222222222 0.74140625 0.9597222222222223 0.74296875 0.9833333333333333 0.7421875 0.9944444444444445 0.73984375 0.9986111111111111 0.70625 0.9986111111111111 0.69375 0.9930555555555556 0.68046875 0.9958333333333333 0.6765625 0.9916666666666667 0.675 0.9805555555555555 0.675 0.9375 0.67734375 0.9152777777777777 0.6765625 0.8486111111111111 0.67890625 0.8347222222222223 0.6921875 0.8347222222222223
1 0.2578125 0.19166666666666668 0.2703125 0.19722222222222222 0.275 0.21666666666666667 0.27421875 0.22916666666666666 0.265625 0.23472222222222222 0.246875 0.23472222222222222 0.24453125 0.23194444444444445 0.24296875 0.2125 0.24609375 0.2013888888888889 0.25078125 0.19444444444444445 0.25703125 0.19305555555555556
1 0.61484375 0.5361111111111111 0.6296875 0.5361111111111111 0.64140625 0.5402777777777777 0.6453125 0.5458333333333333 0.646875 0.5569444444444445 0.63125 0.5916666666666667 0.62265625 0.6319444444444444 0.60859375 0.6319444444444444 0.5953125 0.6444444444444445 0.58828125 0.6416666666666667 0.58671875 0.6375 0.5890625 0.6263888888888889 0.58515625 0.6055555555555555 0.5875 0.5791666666666667 0.5859375 0.5694444444444444 0.58046875 0.5597222222222222 0.58125 0.5569444444444445 0.58828125 0.5541666666666667 0.5984375 0.5388888888888889 0.6140625 0.5361111111111111
1 0.64140625 0.4777777777777778 0.64453125 0.48055555555555557 0.65546875 0.5180555555555556 0.65546875 0.5527777777777778 0.65078125 0.5569444444444445 0.64375 0.5416666666666666 0.63203125 0.5347222222222222 0.60234375 0.5347222222222222 0.59140625 0.5486111111111112 0.58671875 0.55 0.5875 0.5208333333333334 0.59609375 0.4861111111111111 0.59921875 0.48055555555555557 0.615625 0.47638888888888886 0.640625 0.4777777777777778
1 0.0125 0.24166666666666667 0.0328125 0.24583333333333332 0.0390625 0.2625 0.0390625 0.2902777777777778 0.0359375 0.2972222222222222 0.0296875 0.2986111111111111 0.02578125 0.2972222222222222 0.02421875 0.2847222222222222 0.01875 0.275 0 0.2611111111111111 0 0.24305555555555555 0.01171875 0.24166666666666667
1 0.63984375 0.4263888888888889 0.65234375 0.43472222222222223 0.66171875 0.4625 0.66171875 0.49166666666666664 0.65703125 0.5055555555555555 0.65390625 0.5055555555555555 0.6484375 0.49444444444444446 0.64453125 0.47638888888888886 0.6375 0.46111111111111114 0.62265625 0.45694444444444443 0.60390625 0.45694444444444443 0.6078125 0.44027777777777777 0.61484375 0.42916666666666664 0.625 0.425 0.6390625 0.4263888888888889
1 0.65703125 0.24027777777777778 0.665625 0.24444444444444444 0.66796875 0.2638888888888889 0.64140625 0.2625 0.63359375 0.26944444444444443 0.63125 0.26666666666666666 0.63046875 0.25972222222222224 0.63359375 0.24305555555555555 0.63671875 0.24027777777777778 0.65625 0.24027777777777778
1 0.665625 0.2652777777777778 0.66875 0.26805555555555555 0.67109375 0.2791666666666667 0.671875 0.29305555555555557 0.6703125 0.3055555555555556 0.66875 0.30833333333333335 0.64609375 0.3111111111111111 0.64296875 0.31805555555555554 0.640625 0.33194444444444443 0.6328125 0.3472222222222222 0.6296875 0.34444444444444444 0.628125 0.3055555555555556 0.63125 0.27361111111111114 0.63671875 0.2638888888888889 0.66484375 0.2652777777777778
1 0.734375 0.4027777777777778 0.74375 0.4097222222222222 0.7484375 0.4222222222222222 0.7515625 0.4375 0.75078125 0.4625 0.74765625 0.4625 0.74296875 0.44305555555555554 0.73984375 0.4388888888888889 0.71640625 0.43194444444444446 0.69765625 0.43194444444444446 0.70234375 0.4111111111111111 0.70859375 0.4013888888888889 0.73359375 0.4027777777777778
1 0.66484375 0.6513888888888889 0.68203125 0.6527777777777778 0.6921875 0.6569444444444444 0.703125 0.6736111111111112 0.69765625 0.6819444444444445 0.6953125 0.6986111111111111 0.6828125 0.7208333333333333 0.6828125 0.7361111111111112 0.6921875 0.7472222222222222 0.69296875 0.7513888888888889 0.6859375 0.7569444444444444 0.68203125 0.7819444444444444 0.678125 0.7861111111111111 0.67890625 0.7902777777777777 0.67734375 0.7916666666666666 0.675 0.7916666666666666 0.6734375 0.7763888888888889 0.66953125 0.7694444444444445 0.65703125 0.7652777777777777 0.6265625 0.7638888888888888 0.62265625 0.7583333333333333 0.62265625 0.7319444444444444 0.625 0.7222222222222222 0.62265625 0.6736111111111112 0.62578125 0.6652777777777777 0.63359375 0.6625 0.64296875 0.6513888888888889 0.6640625 0.6513888888888889
1 0.153125 0.7416666666666667 0.19609375 0.7430555555555556 0.2046875 0.7472222222222222 0.21328125 0.7736111111111111 0.2171875 0.7805555555555556 0.2234375 0.7819444444444444 0.22734375 0.7875 0.225 0.7944444444444444 0.22890625 0.8430555555555556 0.2265625 0.9 0.225 0.9041666666666667 0.2125 0.9125 0.20546875 0.9236111111111112 0.203125 0.9472222222222222 0.19921875 0.9458333333333333 0.19140625 0.9361111111111111 0.18203125 0.9361111111111111 0.171875 0.9444444444444444 0.1609375 0.9458333333333333 0.11015625 0.9458333333333333 0.09140625 0.9402777777777778 0.0875 0.9347222222222222 0.08828125 0.9208333333333333 0.08515625 0.9152777777777777 0.0828125 0.8972222222222223 0.084375 0.85 0.1015625 0.7763888888888889 0.12734375 0.7458333333333333 0.15234375 0.7416666666666667
1 0.778125 0.4722222222222222 0.78359375 0.4777777777777778 0.78984375 0.5041666666666667 0.79296875 0.5097222222222222 0.796875 0.5083333333333333 0.79375 0.5277777777777778 0.7921875 0.5833333333333334 0.78984375 0.5861111111111111 0.78359375 0.5847222222222223 0.78203125 0.5680555555555555 0.76875 0.5222222222222223 0.759375 0.5166666666666667 0.7359375 0.5152777777777777 0.7328125 0.5111111111111111 0.73671875 0.4847222222222222 0.74453125 0.4708333333333333 0.77734375 0.4722222222222222
0 0.47109375 0.375 0.4859375 0.37916666666666665 0.49765625 0.39166666666666666 0.5015625 0.4 0.50703125 0.425 0.51171875 0.42916666666666664 0.51171875 0.4513888888888889 0.5078125 0.4777777777777778 0.5078125 0.5652777777777778 0.4953125 0.6125 0.48046875 0.6416666666666667 0.47734375 0.6666666666666666 0.471875 0.6708333333333333 0.46171875 0.6708333333333333 0.45625 0.6666666666666666 0.4546875 0.6472222222222223 0.4484375 0.6263888888888889 0.45078125 0.6166666666666667 0.45 0.6083333333333333 0.44609375 0.6 0.44140625 0.5972222222222222 0.43515625 0.5986111111111111 0.43125 0.6055555555555555 0.43125 0.6222222222222222 0.42890625 0.6263888888888889 0.415625 0.6277777777777778 0.4078125 0.6333333333333333 0.4046875 0.6402777777777777 0.40390625 0.6513888888888889 0.396875 0.6569444444444444 0.3765625 0.6611111111111111 0.36953125 0.6541666666666667 0.3609375 0.6527777777777778 0.35703125 0.6444444444444445 0.35625 0.5916666666666667 0.3609375 0.45416666666666666 0.365625 0.425 0.37421875 0.41388888888888886 0.38828125 0.4097222222222222 0.3984375 0.4013888888888889 0.42109375 0.3972222222222222 0.425 0.3861111111111111 0.425 0.3819444444444444 0.42109375 0.37916666666666665 0.425 0.38055555555555554 0.43203125 0.3763888888888889 0.43359375 0.37916666666666665 0.425 0.38333333333333336 0.43125 0.3861111111111111 0.4328125 0.39166666666666666 0.43671875 0.39305555555555555 0.45078125 0.39166666666666666 0.45234375 0.3888888888888889 0.45 0.38333333333333336 0.45234375 0.375 0.4703125 0.375
0 0.54609375 0.3 0.5640625 0.3055555555555556 0.56953125 0.3111111111111111 0.5734375 0.3194444444444444 0.5765625 0.3416666666666667 0.57734375 0.375 0.575 0.4152777777777778 0.575 0.48055555555555557 0.57421875 0.4875 0.57109375 0.4930555555555556 0.56484375 0.4930555555555556 0.5515625 0.48333333333333334 0.515625 0.4791666666666667 0.51484375 0.4736111111111111 0.51796875 0.4625 0.51640625 0.44027777777777777 0.51328125 0.425 0.5078125 0.41805555555555557 0.49765625 0.3875 0.49765625 0.35138888888888886 0.5078125 0.30833333333333335 0.51640625 0.3 0.5453125 0.3
0 0.18046875 0.18055555555555555 0.20625 0.18194444444444444 0.2078125 0.18472222222222223 0.2078125 0.24444444444444444 0.20625 0.24861111111111112 0.19765625 0.24305555555555555 0.165625 0.24027777777777778 0.1640625 0.23055555555555557 0.16484375 0.19027777777777777 0.16796875 0.18472222222222223 0.1796875 0.18055555555555555