3 0.06484375 0.1763888888888889 0.075 0.18055555555555555 0.08203125 0.19027777777777777 0.0859375 0.20694444444444443 0.08671875 0.22083333333333333 0.09453125 0.23333333333333334 0.0953125 0.24166666666666667 0.090625 0.25 0.07890625 0.25833333333333336 0.06484375 0.25555555555555554 0.059375 0.24444444444444444 0.05859375 0.22361111111111112 0.06015625 0.2125 0.05859375 0.17916666666666667 0.0640625 0.1763888888888889
3 0.33515625 0.3333333333333333 0.34375 0.3375 0.34921875 0.35138888888888886 0.35234375 0.40555555555555556 0.35859375 0.42083333333333334 0.35859375 0.42777777777777776 0.353125 0.4361111111111111 0.35390625 0.4583333333333333 0.35234375 0.4736111111111111 0.34921875 0.47638888888888886 0.34140625 0.475 0.3359375 0.46111111111111114 0.32734375 0.45 0.30234375 0.45 0.29765625 0.4527777777777778 0.28984375 0.4652777777777778 0.2828125 0.46944444444444444 0.27890625 0.46944444444444444 0.27578125 0.4625 0.275 0.4361111111111111 0.27734375 0.425 0.278125 0.4041666666666667 0.28203125 0.39166666666666666 0.28203125 0.3736111111111111 0.2796875 0.3638888888888889 0.28046875 0.3472222222222222 0.2828125 0.34305555555555556 0.29375 0.3375 0.31484375 0.3375 0.334375 0.3333333333333333
3 0.83203125 0.5055555555555555 0.8421875 0.5138888888888888 0.85 0.5263888888888889 0.85859375 0.5444444444444444 0.8609375 0.5569444444444445 0.86640625 0.5666666666666667 0.86640625 0.575 0.859375 0.5791666666666667 0.85703125 0.5902777777777778 0.8453125 0.6111111111111112 0.79609375 0.6083333333333333 0.78671875 0.6138888888888889 0.78046875 0.6263888888888889 0.771875 0.6236111111111111 0.76171875 0.625 0.7578125 0.6208333333333333 0.7546875 0.6097222222222223 0.7546875 0.5861111111111111 0.7484375 0.5611111111111111 0.7484375 0.5458333333333333 0.75234375 0.5263888888888889 0.75703125 0.5208333333333334 0.771875 0.5194444444444445 0.7765625 0.5055555555555555 0.78671875 0.5 0.81328125 0.4986111111111111 0.83125 0.5055555555555555
3 0.4671875 0.26805555555555555 0.47421875 0.275 0.4765625 0.28888888888888886 0.4765625 0.3527777777777778 0.4734375 0.3625 0.4609375 0.35833333333333334 0.453125 0.3263888888888889 0.45 0.33055555555555555 0.44609375 0.35694444444444445 0.44140625 0.35694444444444445 0.43828125 0.35138888888888886 0.434375 0.32222222222222224 0.434375 0.2708333333333333 0.4390625 0.26805555555555555 0.46640625 0.26805555555555555
3 0.2125 0.20555555555555555 0.23125 0.21944444444444444 0.23125 0.23055555555555557 0.228125 0.2388888888888889 0.21796875 0.24027777777777778 0.19296875 0.23472222222222222 0.18984375 0.22916666666666666 0.18984375 0.2152777777777778 0.1921875 0.20416666666666666 0.20859375 0.20277777777777778 0.21171875 0.20555555555555555
3 0.23203125 0.4111111111111111 0.23984375 0.41388888888888886 0.24765625 0.4111111111111111 0.2546875 0.42083333333333334 0.26171875 0.4666666666666667 0.259375 0.475 0.26015625 0.49583333333333335 0.24375 0.5097222222222222 0.2359375 0.5305555555555556 0.21953125 0.5319444444444444 0.2046875 0.5416666666666666 0.20234375 0.5402777777777777 0.2 0.5180555555555556 0.2 0.4791666666666667 0.1984375 0.47638888888888886 0.2 0.4222222222222222 0.2078125 0.4111111111111111 0.23125 0.4111111111111111
3 0.38671875 0.1763888888888889 0.3890625 0.19166666666666668 0.3875 0.19722222222222222 0.3875 0.23333333333333334 0.38515625 0.2361111111111111 0.38046875 0.23333333333333334 0.37890625 0.22083333333333333 0.375 0.2125 0.36328125 0.20694444444444443 0.36171875 0.19166666666666668 0.3625 0.17916666666666667 0.365625 0.175 0.3859375 0.1763888888888889
3 0.503125 0.43472222222222223 0.55859375 0.43333333333333335 0.5796875 0.4527777777777778 0.58203125 0.4708333333333333 0.58125 0.49583333333333335 0.590625 0.5333333333333333 0.59375 0.5541666666666667 0.59609375 0.5916666666666667 0.59453125 0.6152777777777778 0.59609375 0.6333333333333333 0.59296875 0.6416666666666667 0.58671875 0.6472222222222223 0.56171875 0.6458333333333334 0.546875 0.6402777777777777 0.5390625 0.6125 0.528125 0.5944444444444444 0.5171875 0.5847222222222223 0.4953125 0.5777777777777777 0.4890625 0.5694444444444444 0.4859375 0.5111111111111111 0.4875 0.4930555555555556 0.48671875 0.44166666666666665 0.4890625 0.4361111111111111 0.50234375 0.43472222222222223
3 0.3015625 0.31527777777777777 0.31328125 0.31666666666666665 0.31640625 0.325 0.3171875 0.3347222222222222 0.3140625 0.3375 0.29140625 0.3375 0.28125 0.34444444444444444 0.27890625 0.35555555555555557 0.28125 0.3902777777777778 0.27734375 0.40694444444444444 0.27578125 0.40694444444444444 0.27265625 0.3861111111111111 0.27109375 0.3638888888888889 0.271875 0.3236111111111111 0.27578125 0.31666666666666665 0.30078125 0.31527777777777777
2 0.1640625 0.2875 0.16640625 0.29583333333333334 0.16484375 0.31666666666666665 0.15625 0.30694444444444446 0.15703125 0.28888888888888886 0.16328125 0.2875
2 0.10546875 0.46944444444444444 0.11875 0.46944444444444444 0.1203125 0.4736111111111111 0.11796875 0.475 0.11640625 0.4722222222222222 0.115625 0.4777777777777778 0.11953125 0.4791666666666667 0.12265625 0.4875 0.11484375 0.5055555555555555 0.10234375 0.5 0.1015625 0.4930555555555556 0.10546875 0.4708333333333333
2 0.11171875 0.3680555555555556 0.0140625 0.03888888888888889
2 0.72890625 0.6777777777777778 0.7375 0.6930555555555555 0.73828125 0.7138888888888889 0.734375 0.7319444444444444 0.73359375 0.7513888888888889 0.72734375 0.7583333333333333 0.71328125 0.7569444444444444 0.709375 0.7486111111111111 0.709375 0.7263888888888889 0.7109375 0.7222222222222222 0.71015625 0.7055555555555556 0.7125 0.6902777777777778 0.7171875 0.6805555555555556 0.721875 0.6763888888888889 0.728125 0.6777777777777778
2 0.45859375 0.3541666666666667 0.46015625 0.35833333333333334 0.46015625 0.37083333333333335 0.45703125 0.3888888888888889 0.45234375 0.3888888888888889 0.4484375 0.38472222222222224 0.44765625 0.35833333333333334 0.4515625 0.3527777777777778 0.4578125 0.3541666666666667
2 0.12890625 0.33055555555555555 0.13125 0.3347222222222222 0.13125 0.3472222222222222 0.1265625 0.3625 0.12265625 0.3611111111111111 0.11875 0.35 0.11875 0.33055555555555555 0.12109375 0.3277777777777778 0.128125 0.33055555555555555
2 0.18203125 0.24444444444444444 0.18515625 0.25 0.18515625 0.2611111111111111 0.17734375 0.26666666666666666 0.1734375 0.2652777777777778 0.171875 0.25833333333333336 0.17265625 0.2513888888888889 0.175 0.24305555555555555 0.18125 0.24444444444444444
2 0.41328125 0.21666666666666667 0.415625 0.21944444444444444 0.41640625 0.22777777777777777 0.4109375 0.2375 0.4078125 0.23472222222222222 0.40703125 0.22361111111111112 0.41015625 0.21666666666666667 0.4125 0.21666666666666667
2 0.084375 0.4652777777777778 0.08828125 0.49444444444444446 0.071875 0.49444444444444446 0.06640625 0.4847222222222222 0.0671875 0.475 0.07109375 0.46805555555555556 0.07734375 0.4722222222222222 0.08359375 0.4666666666666667
2 0.9953125 0.7166666666666667 0.99921875 0.7222222222222222 0.99921875 0.8263888888888888 0.99609375 0.8277777777777777 0.97890625 0.8208333333333333 0.96171875 0.7833333333333333 0.9625 0.7541666666666667 0.96484375 0.7458333333333333 0.96328125 0.7291666666666666 0.9703125 0.7305555555555555 0.97734375 0.7416666666666667 0.9828125 0.7361111111111112 0.984375 0.725 0.9875 0.7180555555555556 0.99453125 0.7166666666666667
2 0.90703125 0.6777777777777778 0.9125 0.6819444444444445 0.91796875 0.6791666666666667 0.92421875 0.6805555555555556 0.9265625 0.7097222222222223 0.92578125 0.7638888888888888 0.92421875 0.7694444444444445 0.92109375 0.7694444444444445 0.9171875 0.7625 0.91328125 0.7263888888888889 0.90078125 0.6958333333333333 0.8984375 0.6791666666666667 0.90625 0.6777777777777778
2 0.6703125 0.6527777777777778 0.68359375 0.6583333333333333 0.6875 0.6638888888888889 0.68359375 0.7375 0.6796875 0.7416666666666667 0.67578125 0.7402777777777778 0.67109375 0.7319444444444444 0.665625 0.7277777777777777 0.659375 0.7055555555555556 0.66171875 0.6569444444444444 0.66953125 0.6527777777777778
2 0.096875 0.43472222222222223 0.1 0.44583333333333336 0.10078125 0.4652777777777778 0.09921875 0.47638888888888886 0.0953125 0.4861111111111111 0.09140625 0.4861111111111111 0.0875 0.4777777777777778 0.08515625 0.45 0.08671875 0.4388888888888889 0.0890625 0.43472222222222223 0.09609375 0.43472222222222223
2 0.190625 0.2722222222222222 0.19375 0.2763888888888889 0.1953125 0.2861111111111111 0.19296875 0.30277777777777776 0.1890625 0.3013888888888889 0.1859375 0.28888888888888886 0.1859375 0.2777777777777778 0.18984375 0.2722222222222222
2 0.17890625 0.2833333333333333 0.18125 0.2875 0.18203125 0.2986111111111111 0.18046875 0.30694444444444446 0.17734375 0.3111111111111111 0.17265625 0.30833333333333335 0.17109375 0.2902777777777778 0.17265625 0.2861111111111111 0.178125 0.2833333333333333
2 0.13359375 0.3194444444444444 0.13984375 0.31805555555555554 0.14296875 0.325 0.14140625 0.3486111111111111 0.1359375 0.35138888888888886 0.13203125 0.3472222222222222 0.13125 0.3388888888888889 0.13359375 0.32083333333333336
2 0.49140625 0.3125 0.49296875 0.32222222222222224 0.490625 0.33055555555555555 0.48515625 0.32916666666666666 0.4859375 0.3138888888888889 0.490625 0.3125
2 0.38671875 0.28055555555555556 0.38828125 0.29305555555555557 0.384375 0.30833333333333335 0.38046875 0.30833333333333335 0.37890625 0.30416666666666664 0.378125 0.2833333333333333 0.3796875 0.28055555555555556 0.3859375 0.28055555555555556
2 0.91796875 0.7930555555555555 0.9234375 0.8166666666666667 0.921875 0.8694444444444445 0.925 0.8861111111111111 0.92421875 0.8986111111111111 0.9203125 0.9055555555555556 0.91171875 0.9041666666666667 0.9 0.8847222222222222 0.896875 0.8833333333333333 0.89296875 0.8763888888888889 0.89296875 0.8722222222222222 0.88984375 0.8694444444444445 0.88671875 0.8486111111111111 0.88671875 0.8444444444444444 0.8953125 0.8416666666666667 0.89765625 0.8055555555555556 0.90546875 0.7958333333333333 0.9140625 0.7916666666666666 0.9171875 0.7930555555555555
2 0.7265625 0.5611111111111111 0.72734375 0.5708333333333333 0.725 0.5791666666666667 0.72421875 0.6027777777777777 0.7203125 0.6166666666666667 0.7140625 0.6166666666666667 0.709375 0.6111111111111112 0.70703125 0.6013888888888889 0.70546875 0.5666666666666667 0.71015625 0.5597222222222222 0.72578125 0.5611111111111111
2 0.76171875 0.6833333333333333 0.76640625 0.6916666666666667 0.77109375 0.7166666666666667 0.77421875 0.7236111111111111 0.771875 0.7319444444444444 0.759375 0.7375 0.74609375 0.7361111111111112 0.74375 0.7305555555555555 0.74375 0.7222222222222222 0.75390625 0.6861111111111111 0.7609375 0.6833333333333333
2 0.61875 0.6291666666666667 0.62734375 0.625 0.63671875 0.6263888888888889 0.640625 0.65 0.6375 0.7 0.63515625 0.7041666666666667 0.62890625 0.7027777777777777 0.61640625 0.6861111111111111 0.61484375 0.6805555555555556 0.61875 0.6305555555555555
2 0.4109375 0.3458333333333333 0.40859375 0.32083333333333336 0.41328125 0.3138888888888889 0.415625 0.3194444444444444 0.4171875 0.3375 0.41484375 0.3458333333333333 0.41171875 0.3458333333333333
2 0.48359375 0.2638888888888889 0.48515625 0.26805555555555555 0.48515625 0.2833333333333333 0.48359375 0.2875 0.478125 0.2875 0.4765625 0.28194444444444444 0.47734375 0.26666666666666666 0.4796875 0.2625 0.4828125 0.2638888888888889
2 0.12265625 0.49166666666666664 0.12734375 0.4986111111111111 0.1296875 0.5083333333333333 0.1296875 0.5333333333333333 0.1265625 0.5319444444444444 0.11015625 0.5041666666666667 0.1125 0.49722222222222223 0.121875 0.49166666666666664
2 0.69375 0.6041666666666666 0.69921875 0.6125 0.70078125 0.6402777777777777 0.7 0.6805555555555556 0.69609375 0.6861111111111111 0.68828125 0.6583333333333333 0.68671875 0.6263888888888889 0.68359375 0.6138888888888889 0.68515625 0.6069444444444444 0.69296875 0.6041666666666666
2 0.5828125 0.9833333333333333 0.58359375 0.9944444444444445 0.58203125 0.9986111111111111 0.559375 0.9986111111111111 0.559375 0.9902777777777778 0.56328125 0.9847222222222223 0.58203125 0.9833333333333333
2 0.23046875 0.6916666666666667 0.23203125 0.7055555555555556 0.2234375 0.7305555555555555 0.2171875 0.7347222222222223 0.2109375 0.7347222222222223 0.20625 0.725 0.2015625 0.7041666666666667 0.2 0.6625 0.203125 0.6472222222222223 0.215625 0.6444444444444445 0.2234375 0.6458333333333334 0.22421875 0.675 0.2296875 0.6916666666666667
1 0.4171875 0.43194444444444446 0.42578125 0.44027777777777777 0.4359375 0.46944444444444444 0.43984375 0.4930555555555556 0.4421875 0.5277777777777778 0.4390625 0.5416666666666666 0.4296875 0.5361111111111111 0.3796875 0.5361111111111111 0.37421875 0.5152777777777777 0.36796875 0.46805555555555556 0.37578125 0.4513888888888889 0.378125 0.4388888888888889 0.38046875 0.43472222222222223 0.3890625 0.43194444444444446 0.41640625 0.43194444444444446
1 0.2890625 0.2708333333333333 0.2921875 0.2791666666666667 0.28515625 0.2791666666666667 0.28046875 0.2833333333333333 0.27734375 0.2916666666666667 0.27578125 0.3125 0.26953125 0.33055555555555555 0.26640625 0.33055555555555555 0.26484375 0.3263888888888889 0.2640625 0.30694444444444446 0.2640625 0.29583333333333334 0.2671875 0.2861111111111111 0.26796875 0.27361111111111114 0.275 0.26805555555555555 0.28828125 0.2708333333333333
1 0.5296875 0.3125 0.54375 0.31666666666666665 0.54921875 0.325 0.553125 0.3375 0.55546875 0.3597222222222222 0.54296875 0.37777777777777777 0.534375 0.375 0.53125 0.35833333333333334 0.53203125 0.3458333333333333 0.52890625 0.3402777777777778 0.51328125 0.3347222222222222 0.51328125 0.3236111111111111 0.515625 0.31527777777777777 0.51875 0.3125 0.52890625 0.3125
1 0.49921875 0.41388888888888886 0.50859375 0.43194444444444446 0.4875 0.4375 0.4859375 0.4513888888888889 0.4859375 0.5083333333333333 0.4765625 0.5125 0.46953125 0.5236111111111111 0.46484375 0.5222222222222223 0.459375 0.5111111111111111 0.45625 0.5111111111111111 0.45390625 0.5055555555555555 0.45234375 0.4527777777777778 0.45546875 0.43472222222222223 0.46328125 0.41388888888888886 0.4984375 0.41388888888888886
1 0.4421875 0.22777777777777777 0.453125 0.23333333333333334 0.45546875 0.2375 0.459375 0.24861111111111112 0.45703125 0.25972222222222224 0.4515625 0.2652777777777778 0.43203125 0.26666666666666666 0.43046875 0.24583333333333332 0.43359375 0.23333333333333334 0.44140625 0.22916666666666666
1 0.43515625 0.2125 0.43984375 0.21666666666666667 0.44140625 0.225 0.43359375 0.2361111111111111 0.4296875 0.24722222222222223 0.42109375 0.24583333333333332 0.41875 0.24027777777777778 0.41953125 0.23194444444444445 0.42265625 0.21944444444444444 0.434375 0.2125
1 0.3171875 0.22083333333333333 0.32421875 0.22361111111111112 0.328125 0.22916666666666666 0.328125 0.2388888888888889 0.325 0.25416666666666665 0.315625 0.25555555555555554 0.3140625 0.25277777777777777 0.31484375 0.2375 0.31015625 0.22361111111111112 0.31640625 0.2222222222222222
1 0.46484375 0.3972222222222222 0.47109375 0.4 0.475 0.4097222222222222 0.4671875 0.4111111111111111 0.4609375 0.41805555555555557 0.45390625 0.4388888888888889 0.4515625 0.4708333333333333 0.446875 0.47638888888888886 0.440625 0.475 0.440625 0.4652777777777778 0.43515625 0.45555555555555555 0.43046875 0.43194444444444446 0.43125 0.41388888888888886 0.4390625 0.4 0.4453125 0.3958333333333333 0.4640625 0.3972222222222222
1 0.79453125 0.7263888888888889 0.8046875 0.7333333333333333 0.83359375 0.7625 0.85390625 0.8013888888888889 0.8578125 0.8027777777777778 0.85625 0.8055555555555556 0.85703125 0.8138888888888889 0.875 0.8583333333333333 0.87890625 0.8902777777777777 0.878125 0.9180555555555555 0.87265625 0.925 0.85078125 0.9305555555555556 0.8015625 0.9291666666666667 0.7828125 0.9236111111111112 0.7671875 0.9291666666666667 0.7609375 0.9208333333333333 0.7578125 0.9 0.74375 0.8819444444444444 0.73828125 0.8777777777777778 0.72265625 0.8791666666666667 0.71953125 0.8736111111111111 0.71328125 0.8333333333333334 0.71328125 0.8055555555555556 0.71875 0.7708333333333334 0.72265625 0.7638888888888888 0.73046875 0.7597222222222222 0.74375 0.7430555555555556 0.7703125 0.7361111111111112 0.77734375 0.7263888888888889 0.79375 0.7263888888888889
1 0.390625 0.32916666666666666 0.4 0.3347222222222222 0.40390625 0.3416666666666667 0.403125 0.3486111111111111 0.3984375 0.35555555555555557 0.38984375 0.39166666666666666 0.38046875 0.3902777777777778 0.371875 0.39305555555555555 0.36875 0.39305555555555555 0.365625 0.3875 0.3671875 0.3472222222222222 0.3734375 0.3333333333333333 0.3796875 0.32916666666666666 0.38984375 0.32916666666666666
1 0.34453125 0.2125 0.34609375 0.21388888888888888 0.34609375 0.21944444444444444 0.35078125 0.2222222222222222 0.35546875 0.23333333333333334 0.35859375 0.2513888888888889 0.3578125 0.2625 0.353125 0.2638888888888889 0.3515625 0.2625 0.35078125 0.24722222222222223 0.3484375 0.24027777777777778 0.3421875 0.23194444444444445 0.33515625 0.23055555555555557 0.3375 0.225 0.34296875 0.2222222222222222 0.34453125 0.21388888888888888
1 0.35 0.7638888888888888 0.365625 0.7958333333333333 0.3828125 0.8513888888888889 0.3875 0.8472222222222222 0.39765625 0.8472222222222222 0.40078125 0.8513888888888889 0.39921875 0.8625 0.3859375 0.8736111111111111 0.39765625 0.9166666666666666 0.39765625 0.9305555555555556 0.40078125 0.9444444444444444 0.40078125 0.9694444444444444 0.39609375 0.9791666666666666 0.38203125 0.9777777777777777 0.37734375 0.9819444444444444 0.36953125 0.9819444444444444 0.36640625 0.9916666666666667 0.3625 0.9805555555555555 0.3515625 0.9791666666666666 0.3234375 0.9847222222222223 0.3171875 0.9888888888888889 0.31796875 0.9930555555555556 0.3203125 0.9930555555555556 0.315625 0.9944444444444445 0.31328125 0.9986111111111111 0.29609375 0.9958333333333333 0.28046875 0.9958333333333333 0.275 0.9986111111111111 0.2671875 0.9958333333333333 0.25703125 0.9763888888888889 0.2546875 0.9611111111111111 0.253125 0.8916666666666667 0.2546875 0.8638888888888889 0.2578125 0.8402777777777778 0.26171875 0.8263888888888888 0.26171875 0.8125 0.27109375 0.7833333333333333 0.28203125 0.7680555555555556 0.31015625 0.7625 0.34921875 0.7638888888888888
1 0.22734375 0.3347222222222222 0.23203125 0.3472222222222222 0.2359375 0.35138888888888886 0.23671875 0.35833333333333334 0.2171875 0.3597222222222222 0.2078125 0.36527777777777776 0.20078125 0.38333333333333336 0.19921875 0.40555555555555556 0.19609375 0.4041666666666667 0.1953125 0.4 0.1953125 0.37916666666666665 0.19296875 0.36666666666666664 0.19765625 0.3527777777777778 0.20703125 0.33611111111111114 0.2125 0.3333333333333333 0.2265625 0.3347222222222222
1 0.8578125 0.6180555555555556 0.8734375 0.6277777777777778 0.88515625 0.6458333333333334 0.89609375 0.675 0.9015625 0.7 0.91171875 0.7222222222222222 0.915625 0.7486111111111111 0.91484375 0.7597222222222222 0.90859375 0.7611111111111111 0.90625 0.7541666666666667 0.90546875 0.7375 0.90234375 0.7319444444444444 0.89296875 0.7291666666666666 0.88828125 0.7416666666666667 0.8875 0.7569444444444444 0.87734375 0.775 0.8796875 0.7916666666666666 0.8765625 0.7944444444444444 0.853125 0.7916666666666666 0.8453125 0.7833333333333333 0.83203125 0.7583333333333333 0.81484375 0.7402777777777778 0.80703125 0.7361111111111112 0.80078125 0.7263888888888889 0.7828125 0.7208333333333333 0.7796875 0.7166666666666667 0.77890625 0.7055555555555556 0.771875 0.6944444444444444 0.76953125 0.6847222222222222 0.77265625 0.6777777777777778 0.77265625 0.6652777777777777 0.77734375 0.6527777777777778 0.778125 0.6444444444444445 0.784375 0.6222222222222222 0.7890625 0.6138888888888889 0.79453125 0.6111111111111112 0.828125 0.6111111111111112 0.85703125 0.6180555555555556
1 0.35625 0.2 0.36015625 0.20416666666666666 0.36015625 0.2125 0.35234375 0.22916666666666666 0.34296875 0.22083333333333333 0.34140625 0.20555555555555555 0.34375 0.2013888888888889 0.35546875 0.2
1 0.40078125 0.19027777777777777 0.40546875 0.20416666666666666 0.403125 0.2222222222222222 0.390625 0.23194444444444445 0.3890625 0.2263888888888889 0.38828125 0.1986111111111111 0.390625 0.19305555555555556 0.4 0.19027777777777777
1 0 0.5805555555555556 0.00859375 0.5805555555555556 0.01875 0.5902777777777778 0.0265625 0.6305555555555555 0.03359375 0.6430555555555556 0.0328125 0.6486111111111111 0.02421875 0.6555555555555556 0.02265625 0.6597222222222222 0.02421875 0.6708333333333333 0.02265625 0.6763888888888889 0.0234375 0.7083333333333334 0.01796875 0.7388888888888889 0.015625 0.7430555555555556 0 0.7416666666666667 0 0.5819444444444445
1 0.296875 0.2513888888888889 0.30703125 0.2513888888888889 0.30625 0.25555555555555554 0.31015625 0.2569444444444444 0.31328125 0.2652777777777778 0.31328125 0.275 0.31015625 0.2833333333333333 0.29375 0.2791666666666667 0.28359375 0.2638888888888889 0.28671875 0.25833333333333336 0.29375 0.2569444444444444 0.296875 0.25277777777777777
1 0.23046875 0.30277777777777776 0.2390625 0.3138888888888889 0.240625 0.33055555555555555 0.23671875 0.3458333333333333 0.234375 0.3486111111111111 0.225 0.3333333333333333 0.20859375 0.3347222222222222 0.19921875 0.3486111111111111 0.19765625 0.3458333333333333 0.19921875 0.3194444444444444 0.203125 0.30416666666666664 0.2078125 0.3013888888888889 0.2296875 0.30277777777777776
1 0.7515625 0.28194444444444444 0.7609375 0.29583333333333334 0.76328125 0.32916666666666666 0.75859375 0.33611111111111114 0.7375 0.33194444444444443 0.73359375 0.32083333333333336 0.73125 0.29305555555555557 0.7328125 0.2833333333333333 0.75078125 0.28194444444444444
1 0.45234375 0.55 0.45859375 0.5569444444444445 0.465625 0.575 0.465625 0.5819444444444445 0.4546875 0.5972222222222222 0.453125 0.6083333333333333 0.446875 0.6222222222222222 0.44296875 0.6652777777777777 0.4375 0.6694444444444444 0.4171875 0.6708333333333333 0.41171875 0.6777777777777778 0.4078125 0.6777777777777778 0.40546875 0.6736111111111112 0.40390625 0.6625 0.3953125 0.6527777777777778 0.39296875 0.6402777777777777 0.39375 0.6013888888888889 0.403125 0.5555555555555556 0.40703125 0.5513888888888889 0.421875 0.5486111111111112 0.4515625 0.55
1 0.07734375 0.7861111111111111 0.08125 0.7902777777777777 0.1046875 0.7930555555555555 0.11640625 0.8208333333333333 0.11953125 0.8333333333333334 0.11953125 0.8444444444444444 0.121875 0.8486111111111111 0.13046875 0.85 0.134375 0.8541666666666666 0.13515625 0.8583333333333333 0.13359375 0.8625 0.12265625 0.8680555555555556 0.1203125 0.8736111111111111 0.125 0.9 0.12421875 0.9736111111111111 0.1203125 0.9819444444444444 0.1078125 0.9888888888888889 0.06796875 0.9861111111111112 0.0640625 0.9888888888888889 0.01015625 0.9958333333333333 0.0046875 0.9944444444444445 0.00234375 0.9847222222222223 0.0015625 0.9347222222222222 0.003125 0.9305555555555556 0.00234375 0.9097222222222222 0.0046875 0.8791666666666667 0 0.875 0 0.8638888888888889 0.01171875 0.8541666666666666 0.0140625 0.8305555555555556 0.02109375 0.8263888888888888 0.02421875 0.8083333333333333 0.02890625 0.7972222222222223 0.05078125 0.7916666666666666 0.0578125 0.7819444444444444 0.07421875 0.7819444444444444 0.0765625 0.7861111111111111
1 0.39609375 0.2375 0.40390625 0.24027777777777778 0.4078125 0.24861111111111112 0.40703125 0.28194444444444444 0.4046875 0.2875 0.3890625 0.28194444444444444 0.3859375 0.26666666666666666 0.38203125 0.2611111111111111 0.38125 0.25 0.3828125 0.24305555555555555 0.3859375 0.2388888888888889 0.3953125 0.2375
1 0.35625 0.48194444444444445 0.3625 0.4875 0.3671875 0.49722222222222223 0.37109375 0.5152777777777777 0.37734375 0.5319444444444444 0.3796875 0.5486111111111112 0.3796875 0.5805555555555556 0.37734375 0.5833333333333334 0.365625 0.5791666666666667 0.32109375 0.5833333333333334 0.31328125 0.5569444444444445 0.3125 0.5375 0.30703125 0.5222222222222223 0.30625 0.5125 0.31484375 0.4930555555555556 0.31953125 0.4861111111111111 0.3265625 0.48333333333333334 0.35546875 0.48194444444444445
1 0.29296875 0.2708333333333333 0.29375 0.2763888888888889 0.30703125 0.28194444444444444 0.3109375 0.28888888888888886 0.3125 0.29444444444444445 0.3109375 0.3125 0.27421875 0.31666666666666665 0.27734375 0.28888888888888886 0.2828125 0.28055555555555556 0.2921875 0.2777777777777778 0.2921875 0.2722222222222222
1 0.2828125 0.5013888888888889 0.290625 0.5041666666666667 0.29765625 0.5111111111111111 0.31015625 0.5361111111111111 0.3109375 0.5527777777777778 0.31875 0.5888888888888889 0.31796875 0.5972222222222222 0.315625 0.6 0.29453125 0.6027777777777777 0.25390625 0.6055555555555555 0.24453125 0.6194444444444445 0.2375 0.6180555555555556 0.234375 0.6125 0.23203125 0.6055555555555555 0.234375 0.55 0.24140625 0.5180555555555556 0.24765625 0.5083333333333333 0.25390625 0.5041666666666667 0.28203125 0.5027777777777778
1 0.6125 0.37916666666666665 0.6390625 0.38333333333333336 0.6484375 0.3902777777777778 0.6546875 0.4013888888888889 0.665625 0.44027777777777777 0.66640625 0.4625 0.66484375 0.4777777777777778 0.66171875 0.48333333333333334 0.65546875 0.48333333333333334 0.64453125 0.4736111111111111 0.6359375 0.4597222222222222 0.62421875 0.45 0.5984375 0.4444444444444444 0.5953125 0.43333333333333335 0.59609375 0.425 0.59453125 0.41805555555555557 0.5984375 0.3958333333333333 0.60234375 0.38333333333333336 0.61171875 0.38055555555555554
1 0.56484375 0.4222222222222222 0.58125 0.425 0.58984375 0.43194444444444446 0.59375 0.44583333333333336 0.58671875 0.45 0.5796875 0.45 0.56875 0.4388888888888889 0.55390625 0.4305555555555556 0.55390625 0.42777777777777776 0.5640625 0.4222222222222222
1 0.32890625 0.4513888888888889 0.3390625 0.46944444444444444 0.3390625 0.48055555555555557 0.325 0.48333333333333334 0.3171875 0.4888888888888889 0.30390625 0.5152777777777777 0.3 0.5138888888888888 0.28515625 0.49444444444444446 0.284375 0.4847222222222222 0.2875 0.46944444444444444 0.29765625 0.4513888888888889 0.328125 0.4513888888888889
1 0.52578125 0.37777777777777777 0.540625 0.3819444444444444 0.55078125 0.3902777777777778 0.5578125 0.40694444444444444 0.56015625 0.42083333333333334 0.54453125 0.43194444444444446 0.5234375 0.43333333333333335 0.5109375 0.43194444444444446 0.50234375 0.4152777777777778 0.5015625 0.40694444444444444 0.50859375 0.3819444444444444 0.525 0.37777777777777777
1 0.25234375 0.3861111111111111 0.253125 0.39305555555555555 0.24609375 0.4097222222222222 0.2015625 0.4111111111111111 0.19765625 0.4027777777777778 0.196875 0.39166666666666666 0.20234375 0.37916666666666665 0.20390625 0.36944444444444446 0.21328125 0.3611111111111111 0.23046875 0.35833333333333334 0.240625 0.3611111111111111 0.24609375 0.3819444444444444 0.2484375 0.3861111111111111 0.2515625 0.3861111111111111
1 0.9953125 0.8319444444444445 0.99921875 0.8333333333333334 0.99921875 0.9388888888888889 0.9953125 0.9416666666666667 0.99921875 0.95 0.99921875 0.9652777777777778 0.99453125 0.9736111111111111 0.98046875 0.9736111111111111 0.97578125 0.9694444444444444 0.96640625 0.9694444444444444 0.9625 0.9555555555555556 0.9625 0.9458333333333333 0.959375 0.9402777777777778 0.959375 0.9236111111111112 0.96328125 0.9027777777777778 0.965625 0.8708333333333333 0.97734375 0.8597222222222223 0.9890625 0.8347222222222223 0.99453125 0.8319444444444445
1 0.375 0.2125 0.38125 0.2263888888888889 0.38125 0.24166666666666667 0.3765625 0.2513888888888889 0.359375 0.25 0.35390625 0.22777777777777777 0.3546875 0.2222222222222222 0.3609375 0.2125 0.37421875 0.2125
1 0.95234375 0.3611111111111111 0.95703125 0.3763888888888889 0.96484375 0.3861111111111111 0.96484375 0.4 0.9578125 0.4125 0.93828125 0.4097222222222222 0.9203125 0.4125 0.909375 0.4013888888888889 0.90859375 0.39305555555555555 0.91015625 0.3888888888888889 0.928125 0.3888888888888889 0.93046875 0.38472222222222224 0.93046875 0.375 0.934375 0.36527777777777776 0.94609375 0.35833333333333334 0.9515625 0.3611111111111111
1 0.47890625 0.5819444444444445 0.49921875 0.5819444444444445 0.515625 0.5861111111111111 0.521875 0.5888888888888889 0.52890625 0.5972222222222222 0.53828125 0.6138888888888889 0.54453125 0.6388888888888888 0.5578125 0.6694444444444444 0.5609375 0.6916666666666667 0.56171875 0.7180555555555556 0.559375 0.7555555555555555 0.546875 0.7555555555555555 0.5390625 0.7486111111111111 0.53046875 0.7458333333333333 0.4875 0.7444444444444445 0.47421875 0.7569444444444444 0.46640625 0.7541666666666667 0.4640625 0.7305555555555555 0.46015625 0.7236111111111111 0.4515625 0.7222222222222222 0.4484375 0.7180555555555556 0.44375 0.6861111111111111 0.44375 0.6680555555555555 0.44921875 0.6194444444444445 0.453125 0.6125 0.45546875 0.5986111111111111 0.4671875 0.5833333333333334 0.478125 0.5819444444444445
1 0.58125 0.7611111111111111 0.5921875 0.7763888888888889 0.609375 0.8180555555555555 0.61171875 0.8208333333333333 0.621875 0.8208333333333333 0.6265625 0.8291666666666667 0.625 0.8361111111111111 0.61796875 0.8416666666666667 0.61796875 0.8486111111111111 0.62421875 0.8652777777777778 0.62734375 0.8819444444444444 0.63046875 0.9416666666666667 0.62265625 0.9541666666666667 0.60703125 0.9569444444444445 0.5921875 0.9555555555555556 0.58828125 0.9486111111111111 0.5859375 0.9361111111111111 0.5796875 0.9263888888888889 0.578125 0.9 0.57265625 0.8916666666666667 0.5671875 0.8902777777777777 0.56328125 0.8930555555555556 0.55859375 0.9027777777777778 0.5578125 0.9111111111111111 0.5609375 0.9194444444444444 0.5609375 0.9277777777777778 0.55390625 0.9388888888888889 0.55 0.9555555555555556 0.54609375 0.9583333333333334 0.52578125 0.9569444444444445 0.51875 0.9527777777777777 0.515625 0.9444444444444444 0.515625 0.9347222222222222 0.4953125 0.8972222222222223 0.490625 0.8736111111111111 0.4890625 0.8375 0.49296875 0.7972222222222223 0.50390625 0.775 0.5140625 0.7638888888888888 0.5546875 0.7583333333333333 0.57421875 0.7583333333333333 0.58046875 0.7611111111111111
1 0.4453125 0.18333333333333332 0.4484375 0.1986111111111111 0.440625 0.21805555555555556 0.4359375 0.21805555555555556 0.43203125 0.2125 0.43125 0.1986111111111111 0.4328125 0.19166666666666668 0.43828125 0.18472222222222223 0.44453125 0.18472222222222223
1 0.442578125 0.18194444444444444 0.01484375 0.022222222222222223
1 0.40078125 0.3125 0.4078125 0.3194444444444444 0.409375 0.33611111111111114 0.4078125 0.34305555555555556 0.403125 0.3416666666666667 0.39453125 0.33055555555555555 0.37734375 0.32916666666666666 0.3796875 0.3138888888888889 0.4 0.3125
1 0.415625 0.3486111111111111 0.43515625 0.35 0.44375 0.37222222222222223 0.44609375 0.39305555555555555 0.4390625 0.39861111111111114 0.428125 0.4152777777777778 0.41953125 0.41805555555555557 0.41484375 0.4263888888888889 0.39453125 0.4305555555555556 0.38984375 0.425 0.38984375 0.4 0.396875 0.3611111111111111 0.40078125 0.3527777777777778 0.41484375 0.3486111111111111
1 0.1015625 0.2569444444444444 0.1125 0.2625 0.12109375 0.2777777777777778 0.12265625 0.29305555555555557 0.11875 0.30416666666666664 0.11796875 0.3138888888888889 0.11328125 0.32222222222222224 0.09375 0.31527777777777777 0.08203125 0.31527777777777777 0.078125 0.30972222222222223 0.078125 0.2861111111111111 0.0875 0.25972222222222224 0.09453125 0.25555555555555554 0.10078125 0.2569444444444444
1 0.46171875 0.20694444444444443 0.46640625 0.23055555555555557 0.46640625 0.25 0.4640625 0.25277777777777777 0.45859375 0.2513888888888889 0.45078125 0.23194444444444445 0.44453125 0.22916666666666666 0.44453125 0.2152777777777778 0.44609375 0.2125 0.44921875 0.20972222222222223 0.45625 0.2125 0.459375 0.20555555555555555 0.4609375 0.20694444444444443
1 0.60625 0.4486111111111111 0.61875 0.4513888888888889 0.63203125 0.4597222222222222 0.64453125 0.4777777777777778 0.6515625 0.49583333333333335 0.653125 0.5055555555555555 0.65703125 0.5111111111111111 0.659375 0.5222222222222223 0.6609375 0.5472222222222223 0.66015625 0.5708333333333333 0.6546875 0.5805555555555556 0.64375 0.5680555555555555 0.634375 0.5638888888888889 0.621875 0.5638888888888889 0.6125 0.5708333333333333 0.609375 0.5680555555555555 0.60703125 0.5708333333333333 0.60703125 0.575 0.59921875 0.5763888888888888 0.5953125 0.5680555555555555 0.59453125 0.5472222222222223 0.58984375 0.5222222222222223 0.5828125 0.5 0.58203125 0.45555555555555555 0.590625 0.4486111111111111 0.60546875 0.4486111111111111
1 0.49140625 0.2 0.49609375 0.20555555555555555 0.5 0.21666666666666667 0.5015625 0.24027777777777778 0.4984375 0.24583333333333332 0.490625 0.24166666666666667 0.4796875 0.24444444444444444 0.4765625 0.24027777777777778 0.475 0.20972222222222223 0.4796875 0.20277777777777778 0.490625 0.2
1 0.56015625 0.3597222222222222 0.5765625 0.36527777777777776 0.5859375 0.3819444444444444 0.58828125 0.3888888888888889 0.590625 0.4125 0.590625 0.4236111111111111 0.58828125 0.42916666666666664 0.57578125 0.4222222222222222 0.5640625 0.42083333333333334 0.55546875 0.39861111111111114 0.5453125 0.3819444444444444 0.5453125 0.37222222222222223 0.54921875 0.36527777777777776 0.559375 0.3597222222222222
1 0.36953125 0.28888888888888886 0.37421875 0.3013888888888889 0.37421875 0.3277777777777778 0.365625 0.3472222222222222 0.35546875 0.35138888888888886 0.34921875 0.3486111111111111 0.3453125 0.3375 0.3375 0.33194444444444443 0.33671875 0.3055555555555556 0.34140625 0.2902777777777778 0.3453125 0.2847222222222222 0.36328125 0.2847222222222222 0.36875 0.28888888888888886
1 0.31953125 0.6027777777777777 0.32421875 0.6166666666666667 0.334375 0.6694444444444444 0.33828125 0.675 0.346875 0.6777777777777778 0.34921875 0.6819444444444445 0.34765625 0.6888888888888889 0.33984375 0.6930555555555555 0.33828125 0.6986111111111111 0.340625 0.7333333333333333 0.33984375 0.7569444444444444 0.309375 0.7597222222222222 0.29609375 0.7652777777777777 0.28046875 0.7666666666666667 0.27109375 0.7791666666666667 0.25625 0.8194444444444444 0.25078125 0.825 0.24375 0.825 0.240625 0.8180555555555555 0.23984375 0.7833333333333333 0.24140625 0.775 0.2421875 0.725 0.23984375 0.7125 0.24140625 0.7097222222222223 0.240625 0.7 0.2421875 0.6916666666666667 0.23828125 0.6875 0.2375 0.6819444444444445 0.23046875 0.6777777777777778 0.2265625 0.6694444444444444 0.22421875 0.6541666666666667 0.2265625 0.6416666666666667 0.23046875 0.6347222222222222 0.24375 0.6375 0.25 0.6125 0.25546875 0.6069444444444444 0.31875 0.6027777777777777
1 0.34375 0.23055555555555557 0.34765625 0.23333333333333334 0.353125 0.25416666666666665 0.35234375 0.27361111111111114 0.35 0.2777777777777778 0.33046875 0.2777777777777778 0.32734375 0.2763888888888889 0.325 0.2708333333333333 0.325 0.25416666666666665 0.32734375 0.2388888888888889 0.33515625 0.22916666666666666 0.34296875 0.23055555555555557
1 0.71015625 0.45555555555555555 0.72734375 0.4625 0.73515625 0.4736111111111111 0.74921875 0.5166666666666667 0.74921875 0.5263888888888889 0.74296875 0.5361111111111111 0.73359375 0.5347222222222222 0.73046875 0.5263888888888889 0.72734375 0.5291666666666667 0.7234375 0.5263888888888889 0.7171875 0.5069444444444444 0.71015625 0.5041666666666667 0.70703125 0.5083333333333333 0.70625 0.5222222222222223 0.70234375 0.5347222222222222 0.7015625 0.55 0.696875 0.5583333333333333 0.68515625 0.5541666666666667 0.68203125 0.55 0.67265625 0.55 0.66796875 0.5458333333333333 0.665625 0.4986111111111111 0.6671875 0.49027777777777776 0.68046875 0.4597222222222222 0.68671875 0.45555555555555555 0.709375 0.45555555555555555