3 0.9078125 0.6375 0.9390625 0.6416666666666667 0.95625 0.6402777777777777 0.9765625 0.6513888888888889 0.99921875 0.6736111111111112 0.99921875 0.8277777777777777 0.9734375 0.8263888888888888 0.95078125 0.8291666666666667 0.94375 0.8319444444444445 0.93203125 0.8458333333333333 0.92890625 0.8444444444444444 0.925 0.8347222222222223 0.92265625 0.8125 0.91328125 0.7847222222222222 0.903125 0.7722222222222223 0.8953125 0.7472222222222222 0.88828125 0.7319444444444444 0.8796875 0.7180555555555556 0.86875 0.7097222222222223 0.85703125 0.7055555555555556 0.853125 0.7 0.8546875 0.6763888888888889 0.85859375 0.6597222222222222 0.88671875 0.6611111111111111 0.896875 0.6402777777777777 0.90703125 0.6375
3 0.34375 0.42916666666666664 0.365625 0.42916666666666664 0.371875 0.4375 0.375 0.44722222222222224 0.3765625 0.4736111111111111 0.37265625 0.4875 0.37109375 0.5055555555555555 0.37109375 0.5638888888888889 0.36875 0.5722222222222222 0.3625 0.5763888888888888 0.32734375 0.5791666666666667 0.321875 0.5875 0.31796875 0.5833333333333334 0.3171875 0.5736111111111111 0.31015625 0.5625 0.30546875 0.5472222222222223 0.30546875 0.525 0.30859375 0.5111111111111111 0.30546875 0.49583333333333335 0.30390625 0.4722222222222222 0.3046875 0.4388888888888889 0.30546875 0.43472222222222223 0.3109375 0.43194444444444446 0.33046875 0.42777777777777776 0.34296875 0.42916666666666664
3 0.81875 0.5208333333333334 0.8546875 0.5236111111111111 0.8671875 0.5333333333333333 0.8875 0.5708333333333333 0.8875 0.5777777777777777 0.8953125 0.5944444444444444 0.89921875 0.6125 0.89921875 0.6333333333333333 0.8875 0.6555555555555556 0.86953125 0.6569444444444444 0.8625 0.6541666666666667 0.8578125 0.6555555555555556 0.8546875 0.6611111111111111 0.83125 0.6611111111111111 0.82734375 0.6625 0.81875 0.6763888888888889 0.8140625 0.6763888888888889 0.8078125 0.6680555555555555 0.80546875 0.65 0.80078125 0.6430555555555556 0.7953125 0.6430555555555556 0.78671875 0.6486111111111111 0.77890625 0.6472222222222223 0.77578125 0.6402777777777777 0.7734375 0.6013888888888889 0.77109375 0.5944444444444444 0.77265625 0.5583333333333333 0.77578125 0.5458333333333333 0.77890625 0.5444444444444444 0.7859375 0.5513888888888889 0.78984375 0.5513888888888889 0.80078125 0.5222222222222223 0.81796875 0.5208333333333334
3 0.6953125 0.975 0.74296875 0.975 0.7546875 0.9791666666666666 0.76328125 0.9861111111111112 0.76484375 0.9930555555555556 0.7453125 0.9986111111111111 0.634375 0.9986111111111111 0.63515625 0.9902777777777778 0.6453125 0.9819444444444444 0.6890625 0.9791666666666666 0.69453125 0.975
3 0.4703125 0.5805555555555556 0.47734375 0.5875 0.49296875 0.6194444444444445 0.4953125 0.6680555555555555 0.5 0.6888888888888889 0.50078125 0.7027777777777777 0.49765625 0.7055555555555556 0.46640625 0.7083333333333334 0.4578125 0.7152777777777778 0.453125 0.725 0.44609375 0.7583333333333333 0.44140625 0.7694444444444445 0.43984375 0.7777777777777778 0.43984375 0.8180555555555555 0.4375 0.8208333333333333 0.4171875 0.8152777777777778 0.40234375 0.7888888888888889 0.39609375 0.7722222222222223 0.39765625 0.7541666666666667 0.390625 0.7263888888888889 0.3859375 0.6902777777777778 0.3890625 0.6541666666666667 0.3890625 0.6027777777777777 0.38515625 0.5972222222222222 0.3953125 0.5861111111111111 0.45078125 0.5791666666666667 0.46953125 0.5805555555555556
3 0.61796875 0.7916666666666666 0.62734375 0.7944444444444444 0.634375 0.8013888888888889 0.66484375 0.8486111111111111 0.66796875 0.8625 0.6703125 0.8972222222222223 0.6734375 0.9027777777777778 0.6875 0.9583333333333334 0.6875 0.9708333333333333 0.68515625 0.9763888888888889 0.65234375 0.9763888888888889 0.6359375 0.9861111111111112 0.6328125 0.9902777777777778 0.63125 0.9986111111111111 0.62421875 0.9958333333333333 0.58828125 0.9986111111111111 0.58515625 0.9944444444444445 0.57265625 0.9944444444444445 0.5671875 0.9986111111111111 0.55859375 0.9944444444444445 0.553125 0.9944444444444445 0.54921875 0.9986111111111111 0.53125 0.9986111111111111 0.525 0.9944444444444445 0.51875 0.9763888888888889 0.5171875 0.8930555555555556 0.51875 0.8847222222222222 0.51796875 0.8402777777777778 0.51953125 0.8083333333333333 0.52265625 0.8041666666666667 0.5484375 0.7986111111111112 0.6171875 0.7916666666666666
2 0.47734375 0.2 0.48125 0.20416666666666666 0.48046875 0.2125 0.47734375 0.21666666666666667 0.47421875 0.21388888888888888 0.4734375 0.20694444444444443 0.4765625 0.2013888888888889
2 0.625 0.5291666666666667 0.01875 0.03888888888888889
2 0.109375 0.4236111111111111 0.11171875 0.4305555555555556 0.11328125 0.4486111111111111 0.1109375 0.4652777777777778 0.10703125 0.4736111111111111 0.10234375 0.4722222222222222 0.096875 0.4583333333333333 0.0953125 0.43333333333333335 0.09921875 0.4222222222222222 0.10859375 0.4236111111111111
2 0.1125 0.3763888888888889 0.12265625 0.37916666666666665 0.1296875 0.39861111111111114 0.12734375 0.4166666666666667 0.1234375 0.425 0.11328125 0.4236111111111111 0.10859375 0.4111111111111111 0.1078125 0.4 0.1078125 0.3888888888888889 0.1125 0.37777777777777777
2 0.13515625 0.33194444444444443 0.1375 0.34444444444444444 0.1375 0.3625 0.13359375 0.37222222222222223 0.12421875 0.3597222222222222 0.1234375 0.35138888888888886 0.12578125 0.3333333333333333 0.128125 0.33055555555555555 0.134375 0.33194444444444443
2 0.49765625 0.5513888888888889 0.50078125 0.5708333333333333 0.5015625 0.5944444444444444 0.49453125 0.6152777777777778 0.4875 0.6055555555555555 0.484375 0.5944444444444444 0.4859375 0.5916666666666667 0.484375 0.5861111111111111 0.48359375 0.5569444444444445 0.48828125 0.5513888888888889 0.496875 0.5513888888888889
2 0.295703125 0.5486111111111112 0.01640625 0.06666666666666667
2 0.06484375 0.8152777777777778 0.0703125 0.8222222222222222 0.07265625 0.8319444444444445 0.06953125 0.8486111111111111 0.07109375 0.8625 0.07265625 0.8694444444444445 0.07578125 0.8722222222222222 0.07578125 0.8777777777777778 0.07109375 0.9055555555555556 0.05859375 0.9333333333333333 0.05234375 0.9305555555555556 0.04609375 0.9166666666666666 0.04140625 0.9013888888888889 0.03984375 0.8777777777777778 0.04375 0.8583333333333333 0.04296875 0.8305555555555556 0.04609375 0.8236111111111111 0.0640625 0.8152777777777778
2 0.4203125 0.2375 0.4203125 0.25277777777777777 0.4125 0.24861111111111112 0.4125 0.24027777777777778 0.41484375 0.2361111111111111 0.41953125 0.2375
2 0.43046875 0.44027777777777777 0.4328125 0.44583333333333336 0.43046875 0.46805555555555556 0.421875 0.46805555555555556 0.41875 0.4625 0.41953125 0.44305555555555554 0.4234375 0.4388888888888889 0.4296875 0.44027777777777777
2 0.59921875 0.5680555555555555 0.6046875 0.5722222222222222 0.60390625 0.5902777777777778 0.6 0.6 0.59296875 0.5944444444444444 0.58984375 0.5875 0.5921875 0.5694444444444444 0.5984375 0.5680555555555555
2 0.6328125 0.4791666666666667 0.63671875 0.48055555555555557 0.640625 0.49166666666666664 0.640625 0.5152777777777777 0.6375 0.525 0.63671875 0.5402777777777777 0.6328125 0.5472222222222223 0.62890625 0.5458333333333333 0.6265625 0.5388888888888889 0.6296875 0.5125 0.628125 0.49027777777777776 0.62578125 0.48333333333333334 0.6265625 0.4791666666666667 0.63203125 0.4791666666666667
1 0.296875 0.7263888888888889 0.32421875 0.7277777777777777 0.33515625 0.7486111111111111 0.34140625 0.7708333333333334 0.34140625 0.7791666666666667 0.30859375 0.7875 0.30234375 0.7930555555555555 0.29765625 0.8027777777777778 0.29140625 0.8305555555555556 0.28671875 0.8666666666666667 0.28671875 0.8930555555555556 0.284375 0.9055555555555556 0.2828125 0.9388888888888889 0.27421875 0.9430555555555555 0.26015625 0.9444444444444444 0.25625 0.9486111111111111 0.25390625 0.9611111111111111 0.24921875 0.9666666666666667 0.24375 0.9666666666666667 0.240625 0.9625 0.23984375 0.8652777777777778 0.24296875 0.8333333333333334 0.234375 0.8263888888888888 0.23125 0.8152777777777778 0.23359375 0.8097222222222222 0.2421875 0.8083333333333333 0.24609375 0.8041666666666667 0.2546875 0.7569444444444444 0.265625 0.7319444444444444 0.29609375 0.7277777777777777
1 0.69375 0.44722222222222224 0.7203125 0.45416666666666666 0.73984375 0.48333333333333334 0.73828125 0.49166666666666664 0.7453125 0.5208333333333334 0.74453125 0.5555555555555556 0.74140625 0.5611111111111111 0.7375 0.5597222222222222 0.734375 0.5513888888888889 0.7328125 0.5402777777777777 0.72578125 0.5180555555555556 0.7078125 0.49583333333333335 0.7 0.49166666666666664 0.66015625 0.4875 0.66328125 0.4652777777777778 0.66875 0.4527777777777778 0.67421875 0.4486111111111111 0.69296875 0.44722222222222224
1 0.42890625 0.36666666666666664 0.43515625 0.37222222222222223 0.44375 0.39305555555555555 0.44453125 0.4111111111111111 0.43515625 0.42916666666666664 0.428125 0.41805555555555557 0.425 0.41805555555555557 0.4203125 0.42777777777777776 0.41640625 0.45555555555555555 0.4046875 0.4583333333333333 0.39765625 0.45694444444444443 0.39140625 0.4444444444444444 0.3890625 0.4222222222222222 0.390625 0.3861111111111111 0.39765625 0.36944444444444446 0.4125 0.36527777777777776 0.428125 0.36666666666666664
1 0.5359375 0.37916666666666665 0.53984375 0.38472222222222224 0.55 0.3888888888888889 0.55546875 0.3958333333333333 0.559375 0.40694444444444444 0.5609375 0.4236111111111111 0.565625 0.4388888888888889 0.56640625 0.4527777777777778 0.56484375 0.46111111111111114 0.559375 0.4791666666666667 0.5546875 0.4847222222222222 0.5328125 0.47638888888888886 0.52265625 0.48333333333333334 0.51484375 0.48194444444444445 0.51171875 0.4722222222222222 0.51171875 0.4652777777777778 0.5015625 0.43333333333333335 0.50078125 0.4 0.50546875 0.38333333333333336 0.50859375 0.38055555555555554 0.53515625 0.37916666666666665
1 0.04765625 0.30277777777777776 0.07421875 0.3236111111111111 0.0921875 0.3333333333333333 0.0953125 0.3388888888888889 0.09453125 0.3527777777777778 0.07890625 0.3680555555555556 0.0578125 0.35833333333333334 0.03515625 0.35694444444444445 0.03359375 0.35555555555555557 0.03203125 0.34305555555555556 0.02890625 0.34305555555555556 0.02265625 0.35 0 0.3375 0 0.30416666666666664 0.02265625 0.3 0.03203125 0.30833333333333335 0.03515625 0.30277777777777776 0.046875 0.30277777777777776
1 0.453125 0.25555555555555554 0.46015625 0.25972222222222224 0.46015625 0.2847222222222222 0.44921875 0.2763888888888889 0.434375 0.275 0.43515625 0.2652777777777778 0.4421875 0.25555555555555554 0.45234375 0.25555555555555554
1 0.48125 0.3375 0.4859375 0.34305555555555556 0.4890625 0.3527777777777778 0.4953125 0.35833333333333334 0.4921875 0.36527777777777776 0.4921875 0.4027777777777778 0.4875 0.40694444444444444 0.4796875 0.4027777777777778 0.46484375 0.4013888888888889 0.4515625 0.4041666666666667 0.44921875 0.4013888888888889 0.44765625 0.39305555555555555 0.44765625 0.37777777777777777 0.4453125 0.3625 0.44765625 0.3486111111111111 0.45625 0.3388888888888889 0.48046875 0.3375
1 0.263671875 0.24513888888888888 0.03046875 0.03194444444444444
1 0.465625 0.21944444444444444 0.478125 0.21805555555555556 0.4828125 0.22361111111111112 0.4859375 0.23472222222222222 0.48515625 0.24861111111111112 0.4625 0.24583333333333332 0.4609375 0.2388888888888889 0.465625 0.22083333333333333
1 0.25546875 0.42777777777777776 0.2609375 0.4375 0.26640625 0.45694444444444443 0.271875 0.4625 0.2671875 0.4736111111111111 0.271875 0.4986111111111111 0.27109375 0.5125 0.26484375 0.5125 0.25625 0.4861111111111111 0.24765625 0.4791666666666667 0.2234375 0.48055555555555557 0.2140625 0.4875 0.203125 0.5041666666666667 0.19921875 0.5027777777777778 0.1984375 0.49722222222222223 0.203125 0.49027777777777776 0.20078125 0.48055555555555557 0.20546875 0.4736111111111111 0.20546875 0.46111111111111114 0.209375 0.4388888888888889 0.21484375 0.42777777777777776 0.22421875 0.425 0.2484375 0.425 0.2546875 0.42777777777777776
1 0.3703125 0.1875 0.37578125 0.19305555555555556 0.37265625 0.2111111111111111 0.36796875 0.2111111111111111 0.359375 0.2013888888888889 0.3625 0.19027777777777777 0.36953125 0.1875
1 0.66796875 0.5527777777777778 0.6828125 0.5597222222222222 0.69375 0.5694444444444444 0.7015625 0.5833333333333334 0.703125 0.5916666666666667 0.71171875 0.6111111111111112 0.728125 0.6402777777777777 0.7296875 0.65 0.7296875 0.6972222222222222 0.72734375 0.7222222222222222 0.72421875 0.7291666666666666 0.71796875 0.7291666666666666 0.71171875 0.725 0.703125 0.7097222222222223 0.68671875 0.7097222222222223 0.675 0.7152777777777778 0.6578125 0.7138888888888889 0.6546875 0.7111111111111111 0.63828125 0.6833333333333333 0.6296875 0.675 0.62265625 0.6722222222222223 0.62265625 0.6666666666666666 0.62734375 0.6513888888888889 0.6171875 0.6458333333333334 0.6046875 0.6194444444444445 0.6 0.6013888888888889 0.6015625 0.5888888888888889 0.6140625 0.5694444444444444 0.61875 0.5527777777777778 0.63515625 0.55 0.6671875 0.5527777777777778
1 0.2875 0.24861111111111112 0.28984375 0.2569444444444444 0.28984375 0.275 0.2875 0.2902777777777778 0.2859375 0.29305555555555557 0.26953125 0.29583333333333334 0.26328125 0.29583333333333334 0.259375 0.2875 0.25859375 0.2708333333333333 0.26328125 0.25555555555555554 0.26640625 0.25 0.275 0.24583333333333332 0.28671875 0.24861111111111112
1 0.38828125 0.29583333333333334 0.39140625 0.2972222222222222 0.39453125 0.30416666666666664 0.384375 0.30833333333333335 0.38125 0.3125 0.3765625 0.3125 0.371875 0.32083333333333336 0.36953125 0.35 0.3671875 0.35694444444444445 0.36640625 0.36944444444444446 0.36484375 0.37083333333333335 0.35859375 0.36944444444444446 0.3578125 0.36666666666666664 0.3578125 0.3375 0.36328125 0.3138888888888889 0.3640625 0.3013888888888889 0.3703125 0.2972222222222222 0.3875 0.29583333333333334
1 0.3578125 0.39444444444444443 0.36640625 0.3972222222222222 0.3734375 0.4041666666666667 0.37734375 0.4236111111111111 0.3765625 0.42916666666666664 0.378125 0.43472222222222223 0.3765625 0.4388888888888889 0.3734375 0.4388888888888889 0.36875 0.4305555555555556 0.3640625 0.42777777777777776 0.34296875 0.42916666666666664 0.32890625 0.4236111111111111 0.33359375 0.4 0.3421875 0.39444444444444443 0.35703125 0.39444444444444443
1 0.1015625 0.25555555555555554 0.1140625 0.2625 0.11796875 0.2763888888888889 0.11875 0.30416666666666664 0.11640625 0.31666666666666665 0.1125 0.325 0.09375 0.31527777777777777 0.08125 0.31527777777777777 0.07734375 0.30972222222222223 0.078125 0.2861111111111111 0.0859375 0.2625 0.090625 0.2569444444444444 0.10078125 0.25555555555555554
1 0.48203125 0.4111111111111111 0.4890625 0.4166666666666667 0.49765625 0.4305555555555556 0.50078125 0.44722222222222224 0.509375 0.46805555555555556 0.5109375 0.47638888888888886 0.51015625 0.49444444444444446 0.50234375 0.5152777777777777 0.496875 0.5152777777777777 0.4875 0.5 0.48359375 0.5 0.48046875 0.5083333333333333 0.47734375 0.5097222222222222 0.45234375 0.5097222222222222 0.43359375 0.4652777777777778 0.4328125 0.45694444444444443 0.4359375 0.42916666666666664 0.44375 0.4125 0.459375 0.4097222222222222 0.48125 0.4111111111111111
1 0.2515625 0.48055555555555557 0.259375 0.49444444444444446 0.2640625 0.5125 0.2296875 0.5166666666666667 0.22109375 0.5375 0.2171875 0.5708333333333333 0.21875 0.5777777777777777 0.21796875 0.5847222222222223 0.21171875 0.5875 0.20625 0.5833333333333334 0.203125 0.5666666666666667 0.20546875 0.5305555555555556 0.203125 0.5138888888888888 0.20390625 0.5083333333333333 0.21328125 0.4875 0.21875 0.48333333333333334 0.2265625 0.48055555555555557 0.25078125 0.48055555555555557
1 0.39375 0.19444444444444445 0.3984375 0.2111111111111111 0.3984375 0.22777777777777777 0.39375 0.23194444444444445 0.3765625 0.23194444444444445 0.37421875 0.21666666666666667 0.37421875 0.20416666666666666 0.378125 0.19444444444444445 0.39296875 0.19444444444444445
1 0.3828125 0.30694444444444446 0.40078125 0.3055555555555556 0.4078125 0.30972222222222223 0.41484375 0.34444444444444444 0.41484375 0.3597222222222222 0.41328125 0.3638888888888889 0.39765625 0.37222222222222223 0.390625 0.39305555555555555 0.38125 0.39166666666666666 0.37265625 0.3972222222222222 0.3671875 0.39444444444444443 0.3671875 0.37222222222222223 0.365625 0.36666666666666664 0.365625 0.35555555555555557 0.36875 0.34305555555555556 0.3671875 0.32916666666666666 0.37265625 0.30833333333333335 0.38203125 0.30694444444444446
1 0.25078125 0.2375 0.25859375 0.23055555555555557 0.27265625 0.22916666666666666 0.2765625 0.23333333333333334 0.27890625 0.24305555555555555 0.26640625 0.2513888888888889 0.2640625 0.2569444444444444 0.2609375 0.2722222222222222 0.26171875 0.29583333333333334 0.2578125 0.30277777777777776 0.25234375 0.29305555555555557 0.253125 0.2652777777777778 0.24765625 0.25 0.24765625 0.24305555555555555 0.25078125 0.2388888888888889
1 0.271875 0.5402777777777777 0.28203125 0.5444444444444444 0.2859375 0.5513888888888889 0.29140625 0.5736111111111111 0.29609375 0.5833333333333334 0.3078125 0.5861111111111111 0.30859375 0.5916666666666667 0.30625 0.5958333333333333 0.2984375 0.6013888888888889 0.303125 0.6305555555555555 0.30078125 0.6347222222222222 0.27734375 0.6319444444444444 0.23515625 0.6402777777777777 0.228125 0.6527777777777778 0.22265625 0.6791666666666667 0.2203125 0.6791666666666667 0.21796875 0.6708333333333333 0.215625 0.6430555555555556 0.215625 0.6083333333333333 0.21171875 0.6013888888888889 0.21171875 0.5902777777777778 0.21640625 0.5888888888888889 0.21796875 0.5805555555555556 0.225 0.5736111111111111 0.2265625 0.5527777777777778 0.234375 0.5430555555555555 0.24765625 0.5388888888888889 0.27109375 0.5402777777777777
1 0.66484375 0.7333333333333333 0.68984375 0.7333333333333333 0.7078125 0.7375 0.7203125 0.7513888888888889 0.73203125 0.775 0.75 0.7944444444444444 0.76171875 0.8333333333333334 0.77578125 0.8305555555555556 0.77890625 0.8347222222222223 0.7796875 0.8416666666666667 0.76953125 0.8555555555555555 0.78046875 0.8875 0.78828125 0.9013888888888889 0.79140625 0.9152777777777777 0.7921875 0.9361111111111111 0.790625 0.9486111111111111 0.79296875 0.9777777777777777 0.7890625 0.9888888888888889 0.778125 0.9888888888888889 0.75546875 0.9777777777777777 0.75078125 0.9722222222222222 0.73984375 0.9722222222222222 0.7375 0.9694444444444444 0.69921875 0.9722222222222222 0.696875 0.9666666666666667 0.69765625 0.9555555555555556 0.69609375 0.9527777777777777 0.6921875 0.9555555555555556 0.68828125 0.9527777777777777 0.68046875 0.9277777777777778 0.675 0.9 0.67109375 0.8944444444444445 0.66875 0.8597222222222223 0.66640625 0.85 0.64375 0.8138888888888889 0.63984375 0.8041666666666667 0.62734375 0.7916666666666666 0.62109375 0.7888888888888889 0.621875 0.7694444444444445 0.625 0.7625 0.6265625 0.75 0.63046875 0.7430555555555556 0.6640625 0.7333333333333333
1 0.41953125 0.25277777777777777 0.42890625 0.2638888888888889 0.42890625 0.28055555555555556 0.42265625 0.2986111111111111 0.40703125 0.30416666666666664 0.40078125 0.3013888888888889 0.396875 0.29444444444444445 0.396875 0.28194444444444444 0.40078125 0.2611111111111111 0.40390625 0.25416666666666665 0.41875 0.25277777777777777
1 0.29765625 0.25972222222222224 0.30234375 0.2652777777777778 0.30078125 0.275 0.303125 0.2833333333333333 0.303125 0.2972222222222222 0.3 0.31666666666666665 0.29609375 0.31805555555555554 0.2890625 0.31666666666666665 0.2875 0.2972222222222222 0.28984375 0.2708333333333333 0.29296875 0.2625 0.296875 0.25972222222222224
1 0.33203125 0.36666666666666664 0.34296875 0.375 0.3453125 0.39166666666666666 0.3359375 0.3972222222222222 0.33203125 0.4041666666666667 0.32734375 0.4263888888888889 0.30625 0.43333333333333335 0.3046875 0.4375 0.30390625 0.4597222222222222 0.3 0.4625 0.29609375 0.45416666666666666 0.2953125 0.4166666666666667 0.29609375 0.39861111111111114 0.30078125 0.3736111111111111 0.30625 0.3680555555555556 0.31875 0.36527777777777776 0.33125 0.36666666666666664
1 0.59765625 0.44583333333333336 0.60859375 0.4486111111111111 0.6171875 0.4583333333333333 0.628125 0.49166666666666664 0.628125 0.5097222222222222 0.6265625 0.5125 0.61953125 0.5125 0.61796875 0.5208333333333334 0.6125 0.525 0.6078125 0.5194444444444445 0.5984375 0.5180555555555556 0.5953125 0.5236111111111111 0.59375 0.5347222222222222 0.58828125 0.5416666666666666 0.58125 0.5416666666666666 0.57421875 0.5361111111111111 0.57109375 0.5236111111111111 0.56171875 0.5013888888888889 0.56171875 0.47638888888888886 0.56640625 0.45416666666666666 0.56953125 0.4486111111111111 0.596875 0.44583333333333336
1 0.84453125 0.7027777777777777 0.87109375 0.7125 0.8828125 0.7222222222222222 0.89453125 0.7458333333333333 0.90234375 0.7708333333333334 0.915625 0.7958333333333333 0.92265625 0.8152777777777778 0.92734375 0.8444444444444444 0.92265625 0.8875 0.91796875 0.8958333333333334 0.9015625 0.8861111111111111 0.87578125 0.8833333333333333 0.8375 0.8833333333333333 0.82265625 0.8902777777777777 0.81875 0.8847222222222222 0.81484375 0.8694444444444445 0.81015625 0.8611111111111112 0.79296875 0.8430555555555556 0.7828125 0.8444444444444444 0.778125 0.8305555555555556 0.7765625 0.8 0.77890625 0.7569444444444444 0.78203125 0.7430555555555556 0.790625 0.7305555555555555 0.79296875 0.7208333333333333 0.8 0.7083333333333334 0.81640625 0.7027777777777777 0.84375 0.7027777777777777
1 0.4859375 0.175 0.49140625 0.19027777777777777 0.490625 0.19722222222222222 0.4859375 0.2013888888888889 0.47421875 0.19722222222222222 0.471875 0.18472222222222223 0.4734375 0.1763888888888889 0.47734375 0.1736111111111111 0.48515625 0.175
1 0.43203125 0.18472222222222223 0.43671875 0.2 0.4375 0.2125 0.43515625 0.21666666666666667 0.421875 0.21666666666666667 0.41875 0.2111111111111111 0.42109375 0.19444444444444445 0.42421875 0.19027777777777777 0.4296875 0.19027777777777777 0.43203125 0.18611111111111112
1 0.63515625 0.6833333333333333 0.65546875 0.7194444444444444 0.65703125 0.7277777777777777 0.65546875 0.7347222222222223 0.62890625 0.7388888888888889 0.62421875 0.7486111111111111 0.6203125 0.7805555555555556 0.6171875 0.7902777777777777 0.57265625 0.7930555555555555 0.56015625 0.7888888888888889 0.55 0.7666666666666667 0.54609375 0.7472222222222222 0.54609375 0.7361111111111112 0.5515625 0.7194444444444444 0.55078125 0.7097222222222223 0.56015625 0.6847222222222222 0.5671875 0.6777777777777778 0.5765625 0.6763888888888889 0.62421875 0.6763888888888889 0.634375 0.6833333333333333
1 0.26171875 0.5125 0.27109375 0.5152777777777777 0.2765625 0.5222222222222223 0.2796875 0.5319444444444444 0.2796875 0.5416666666666666 0.27421875 0.5388888888888889 0.24375 0.5375 0.23046875 0.5444444444444444 0.22578125 0.5527777777777778 0.2234375 0.5722222222222222 0.2140625 0.5791666666666667 0.2140625 0.5847222222222223 0.21171875 0.5847222222222223 0.21328125 0.5805555555555556 0.21171875 0.5763888888888888 0.21484375 0.5736111111111111 0.2140625 0.5694444444444444 0.21953125 0.5513888888888889 0.221875 0.5305555555555556 0.22734375 0.5194444444444445 0.2359375 0.5152777777777777 0.2609375 0.5125
1 0.46875 0.14305555555555555 0.478125 0.14305555555555555 0.48046875 0.14722222222222223 0.47890625 0.15694444444444444 0.4734375 0.15833333333333333 0.46796875 0.15416666666666667 0.4671875 0.1486111111111111 0.46875 0.14444444444444443
1 0.43828125 0.27361111111111114 0.45625 0.2791666666666667 0.4609375 0.3 0.46015625 0.3055555555555556 0.453125 0.30694444444444446 0.44921875 0.3125 0.4453125 0.3375 0.4421875 0.3416666666666667 0.42578125 0.3402777777777778 0.42265625 0.33194444444444443 0.4234375 0.2986111111111111 0.4296875 0.2791666666666667 0.4375 0.27361111111111114
1 0.4671875 0.3055555555555556 0.4734375 0.30833333333333335 0.47734375 0.31527777777777777 0.48125 0.3347222222222222 0.46015625 0.33611111111111114 0.4546875 0.3388888888888889 0.44765625 0.3486111111111111 0.4453125 0.3472222222222222 0.4453125 0.33055555555555555 0.44921875 0.3125 0.45234375 0.30694444444444446 0.46640625 0.3055555555555556
1 0.40390625 0.1763888888888889 0.40859375 0.18194444444444444 0.40859375 0.18888888888888888 0.40390625 0.20555555555555555 0.39765625 0.20277777777777778 0.39453125 0.18611111111111112 0.396875 0.17777777777777778 0.403125 0.1763888888888889
1 0.43671875 0.5388888888888889 0.45078125 0.5583333333333333 0.4546875 0.5694444444444444 0.4546875 0.5777777777777777 0.39296875 0.5861111111111111 0.390625 0.5916666666666667 0.38828125 0.6208333333333333 0.38671875 0.6833333333333333 0.38515625 0.6847222222222222 0.38671875 0.6902777777777778 0.38515625 0.6847222222222222 0.3796875 0.6805555555555556 0.37734375 0.6666666666666666 0.3734375 0.6291666666666667 0.37265625 0.5875 0.37890625 0.575 0.38671875 0.5472222222222223 0.390625 0.5416666666666666 0.396875 0.5388888888888889 0.4359375 0.5388888888888889
1 0.58515625 0.5847222222222223 0.59609375 0.5986111111111111 0.61171875 0.6472222222222223 0.6234375 0.65 0.62421875 0.6541666666666667 0.61875 0.6652777777777777 0.6171875 0.675 0.58671875 0.6736111111111112 0.5640625 0.6777777777777778 0.5515625 0.7 0.54921875 0.7125 0.55 0.7208333333333333 0.54296875 0.7361111111111112 0.53671875 0.7305555555555555 0.52109375 0.7069444444444445 0.51328125 0.7 0.51484375 0.6361111111111111 0.51875 0.6152777777777778 0.53046875 0.5833333333333334 0.54296875 0.5791666666666667 0.57265625 0.5777777777777777 0.5796875 0.5791666666666667 0.584375 0.5847222222222223
1 0.44921875 0.19166666666666668 0.45625 0.19583333333333333 0.45859375 0.20277777777777778 0.4578125 0.20555555555555555 0.44921875 0.21944444444444444 0.43984375 0.21944444444444444 0.43828125 0.21666666666666667 0.43828125 0.2013888888888889 0.4421875 0.19444444444444445 0.4484375 0.19305555555555556
1 0.52890625 0.4930555555555556 0.55 0.49583333333333335 0.55859375 0.5 0.5765625 0.5458333333333333 0.58046875 0.5611111111111111 0.58046875 0.5722222222222222 0.57890625 0.575 0.53671875 0.5777777777777777 0.52890625 0.5833333333333334 0.521875 0.5986111111111111 0.51875 0.6013888888888889 0.515625 0.6 0.5015625 0.5736111111111111 0.50078125 0.5222222222222223 0.5140625 0.49722222222222223 0.528125 0.49444444444444446
1 0.46640625 0.20694444444444443 0.4703125 0.20972222222222223 0.471875 0.21666666666666667 0.4640625 0.22361111111111112 0.46015625 0.24444444444444444 0.453125 0.24444444444444444 0.4484375 0.24027777777777778 0.4484375 0.21944444444444444 0.45625 0.20555555555555555 0.465625 0.20694444444444443
1 0.5671875 0.3527777777777778 0.5734375 0.35694444444444445 0.58046875 0.37222222222222223 0.58359375 0.3736111111111111 0.58125 0.4152777777777778 0.56796875 0.38055555555555554 0.56015625 0.3763888888888889 0.53984375 0.375 0.5375 0.37083333333333335 0.5375 0.3625 0.54140625 0.35555555555555557 0.546875 0.3527777777777778 0.56640625 0.3527777777777778
1 0.54921875 0.3736111111111111 0.56171875 0.3763888888888889 0.57109375 0.38472222222222224 0.58046875 0.4166666666666667 0.57890625 0.44166666666666665 0.57421875 0.44583333333333336 0.5671875 0.44583333333333336 0.55703125 0.3972222222222222 0.5515625 0.3888888888888889 0.53828125 0.38055555555555554 0.53828125 0.375 0.5484375 0.3736111111111111
1 0.515625 0.7069444444444445 0.5265625 0.7208333333333333 0.5421875 0.7486111111111111 0.55625 0.7930555555555555 0.55546875 0.7958333333333333 0.5234375 0.8027777777777778 0.51796875 0.8097222222222222 0.515625 0.9263888888888889 0.4859375 0.9319444444444445 0.4828125 0.9375 0.484375 0.9416666666666667 0.4828125 0.9444444444444444 0.48359375 0.9555555555555556 0.4734375 0.9666666666666667 0.465625 0.9611111111111111 0.459375 0.9166666666666666 0.44921875 0.9027777777777778 0.4421875 0.8805555555555555 0.44140625 0.8305555555555556 0.4421875 0.8097222222222222 0.44375 0.8069444444444445 0.44140625 0.7944444444444444 0.4421875 0.7722222222222223 0.44765625 0.7638888888888888 0.453125 0.7305555555555555 0.46015625 0.7138888888888889 0.47734375 0.7083333333333334 0.51484375 0.7069444444444445
1 0.6375 0.4041666666666667 0.66328125 0.4305555555555556 0.6671875 0.44722222222222224 0.6609375 0.4791666666666667 0.65390625 0.49166666666666664 0.64296875 0.49166666666666664 0.63984375 0.4875 0.63828125 0.48333333333333334 0.63828125 0.4666666666666667 0.62734375 0.43472222222222223 0.62578125 0.43333333333333335 0.621875 0.4388888888888889 0.6203125 0.4527777777777778 0.61640625 0.4527777777777778 0.60234375 0.44166666666666665 0.6015625 0.42916666666666664 0.60546875 0.4166666666666667 0.61328125 0.4027777777777778 0.61640625 0.4 0.63125 0.4 0.63671875 0.4041666666666667
1 0.3078125 0.3277777777777778 0.325 0.33055555555555555 0.328125 0.3402777777777778 0.33125 0.36527777777777776 0.3171875 0.3638888888888889 0.30625 0.3680555555555556 0.3015625 0.3736111111111111 0.2953125 0.4125 0.2953125 0.43472222222222223 0.29375 0.4388888888888889 0.28828125 0.4388888888888889 0.28671875 0.4361111111111111 0.28515625 0.3861111111111111 0.28828125 0.3597222222222222 0.2859375 0.35694444444444445 0.2859375 0.35138888888888886 0.29765625 0.33055555555555555 0.30703125 0.3277777777777778
1 0.4078125 0.21388888888888888 0.40390625 0.20833333333333334 0.40703125 0.18888888888888888 0.41875 0.18611111111111112 0.4234375 0.19444444444444445 0.42109375 0.2111111111111111 0.40859375 0.2125
1 0.47109375 0.16111111111111112 0.47421875 0.16666666666666666 0.47109375 0.18472222222222223 0.46171875 0.18472222222222223 0.46015625 0.18055555555555555 0.46171875 0.16666666666666666 0.46640625 0.16111111111111112 0.4703125 0.16111111111111112
1 0.2953125 0.6347222222222222 0.303125 0.6402777777777777 0.31171875 0.6569444444444444 0.3203125 0.6916666666666667 0.32421875 0.6972222222222222 0.33515625 0.6972222222222222 0.33515625 0.7055555555555556 0.32578125 0.7138888888888889 0.32578125 0.7277777777777777 0.32421875 0.7305555555555555 0.31640625 0.725 0.31015625 0.725 0.3015625 0.7305555555555555 0.28203125 0.7291666666666666 0.26484375 0.7319444444444444 0.253125 0.7625 0.24609375 0.8 0.240625 0.8055555555555556 0.23515625 0.8055555555555556 0.2265625 0.8 0.221875 0.7680555555555556 0.221875 0.6777777777777778 0.225 0.6694444444444444 0.2265625 0.6569444444444444 0.234375 0.6416666666666667 0.23828125 0.6388888888888888 0.25234375 0.6402777777777777 0.2609375 0.6347222222222222 0.29453125 0.6347222222222222
0 0.32109375 0.2611111111111111 0.3375 0.26805555555555555 0.340625 0.2722222222222222 0.3453125 0.2875 0.346875 0.3375 0.34609375 0.3625 0.34375 0.36944444444444446 0.33125 0.3611111111111111 0.32734375 0.3388888888888889 0.3234375 0.32916666666666666 0.30625 0.3277777777777778 0.3015625 0.3236111111111111 0.30078125 0.30972222222222223 0.303125 0.2902777777777778 0.3 0.26805555555555555 0.31171875 0.2611111111111111 0.3203125 0.2611111111111111
0 0.2359375 0.24166666666666667 0.24375 0.24722222222222223 0.25234375 0.2652777777777778 0.25 0.3111111111111111 0.25703125 0.35138888888888886 0.25703125 0.3972222222222222 0.253125 0.3972222222222222 0.25078125 0.3902777777777778 0.240625 0.38055555555555554 0.2375 0.36944444444444446 0.22734375 0.375 0.2234375 0.37083333333333335 0.21328125 0.36944444444444446 0.2109375 0.37222222222222223 0.21015625 0.37916666666666665 0.2 0.37916666666666665 0.2015625 0.3763888888888889 0.19921875 0.3736111111111111 0.1984375 0.38055555555555554 0.19375 0.3902777777777778 0.1921875 0.4152777777777778 0.1875 0.425 0.18515625 0.425 0.18359375 0.41388888888888886 0.18046875 0.3375 0.17890625 0.3347222222222222 0.1796875 0.25277777777777777 0.1828125 0.24583333333333332 0.1921875 0.24166666666666667 0.23515625 0.24166666666666667
0 0.34453125 0.21805555555555556 0.35625 0.225 0.3625 0.24583333333333332 0.36171875 0.29444444444444445 0.36328125 0.3138888888888889 0.35859375 0.3333333333333333 0.35625 0.33611111111111114 0.34765625 0.3347222222222222 0.34609375 0.29305555555555557 0.3421875 0.275 0.33828125 0.26805555555555555 0.33125 0.2625 0.315625 0.25972222222222224 0.303125 0.2638888888888889 0.29921875 0.25833333333333336 0.29921875 0.24861111111111112 0.296875 0.24027777777777778 0.2984375 0.2222222222222222 0.303125 0.2152777777777778 0.3234375 0.2125 0.34375 0.21805555555555556