0 0.30703125 0.41388888888888886 0.3125 0.41805555555555557 0.30859375 0.4236111111111111 0.303125 0.44305555555555554 0.30234375 0.46805555555555556 0.28671875 0.47638888888888886 0.28046875 0.475 0.275 0.4638888888888889 0.275 0.44722222222222224 0.2765625 0.43472222222222223 0.28515625 0.4222222222222222 0.29140625 0.41805555555555557 0.30625 0.4152777777777778
0 0.25859375 0.49583333333333335 0.2671875 0.5041666666666667 0.26953125 0.5111111111111111 0.27421875 0.55 0.2828125 0.5583333333333333 0.28359375 0.5694444444444444 0.275 0.5777777777777777 0.27578125 0.5916666666666667 0.27421875 0.5986111111111111 0.26640625 0.6055555555555555 0.2390625 0.6069444444444444 0.21875 0.6166666666666667 0.21328125 0.625 0.2109375 0.6472222222222223 0.20625 0.6611111111111111 0.203125 0.6625 0.2015625 0.6055555555555555 0.1984375 0.5791666666666667 0.1953125 0.5680555555555555 0.1984375 0.5472222222222223 0.19765625 0.5388888888888889 0.20234375 0.5208333333333334 0.203125 0.5083333333333333 0.209375 0.5 0.2171875 0.49722222222222223 0.2578125 0.49583333333333335
0 0.36953125 0.5625 0.38359375 0.5680555555555555 0.38671875 0.5736111111111111 0.39140625 0.5736111111111111 0.39765625 0.5875 0.39921875 0.6180555555555556 0.403125 0.625 0.4015625 0.6291666666666667 0.403125 0.6472222222222223 0.4015625 0.7208333333333333 0.39765625 0.7152777777777778 0.39375 0.7166666666666667 0.39140625 0.7125 0.34921875 0.7138888888888889 0.3375 0.7194444444444444 0.334375 0.7263888888888889 0.33125 0.725 0.3296875 0.7083333333333334 0.32109375 0.6944444444444444 0.32265625 0.6611111111111111 0.31171875 0.6263888888888889 0.3125 0.6027777777777777 0.315625 0.5944444444444444 0.315625 0.5875 0.31953125 0.5736111111111111 0.3265625 0.5666666666666667 0.36875 0.5625
0 0.51328125 0.36944444444444446 0.51953125 0.37222222222222223 0.52421875 0.37916666666666665 0.52734375 0.3902777777777778 0.5265625 0.3972222222222222 0.51796875 0.40694444444444444 0.51171875 0.425 0.5015625 0.43472222222222223 0.48828125 0.4388888888888889 0.484375 0.4375 0.4796875 0.42777777777777776 0.4765625 0.4083333333333333 0.48203125 0.37916666666666665 0.48828125 0.3680555555555556 0.503125 0.36666666666666664 0.5125 0.36944444444444446
0 0.109375 0.25833333333333336 0.1125 0.2611111111111111 0.115625 0.2763888888888889 0.121875 0.29305555555555557 0.121875 0.30277777777777776 0.109375 0.30833333333333335 0.10703125 0.3138888888888889 0.10078125 0.31666666666666665 0.0796875 0.31527777777777777 0.07734375 0.30833333333333335 0.07734375 0.2875 0.0875 0.25833333333333336 0.0921875 0.25555555555555554 0.10859375 0.25833333333333336
0 0.753125 0.2847222222222222 0.759375 0.2861111111111111 0.765625 0.30277777777777776 0.76640625 0.32222222222222224 0.7609375 0.33194444444444443 0.7375 0.32916666666666666 0.73046875 0.3236111111111111 0.728125 0.31805555555555554 0.728125 0.30972222222222223 0.73359375 0.28888888888888886 0.75234375 0.2847222222222222
0 0.46171875 0.39305555555555555 0.4703125 0.4083333333333333 0.47890625 0.44166666666666665 0.48125 0.4583333333333333 0.48046875 0.4888888888888889 0.47109375 0.46805555555555556 0.46640625 0.4638888888888889 0.46328125 0.46944444444444444 0.4625 0.4847222222222222 0.453125 0.49166666666666664 0.43515625 0.49166666666666664 0.4234375 0.4638888888888889 0.4171875 0.45416666666666666 0.41484375 0.44305555555555554 0.415625 0.4236111111111111 0.4203125 0.4 0.425 0.39166666666666666 0.45390625 0.3888888888888889 0.4609375 0.39305555555555555
0 0.89765625 0.9111111111111111 0.909375 0.9194444444444444 0.925 0.9402777777777778 0.93671875 0.9486111111111111 0.93359375 0.9527777777777777 0.9359375 0.9555555555555556 0.9359375 0.9708333333333333 0.93828125 0.9763888888888889 0.928125 0.9833333333333333 0.934375 0.9916666666666667 0.9328125 0.9958333333333333 0.9078125 0.9930555555555556 0.89453125 0.9958333333333333 0.86953125 0.9944444444444445 0.865625 0.9888888888888889 0.85703125 0.9902777777777778 0.853125 0.9944444444444445 0.8078125 0.9944444444444445 0.7953125 0.9833333333333333 0.8015625 0.9513888888888888 0.803125 0.9291666666666667 0.8078125 0.9208333333333333 0.825 0.9125 0.896875 0.9111111111111111
0 0.62421875 0.3861111111111111 0.659375 0.3888888888888889 0.67109375 0.3958333333333333 0.6796875 0.40555555555555556 0.6875 0.43472222222222223 0.68984375 0.48055555555555557 0.68828125 0.5013888888888889 0.68515625 0.5111111111111111 0.67734375 0.5083333333333333 0.66953125 0.4888888888888889 0.65859375 0.48194444444444445 0.62578125 0.48055555555555557 0.6125 0.46944444444444444 0.60625 0.44722222222222224 0.60859375 0.4083333333333333 0.6125 0.3875 0.6234375 0.3861111111111111
0 0.79296875 0.4791666666666667 0.82109375 0.4930555555555556 0.834375 0.5055555555555555 0.8390625 0.5138888888888888 0.846875 0.5472222222222223 0.8515625 0.5527777777777778 0.85078125 0.5861111111111111 0.83984375 0.5916666666666667 0.83515625 0.5986111111111111 0.82265625 0.5972222222222222 0.8140625 0.6013888888888889 0.796875 0.6027777777777777 0.77734375 0.6208333333333333 0.775 0.6263888888888889 0.775 0.6333333333333333 0.76875 0.6458333333333334 0.765625 0.6444444444444445 0.75546875 0.6277777777777778 0.74921875 0.6236111111111111 0.74453125 0.5888888888888889 0.74453125 0.575 0.73671875 0.5638888888888889 0.73671875 0.5027777777777778 0.73984375 0.49166666666666664 0.73984375 0.4847222222222222 0.74296875 0.48055555555555557 0.7625 0.4777777777777778 0.7921875 0.4791666666666667
0 0.31015625 0.30694444444444446 0.31796875 0.3194444444444444 0.31953125 0.3277777777777778 0.31875 0.3375 0.2921875 0.3375 0.284375 0.34305555555555556 0.2796875 0.35833333333333334 0.27265625 0.35694444444444445 0.27734375 0.3375 0.27734375 0.3277777777777778 0.28359375 0.3111111111111111 0.2984375 0.30277777777777776 0.309375 0.30694444444444446
0 0.33984375 0.4152777777777778 0.35 0.41805555555555557 0.35390625 0.4263888888888889 0.35390625 0.4361111111111111 0.3453125 0.4666666666666667 0.34296875 0.49166666666666664 0.340625 0.4986111111111111 0.3109375 0.49722222222222223 0.30625 0.48333333333333334 0.30234375 0.4486111111111111 0.309375 0.42083333333333334 0.315625 0.4166666666666667 0.3390625 0.4152777777777778
0 0.23359375 0.4 0.2375 0.4041666666666667 0.24453125 0.4236111111111111 0.2453125 0.43194444444444446 0.24375 0.4361111111111111 0.2390625 0.4375 0.23046875 0.42777777777777776 0.20546875 0.42916666666666664 0.20234375 0.4305555555555556 0.19765625 0.4388888888888889 0.1921875 0.45555555555555555 0.18984375 0.45 0.1953125 0.41388888888888886 0.20234375 0.39861111111111114 0.22578125 0.3958333333333333 0.2328125 0.4
0 0.384375 0.45694444444444443 0.41171875 0.45694444444444443 0.41796875 0.4597222222222222 0.42890625 0.4791666666666667 0.43671875 0.5041666666666667 0.434375 0.5083333333333333 0.42578125 0.5125 0.41953125 0.525 0.4140625 0.5430555555555555 0.41171875 0.5680555555555555 0.4078125 0.575 0.39609375 0.5722222222222222 0.3890625 0.5444444444444444 0.37734375 0.5222222222222223 0.365625 0.5111111111111111 0.365625 0.5027777777777778 0.3734375 0.4666666666666667 0.3765625 0.46111111111111114 0.38359375 0.45694444444444443
0 0.2234375 0.37222222222222223 0.23125 0.37916666666666665 0.2375 0.4 0.2375 0.40555555555555556 0.2203125 0.3958333333333333 0.20390625 0.39861111111111114 0.196875 0.4152777777777778 0.19453125 0.44027777777777777 0.18984375 0.45 0.1875 0.4375 0.1875 0.4166666666666667 0.18515625 0.41388888888888886 0.184375 0.40694444444444444 0.190625 0.4 0.19296875 0.38333333333333336 0.19921875 0.375 0.22265625 0.37222222222222223
0 0.4578125 0.5083333333333333 0.4828125 0.5111111111111111 0.49140625 0.5263888888888889 0.48984375 0.5291666666666667 0.46015625 0.5319444444444444 0.453125 0.5361111111111111 0.44921875 0.55 0.44609375 0.5916666666666667 0.434375 0.6 0.425 0.6 0.41796875 0.6055555555555555 0.41328125 0.6041666666666666 0.4109375 0.5819444444444445 0.41328125 0.5722222222222222 0.41484375 0.5444444444444444 0.42109375 0.5236111111111111 0.428125 0.5125 0.43359375 0.5097222222222222 0.45703125 0.5083333333333333
0 0.8421875 0.6013888888888889 0.8515625 0.6083333333333333 0.8625 0.6319444444444444 0.86796875 0.6361111111111111 0.87421875 0.6472222222222223 0.88046875 0.6625 0.88671875 0.6875 0.909375 0.7402777777777778 0.9109375 0.7541666666666667 0.91015625 0.8 0.9078125 0.8222222222222222 0.9046875 0.8263888888888888 0.8984375 0.825 0.89453125 0.8166666666666667 0.89453125 0.8083333333333333 0.88984375 0.8027777777777778 0.87265625 0.8027777777777778 0.859375 0.7958333333333333 0.8546875 0.775 0.85234375 0.7694444444444445 0.84921875 0.7680555555555556 0.8421875 0.7680555555555556 0.8375 0.7722222222222223 0.8328125 0.7833333333333333 0.83125 0.8027777777777778 0.825 0.8166666666666667 0.8171875 0.8222222222222222 0.80703125 0.8222222222222222 0.803125 0.8166666666666667 0.80078125 0.8111111111111111 0.8 0.7930555555555555 0.796875 0.7777777777777778 0.7890625 0.775 0.78125 0.7819444444444444 0.77109375 0.7791666666666667 0.76875 0.7666666666666667 0.7671875 0.7347222222222223 0.76875 0.6597222222222222 0.7765625 0.6375 0.77890625 0.6222222222222222 0.796875 0.6055555555555555 0.80859375 0.6069444444444444 0.82109375 0.6013888888888889 0.84140625 0.6013888888888889
0 0.5296875 0.43194444444444446 0.5390625 0.4388888888888889 0.54296875 0.4375 0.546875 0.44027777777777777 0.54765625 0.44583333333333336 0.5546875 0.45694444444444443 0.55859375 0.4777777777777778 0.55390625 0.48055555555555557 0.5359375 0.48055555555555557 0.5296875 0.4847222222222222 0.5265625 0.49027777777777776 0.52265625 0.5277777777777778 0.5203125 0.5333333333333333 0.4953125 0.5222222222222223 0.4921875 0.5125 0.49375 0.47638888888888886 0.49765625 0.4625 0.4984375 0.4486111111111111 0.50390625 0.43472222222222223 0.51015625 0.4305555555555556 0.52890625 0.43194444444444446
0 0.36484375 0.4361111111111111 0.396875 0.4375 0.40390625 0.45 0.40390625 0.45555555555555555 0.38203125 0.45694444444444443 0.3765625 0.46111111111111114 0.3703125 0.4791666666666667 0.36640625 0.5111111111111111 0.35546875 0.5152777777777777 0.3484375 0.5152777777777777 0.34375 0.5083333333333333 0.3453125 0.475 0.34765625 0.4597222222222222 0.35390625 0.44166666666666665 0.3640625 0.4361111111111111
0 0.308984375 0.27569444444444446 0.03359375 0.059722222222222225
0 0.39921875 0.3277777777777778 0.40390625 0.3347222222222222 0.4078125 0.3486111111111111 0.40703125 0.3541666666666667 0.4015625 0.3638888888888889 0.39375 0.3527777777777778 0.39140625 0.35694444444444445 0.3875 0.36944444444444446 0.38828125 0.3875 0.38515625 0.4 0.3734375 0.39861111111111114 0.36484375 0.3680555555555556 0.36953125 0.3527777777777778 0.3703125 0.3402777777777778 0.37421875 0.33055555555555555 0.390625 0.3263888888888889 0.3984375 0.3277777777777778
0 0.22578125 0.30833333333333335 0.23046875 0.3194444444444444 0.23203125 0.3402777777777778 0.21875 0.3402777777777778 0.20546875 0.3458333333333333 0.2015625 0.35138888888888886 0.19609375 0.36944444444444446 0.19296875 0.36527777777777776 0.19375 0.3527777777777778 0.1875 0.3263888888888889 0.190625 0.3138888888888889 0.19921875 0.30833333333333335 0.225 0.30833333333333335
0 0.9765625 0.6402777777777777 0.99921875 0.6458333333333334 0.99921875 0.6777777777777778 0.996875 0.6805555555555556 0.99453125 0.6916666666666667 0.996875 0.7097222222222223 0.996875 0.7347222222222223 0.99921875 0.7388888888888889 0.99921875 0.7694444444444445 0.99375 0.7708333333333334 0.98671875 0.7777777777777778 0.9890625 0.7847222222222222 0.9890625 0.7930555555555555 0.9953125 0.7958333333333333 0.978125 0.8027777777777778 0.95859375 0.8013888888888889 0.953125 0.8111111111111111 0.9453125 0.8111111111111111 0.93984375 0.8013888888888889 0.93828125 0.7638888888888888 0.934375 0.7569444444444444 0.9328125 0.7375 0.9328125 0.7013888888888888 0.93671875 0.6819444444444445 0.94375 0.6666666666666666 0.9484375 0.65 0.9640625 0.6402777777777777 0.97578125 0.6402777777777777
0 0.88203125 0.5902777777777778 0.90390625 0.5944444444444444 0.915625 0.6013888888888889 0.925 0.6180555555555556 0.93515625 0.6430555555555556 0.946875 0.65 0.940625 0.6736111111111112 0.934375 0.6875 0.93203125 0.7069444444444445 0.9328125 0.7222222222222222 0.9296875 0.7305555555555555 0.9109375 0.7277777777777777 0.9046875 0.7222222222222222 0.88984375 0.6902777777777778 0.88515625 0.6708333333333333 0.875 0.6458333333333334 0.8609375 0.625 0.85625 0.6111111111111112 0.84140625 0.5958333333333333 0.8453125 0.5916666666666667 0.88125 0.5902777777777778
0 0.50234375 0.8138888888888889 0.54453125 0.8166666666666667 0.55546875 0.8222222222222222 0.565625 0.8361111111111111 0.57265625 0.8527777777777777 0.5921875 0.8833333333333333 0.596875 0.8861111111111111 0.6453125 0.9458333333333333 0.65390625 0.9625 0.6421875 0.9722222222222222 0.6421875 0.975 0.6671875 0.9791666666666666 0.67890625 0.9902777777777778 0.68125 0.9986111111111111 0.63203125 0.9986111111111111 0.62734375 0.9916666666666667 0.6265625 0.975 0.61953125 0.9763888888888889 0.62421875 0.9833333333333333 0.6203125 0.9944444444444445 0.6109375 0.9986111111111111 0.5875 0.9986111111111111 0.5859375 0.9944444444444445 0.58671875 0.9861111111111112 0.59609375 0.9819444444444444 0.59765625 0.9791666666666666 0.59453125 0.975 0.578125 0.9763888888888889 0.57734375 0.9791666666666666 0.5671875 0.9763888888888889 0.56328125 0.9847222222222223 0.5671875 0.9875 0.57890625 0.9861111111111112 0.5796875 0.9888888888888889 0.578125 0.9916666666666667 0.5671875 0.9888888888888889 0.56484375 0.9958333333333333 0.5578125 0.9958333333333333 0.55625 0.9986111111111111 0.5359375 0.9986111111111111 0.53046875 0.9930555555555556 0.5296875 0.9902777777777778 0.5328125 0.9833333333333333 0.5296875 0.9805555555555555 0.51796875 0.9833333333333333 0.51796875 0.9861111111111112 0.52265625 0.9902777777777778 0.52109375 0.9930555555555556 0.51171875 0.9916666666666667 0.50859375 0.9944444444444445 0.49765625 0.9944444444444445 0.4953125 0.9888888888888889 0.4890625 0.9875 0.44609375 0.9944444444444445 0.37109375 0.9944444444444445 0.365625 0.9916666666666667 0.36953125 0.9847222222222223 0.365625 0.9736111111111111 0.36796875 0.9694444444444444 0.36171875 0.9638888888888889 0.346875 0.9694444444444444 0.346875 0.9763888888888889 0.35390625 0.9777777777777777 0.35390625 0.9833333333333333 0.35625 0.9861111111111112 0.35234375 0.9944444444444445 0.32734375 0.9958333333333333 0.325 0.9902777777777778 0.325 0.9833333333333333 0.32890625 0.9694444444444444 0.3265625 0.9402777777777778 0.32734375 0.8902777777777777 0.33046875 0.8652777777777778 0.33515625 0.8527777777777777 0.359375 0.8305555555555556 0.378125 0.8236111111111111 0.43359375 0.8138888888888889 0.5015625 0.8138888888888889
0 0.3953125 0.2111111111111111 0.4 0.21944444444444444 0.40078125 0.22777777777777777 0.39921875 0.2361111111111111 0.39453125 0.24027777777777778 0.38125 0.2388888888888889 0.3796875 0.2375 0.37890625 0.22777777777777777 0.37890625 0.21805555555555556 0.3828125 0.2111111111111111 0.39453125 0.2111111111111111
0 0.3125 0.3347222222222222 0.31875 0.33611111111111114 0.328125 0.3597222222222222 0.32890625 0.3861111111111111 0.32734375 0.4027777777777778 0.32109375 0.4013888888888889 0.32109375 0.39861111111111114 0.325 0.3972222222222222 0.321875 0.39444444444444443 0.32109375 0.38333333333333336 0.31875 0.37777777777777777 0.3125 0.37083333333333335 0.303125 0.36666666666666664 0.2890625 0.36944444444444446 0.271875 0.3902777777777778 0.2703125 0.36527777777777776 0.278125 0.3541666666666667 0.2796875 0.34444444444444444 0.2828125 0.3388888888888889 0.31171875 0.3347222222222222
0 0.4015625 0.26666666666666666 0.4078125 0.2763888888888889 0.41015625 0.2986111111111111 0.4046875 0.3125 0.39375 0.31666666666666665 0.390625 0.30416666666666664 0.390625 0.28055555555555556 0.38671875 0.26805555555555555 0.40078125 0.26666666666666666
0 0.271875 0.34305555555555556 0.27109375 0.33194444444444443 0.26796875 0.3277777777777778 0.265625 0.31805555555555554 0.26484375 0.2791666666666667 0.27890625 0.2638888888888889 0.28671875 0.26805555555555555 0.29296875 0.2652777777777778 0.2984375 0.2777777777777778 0.30078125 0.29583333333333334 0.29765625 0.30277777777777776 0.284375 0.30833333333333335 0.27421875 0.33194444444444443 0.27265625 0.34305555555555556
0 0.43046875 0.3013888888888889 0.43671875 0.30833333333333335 0.44140625 0.32916666666666666 0.44140625 0.3375 0.41328125 0.3472222222222222 0.40703125 0.34444444444444444 0.40234375 0.325 0.403125 0.31666666666666665 0.40078125 0.3138888888888889 0.4125 0.3 0.4296875 0.3013888888888889
0 0.48984375 0.2388888888888889 0.490625 0.24722222222222223 0.4984375 0.25416666666666665 0.50234375 0.2611111111111111 0.50234375 0.2652777777777778 0.4921875 0.26944444444444443 0.48828125 0.2777777777777778 0.4875 0.2916666666666667 0.4796875 0.2986111111111111 0.4734375 0.29583333333333334 0.46796875 0.28194444444444444 0.47578125 0.25833333333333336 0.4765625 0.24861111111111112 0.48828125 0.24861111111111112 0.490625 0.24583333333333332 0.48984375 0.24027777777777778
0 0.25390625 0.30833333333333335 0.265625 0.325 0.2703125 0.3388888888888889 0.26953125 0.35555555555555557 0.25859375 0.37916666666666665 0.2484375 0.37777777777777777 0.24453125 0.3736111111111111 0.24453125 0.36666666666666664 0.240625 0.35833333333333334 0.2390625 0.3458333333333333 0.2328125 0.3347222222222222 0.2296875 0.3138888888888889 0.23046875 0.30972222222222223 0.23359375 0.30833333333333335 0.253125 0.30833333333333335
0 0.4671875 0.24583333333333332 0.47734375 0.24861111111111112 0.46953125 0.2833333333333333 0.46328125 0.2861111111111111 0.45859375 0.2763888888888889 0.4609375 0.2569444444444444 0.46640625 0.24722222222222223
0 0.46796875 0.3055555555555556 0.48046875 0.3125 0.4953125 0.3416666666666667 0.49453125 0.34444444444444444 0.48515625 0.33611111111111114 0.465625 0.33611111111111114 0.4578125 0.3486111111111111 0.453125 0.3472222222222222 0.446875 0.3347222222222222 0.45078125 0.32222222222222224 0.45078125 0.3138888888888889 0.45234375 0.30972222222222223 0.4671875 0.3055555555555556
0 0.5859375 0.4847222222222222 0.6046875 0.5013888888888889 0.61328125 0.5180555555555556 0.6171875 0.5333333333333333 0.6234375 0.5708333333333333 0.6234375 0.6194444444444445 0.6203125 0.6319444444444444 0.61640625 0.6375 0.60859375 0.6347222222222222 0.5859375 0.6361111111111111 0.56640625 0.6333333333333333 0.5625 0.6166666666666667 0.5609375 0.5958333333333333 0.5515625 0.5666666666666667 0.54296875 0.5541666666666667 0.5234375 0.5375 0.52265625 0.5291666666666667 0.5265625 0.4930555555555556 0.53203125 0.48333333333333334 0.5625 0.48055555555555557 0.58515625 0.4847222222222222
0 0.38203125 0.26666666666666666 0.38671875 0.26944444444444443 0.390625 0.2777777777777778 0.390625 0.30416666666666664 0.39296875 0.3236111111111111 0.37421875 0.32916666666666666 0.36953125 0.3402777777777778 0.36640625 0.3611111111111111 0.3625 0.3680555555555556 0.35703125 0.37083333333333335 0.35234375 0.36527777777777776 0.346875 0.3402777777777778 0.34765625 0.32222222222222224 0.3453125 0.275 0.3484375 0.26944444444444443 0.38125 0.26666666666666666
0 0.384375 0.20277777777777778 0.3875 0.18888888888888888 0.39140625 0.18611111111111112 0.40078125 0.1875 0.4046875 0.19722222222222222 0.40078125 0.21666666666666667 0.38671875 0.20972222222222223 0.38515625 0.20416666666666666
0 0.871875 0.8333333333333334 0.87890625 0.8416666666666667 0.88046875 0.8472222222222222 0.884375 0.9041666666666667 0.88359375 0.9083333333333333 0.88046875 0.9097222222222222 0.84609375 0.9083333333333333 0.846875 0.8625 0.84453125 0.8555555555555555 0.85 0.8472222222222222 0.85859375 0.8430555555555556 0.86796875 0.8319444444444445 0.87109375 0.8333333333333334
0 0.33203125 0.5166666666666667 0.3671875 0.5180555555555556 0.37265625 0.5208333333333334 0.38671875 0.5430555555555555 0.3921875 0.5680555555555555 0.3859375 0.5722222222222222 0.375 0.5638888888888889 0.359375 0.5611111111111111 0.3265625 0.5652777777777778 0.31875 0.5763888888888888 0.3140625 0.5986111111111111 0.31171875 0.5972222222222222 0.31328125 0.5625 0.3234375 0.5236111111111111 0.3265625 0.5180555555555556 0.33125 0.5166666666666667
0 0.2359375 0.3416666666666667 0.23828125 0.34444444444444444 0.240625 0.35833333333333334 0.24453125 0.36527777777777776 0.24296875 0.37083333333333335 0.2453125 0.3902777777777778 0.24453125 0.41805555555555557 0.240625 0.41388888888888886 0.23359375 0.38472222222222224 0.22734375 0.3736111111111111 0.21484375 0.37083333333333335 0.19921875 0.375 0.19765625 0.36944444444444446 0.196875 0.3625 0.19921875 0.34305555555555556 0.20703125 0.34444444444444444 0.21640625 0.3402777777777778 0.23515625 0.3416666666666667
0 0.23203125 0.42916666666666664 0.24140625 0.4375 0.2453125 0.4597222222222222 0.21875 0.46111111111111114 0.209375 0.4666666666666667 0.203125 0.48194444444444445 0.20078125 0.5027777777777778 0.2015625 0.5111111111111111 0.196875 0.5222222222222223 0.19609375 0.5375 0.1921875 0.5361111111111111 0.18828125 0.5222222222222223 0.1859375 0.4625 0.1921875 0.45555555555555555 0.19296875 0.4486111111111111 0.19921875 0.43472222222222223 0.20546875 0.42916666666666664 0.23125 0.42916666666666664
0 0.08125 0.9777777777777777 0.11015625 0.9777777777777777 0.13671875 0.9819444444444444 0.14765625 0.9888888888888889 0.14765625 0.9986111111111111 0.009375 0.9986111111111111 0.00859375 0.9930555555555556 0.0265625 0.9861111111111112 0.08046875 0.9777777777777777
0 0.99453125 0.8013888888888889 0.9953125 0.8069444444444445 0.99921875 0.8125 0.99921875 0.8847222222222222 0.9953125 0.8916666666666667 0.99609375 0.9111111111111111 0.99921875 0.9152777777777777 0.99921875 0.9361111111111111 0.98359375 0.9444444444444444 0.984375 0.9472222222222222 0.99375 0.9486111111111111 0.9953125 0.9583333333333334 0.99453125 0.9722222222222222 0.98671875 0.9777777777777777 0.984375 0.9861111111111112 0.9828125 0.9819444444444444 0.97734375 0.9791666666666666 0.96015625 0.975 0.94921875 0.9763888888888889 0.9484375 0.9611111111111111 0.95 0.9541666666666667 0.98359375 0.9444444444444444 0.9671875 0.9402777777777778 0.9453125 0.9430555555555555 0.94140625 0.9333333333333333 0.940625 0.8930555555555556 0.9421875 0.8791666666666667 0.9546875 0.8375 0.95546875 0.8277777777777777 0.9625 0.8097222222222222 0.96875 0.8055555555555556 0.98046875 0.8069444444444445 0.99375 0.8013888888888889
0 0.72890625 0.48194444444444445 0.7375 0.48333333333333334 0.7390625 0.4875 0.73515625 0.5097222222222222 0.73515625 0.5430555555555555 0.73359375 0.5472222222222223 0.73046875 0.5472222222222223 0.71015625 0.5222222222222223 0.6921875 0.5166666666666667 0.68828125 0.5125 0.69140625 0.4930555555555556 0.6984375 0.48333333333333334 0.728125 0.48194444444444445
0 0.5359375 0.39861111111111114 0.553125 0.4027777777777778 0.56015625 0.41388888888888886 0.56171875 0.4236111111111111 0.56484375 0.42777777777777776 0.56484375 0.43472222222222223 0.5546875 0.45 0.55 0.44722222222222224 0.5484375 0.44027777777777777 0.54453125 0.43472222222222223 0.51875 0.42916666666666664 0.5125 0.425 0.51484375 0.41388888888888886 0.5203125 0.4027777777777778 0.53515625 0.39861111111111114
0 0.378125 0.24583333333333332 0.38203125 0.25555555555555554 0.38359375 0.26666666666666666 0.3703125 0.26944444444444443 0.34921875 0.26944444444444443 0.35 0.24861111111111112 0.35625 0.24305555555555555 0.37734375 0.24583333333333332
0 0.72890625 0.7986111111111112 0.74296875 0.8013888888888889 0.75703125 0.8111111111111111 0.77109375 0.8319444444444445 0.784375 0.8638888888888889 0.796875 0.8652777777777778 0.79921875 0.8708333333333333 0.79921875 0.8763888888888889 0.79375 0.8861111111111111 0.79375 0.8902777777777777 0.8015625 0.9125 0.80234375 0.9222222222222223 0.79609375 0.9583333333333334 0.796875 0.9666666666666667 0.79375 0.9791666666666666 0.7875 0.9875 0.75546875 0.9916666666666667 0.73671875 0.9875 0.73515625 0.9791666666666666 0.7359375 0.9597222222222223 0.7328125 0.9513888888888888 0.73203125 0.9375 0.72109375 0.8902777777777777 0.709375 0.8597222222222223 0.68515625 0.8527777777777777 0.646875 0.8527777777777777 0.64296875 0.8486111111111111 0.659375 0.8166666666666667 0.67265625 0.8055555555555556 0.70234375 0.7986111111111112 0.728125 0.7986111111111112
0 0.50390625 0.5305555555555556 0.521875 0.5375 0.54765625 0.5611111111111111 0.5515625 0.5694444444444444 0.559375 0.6 0.5625 0.6194444444444445 0.56328125 0.6416666666666667 0.5546875 0.6513888888888889 0.5484375 0.675 0.5515625 0.6916666666666667 0.55 0.7083333333333334 0.54609375 0.7125 0.5390625 0.7055555555555556 0.51953125 0.7069444444444445 0.51171875 0.7013888888888888 0.50703125 0.6916666666666667 0.509375 0.6777777777777778 0.503125 0.6708333333333333 0.5 0.6597222222222222 0.490625 0.6430555555555556 0.48671875 0.6291666666666667 0.4765625 0.6125 0.471875 0.6 0.4546875 0.5972222222222222 0.4484375 0.5916666666666667 0.44921875 0.5597222222222222 0.45234375 0.5388888888888889 0.4546875 0.5361111111111111 0.503125 0.5305555555555556
0 0.68984375 0.8555555555555555 0.70859375 0.8611111111111112 0.71640625 0.8791666666666667 0.73203125 0.9430555555555555 0.73203125 0.9638888888888889 0.73515625 0.9888888888888889 0.73359375 0.9986111111111111 0.68671875 0.9986111111111111 0.6703125 0.9791666666666666 0.66875 0.9680555555555556 0.66015625 0.9652777777777778 0.640625 0.9361111111111111 0.60859375 0.8972222222222223 0.60859375 0.8902777777777777 0.615625 0.8777777777777778 0.634375 0.8541666666666666 0.6890625 0.8555555555555555
0 0.2484375 0.4625 0.25546875 0.4722222222222222 0.2609375 0.49444444444444446 0.21796875 0.49583333333333335 0.2078125 0.5 0.203125 0.5083333333333333 0.20078125 0.5013888888888889 0.20234375 0.4847222222222222 0.21015625 0.4666666666666667 0.2171875 0.4625 0.24765625 0.4625
0 0.465625 0.30972222222222223 0.47734375 0.3138888888888889 0.4796875 0.31805555555555554 0.4765625 0.32083333333333336 0.47890625 0.3236111111111111 0.4765625 0.3277777777777778 0.48046875 0.33194444444444443 0.48828125 0.3333333333333333 0.49296875 0.3388888888888889 0.50078125 0.3597222222222222 0.5 0.36527777777777776 0.49140625 0.36666666666666664 0.48515625 0.3736111111111111 0.48046875 0.3958333333333333 0.4796875 0.4097222222222222 0.47734375 0.4152777777777778 0.4625 0.39166666666666666 0.4609375 0.36944444444444446 0.45625 0.35 0.44921875 0.3388888888888889 0.44921875 0.3277777777777778 0.45234375 0.3263888888888889 0.453125 0.31527777777777777 0.45703125 0.3111111111111111 0.46484375 0.30972222222222223
0 0.42734375 0.34444444444444444 0.44453125 0.34305555555555556 0.4515625 0.35 0.46015625 0.37083333333333335 0.4609375 0.3888888888888889 0.43359375 0.3875 0.4234375 0.39166666666666666 0.41640625 0.4125 0.4140625 0.4375 0.4109375 0.4375 0.409375 0.4083333333333333 0.40546875 0.4013888888888889 0.40390625 0.39305555555555555 0.40625 0.3680555555555556 0.4125 0.35138888888888886 0.4265625 0.34444444444444444
0 0.453125 0.6 0.46875 0.6013888888888889 0.47421875 0.6097222222222223 0.484375 0.6291666666666667 0.49765625 0.6638888888888889 0.5015625 0.6791666666666667 0.50234375 0.6916666666666667 0.5015625 0.6944444444444444 0.46015625 0.6916666666666667 0.4390625 0.6972222222222222 0.434375 0.7055555555555556 0.4296875 0.7263888888888889 0.41953125 0.7569444444444444 0.421875 0.7625 0.4203125 0.7708333333333334 0.41796875 0.7708333333333334 0.415625 0.7611111111111111 0.41171875 0.7708333333333334 0.4078125 0.7708333333333334 0.40546875 0.7625 0.40703125 0.7444444444444445 0.40625 0.6972222222222222 0.4046875 0.6930555555555555 0.40546875 0.6597222222222222 0.40390625 0.6541666666666667 0.40546875 0.6402777777777777 0.4109375 0.6180555555555556 0.4171875 0.6055555555555555 0.4375 0.6 0.45234375 0.6
0 0.6109375 0.6430555555555556 0.6390625 0.6430555555555556 0.6515625 0.6527777777777778 0.6640625 0.6708333333333333 0.67421875 0.6777777777777778 0.68671875 0.7125 0.69375 0.7430555555555556 0.69609375 0.7472222222222222 0.70234375 0.7458333333333333 0.7046875 0.7569444444444444 0.7 0.7652777777777777 0.7015625 0.7819444444444444 0.7 0.7972222222222223 0.68046875 0.8 0.66640625 0.8055555555555556 0.6578125 0.8138888888888889 0.64453125 0.8375 0.640625 0.8486111111111111 0.62890625 0.8555555555555555 0.61953125 0.8694444444444445 0.61015625 0.8736111111111111 0.60546875 0.8861111111111111 0.59921875 0.8833333333333333 0.59140625 0.8736111111111111 0.58828125 0.8666666666666667 0.5859375 0.8527777777777777 0.57109375 0.8291666666666667 0.56640625 0.8291666666666667 0.5625 0.8222222222222222 0.5609375 0.8027777777777778 0.5546875 0.7888888888888889 0.55625 0.7805555555555556 0.55234375 0.7236111111111111 0.553125 0.7138888888888889 0.55546875 0.7097222222222223 0.55546875 0.6916666666666667 0.553125 0.6680555555555555 0.55546875 0.6541666666666667 0.56171875 0.6486111111111111 0.61015625 0.6430555555555556
0 0.44453125 0.25416666666666665 0.45 0.2625 0.45078125 0.275 0.44921875 0.2777777777777778 0.43828125 0.2777777777777778 0.43203125 0.29583333333333334 0.42890625 0.2986111111111111 0.42421875 0.29583333333333334 0.41953125 0.28194444444444444 0.421875 0.2569444444444444 0.428125 0.25277777777777777 0.44375 0.25416666666666665
0 0.65625 0.4847222222222222 0.66796875 0.49166666666666664 0.678125 0.5180555555555556 0.66328125 0.5208333333333334 0.65625 0.5277777777777778 0.65234375 0.5458333333333333 0.646875 0.5541666666666667 0.64609375 0.5791666666666667 0.64375 0.5847222222222223 0.6359375 0.5819444444444445 0.62578125 0.5833333333333334 0.625 0.5638888888888889 0.61875 0.5319444444444444 0.609375 0.5013888888888889 0.61796875 0.48333333333333334 0.65546875 0.4847222222222222
0 0.4359375 0.28194444444444444 0.4421875 0.2777777777777778 0.45546875 0.28055555555555556 0.46328125 0.29305555555555557 0.46484375 0.3 0.46484375 0.3055555555555556 0.4546875 0.30833333333333335 0.45078125 0.31527777777777777 0.44921875 0.325 0.4421875 0.3277777777777778 0.4390625 0.32222222222222224 0.4375 0.30972222222222223 0.43125 0.3 0.4359375 0.2833333333333333
0 0.321875 0.7388888888888889 0.33125 0.7402777777777778 0.33828125 0.7458333333333333 0.3453125 0.7625 0.3546875 0.8027777777777778 0.3578125 0.8069444444444445 0.36640625 0.8069444444444445 0.36796875 0.8166666666666667 0.36640625 0.8208333333333333 0.35234375 0.8263888888888888 0.3125 0.8263888888888888 0.29921875 0.8333333333333334 0.2875 0.8652777777777778 0.28515625 0.8986111111111111 0.2828125 0.9097222222222222 0.284375 0.925 0.28125 0.9347222222222222 0.2734375 0.9458333333333333 0.26875 0.9458333333333333 0.26640625 0.9416666666666667 0.2640625 0.9041666666666667 0.259375 0.8958333333333334 0.25703125 0.8361111111111111 0.253125 0.8277777777777777 0.2546875 0.8152777777777778 0.2609375 0.8041666666666667 0.2625 0.7958333333333333 0.26171875 0.7791666666666667 0.26640625 0.7583333333333333 0.271875 0.7472222222222222 0.2828125 0.7430555555555556 0.32109375 0.7388888888888889
0 0.5828125 0.35138888888888886 0.596875 0.37083333333333335 0.5984375 0.38055555555555554 0.5859375 0.4027777777777778 0.58125 0.4263888888888889 0.578125 0.4305555555555556 0.5671875 0.42777777777777776 0.559375 0.40694444444444444 0.546875 0.39166666666666666 0.54453125 0.3736111111111111 0.5515625 0.36527777777777776 0.55234375 0.35833333333333334 0.55703125 0.3541666666666667 0.58203125 0.35138888888888886
0 0.5890625 0.4388888888888889 0.60390625 0.4486111111111111 0.61015625 0.4708333333333333 0.6171875 0.48055555555555557 0.609375 0.4986111111111111 0.60546875 0.5027777777777778 0.58671875 0.4847222222222222 0.56328125 0.4791666666666667 0.559375 0.4736111111111111 0.55546875 0.45 0.56171875 0.44027777777777777 0.56484375 0.4375 0.58828125 0.4388888888888889
0 0.47109375 0.6875 0.4875 0.6930555555555555 0.50078125 0.6930555555555555 0.51640625 0.7152777777777778 0.5265625 0.7472222222222222 0.53125 0.7694444444444445 0.53359375 0.7722222222222223 0.53984375 0.7680555555555556 0.54609375 0.775 0.54296875 0.7833333333333333 0.5375 0.7888888888888889 0.5375 0.8013888888888889 0.540625 0.8097222222222222 0.53984375 0.8152777777777778 0.48984375 0.8097222222222222 0.425 0.8125 0.41875 0.8097222222222222 0.4203125 0.7541666666666667 0.42578125 0.7444444444444445 0.4265625 0.7263888888888889 0.434375 0.7013888888888888 0.4421875 0.6916666666666667 0.453125 0.6930555555555555 0.459375 0.6861111111111111 0.46328125 0.6888888888888889 0.4703125 0.6875
0 0.30390625 0.3638888888888889 0.315625 0.37222222222222223 0.321875 0.3819444444444444 0.3203125 0.4125 0.31875 0.4152777777777778 0.29609375 0.4222222222222222 0.29375 0.42916666666666664 0.296875 0.4375 0.2921875 0.44305555555555554 0.28515625 0.44583333333333336 0.2828125 0.45555555555555555 0.28359375 0.4638888888888889 0.28125 0.4666666666666667 0.278125 0.4666666666666667 0.27578125 0.4597222222222222 0.27265625 0.43194444444444446 0.2734375 0.3875 0.2921875 0.3625 0.29765625 0.3625 0.29921875 0.36666666666666664 0.303125 0.3638888888888889
0 0.2890625 0.6041666666666666 0.3 0.6111111111111112 0.30703125 0.6236111111111111 0.31875 0.6569444444444444 0.31875 0.6652777777777777 0.315625 0.6777777777777778 0.3171875 0.7236111111111111 0.3140625 0.7347222222222223 0.2828125 0.7416666666666667 0.271875 0.7472222222222222 0.2671875 0.7541666666666667 0.26484375 0.7708333333333334 0.26171875 0.7791666666666667 0.26015625 0.8013888888888889 0.253125 0.825 0.2546875 0.8444444444444444 0.24921875 0.8583333333333333 0.24453125 0.8611111111111112 0.2375 0.8611111111111112 0.23359375 0.8513888888888889 0.23125 0.8319444444444445 0.2234375 0.8 0.21953125 0.775 0.21328125 0.7680555555555556 0.21015625 0.7555555555555555 0.20703125 0.7277777777777777 0.20625 0.6833333333333333 0.2078125 0.6736111111111112 0.20625 0.6666666666666666 0.2125 0.6541666666666667 0.2125 0.6361111111111111 0.21484375 0.6222222222222222 0.221875 0.6152777777777778 0.23671875 0.6097222222222223 0.28828125 0.6041666666666666
0 0.34453125 0.2861111111111111 0.346875 0.29444444444444445 0.346875 0.3388888888888889 0.34609375 0.3416666666666667 0.3390625 0.34305555555555556 0.33203125 0.3416666666666667 0.33046875 0.3375 0.33046875 0.3 0.33125 0.2916666666666667 0.334375 0.2847222222222222 0.34375 0.2861111111111111
0 0.675 0.5111111111111111 0.67578125 0.5194444444444445 0.69140625 0.5194444444444445 0.71015625 0.525 0.7265625 0.5444444444444444 0.7421875 0.5847222222222223 0.74765625 0.6236111111111111 0.74609375 0.6625 0.7421875 0.6694444444444444 0.72109375 0.6611111111111111 0.69609375 0.6583333333333333 0.6859375 0.6611111111111111 0.6796875 0.6680555555555555 0.671875 0.6680555555555555 0.66796875 0.6666666666666666 0.6609375 0.6430555555555556 0.64921875 0.6430555555555556 0.646875 0.6375 0.6453125 0.6055555555555555 0.64609375 0.5513888888888889 0.6515625 0.5430555555555555 0.653125 0.5319444444444444 0.65625 0.5263888888888889 0.665625 0.5194444444444445 0.6734375 0.5194444444444445 0.675 0.5125