0 0.734375 0.3388888888888889 0.74609375 0.3416666666666667 0.7546875 0.3486111111111111 0.765625 0.3486111111111111 0.7703125 0.3638888888888889 0.7828125 0.375 0.78515625 0.38055555555555554 0.784375 0.42083333333333334 0.78203125 0.4263888888888889 0.728125 0.425 0.71796875 0.43333333333333335 0.7125 0.48333333333333334 0.71171875 0.5152777777777777 0.71015625 0.5236111111111111 0.70625 0.5263888888888889 0.6984375 0.5138888888888888 0.69453125 0.49722222222222223 0.69296875 0.4791666666666667 0.6921875 0.44722222222222224 0.69609375 0.41805555555555557 0.6953125 0.3972222222222222 0.6984375 0.37083333333333335 0.6984375 0.3458333333333333 0.7 0.3388888888888889 0.703125 0.33611111111111114 0.73359375 0.3388888888888889
0 0.21640625 0.3236111111111111 0.225 0.33194444444444443 0.225 0.3597222222222222 0.215625 0.37222222222222223 0.21328125 0.36944444444444446 0.2109375 0.35138888888888886 0.20546875 0.34444444444444444 0.2078125 0.3416666666666667 0.20625 0.33611111111111114 0.21015625 0.33611111111111114 0.215625 0.325
0 0.196875 0.4486111111111111 0.19921875 0.45416666666666666 0.2 0.4666666666666667 0.1984375 0.49722222222222223 0.19609375 0.5013888888888889 0.17734375 0.5083333333333333 0.165625 0.5194444444444445 0.134375 0.525 0.1296875 0.525 0.12734375 0.5208333333333334 0.12578125 0.49722222222222223 0.13046875 0.4652777777777778 0.134375 0.4625 0.14375 0.44166666666666665 0.16640625 0.43472222222222223 0.184375 0.43472222222222223 0.1890625 0.4375 0.19609375 0.4486111111111111
0 0.58671875 0.25972222222222224 0.5921875 0.2652777777777778 0.59453125 0.2791666666666667 0.590625 0.2847222222222222 0.58359375 0.2875 0.58046875 0.2972222222222222 0.57109375 0.2972222222222222 0.56953125 0.29444444444444445 0.5703125 0.26944444444444443 0.5734375 0.2611111111111111 0.5859375 0.25972222222222224
0 0.40546875 0.6361111111111111 0.415625 0.6402777777777777 0.4234375 0.6555555555555556 0.43515625 0.6638888888888889 0.43515625 0.6694444444444444 0.42890625 0.6763888888888889 0.4328125 0.7069444444444445 0.43125 0.7486111111111111 0.42890625 0.7583333333333333 0.42421875 0.7652777777777777 0.421875 0.8027777777777778 0.4171875 0.8125 0.4078125 0.8097222222222222 0.40390625 0.7972222222222223 0.390625 0.7986111111111112 0.3796875 0.7791666666666667 0.33125 0.775 0.328125 0.7736111111111111 0.3265625 0.7680555555555556 0.32890625 0.7361111111111112 0.328125 0.7236111111111111 0.33046875 0.7166666666666667 0.33125 0.7 0.3375 0.6777777777777778 0.334375 0.6666666666666666 0.3359375 0.6611111111111111 0.34296875 0.6597222222222222 0.34765625 0.6472222222222223 0.35546875 0.6375 0.4046875 0.6361111111111111
0 0.5859375 0.4097222222222222 0.58984375 0.41388888888888886 0.59609375 0.4444444444444444 0.59375 0.48194444444444445 0.590625 0.48194444444444445 0.58828125 0.4777777777777778 0.58828125 0.4625 0.5796875 0.44027777777777777 0.5734375 0.4361111111111111 0.55078125 0.43194444444444446 0.553125 0.42083333333333334 0.55859375 0.4111111111111111 0.56484375 0.4083333333333333 0.58515625 0.4097222222222222
0 0.06171875 0.3625 0.06875 0.36527777777777776 0.07578125 0.375 0.0828125 0.37916666666666665 0.0828125 0.40555555555555556 0.0796875 0.41944444444444445 0.07734375 0.42083333333333334 0.06875 0.40555555555555556 0.0609375 0.4 0.03828125 0.4013888888888889 0.028125 0.4125 0.01875 0.44027777777777777 0.01015625 0.4444444444444444 0.00390625 0.4444444444444444 0 0.42916666666666664 0.00234375 0.4083333333333333 0.01015625 0.3861111111111111 0.02578125 0.36666666666666664 0.0609375 0.3625
0 0.48515625 0.3111111111111111 0.49375 0.33055555555555555 0.49375 0.3458333333333333 0.48671875 0.375 0.4828125 0.37222222222222223 0.4765625 0.3541666666666667 0.46171875 0.3486111111111111 0.46484375 0.34444444444444444 0.459375 0.34444444444444444 0.45703125 0.3347222222222222 0.459375 0.31805555555555554 0.4671875 0.30972222222222223 0.484375 0.3111111111111111
0 0.5359375 0.22916666666666666 0.53828125 0.23472222222222222 0.53828125 0.24722222222222223 0.53671875 0.25416666666666665 0.5328125 0.2569444444444444 0.52890625 0.25416666666666665 0.5265625 0.24166666666666667 0.52265625 0.23333333333333334 0.52578125 0.22777777777777777 0.53515625 0.22916666666666666
0 0.01484375 0.3541666666666667 0.02265625 0.35833333333333334 0.025 0.36527777777777776 0.0109375 0.38472222222222224 0.0015625 0.40694444444444444 0 0.40694444444444444 0 0.3597222222222222 0.0140625 0.3541666666666667
0 0.553125 0.35 0.57578125 0.3541666666666667 0.578125 0.3597222222222222 0.5765625 0.3625 0.565625 0.3638888888888889 0.5609375 0.36944444444444446 0.5546875 0.39305555555555555 0.5515625 0.42083333333333334 0.5453125 0.4236111111111111 0.5453125 0.375 0.546875 0.36527777777777776 0.5515625 0.35555555555555557 0.55078125 0.35138888888888886 0.55234375 0.35138888888888886
0 0.32421875 0.2263888888888889 0.328125 0.24583333333333332 0.32578125 0.2652777777777778 0.32421875 0.26666666666666666 0.32109375 0.2638888888888889 0.309375 0.26666666666666666 0.303125 0.2625 0.303125 0.2375 0.3046875 0.23333333333333334 0.309375 0.22777777777777777 0.3234375 0.2263888888888889
0 0.659375 0.5486111111111112 0.6734375 0.55 0.6796875 0.5583333333333333 0.7078125 0.5625 0.71171875 0.5666666666666667 0.7203125 0.5875 0.71875 0.6 0.7203125 0.6097222222222223 0.71953125 0.6680555555555555 0.71640625 0.6847222222222222 0.69453125 0.6805555555555556 0.67578125 0.6805555555555556 0.6703125 0.6833333333333333 0.665625 0.6875 0.65390625 0.7125 0.64765625 0.7180555555555556 0.64375 0.7180555555555556 0.6421875 0.7138888888888889 0.64140625 0.6958333333333333 0.63671875 0.6875 0.634375 0.675 0.63515625 0.6625 0.62890625 0.65 0.63125 0.6347222222222222 0.63046875 0.6097222222222223 0.63203125 0.6041666666666666 0.62578125 0.5972222222222222 0.62890625 0.5916666666666667 0.62890625 0.5819444444444445 0.63359375 0.5694444444444444 0.6375 0.55 0.65859375 0.5486111111111112
0 0.51953125 0.3416666666666667 0.52265625 0.34444444444444444 0.52734375 0.35694444444444445 0.53203125 0.38055555555555554 0.53046875 0.4 0.5265625 0.4041666666666667 0.5125 0.3958333333333333 0.5046875 0.3972222222222222 0.4984375 0.4041666666666667 0.49375 0.4041666666666667 0.49296875 0.4013888888888889 0.49375 0.35694444444444445 0.49609375 0.35138888888888886 0.5046875 0.3402777777777778 0.51875 0.3416666666666667
0 0.565625 0.5263888888888889 0.57734375 0.5291666666666667 0.58671875 0.5472222222222223 0.5953125 0.5527777777777778 0.590625 0.5638888888888889 0.58828125 0.5902777777777778 0.58515625 0.5888888888888889 0.58046875 0.5763888888888888 0.57265625 0.5722222222222222 0.53359375 0.5708333333333333 0.52890625 0.5736111111111111 0.53203125 0.5555555555555556 0.540625 0.5305555555555556 0.55 0.5263888888888889 0.56484375 0.5263888888888889
0 0.76796875 0.42916666666666664 0.78203125 0.42777777777777776 0.7890625 0.43194444444444446 0.7890625 0.4388888888888889 0.79296875 0.43472222222222223 0.796875 0.44027777777777777 0.8109375 0.44722222222222224 0.8375 0.47638888888888886 0.84609375 0.49027777777777776 0.85 0.5027777777777778 0.85859375 0.5152777777777777 0.86015625 0.525 0.85625 0.5763888888888888 0.8203125 0.5763888888888888 0.81875 0.5791666666666667 0.81640625 0.6 0.81640625 0.6402777777777777 0.8140625 0.6694444444444444 0.8109375 0.6861111111111111 0.80703125 0.6944444444444444 0.803125 0.6930555555555555 0.8015625 0.6958333333333333 0.8 0.7097222222222223 0.796875 0.7125 0.790625 0.7069444444444445 0.78984375 0.6930555555555555 0.78359375 0.6861111111111111 0.75625 0.6833333333333333 0.74453125 0.6944444444444444 0.740625 0.6916666666666667 0.73828125 0.6805555555555556 0.72734375 0.6583333333333333 0.72734375 0.6388888888888888 0.725 0.6222222222222222 0.72890625 0.6180555555555556 0.72890625 0.6125 0.72421875 0.6027777777777777 0.72265625 0.5819444444444445 0.71875 0.5777777777777777 0.7125 0.5597222222222222 0.71171875 0.5305555555555556 0.715625 0.5013888888888889 0.71328125 0.49027777777777776 0.7171875 0.48055555555555557 0.715625 0.4736111111111111 0.71796875 0.45694444444444443 0.71640625 0.44305555555555554 0.71875 0.43472222222222223 0.72890625 0.4263888888888889 0.7671875 0.42916666666666664
0 0.43046875 0.32083333333333336 0.4359375 0.3277777777777778 0.44140625 0.3458333333333333 0.44140625 0.36944444444444446 0.4359375 0.3861111111111111 0.4328125 0.3861111111111111 0.428125 0.38055555555555554 0.41171875 0.3819444444444444 0.40390625 0.3861111111111111 0.40078125 0.3861111111111111 0.39921875 0.3819444444444444 0.4 0.35555555555555557 0.40390625 0.33194444444444443 0.40859375 0.3236111111111111 0.41328125 0.32083333333333336 0.4296875 0.32083333333333336
0 0.259375 0.23055555555555557 0.2640625 0.23333333333333334 0.26328125 0.2388888888888889 0.265625 0.24444444444444444 0.26640625 0.25972222222222224 0.26171875 0.2861111111111111 0.259375 0.28888888888888886 0.2515625 0.2875 0.246875 0.26805555555555555 0.240625 0.25833333333333336 0.23984375 0.25 0.24375 0.24444444444444444 0.25859375 0.24166666666666667 0.26015625 0.23194444444444445
0 0.0609375 0.4013888888888889 0.0703125 0.4097222222222222 0.07890625 0.4236111111111111 0.07890625 0.44583333333333336 0.07421875 0.4486111111111111 0.04921875 0.4486111111111111 0.04296875 0.4513888888888889 0.0328125 0.46111111111111114 0.02265625 0.48194444444444445 0.0203125 0.48194444444444445 0.0171875 0.4722222222222222 0.0171875 0.4486111111111111 0.02890625 0.4125 0.0390625 0.4027777777777778 0.06015625 0.4013888888888889
0 0.59140625 0.3638888888888889 0.59765625 0.37083333333333335 0.60234375 0.4083333333333333 0.60078125 0.4513888888888889 0.5984375 0.45555555555555555 0.59609375 0.4527777777777778 0.5953125 0.44166666666666665 0.58828125 0.4111111111111111 0.584375 0.4083333333333333 0.56484375 0.4083333333333333 0.56015625 0.4111111111111111 0.55703125 0.41805555555555557 0.55390625 0.41388888888888886 0.55625 0.3875 0.5609375 0.36944444444444446 0.5640625 0.36527777777777776 0.590625 0.3638888888888889
0 0.246875 0.2708333333333333 0.25078125 0.2875 0.25234375 0.30972222222222223 0.25078125 0.3138888888888889 0.2390625 0.32083333333333336 0.228125 0.31805555555555554 0.225 0.28888888888888886 0.2203125 0.2791666666666667 0.221875 0.275 0.2328125 0.2708333333333333 0.23984375 0.2708333333333333 0.2421875 0.26805555555555555 0.24609375 0.2708333333333333
0 0.46015625 0.28055555555555556 0.46796875 0.2861111111111111 0.4703125 0.29583333333333334 0.4703125 0.30694444444444446 0.4625 0.3138888888888889 0.45859375 0.32083333333333336 0.45625 0.33194444444444443 0.4484375 0.33055555555555555 0.44296875 0.3333333333333333 0.43828125 0.32916666666666666 0.43671875 0.32083333333333336 0.4390625 0.29305555555555557 0.4453125 0.28194444444444444 0.459375 0.28055555555555556
0 0.0796875 0.4486111111111111 0.0953125 0.46111111111111114 0.0984375 0.46944444444444444 0.1 0.4986111111111111 0.096875 0.5152777777777777 0.090625 0.5152777777777777 0.0796875 0.5236111111111111 0.07578125 0.5347222222222222 0.07265625 0.5375 0.05390625 0.5361111111111111 0.02421875 0.5402777777777777 0.01796875 0.5402777777777777 0.01640625 0.5375 0.01328125 0.5180555555555556 0.01796875 0.49444444444444446 0.0328125 0.4625 0.0453125 0.4513888888888889 0.07890625 0.4486111111111111
0 0.3609375 0.2791666666666667 0.365625 0.30277777777777776 0.365625 0.3138888888888889 0.35703125 0.3277777777777778 0.35 0.33194444444444443 0.33515625 0.33055555555555555 0.33046875 0.3138888888888889 0.33046875 0.2986111111111111 0.334375 0.2847222222222222 0.3375 0.28055555555555556 0.34765625 0.2777777777777778 0.36015625 0.2791666666666667
0 0.30703125 0.2875 0.3140625 0.30277777777777776 0.3140625 0.32083333333333336 0.3125 0.325 0.30625 0.3277777777777778 0.28984375 0.3263888888888889 0.28046875 0.30972222222222223 0.284375 0.29444444444444445 0.2890625 0.28888888888888886 0.30625 0.2875
0 0.84296875 0.5791666666666667 0.8765625 0.5847222222222223 0.9421875 0.5888888888888889 0.99921875 0.6402777777777777 0.99921875 0.6888888888888889 0.9953125 0.6930555555555555 0.99453125 0.7041666666666667 0.996875 0.7263888888888889 0.99609375 0.7583333333333333 0.99453125 0.7722222222222223 0.9875 0.775 0.9953125 0.7847222222222222 0.996875 0.8347222222222223 0.99921875 0.8375 0.99921875 0.8694444444444445 0.9921875 0.8736111111111111 0.990625 0.8791666666666667 0.9953125 0.8861111111111111 0.996875 0.8986111111111111 0.99921875 0.9013888888888889 0.99921875 0.925 0.99453125 0.9361111111111111 0.9765625 0.9375 0.965625 0.9583333333333334 0.9515625 0.9569444444444445 0.93671875 0.95 0.92109375 0.95 0.90859375 0.9416666666666667 0.89375 0.9402777777777778 0.88671875 0.9305555555555556 0.88203125 0.9305555555555556 0.87421875 0.9375 0.86640625 0.9361111111111111 0.859375 0.9416666666666667 0.85234375 0.9416666666666667 0.84765625 0.9361111111111111 0.84453125 0.925 0.84453125 0.9152777777777777 0.8390625 0.9097222222222222 0.8359375 0.8986111111111111 0.8140625 0.8513888888888889 0.8109375 0.8347222222222223 0.81171875 0.8138888888888889 0.80703125 0.8027777777777778 0.80625 0.7611111111111111 0.809375 0.7513888888888889 0.80703125 0.7430555555555556 0.80859375 0.7375 0.80859375 0.7194444444444444 0.8109375 0.7027777777777777 0.8140625 0.6958333333333333 0.81640625 0.6569444444444444 0.81953125 0.6361111111111111 0.81796875 0.6305555555555555 0.81875 0.5916666666666667 0.8203125 0.5819444444444445 0.82265625 0.5791666666666667 0.8421875 0.5791666666666667
0 0.64921875 0.26944444444444443 0.6546875 0.2791666666666667 0.65078125 0.2902777777777778 0.64296875 0.2861111111111111 0.62578125 0.2861111111111111 0.6203125 0.28194444444444444 0.62109375 0.26944444444444443 0.628125 0.2638888888888889 0.63515625 0.2625 0.6484375 0.26944444444444443
0 0.365625 0.18472222222222223 0.3703125 0.19166666666666668 0.36953125 0.2111111111111111 0.3625 0.20555555555555555 0.35703125 0.2125 0.35546875 0.2222222222222222 0.3515625 0.21666666666666667 0.35 0.20972222222222223 0.35078125 0.19444444444444445 0.35546875 0.1875 0.36484375 0.18472222222222223
0 0.5375 0.5708333333333333 0.5703125 0.5722222222222222 0.58203125 0.5777777777777777 0.58828125 0.5944444444444444 0.5953125 0.5972222222222222 0.59765625 0.6013888888888889 0.59296875 0.6111111111111112 0.5953125 0.6375 0.58828125 0.6416666666666667 0.5796875 0.6375 0.5546875 0.6375 0.54921875 0.6416666666666667 0.53671875 0.6638888888888889 0.53671875 0.6722222222222223 0.53359375 0.6847222222222222 0.5265625 0.6916666666666667 0.52734375 0.7 0.525 0.7027777777777777 0.51875 0.7013888888888888 0.51875 0.6708333333333333 0.51640625 0.65 0.52109375 0.6055555555555555 0.5140625 0.5972222222222222 0.5140625 0.5916666666666667 0.52578125 0.5888888888888889 0.52890625 0.5847222222222223 0.53203125 0.5722222222222222 0.53671875 0.5708333333333333
0 0.325 0.4861111111111111 0.33515625 0.4875 0.340625 0.49166666666666664 0.346875 0.5041666666666667 0.353125 0.5083333333333333 0.3546875 0.5180555555555556 0.35625 0.5416666666666666 0.35546875 0.575 0.353125 0.5819444444444445 0.34453125 0.5875 0.3421875 0.6111111111111112 0.3390625 0.6138888888888889 0.33203125 0.6125 0.328125 0.6 0.32421875 0.6041666666666666 0.31796875 0.5972222222222222 0.3125 0.5958333333333333 0.28828125 0.5972222222222222 0.28046875 0.6125 0.27421875 0.6125 0.2703125 0.6 0.26953125 0.5625 0.27109375 0.5444444444444444 0.28515625 0.49722222222222223 0.28828125 0.49166666666666664 0.2953125 0.4875 0.32421875 0.4861111111111111
0 0.4828125 0.25555555555555554 0.48671875 0.25972222222222224 0.48984375 0.275 0.4875 0.28888888888888886 0.48359375 0.2902777777777778 0.4703125 0.28888888888888886 0.46640625 0.28194444444444444 0.46640625 0.26944444444444443 0.4703125 0.2569444444444444 0.48203125 0.25555555555555554
0 0.21875 0.2791666666666667 0.22421875 0.2861111111111111 0.228125 0.3055555555555556 0.22734375 0.3236111111111111 0.22421875 0.33055555555555555 0.2203125 0.3236111111111111 0.20625 0.33055555555555555 0.20234375 0.3111111111111111 0.20234375 0.2833333333333333 0.20390625 0.28055555555555556 0.21796875 0.2791666666666667
0 0.39609375 0.3861111111111111 0.40703125 0.3972222222222222 0.4078125 0.4027777777777778 0.4046875 0.4111111111111111 0.40078125 0.44166666666666665 0.39296875 0.4361111111111111 0.38828125 0.44305555555555554 0.38671875 0.45 0.38203125 0.45 0.36875 0.425 0.36015625 0.41805555555555557 0.36171875 0.4 0.365625 0.39166666666666666 0.371875 0.3875 0.3953125 0.3861111111111111
0 0.40546875 0.24791666666666667 0.0203125 0.0375
0 0.49921875 0.2375 0.503125 0.24166666666666667 0.5046875 0.25416666666666665 0.5046875 0.26666666666666666 0.5015625 0.26805555555555555 0.48828125 0.26666666666666666 0.484375 0.25833333333333336 0.4890625 0.2388888888888889 0.4984375 0.2375
0 0.68359375 0.7152777777777778 0.73359375 0.7208333333333333 0.75625 0.7291666666666666 0.7625 0.7375 0.7734375 0.775 0.77890625 0.7875 0.78125 0.8013888888888889 0.7796875 0.8555555555555555 0.7796875 0.9138888888888889 0.78125 0.9208333333333333 0.77890625 0.9305555555555556 0.7796875 0.9555555555555556 0.778125 0.9777777777777777 0.77578125 0.9847222222222223 0.7703125 0.9875 0.7578125 0.9861111111111112 0.74140625 0.9791666666666666 0.7265625 0.9777777777777777 0.72265625 0.9805555555555555 0.71796875 0.975 0.7109375 0.9736111111111111 0.70234375 0.9763888888888889 0.6890625 0.975 0.68515625 0.9777777777777777 0.675 0.9763888888888889 0.671875 0.9847222222222223 0.6640625 0.9847222222222223 0.6578125 0.9763888888888889 0.65703125 0.9333333333333333 0.65078125 0.9013888888888889 0.65078125 0.8222222222222222 0.653125 0.8027777777777778 0.65390625 0.7555555555555555 0.659375 0.7444444444444445 0.6546875 0.7375 0.6546875 0.7333333333333333 0.6578125 0.7305555555555555 0.659375 0.7222222222222222 0.6640625 0.7180555555555556 0.6828125 0.7152777777777778
0 0.365625 0.3 0.3609375 0.2763888888888889 0.36484375 0.26805555555555555 0.37265625 0.2638888888888889 0.378125 0.2638888888888889 0.38203125 0.26805555555555555 0.38359375 0.275 0.3828125 0.28888888888888886 0.3765625 0.2986111111111111 0.36640625 0.3
0 0.6609375 0.40555555555555556 0.66640625 0.4125 0.67109375 0.42916666666666664 0.67109375 0.4597222222222222 0.66796875 0.46111111111111114 0.6640625 0.45416666666666666 0.65 0.4486111111111111 0.628125 0.45 0.6234375 0.45694444444444443 0.6203125 0.46805555555555556 0.61796875 0.4888888888888889 0.61796875 0.5111111111111111 0.61640625 0.5138888888888888 0.6125 0.5055555555555555 0.6125 0.49027777777777776 0.6140625 0.4875 0.6125 0.48055555555555557 0.6125 0.4527777777777778 0.6140625 0.4486111111111111 0.61484375 0.425 0.61875 0.40694444444444444 0.62265625 0.4041666666666667 0.66015625 0.40555555555555556
0 0.65078125 0.38333333333333336 0.65859375 0.3902777777777778 0.66171875 0.4041666666666667 0.61953125 0.4041666666666667 0.61796875 0.39444444444444443 0.6265625 0.38472222222222224 0.65 0.38472222222222224
0 0.12265625 0.3375 0.1328125 0.33055555555555555 0.14609375 0.3277777777777778 0.1609375 0.3277777777777778 0.165625 0.33055555555555555 0.16796875 0.3375 0.16640625 0.34305555555555556 0.1578125 0.3458333333333333 0.14140625 0.34444444444444444 0.12734375 0.3486111111111111 0.12109375 0.35555555555555557 0.12109375 0.36527777777777776 0.115625 0.37777777777777777 0.1125 0.37916666666666665 0.11015625 0.37222222222222223 0.11015625 0.3611111111111111 0.12265625 0.3388888888888889
0 0.32421875 0.26666666666666666 0.32734375 0.2722222222222222 0.3296875 0.2847222222222222 0.32890625 0.30972222222222223 0.325 0.31527777777777777 0.315625 0.3138888888888889 0.31171875 0.29583333333333334 0.30390625 0.2861111111111111 0.30546875 0.2763888888888889 0.30859375 0.2722222222222222 0.3234375 0.26666666666666666
0 0.359375 0.42083333333333334 0.36953125 0.42777777777777776 0.37890625 0.44722222222222224 0.3796875 0.4666666666666667 0.378125 0.4777777777777778 0.36875 0.5 0.365625 0.5 0.359375 0.4930555555555556 0.3421875 0.49166666666666664 0.33515625 0.4861111111111111 0.32421875 0.4861111111111111 0.31953125 0.48194444444444445 0.32734375 0.44305555555555554 0.33359375 0.4263888888888889 0.33828125 0.4222222222222222 0.35859375 0.42083333333333334
0 0.365625 0.25277777777777777 0.36953125 0.2611111111111111 0.359375 0.2777777777777778 0.35 0.2763888888888889 0.34765625 0.2625 0.353125 0.25416666666666665 0.36484375 0.25277777777777777
0 0.1671875 0.34444444444444444 0.17421875 0.3736111111111111 0.17421875 0.3902777777777778 0.171875 0.4 0.16796875 0.4013888888888889 0.1640625 0.3958333333333333 0.16015625 0.3958333333333333 0.15390625 0.4097222222222222 0.13359375 0.40555555555555556 0.11953125 0.4125 0.11640625 0.4111111111111111 0.1140625 0.4041666666666667 0.11484375 0.37916666666666665 0.11953125 0.36527777777777776 0.1171875 0.35138888888888886 0.14375 0.34444444444444444 0.16640625 0.34444444444444444
0 0.00703125 0.9486111111111111 0.0359375 0.9513888888888888 0.05234375 0.9625 0.075 0.9666666666666667 0.08046875 0.9736111111111111 0.0859375 0.9902777777777778 0.0859375 0.9986111111111111 0.071875 0.9986111111111111 0.0703125 0.9958333333333333 0.059375 0.9986111111111111 0.046875 0.9944444444444445 0.034375 0.9958333333333333 0.0328125 0.9986111111111111 0 0.9972222222222222 0 0.9513888888888888 0.00625 0.9486111111111111
0 0.665625 0.30416666666666664 0.6734375 0.30694444444444446 0.678125 0.31666666666666665 0.68046875 0.33055555555555555 0.65859375 0.3375 0.6546875 0.325 0.65546875 0.30416666666666664 0.65703125 0.3 0.66015625 0.30416666666666664 0.66484375 0.30416666666666664
0 0.5734375 0.4361111111111111 0.5828125 0.44166666666666665 0.584375 0.4486111111111111 0.59140625 0.4597222222222222 0.590625 0.4722222222222222 0.59296875 0.47638888888888886 0.59296875 0.49444444444444446 0.58984375 0.49444444444444446 0.5875 0.49027777777777776 0.58671875 0.48333333333333334 0.58203125 0.4722222222222222 0.57578125 0.46805555555555556 0.559375 0.4652777777777778 0.54375 0.4666666666666667 0.53671875 0.48194444444444445 0.5328125 0.4791666666666667 0.53515625 0.4652777777777778 0.53203125 0.4597222222222222 0.53125 0.4527777777777778 0.53828125 0.4486111111111111 0.54375 0.4361111111111111 0.55 0.43333333333333335 0.57265625 0.4361111111111111
0 0.68046875 0.3333333333333333 0.6890625 0.34444444444444444 0.69140625 0.3541666666666667 0.6890625 0.3736111111111111 0.68515625 0.38333333333333336 0.6703125 0.38472222222222224 0.6609375 0.38333333333333336 0.65703125 0.37222222222222223 0.65625 0.3597222222222222 0.65859375 0.3375 0.66796875 0.3333333333333333 0.6796875 0.3333333333333333
0 0.53984375 0.3194444444444444 0.54375 0.3236111111111111 0.54375 0.33055555555555555 0.54765625 0.34444444444444444 0.54453125 0.35694444444444445 0.54296875 0.37916666666666665 0.53828125 0.38472222222222224 0.5328125 0.38333333333333336 0.53046875 0.3638888888888889 0.52265625 0.34305555555555556 0.5171875 0.3388888888888889 0.5078125 0.3375 0.51796875 0.3194444444444444 0.5390625 0.3194444444444444
0 0.4625 0.39444444444444443 0.4734375 0.3958333333333333 0.48203125 0.4027777777777778 0.48515625 0.4166666666666667 0.48671875 0.44166666666666665 0.484375 0.4583333333333333 0.475 0.44166666666666665 0.47265625 0.42777777777777776 0.46875 0.4222222222222222 0.440625 0.4166666666666667 0.4421875 0.40694444444444444 0.44765625 0.39861111111111114 0.46171875 0.39444444444444443
0 0.5546875 0.4666666666666667 0.57421875 0.46944444444444444 0.5828125 0.475 0.5890625 0.5 0.59140625 0.5430555555555555 0.5875 0.5458333333333333 0.57890625 0.5291666666666667 0.575 0.5263888888888889 0.55859375 0.5236111111111111 0.54375 0.525 0.53828125 0.5319444444444444 0.5359375 0.5430555555555555 0.5296875 0.5555555555555556 0.52734375 0.5472222222222223 0.528125 0.5222222222222223 0.5328125 0.49444444444444446 0.528125 0.49027777777777776 0.528125 0.48333333333333334 0.5328125 0.48194444444444445 0.5359375 0.4847222222222222 0.540625 0.4722222222222222 0.55390625 0.4666666666666667
0 0.47734375 0.35555555555555557 0.48359375 0.37777777777777777 0.48359375 0.4027777777777778 0.47265625 0.39444444444444443 0.44765625 0.3958333333333333 0.44609375 0.39305555555555555 0.44609375 0.37916666666666665 0.44921875 0.3597222222222222 0.45234375 0.3541666666666667 0.4734375 0.3527777777777778 0.4765625 0.35555555555555557
0 0.390625 0.20555555555555555 0.39765625 0.2111111111111111 0.3984375 0.23055555555555557 0.39296875 0.25277777777777777 0.3890625 0.25972222222222224 0.384375 0.2625 0.36953125 0.2513888888888889 0.36640625 0.24027777777777778 0.37265625 0.2111111111111111 0.3796875 0.20555555555555555 0.38984375 0.20555555555555555
0 0.4515625 0.5222222222222223 0.46171875 0.525 0.46640625 0.5361111111111111 0.47734375 0.5416666666666666 0.478125 0.5444444444444444 0.47578125 0.5527777777777778 0.475 0.6125 0.4703125 0.6222222222222222 0.4703125 0.6430555555555556 0.46796875 0.6472222222222223 0.46171875 0.6472222222222223 0.46015625 0.6375 0.45625 0.6319444444444444 0.39765625 0.6333333333333333 0.39609375 0.6291666666666667 0.3953125 0.6083333333333333 0.396875 0.5875 0.40546875 0.5541666666666667 0.403125 0.5430555555555555 0.41796875 0.5236111111111111 0.45078125 0.5222222222222223
0 0.4578125 0.41944444444444445 0.47265625 0.425 0.48046875 0.4527777777777778 0.48125 0.4986111111111111 0.47734375 0.5208333333333334 0.47421875 0.5236111111111111 0.46953125 0.5222222222222223 0.46640625 0.5166666666666667 0.46328125 0.5208333333333334 0.4546875 0.5180555555555556 0.42421875 0.5208333333333334 0.421875 0.5180555555555556 0.421875 0.49166666666666664 0.42734375 0.45555555555555555 0.42734375 0.44027777777777777 0.43671875 0.42083333333333334 0.45703125 0.41944444444444445
0 0.15078125 0.30416666666666664 0.15390625 0.30972222222222223 0.15546875 0.3236111111111111 0.15078125 0.3263888888888889 0.1375 0.3263888888888889 0.1234375 0.3333333333333333 0.109375 0.3597222222222222 0.10546875 0.35694444444444445 0.1046875 0.3416666666666667 0.1078125 0.33055555555555555 0.1078125 0.32083333333333336 0.11171875 0.3138888888888889 0.12265625 0.3055555555555556 0.15 0.30416666666666664
0 0.59453125 0.30416666666666664 0.596875 0.30972222222222223 0.59453125 0.3263888888888889 0.5953125 0.35 0.58515625 0.3597222222222222 0.5796875 0.3597222222222222 0.575 0.3527777777777778 0.5546875 0.3486111111111111 0.553125 0.3388888888888889 0.54921875 0.3347222222222222 0.54609375 0.3236111111111111 0.54453125 0.3111111111111111 0.54765625 0.30694444444444446 0.5640625 0.3013888888888889 0.58359375 0.3 0.5921875 0.3013888888888889 0.59375 0.30416666666666664
0 0.58515625 0.6388888888888888 0.58828125 0.6416666666666667 0.609375 0.6430555555555556 0.61328125 0.65 0.61640625 0.6666666666666666 0.6234375 0.6652777777777777 0.6265625 0.6694444444444444 0.6265625 0.675 0.61796875 0.6791666666666667 0.61796875 0.6888888888888889 0.6265625 0.7125 0.628125 0.7666666666666667 0.62578125 0.8111111111111111 0.6234375 0.8194444444444444 0.6203125 0.8222222222222222 0.61015625 0.8166666666666667 0.6 0.8 0.58828125 0.7944444444444444 0.58671875 0.7833333333333333 0.58203125 0.7763888888888889 0.56875 0.7722222222222223 0.53359375 0.7694444444444445 0.53203125 0.7666666666666667 0.53515625 0.7291666666666666 0.53203125 0.6763888888888889 0.5265625 0.6708333333333333 0.5296875 0.6611111111111111 0.53828125 0.6583333333333333 0.53984375 0.65 0.55625 0.6375 0.584375 0.6388888888888888
0 0.51484375 0.23333333333333334 0.52265625 0.2361111111111111 0.52578125 0.24027777777777778 0.53046875 0.26805555555555555 0.52890625 0.2763888888888889 0.52578125 0.28055555555555556 0.51796875 0.2791666666666667 0.5078125 0.2833333333333333 0.50390625 0.2791666666666667 0.50390625 0.2375 0.50703125 0.23333333333333334 0.5140625 0.23333333333333334
0 0.65390625 0.4888888888888889 0.659375 0.49166666666666664 0.671875 0.49027777777777776 0.675 0.49583333333333335 0.6765625 0.5097222222222222 0.6828125 0.5180555555555556 0.68125 0.525 0.6828125 0.5541666666666667 0.66484375 0.5472222222222223 0.64140625 0.5472222222222223 0.62578125 0.5652777777777778 0.621875 0.5625 0.6203125 0.5319444444444444 0.62421875 0.5069444444444444 0.6296875 0.49722222222222223 0.63671875 0.49166666666666664 0.653125 0.49027777777777776
0 0.21328125 0.6875 0.240625 0.7083333333333334 0.24296875 0.7138888888888889 0.24609375 0.7458333333333333 0.24609375 0.7611111111111111 0.24296875 0.7861111111111111 0.23828125 0.7916666666666666 0.23125 0.7944444444444444 0.21953125 0.8138888888888889 0.2171875 0.8402777777777778 0.21328125 0.8458333333333333 0.1984375 0.8375 0.1390625 0.8402777777777778 0.13515625 0.8444444444444444 0.12265625 0.8458333333333333 0.1171875 0.8305555555555556 0.11640625 0.8208333333333333 0.11953125 0.7736111111111111 0.134375 0.7402777777777778 0.1359375 0.7305555555555555 0.14296875 0.7111111111111111 0.15078125 0.6958333333333333 0.15859375 0.6888888888888889 0.2125 0.6875
0 0.6171875 0.2847222222222222 0.6453125 0.2875 0.6515625 0.2916666666666667 0.65390625 0.29583333333333334 0.6546875 0.3055555555555556 0.653125 0.32083333333333336 0.65390625 0.34444444444444444 0.653125 0.3611111111111111 0.6515625 0.3638888888888889 0.628125 0.3680555555555556 0.62421875 0.37222222222222223 0.6203125 0.3875 0.61328125 0.3972222222222222 0.609375 0.3972222222222222 0.603125 0.3680555555555556 0.60390625 0.3458333333333333 0.60703125 0.3347222222222222 0.60703125 0.29305555555555557 0.609375 0.2861111111111111 0.61640625 0.2847222222222222
0 0.53203125 0.7722222222222223 0.57890625 0.7763888888888889 0.5859375 0.7861111111111111 0.596875 0.8444444444444444 0.596875 0.8625 0.6 0.8930555555555556 0.5984375 0.9486111111111111 0.59765625 0.9430555555555555 0.59140625 0.9319444444444445 0.58203125 0.9263888888888889 0.553125 0.9222222222222223 0.55078125 0.9194444444444444 0.540625 0.9194444444444444 0.5328125 0.925 0.52265625 0.9222222222222223 0.503125 0.925 0.5015625 0.9222222222222223 0.5015625 0.8875 0.50390625 0.8736111111111111 0.50390625 0.8458333333333333 0.50703125 0.8347222222222223 0.50703125 0.8222222222222222 0.50390625 0.8125 0.49375 0.8069444444444445 0.49375 0.7972222222222223 0.49765625 0.7930555555555555 0.50546875 0.7944444444444444 0.51796875 0.775 0.53125 0.7722222222222223
0 0.62109375 0.22777777777777777 0.62421875 0.23333333333333334 0.6234375 0.24861111111111112 0.61875 0.2513888888888889 0.61015625 0.27361111111111114 0.6078125 0.275 0.60234375 0.2722222222222222 0.60078125 0.2625 0.60078125 0.25416666666666665 0.6046875 0.2375 0.609375 0.22777777777777777 0.6203125 0.22777777777777777
0 0.27734375 0.30972222222222223 0.28203125 0.3111111111111111 0.2859375 0.31666666666666665 0.28984375 0.3277777777777778 0.28984375 0.3486111111111111 0.28203125 0.35833333333333334 0.2546875 0.35833333333333334 0.25078125 0.35555555555555557 0.2453125 0.34305555555555556 0.25859375 0.3125 0.2765625 0.30972222222222223
0 0.3609375 0.7791666666666667 0.378125 0.7819444444444444 0.38359375 0.7902777777777777 0.38828125 0.8138888888888889 0.39375 0.8166666666666667 0.39140625 0.8208333333333333 0.39375 0.825 0.390625 0.8263888888888888 0.39140625 0.8305555555555556 0.38828125 0.8430555555555556 0.38984375 0.8777777777777778 0.3875 0.9597222222222223 0.3828125 0.9680555555555556 0.37421875 0.9680555555555556 0.371875 0.9708333333333333 0.371875 0.9805555555555555 0.37734375 0.9902777777777778 0.3796875 0.9902777777777778 0.3796875 0.9944444444444445 0.37421875 0.9986111111111111 0.33828125 0.9986111111111111 0.33671875 0.9958333333333333 0.2984375 0.9986111111111111 0.2859375 0.9944444444444445 0.2640625 0.9958333333333333 0.26171875 0.9986111111111111 0.2265625 0.9986111111111111 0.22421875 0.9944444444444445 0.228125 0.9833333333333333 0.22734375 0.9611111111111111 0.2296875 0.9486111111111111 0.26875 0.8583333333333333 0.2703125 0.8361111111111111 0.26953125 0.8097222222222222 0.271875 0.8027777777777778 0.27578125 0.8 0.2859375 0.7819444444444444 0.290625 0.7791666666666667 0.36015625 0.7791666666666667
0 0.65859375 0.45 0.665625 0.45416666666666666 0.67109375 0.4652777777777778 0.67578125 0.4666666666666667 0.6765625 0.4736111111111111 0.67421875 0.4777777777777778 0.675 0.5027777777777778 0.67265625 0.49722222222222223 0.65546875 0.49027777777777776 0.63671875 0.4930555555555556 0.628125 0.5013888888888889 0.61953125 0.5277777777777778 0.61484375 0.5 0.6171875 0.49444444444444446 0.61640625 0.4861111111111111 0.61875 0.48055555555555557 0.62109375 0.45694444444444443 0.6296875 0.4486111111111111 0.6578125 0.45
0 0.36953125 0.2 0.3734375 0.20694444444444443 0.36875 0.225 0.36640625 0.22916666666666666 0.359375 0.23194444444444445 0.35546875 0.23055555555555557 0.35234375 0.20555555555555555 0.35390625 0.20277777777777778 0.36875 0.2