3 0.76953125 0.40694444444444444 0.78203125 0.4097222222222222 0.80625 0.43194444444444446 0.80859375 0.4375 0.80859375 0.49722222222222223 0.80703125 0.5180555555555556 0.81015625 0.5375 0.81015625 0.5708333333333333 0.80546875 0.5972222222222222 0.8078125 0.6194444444444445 0.80234375 0.6347222222222222 0.80078125 0.6833333333333333 0.7984375 0.6944444444444444 0.778125 0.6930555555555555 0.76796875 0.6791666666666667 0.76015625 0.6805555555555556 0.74453125 0.675 0.73359375 0.6777777777777778 0.72421875 0.6875 0.70078125 0.6861111111111111 0.696875 0.6805555555555556 0.69140625 0.6555555555555556 0.68515625 0.6430555555555556 0.6828125 0.5861111111111111 0.68515625 0.5666666666666667 0.68515625 0.5180555555555556 0.6875 0.5125 0.68671875 0.4736111111111111 0.68984375 0.4083333333333333 0.69140625 0.40555555555555556 0.76875 0.40694444444444444
3 0.496875 0.44930555555555557 0.0265625 0.09861111111111111
3 0.9375 0.6416666666666667 0.94375 0.6444444444444445 0.9578125 0.6430555555555556 0.99921875 0.6486111111111111 0.99921875 0.7583333333333333 0.99609375 0.7611111111111111 0.99609375 0.7652777777777777 0.99921875 0.7680555555555556 0.99921875 0.9958333333333333 0.98515625 0.9958333333333333 0.98203125 0.9986111111111111 0.92109375 0.9986111111111111 0.91875 0.9958333333333333 0.9125 0.9986111111111111 0.8640625 0.9986111111111111 0.87265625 0.9930555555555556 0.87734375 0.9680555555555556 0.87890625 0.8236111111111111 0.88125 0.8125 0.88046875 0.7652777777777777 0.8828125 0.7472222222222222 0.88203125 0.7152777777777778 0.88515625 0.6444444444444445 0.8890625 0.6402777777777777 0.93671875 0.6416666666666667
3 0.31953125 0.41944444444444445 0.33203125 0.4152777777777778 0.37265625 0.41944444444444445 0.37578125 0.4263888888888889 0.37734375 0.4722222222222222 0.37734375 0.5319444444444444 0.37578125 0.5361111111111111 0.3671875 0.5375 0.36015625 0.5444444444444444 0.3484375 0.5472222222222223 0.33359375 0.5458333333333333 0.328125 0.5583333333333333 0.32421875 0.5597222222222222 0.32109375 0.5541666666666667 0.31953125 0.5319444444444444 0.31640625 0.5236111111111111 0.31875 0.46111111111111114 0.31796875 0.4263888888888889 0.31953125 0.42083333333333334
3 0.48125 0.3972222222222222 0.484375 0.4041666666666667 0.4828125 0.4166666666666667 0.48359375 0.46944444444444444 0.48046875 0.5083333333333333 0.478125 0.5111111111111111 0.4734375 0.5041666666666667 0.46796875 0.48055555555555557 0.46328125 0.4708333333333333 0.43828125 0.46805555555555556 0.4359375 0.4666666666666667 0.4359375 0.4597222222222222 0.4375 0.39861111111111114 0.4390625 0.3958333333333333 0.48046875 0.3972222222222222
3 0.878125 0.7652777777777777 0.8796875 0.7666666666666667 0.88046875 0.7777777777777778 0.88125 0.8152777777777778 0.8796875 0.8236111111111111 0.87734375 0.9805555555555555 0.87578125 0.9986111111111111 0.859375 0.9986111111111111 0.85859375 0.8555555555555555 0.85625 0.8486111111111111 0.8453125 0.8486111111111111 0.84296875 0.8444444444444444 0.84296875 0.8 0.846875 0.7819444444444444 0.85234375 0.7736111111111111 0.87734375 0.7652777777777777
2 0.1234375 0.3090277777777778 0.0125 0.034722222222222224
2 0.41484375 0.45555555555555555 0.41640625 0.4597222222222222 0.42421875 0.46111111111111114 0.42578125 0.4652777777777778 0.4265625 0.46944444444444444 0.421875 0.4875 0.415625 0.4875 0.4140625 0.45694444444444443
2 0.85703125 0.6527777777777778 0.8640625 0.6625 0.865625 0.6708333333333333 0.8640625 0.6916666666666667 0.859375 0.7027777777777777 0.86171875 0.7166666666666667 0.8609375 0.7472222222222222 0.85625 0.7611111111111111 0.85234375 0.7611111111111111 0.84765625 0.7555555555555555 0.8390625 0.7361111111111112 0.83828125 0.6944444444444444 0.8359375 0.6777777777777778 0.8375 0.6638888888888889 0.83984375 0.6611111111111111 0.8390625 0.6569444444444444 0.85625 0.6527777777777778
2 0.6265625 0.3541666666666667 0.6296875 0.3736111111111111 0.628125 0.3819444444444444 0.62265625 0.3861111111111111 0.6171875 0.38472222222222224 0.61484375 0.37916666666666665 0.61484375 0.37222222222222223 0.61953125 0.3541666666666667 0.62578125 0.3541666666666667
2 0.86953125 0.6666666666666666 0.8765625 0.6722222222222223 0.88125 0.6916666666666667 0.88125 0.7486111111111111 0.8796875 0.7625 0.86640625 0.7666666666666667 0.8609375 0.7541666666666667 0.86171875 0.7180555555555556 0.859375 0.6986111111111111 0.86484375 0.6888888888888889 0.86484375 0.6763888888888889 0.86640625 0.6694444444444444 0.86875 0.6680555555555555
2 0.409375 0.46944444444444444 0.41171875 0.475 0.41171875 0.49166666666666664 0.40859375 0.5013888888888889 0.4046875 0.5013888888888889 0.40078125 0.4930555555555556 0.40078125 0.4722222222222222 0.40390625 0.46805555555555556 0.40859375 0.46944444444444444
2 0.67890625 0.475 0.68515625 0.48055555555555557 0.6859375 0.5055555555555555 0.684375 0.5083333333333333 0.675 0.5083333333333333 0.67265625 0.5027777777777778 0.6734375 0.48194444444444445 0.67578125 0.47638888888888886 0.678125 0.47638888888888886
1 0.36953125 0.6652777777777777 0.39453125 0.6680555555555555 0.40390625 0.6791666666666667 0.40625 0.6916666666666667 0.4109375 0.7013888888888888 0.41640625 0.7027777777777777 0.41796875 0.7069444444444445 0.41796875 0.7125 0.41171875 0.7194444444444444 0.4140625 0.7263888888888889 0.41328125 0.7916666666666666 0.4125 0.8097222222222222 0.40703125 0.8388888888888889 0.3984375 0.8388888888888889 0.38984375 0.8236111111111111 0.38359375 0.8222222222222222 0.3796875 0.8152777777777778 0.36640625 0.8111111111111111 0.35703125 0.8138888888888889 0.33828125 0.8125 0.33125 0.8194444444444444 0.32578125 0.8347222222222223 0.321875 0.8375 0.3140625 0.8347222222222223 0.31171875 0.8069444444444445 0.31328125 0.75 0.31796875 0.7166666666666667 0.31328125 0.7055555555555556 0.31484375 0.6986111111111111 0.3265625 0.6916666666666667 0.33984375 0.6666666666666666 0.36875 0.6652777777777777
1 0.58046875 0.32916666666666666 0.59453125 0.3347222222222222 0.5984375 0.3486111111111111 0.57890625 0.35 0.575 0.3541666666666667 0.5734375 0.3625 0.5671875 0.36527777777777776 0.5640625 0.37222222222222223 0.56171875 0.37083333333333335 0.56171875 0.3611111111111111 0.56328125 0.3416666666666667 0.56640625 0.33055555555555555 0.5796875 0.32916666666666666
1 0.8 0.4236111111111111 0.7921875 0.41805555555555557 0.78359375 0.40694444444444444 0.784375 0.4013888888888889 0.78984375 0.3958333333333333 0.8125 0.3888888888888889 0.8421875 0.38472222222222224 0.8453125 0.3888888888888889 0.84453125 0.40555555555555556 0.84296875 0.4083333333333333 0.81875 0.4111111111111111 0.80078125 0.4222222222222222
1 0.5953125 0.41944444444444445 0.59921875 0.425 0.6046875 0.4486111111111111 0.60546875 0.4791666666666667 0.603125 0.4861111111111111 0.58203125 0.48055555555555557 0.559375 0.48333333333333334 0.55703125 0.47638888888888886 0.56015625 0.44166666666666665 0.5671875 0.41944444444444445 0.5703125 0.4166666666666667 0.58828125 0.4166666666666667 0.59453125 0.41944444444444445
1 0.84296875 0.4152777777777778 0.84609375 0.42083333333333334 0.84375 0.4625 0.8421875 0.4652777777777778 0.8328125 0.4666666666666667 0.8234375 0.4888888888888889 0.81484375 0.49722222222222223 0.81015625 0.49722222222222223 0.809375 0.49166666666666664 0.80859375 0.42916666666666664 0.81328125 0.4236111111111111 0.828125 0.4166666666666667 0.8421875 0.4152777777777778
1 0.04296875 0.46944444444444444 0.046875 0.4736111111111111 0.0515625 0.49166666666666664 0.053125 0.5013888888888889 0.05234375 0.5180555555555556 0.02265625 0.5194444444444445 0.0078125 0.5236111111111111 0.003125 0.5222222222222223 0 0.5125 0 0.475 0.01171875 0.46944444444444444 0.0421875 0.46944444444444444
1 0.24453125 0.4444444444444444 0.24765625 0.4486111111111111 0.24765625 0.4597222222222222 0.24609375 0.4625 0.2140625 0.4791666666666667 0.21015625 0.4777777777777778 0.209375 0.4736111111111111 0.21484375 0.4513888888888889 0.21953125 0.4444444444444444 0.22421875 0.44166666666666665 0.24375 0.4444444444444444
1 0.13046875 0.5 0.13671875 0.5069444444444444 0.14375 0.5041666666666667 0.14609375 0.5069444444444444 0.14765625 0.5166666666666667 0.146875 0.5319444444444444 0.1234375 0.5375 0.1015625 0.55 0.0984375 0.55 0.09609375 0.5333333333333333 0.09609375 0.5097222222222222 0.0984375 0.49166666666666664 0.10625 0.48055555555555557 0.12109375 0.4777777777777778 0.1296875 0.5
1 0.17421875 0.27361111111111114 0.18125 0.2763888888888889 0.18515625 0.2875 0.18515625 0.30972222222222223 0.18203125 0.32083333333333336 0.17734375 0.31805555555555554 0.17578125 0.3055555555555556 0.1734375 0.3013888888888889 0.1640625 0.2986111111111111 0.1625 0.3111111111111111 0.16015625 0.3125 0.1546875 0.3 0.15859375 0.2763888888888889 0.1734375 0.27361111111111114
1 0.44453125 0.46944444444444444 0.46328125 0.4722222222222222 0.4671875 0.4791666666666667 0.4765625 0.5152777777777777 0.47578125 0.5583333333333333 0.471875 0.5666666666666667 0.46640625 0.5652777777777778 0.45703125 0.55 0.44765625 0.5527777777777778 0.43046875 0.5513888888888889 0.42734375 0.5444444444444444 0.41640625 0.5388888888888889 0.41640625 0.5194444444444445 0.42421875 0.47638888888888886 0.43359375 0.46944444444444444 0.44375 0.46944444444444444
1 0.18203125 0.4527777777777778 0.184375 0.45694444444444443 0.18515625 0.49444444444444446 0.184375 0.5013888888888889 0.178125 0.5069444444444444 0.16484375 0.5069444444444444 0.1609375 0.5013888888888889 0.1609375 0.49583333333333335 0.16640625 0.4708333333333333 0.1734375 0.45416666666666666 0.18125 0.4527777777777778
1 0.60859375 0.37916666666666665 0.6171875 0.3902777777777778 0.6203125 0.39861111111111114 0.62109375 0.4305555555555556 0.61875 0.45416666666666666 0.615625 0.4597222222222222 0.6078125 0.45694444444444443 0.6 0.4263888888888889 0.5953125 0.41805555555555557 0.57578125 0.4152777777777778 0.5734375 0.4111111111111111 0.5828125 0.38333333333333336 0.596875 0.37777777777777777 0.6078125 0.37916666666666665
1 0.1609375 0.2972222222222222 0.1640625 0.3013888888888889 0.17265625 0.2986111111111111 0.17734375 0.30416666666666664 0.1796875 0.3138888888888889 0.178125 0.33055555555555555 0.16484375 0.33611111111111114 0.15703125 0.3347222222222222 0.1546875 0.32083333333333336 0.15703125 0.3 0.16015625 0.2986111111111111
1 0.60625 0.6180555555555556 0.64296875 0.6208333333333333 0.65078125 0.6388888888888888 0.653125 0.6527777777777778 0.6453125 0.6569444444444444 0.63125 0.6541666666666667 0.625 0.6597222222222222 0.61875 0.6736111111111112 0.59453125 0.6791666666666667 0.59296875 0.6819444444444445 0.59140625 0.7097222222222223 0.59296875 0.7194444444444444 0.5921875 0.7375 0.5890625 0.7513888888888889 0.58515625 0.7513888888888889 0.58125 0.7444444444444445 0.5796875 0.7194444444444444 0.5828125 0.7083333333333334 0.584375 0.6833333333333333 0.5875 0.675 0.59140625 0.6472222222222223 0.59765625 0.6236111111111111 0.60546875 0.6180555555555556
1 0.2109375 0.6486111111111111 0.2328125 0.6513888888888889 0.23984375 0.6583333333333333 0.2484375 0.6777777777777778 0.25859375 0.6833333333333333 0.25859375 0.6930555555555555 0.25390625 0.6986111111111111 0.25703125 0.7194444444444444 0.25703125 0.7597222222222222 0.2546875 0.7833333333333333 0.2453125 0.7916666666666666 0.24453125 0.8027777777777778 0.2421875 0.8083333333333333 0.23671875 0.8083333333333333 0.23359375 0.8027777777777778 0.23203125 0.7916666666666666 0.22890625 0.7875 0.190625 0.7847222222222222 0.175 0.7888888888888889 0.17109375 0.7958333333333333 0.1703125 0.8027777777777778 0.16328125 0.8097222222222222 0.15703125 0.8069444444444445 0.15546875 0.7777777777777778 0.15703125 0.7138888888888889 0.1625 0.6819444444444445 0.175 0.6555555555555556 0.19375 0.6486111111111111 0.21015625 0.6486111111111111
1 0.48125 0.35555555555555557 0.484375 0.35833333333333334 0.4859375 0.3680555555555556 0.4859375 0.3875 0.4828125 0.39444444444444443 0.46875 0.39444444444444443 0.465625 0.3861111111111111 0.46640625 0.35833333333333334 0.48046875 0.35555555555555557
1 0.58515625 0.35 0.60234375 0.35138888888888886 0.60625 0.3597222222222222 0.60859375 0.37777777777777777 0.59453125 0.3763888888888889 0.5953125 0.37222222222222223 0.59140625 0.36527777777777776 0.575 0.3625 0.57421875 0.35833333333333334 0.5765625 0.3527777777777778 0.584375 0.35
1 0.675 0.85 0.69296875 0.8611111111111112 0.7 0.8819444444444444 0.70625 0.8819444444444444 0.71171875 0.8861111111111111 0.71171875 0.8972222222222223 0.7015625 0.9041666666666667 0.70546875 0.9402777777777778 0.70390625 0.9861111111111112 0.7015625 0.9986111111111111 0.6953125 0.9986111111111111 0.69296875 0.9944444444444445 0.69140625 0.9833333333333333 0.6890625 0.9805555555555555 0.684375 0.9777777777777777 0.6734375 0.9805555555555555 0.6671875 0.9652777777777778 0.665625 0.9541666666666667 0.6546875 0.9333333333333333 0.6515625 0.9361111111111111 0.60859375 0.9361111111111111 0.60390625 0.9305555555555556 0.60234375 0.9222222222222223 0.60234375 0.9055555555555556 0.60859375 0.8736111111111111 0.61328125 0.8597222222222223 0.61875 0.8513888888888889 0.6296875 0.8472222222222222 0.67421875 0.85
1 0.07421875 0.3375 0.07890625 0.34444444444444444 0.0828125 0.35694444444444445 0.08046875 0.3972222222222222 0.0640625 0.4 0.04921875 0.40694444444444444 0.0421875 0.40694444444444444 0.040625 0.4027777777777778 0.04140625 0.36527777777777776 0.03984375 0.35694444444444445 0.046875 0.35138888888888886 0.05 0.36527777777777776 0.0515625 0.3625 0.0515625 0.3416666666666667 0.05390625 0.3375 0.0734375 0.3375
1 0.0859375 0.44722222222222224 0.0875 0.4486111111111111 0.0890625 0.47638888888888886 0.0875 0.5222222222222223 0.08515625 0.5305555555555556 0.07578125 0.5333333333333333 0.06953125 0.5333333333333333 0.06796875 0.5291666666666667 0.06640625 0.5152777777777777 0.0671875 0.46944444444444444 0.07109375 0.4666666666666667 0.07890625 0.4486111111111111 0.08515625 0.44722222222222224
1 0.646875 0.37083333333333335 0.66015625 0.375 0.6625 0.3819444444444444 0.6625 0.39444444444444443 0.65078125 0.3972222222222222 0.64609375 0.40694444444444444 0.64375 0.41805555555555557 0.63984375 0.4222222222222222 0.63203125 0.4236111111111111 0.62734375 0.41944444444444445 0.62890625 0.39166666666666666 0.63515625 0.3736111111111111 0.64609375 0.37083333333333335
1 0.63984375 0.6513888888888889 0.6421875 0.6541666666666667 0.65078125 0.6527777777777778 0.65390625 0.6569444444444444 0.68046875 0.6569444444444444 0.68515625 0.6625 0.69140625 0.6833333333333333 0.703125 0.6902777777777778 0.703125 0.6986111111111111 0.69765625 0.7055555555555556 0.7 0.7597222222222222 0.69921875 0.8069444444444445 0.69609375 0.8125 0.69140625 0.8125 0.68828125 0.8069444444444445 0.6890625 0.7041666666666667 0.68671875 0.6944444444444444 0.68125 0.6861111111111111 0.671875 0.6819444444444445 0.62265625 0.6722222222222223 0.621875 0.6625 0.628125 0.65 0.6390625 0.6513888888888889
1 0.61171875 0.5333333333333333 0.62265625 0.5375 0.6265625 0.5361111111111111 0.63125 0.5416666666666666 0.63671875 0.5555555555555556 0.6453125 0.5597222222222222 0.6453125 0.5666666666666667 0.63828125 0.5736111111111111 0.64375 0.5902777777777778 0.6453125 0.6041666666666666 0.64453125 0.6166666666666667 0.64375 0.6194444444444445 0.60078125 0.6180555555555556 0.59609375 0.625 0.5953125 0.6347222222222222 0.5890625 0.6513888888888889 0.58125 0.6513888888888889 0.57890625 0.6611111111111111 0.575 0.6652777777777777 0.5671875 0.6625 0.56640625 0.6555555555555556 0.5671875 0.5819444444444445 0.57578125 0.5625 0.578125 0.5486111111111112 0.584375 0.5347222222222222 0.6109375 0.5333333333333333
1 0.58984375 0.36527777777777776 0.59453125 0.3680555555555556 0.59609375 0.375 0.5828125 0.3819444444444444 0.57578125 0.39861111111111114 0.57265625 0.41388888888888886 0.56640625 0.41805555555555557 0.56015625 0.43472222222222223 0.55859375 0.425 0.56328125 0.37222222222222223 0.5703125 0.3638888888888889 0.5890625 0.36527777777777776
1 0.221875 0.25972222222222224 0.22734375 0.2652777777777778 0.23984375 0.26944444444444443 0.23984375 0.2916666666666667 0.2375 0.29583333333333334 0.2328125 0.2972222222222222 0.2171875 0.2972222222222222 0.2125 0.29305555555555557 0.2125 0.2638888888888889 0.215625 0.25972222222222224 0.22109375 0.25972222222222224
1 0.61015625 0.49027777777777776 0.61796875 0.49444444444444446 0.62265625 0.5041666666666667 0.6265625 0.5208333333333334 0.62734375 0.5347222222222222 0.62265625 0.5361111111111111 0.615625 0.5319444444444444 0.60078125 0.5305555555555556 0.5859375 0.5319444444444444 0.57890625 0.5444444444444444 0.575 0.5625 0.5671875 0.5777777777777777 0.565625 0.5763888888888888 0.56484375 0.5555555555555556 0.56875 0.5208333333333334 0.5640625 0.5152777777777777 0.5640625 0.5083333333333333 0.5828125 0.4888888888888889 0.609375 0.49027777777777776
1 0.59140625 0.9319444444444445 0.60703125 0.9347222222222222 0.64921875 0.9347222222222222 0.65546875 0.9319444444444445 0.6640625 0.9444444444444444 0.6671875 0.9555555555555556 0.6671875 0.9625 0.675 0.9833333333333333 0.68125 0.9777777777777777 0.6875 0.9791666666666666 0.6921875 0.9847222222222223 0.6921875 0.9902777777777778 0.69453125 0.9944444444444445 0.6921875 0.9986111111111111 0.64140625 0.9986111111111111 0.640625 0.9958333333333333 0.63125 0.9958333333333333 0.6296875 0.9986111111111111 0.628125 0.9958333333333333 0.61953125 0.9944444444444445 0.56015625 0.9986111111111111 0.55859375 0.9958333333333333 0.5421875 0.9916666666666667 0.5390625 0.9888888888888889 0.53671875 0.9805555555555555 0.5390625 0.9694444444444444 0.54453125 0.9666666666666667 0.55703125 0.9694444444444444 0.56640625 0.9444444444444444 0.5765625 0.9263888888888889 0.584375 0.9333333333333333 0.590625 0.9333333333333333
1 0.6703125 0.3958333333333333 0.67890625 0.4 0.684375 0.4111111111111111 0.659375 0.4111111111111111 0.646875 0.4222222222222222 0.64375 0.42083333333333334 0.64375 0.41388888888888886 0.646875 0.4027777777777778 0.65078125 0.3972222222222222 0.66953125 0.3958333333333333
1 0.56484375 0.3236111111111111 0.56875 0.30972222222222223 0.58203125 0.30833333333333335 0.59296875 0.3111111111111111 0.5953125 0.31805555555555554 0.59609375 0.33194444444444443 0.58125 0.325 0.571875 0.325 0.56875 0.3277777777777778 0.565625 0.325