0 0.5078125 0.43472222222222223 0.51953125 0.45555555555555555 0.5296875 0.49444444444444446 0.53046875 0.5208333333333334 0.528125 0.5361111111111111 0.521875 0.5430555555555555 0.5140625 0.5388888888888889 0.48671875 0.5402777777777777 0.4796875 0.5430555555555555 0.4734375 0.55 0.4703125 0.55 0.4640625 0.5347222222222222 0.459375 0.5361111111111111 0.45625 0.525 0.45390625 0.48055555555555557 0.45703125 0.475 0.46015625 0.4444444444444444 0.46640625 0.4361111111111111 0.49453125 0.4305555555555556 0.5015625 0.4305555555555556 0.50703125 0.43472222222222223
0 0.51796875 0.26805555555555555 0.53125 0.275 0.53828125 0.2833333333333333 0.5390625 0.29583333333333334 0.5328125 0.30694444444444446 0.52890625 0.30694444444444446 0.525 0.2986111111111111 0.51953125 0.29444444444444445 0.5015625 0.29305555555555557 0.49921875 0.28888888888888886 0.50078125 0.275 0.50390625 0.26805555555555555 0.5171875 0.26805555555555555
0 0.10390625 0.25416666666666665 0.115625 0.25833333333333336 0.12109375 0.28194444444444444 0.12109375 0.2916666666666667 0.1171875 0.3138888888888889 0.109375 0.32222222222222224 0.0953125 0.3138888888888889 0.08125 0.3138888888888889 0.078125 0.30972222222222223 0.078125 0.2847222222222222 0.08203125 0.2777777777777778 0.08359375 0.26944444444444443 0.0921875 0.25555555555555554 0.103125 0.25416666666666665
0 0.50078125 0.32083333333333336 0.50859375 0.3263888888888889 0.51484375 0.33611111111111114 0.51640625 0.3541666666666667 0.503125 0.3458333333333333 0.4984375 0.3458333333333333 0.49453125 0.35 0.48046875 0.34305555555555556 0.45546875 0.3402777777777778 0.45625 0.33611111111111114 0.46171875 0.3375 0.4671875 0.325 0.47109375 0.32222222222222224 0.5 0.32083333333333336
0 0.42890625 0.2013888888888889 0.4359375 0.2111111111111111 0.43671875 0.22777777777777777 0.43515625 0.23055555555555557 0.42109375 0.22916666666666666 0.41875 0.23194444444444445 0.4140625 0.23055555555555557 0.41328125 0.2263888888888889 0.41484375 0.20972222222222223 0.41796875 0.20416666666666666 0.42265625 0.20555555555555555 0.428125 0.2013888888888889
0 0.59296875 0.35694444444444445 0.6 0.3625 0.60234375 0.37222222222222223 0.59453125 0.3763888888888889 0.5828125 0.3972222222222222 0.58359375 0.41805555555555557 0.5859375 0.42083333333333334 0.584375 0.4222222222222222 0.58046875 0.42083333333333334 0.57421875 0.4125 0.56640625 0.39166666666666666 0.55703125 0.37916666666666665 0.55703125 0.375 0.5703125 0.35555555555555557 0.5921875 0.35694444444444445
0 0.98359375 0.37222222222222223 0.99921875 0.3763888888888889 0.99921875 0.4652777777777778 0.98984375 0.4666666666666667 0.98515625 0.4625 0.98515625 0.43194444444444446 0.98125 0.4152777777777778 0.98203125 0.37916666666666665 0.98359375 0.3736111111111111
0 0.5359375 0.28194444444444444 0.53671875 0.2972222222222222 0.5390625 0.3013888888888889 0.55625 0.3013888888888889 0.56875 0.3055555555555556 0.5734375 0.3111111111111111 0.5765625 0.325 0.5765625 0.3486111111111111 0.575 0.3527777777777778 0.56796875 0.35138888888888886 0.5640625 0.3402777777777778 0.5609375 0.3416666666666667 0.55625 0.35 0.55 0.3486111111111111 0.5421875 0.325 0.53359375 0.31527777777777777 0.5328125 0.30833333333333335 0.53515625 0.3013888888888889 0.5359375 0.2833333333333333
0 0.48515625 0.3472222222222222 0.490625 0.35138888888888886 0.49453125 0.3597222222222222 0.49609375 0.3736111111111111 0.4953125 0.4 0.4984375 0.42777777777777776 0.4640625 0.4361111111111111 0.4578125 0.4527777777777778 0.45703125 0.4708333333333333 0.453125 0.48333333333333334 0.45390625 0.4986111111111111 0.45 0.5055555555555555 0.44375 0.49722222222222223 0.4390625 0.49583333333333335 0.43203125 0.475 0.4296875 0.4486111111111111 0.43046875 0.3763888888888889 0.42890625 0.35138888888888886 0.43203125 0.3472222222222222 0.43984375 0.34444444444444444 0.4765625 0.34444444444444444 0.484375 0.3472222222222222
0 0.65078125 0.3958333333333333 0.66953125 0.4 0.67421875 0.4041666666666667 0.684375 0.425 0.6890625 0.42777777777777776 0.6859375 0.43472222222222223 0.6875 0.44583333333333336 0.67734375 0.4486111111111111 0.67109375 0.45555555555555555 0.621875 0.4527777777777778 0.61796875 0.44583333333333336 0.61640625 0.43472222222222223 0.61875 0.4222222222222222 0.61796875 0.41805555555555557 0.6265625 0.4 0.63203125 0.3958333333333333 0.65 0.3958333333333333
0 0.80546875 0.4527777777777778 0.8328125 0.4722222222222222 0.8359375 0.4930555555555556 0.840625 0.5013888888888889 0.84375 0.5180555555555556 0.846875 0.5597222222222222 0.84296875 0.5652777777777778 0.83984375 0.5777777777777777 0.8296875 0.5902777777777778 0.82578125 0.6111111111111112 0.82109375 0.6166666666666667 0.81484375 0.6125 0.8046875 0.5930555555555556 0.79375 0.5791666666666667 0.77578125 0.575 0.74296875 0.5736111111111111 0.7390625 0.5708333333333333 0.7359375 0.5597222222222222 0.73828125 0.46944444444444444 0.740625 0.45416666666666666 0.74375 0.4486111111111111 0.78828125 0.4486111111111111 0.8046875 0.4527777777777778
0 0.5984375 0.3736111111111111 0.62421875 0.3763888888888889 0.63046875 0.37916666666666665 0.63515625 0.3888888888888889 0.63359375 0.39444444444444443 0.62421875 0.4041666666666667 0.62109375 0.41805555555555557 0.61484375 0.43333333333333335 0.6078125 0.44305555555555554 0.5984375 0.44305555555555554 0.58203125 0.41805555555555557 0.58203125 0.3958333333333333 0.59140625 0.37777777777777777 0.59765625 0.375
0 0 0.38055555555555554 0.00546875 0.37916666666666665 0.01171875 0.3819444444444444 0.0140625 0.3861111111111111 0.01484375 0.4222222222222222 0.01796875 0.4305555555555556 0.01640625 0.4722222222222222 0.01015625 0.48055555555555557 0 0.48055555555555557 0 0.3819444444444444
0 0.328125 0.3277777777777778 0.34609375 0.33055555555555555 0.353125 0.3402777777777778 0.35546875 0.3486111111111111 0.328125 0.35 0.32421875 0.3541666666666667 0.321875 0.36944444444444446 0.3078125 0.3680555555555556 0.30703125 0.3611111111111111 0.31015625 0.3333333333333333 0.3125 0.33055555555555555 0.32734375 0.32916666666666666
0 0.22421875 0.4 0.23046875 0.41388888888888886 0.23046875 0.425 0.221875 0.4236111111111111 0.2140625 0.4263888888888889 0.2125 0.42916666666666664 0.2140625 0.43472222222222223 0.19453125 0.44027777777777777 0.19140625 0.45555555555555555 0.19296875 0.4736111111111111 0.1890625 0.4875 0.1859375 0.4861111111111111 0.184375 0.4791666666666667 0.184375 0.44722222222222224 0.1921875 0.4041666666666667 0.19609375 0.4 0.2234375 0.4
0 0.29375 0.19027777777777777 0.303125 0.19583333333333333 0.30546875 0.2152777777777778 0.30546875 0.2222222222222222 0.3 0.23472222222222222 0.29921875 0.2513888888888889 0.29609375 0.2569444444444444 0.28671875 0.2513888888888889 0.2625 0.25277777777777777 0.2609375 0.25 0.2609375 0.24027777777777778 0.25546875 0.22361111111111112 0.2578125 0.20972222222222223 0.265625 0.20277777777777778 0.2703125 0.19444444444444445 0.278125 0.19027777777777777 0.29296875 0.19027777777777777
0 0.49921875 0.25 0.50546875 0.25555555555555554 0.50703125 0.2652777777777778 0.5046875 0.26666666666666666 0.49453125 0.26666666666666666 0.48046875 0.25833333333333336 0.48515625 0.2513888888888889 0.4984375 0.25
0 0.734375 0.6513888888888889 0.76484375 0.6527777777777778 0.77578125 0.65 0.784375 0.6527777777777778 0.79609375 0.6597222222222222 0.803125 0.6694444444444444 0.82109375 0.6763888888888889 0.8390625 0.6986111111111111 0.85 0.7319444444444444 0.85546875 0.7638888888888888 0.86640625 0.7958333333333333 0.86640625 0.8069444444444445 0.86953125 0.8194444444444444 0.87265625 0.8486111111111111 0.871875 0.8597222222222223 0.87421875 0.8902777777777777 0.86640625 0.9208333333333333 0.86015625 0.9236111111111112 0.8515625 0.9138888888888889 0.8171875 0.9125 0.81328125 0.9097222222222222 0.81015625 0.8861111111111111 0.8046875 0.8833333333333333 0.796875 0.8708333333333333 0.79140625 0.8541666666666666 0.790625 0.8388888888888889 0.78828125 0.8305555555555556 0.7828125 0.8236111111111111 0.775 0.8236111111111111 0.765625 0.8180555555555555 0.759375 0.825 0.76015625 0.8652777777777778 0.75234375 0.875 0.75234375 0.8875 0.75859375 0.9027777777777778 0.75859375 0.9125 0.7546875 0.9180555555555555 0.7515625 0.9138888888888889 0.75078125 0.9166666666666666 0.74453125 0.9166666666666666 0.74140625 0.9125 0.73671875 0.8875 0.7234375 0.875 0.71015625 0.8555555555555555 0.70234375 0.8625 0.69921875 0.8625 0.69609375 0.8569444444444444 0.69140625 0.825 0.6875 0.8138888888888889 0.6921875 0.7638888888888888 0.68828125 0.7416666666666667 0.68671875 0.7069444444444445 0.69140625 0.6625 0.696875 0.6527777777777778 0.73359375 0.6527777777777778
0 0.540625 0.38472222222222224 0.56015625 0.3861111111111111 0.5703125 0.40694444444444444 0.57265625 0.41805555555555557 0.57109375 0.4222222222222222 0.5546875 0.425 0.54296875 0.44027777777777777 0.53984375 0.4513888888888889 0.5375 0.4791666666666667 0.5328125 0.4847222222222222 0.52890625 0.48055555555555557 0.5203125 0.4527777777777778 0.51171875 0.4361111111111111 0.5109375 0.4305555555555556 0.52109375 0.4041666666666667 0.5234375 0.3888888888888889 0.528125 0.38472222222222224 0.53984375 0.38472222222222224
0 0.38671875 0.18888888888888888 0.38984375 0.19166666666666668 0.4015625 0.19027777777777777 0.40703125 0.19305555555555556 0.40859375 0.20694444444444443 0.403125 0.23333333333333334 0.396875 0.23472222222222222 0.390625 0.225 0.38359375 0.22361111111111112 0.3859375 0.19027777777777777
0 0.5984375 0.45555555555555555 0.61796875 0.4597222222222222 0.62421875 0.4638888888888889 0.62421875 0.4722222222222222 0.6171875 0.49722222222222223 0.6140625 0.5236111111111111 0.6140625 0.5430555555555555 0.61640625 0.5513888888888889 0.6125 0.5513888888888889 0.6125 0.5472222222222223 0.60390625 0.5319444444444444 0.59140625 0.5152777777777777 0.57578125 0.5041666666666667 0.5734375 0.4986111111111111 0.5734375 0.47638888888888886 0.584375 0.4597222222222222 0.59765625 0.45555555555555555
0 0.496875 0.3416666666666667 0.51484375 0.34444444444444444 0.51796875 0.35555555555555557 0.51796875 0.36944444444444446 0.50234375 0.37083333333333335 0.4984375 0.37083333333333335 0.4953125 0.35555555555555557 0.48671875 0.34444444444444444 0.49609375 0.3416666666666667
0 0.321875 0.225 0.3296875 0.2361111111111111 0.33359375 0.26666666666666666 0.33515625 0.30277777777777776 0.3328125 0.3138888888888889 0.32734375 0.31805555555555554 0.32421875 0.31805555555555554 0.3203125 0.30972222222222223 0.31640625 0.2847222222222222 0.31171875 0.26805555555555555 0.303125 0.26805555555555555 0.29921875 0.25416666666666665 0.3 0.2361111111111111 0.30234375 0.22916666666666666 0.3078125 0.225 0.32109375 0.225
0 0.35625 0.3472222222222222 0.3671875 0.35138888888888886 0.37421875 0.3625 0.38125 0.41805555555555557 0.3796875 0.43333333333333335 0.37734375 0.43194444444444446 0.3734375 0.41944444444444445 0.3625 0.40694444444444444 0.34296875 0.40555555555555556 0.33203125 0.4083333333333333 0.3296875 0.40555555555555556 0.3296875 0.39444444444444443 0.32265625 0.37083333333333335 0.32265625 0.35694444444444445 0.328125 0.35 0.35546875 0.3472222222222222
0 0.0703125 0.17777777777777778 0.07734375 0.18333333333333332 0.08125 0.19027777777777777 0.08515625 0.20555555555555555 0.08515625 0.24722222222222223 0.07890625 0.25833333333333336 0.065625 0.2569444444444444 0.059375 0.24861111111111112 0.059375 0.17777777777777778 0.06953125 0.17777777777777778
0 0.9171875 0.6027777777777777 0.9609375 0.6055555555555555 0.97578125 0.6111111111111112 0.99921875 0.6291666666666667 0.99921875 0.7847222222222222 0.99453125 0.7888888888888889 0.96328125 0.7861111111111111 0.95859375 0.7888888888888889 0.95546875 0.7958333333333333 0.94296875 0.8041666666666667 0.93671875 0.8027777777777778 0.93359375 0.7986111111111112 0.93125 0.7916666666666666 0.9296875 0.7722222222222223 0.9265625 0.7666666666666667 0.9140625 0.7583333333333333 0.9 0.7666666666666667 0.89296875 0.7597222222222222 0.88984375 0.75 0.8890625 0.7097222222222223 0.88671875 0.6986111111111111 0.8890625 0.6777777777777778 0.8890625 0.65 0.89296875 0.6347222222222222 0.9046875 0.6069444444444444 0.91640625 0.6027777777777777
0 0.8828125 0.5625 0.9109375 0.575 0.91875 0.5875 0.92109375 0.5986111111111111 0.91875 0.6013888888888889 0.9109375 0.6 0.90625 0.6027777777777777 0.8984375 0.6166666666666667 0.8875 0.65 0.8875 0.6722222222222223 0.88359375 0.6861111111111111 0.86015625 0.6930555555555555 0.8546875 0.6916666666666667 0.83671875 0.6597222222222222 0.828125 0.6291666666666667 0.82734375 0.6083333333333333 0.83046875 0.5944444444444444 0.8375 0.5861111111111111 0.84375 0.5680555555555555 0.8484375 0.5625 0.88203125 0.5625
0 0.531640625 0.3472222222222222 0.03828125 0.05555555555555555
0 0.2640625 0.40694444444444444 0.26875 0.4041666666666667 0.27109375 0.39861111111111114 0.271875 0.37916666666666665 0.2796875 0.37222222222222223 0.321875 0.37222222222222223 0.32890625 0.3972222222222222 0.328125 0.40694444444444444 0.3171875 0.4111111111111111 0.3125 0.41805555555555557 0.3140625 0.43472222222222223 0.29765625 0.4388888888888889 0.2890625 0.4388888888888889 0.28046875 0.4305555555555556 0.26796875 0.42777777777777776 0.26875 0.425 0.26328125 0.42083333333333334 0.26171875 0.4152777777777778 0.2640625 0.4083333333333333
0 0.55703125 0.6069444444444444 0.575 0.6125 0.5859375 0.625 0.596875 0.6472222222222223 0.60859375 0.65 0.61015625 0.6555555555555556 0.60390625 0.6638888888888889 0.60390625 0.6680555555555555 0.6140625 0.6972222222222222 0.6140625 0.7263888888888889 0.6125 0.7291666666666666 0.5640625 0.7347222222222223 0.56015625 0.7333333333333333 0.5484375 0.7138888888888889 0.53828125 0.7069444444444445 0.50390625 0.7055555555555556 0.50078125 0.6986111111111111 0.5 0.6541666666666667 0.5015625 0.6444444444444445 0.50625 0.6333333333333333 0.51015625 0.6319444444444444 0.51875 0.6152777777777778 0.52265625 0.6125 0.55625 0.6069444444444444
0 0.57734375 0.5083333333333333 0.59140625 0.5166666666666667 0.59921875 0.5263888888888889 0.61484375 0.5611111111111111 0.621875 0.6 0.62109375 0.6347222222222222 0.61640625 0.6458333333333334 0.5984375 0.6430555555555556 0.57890625 0.6152777777777778 0.56953125 0.6083333333333333 0.5546875 0.6041666666666666 0.528125 0.6055555555555555 0.52734375 0.5513888888888889 0.53515625 0.5166666666666667 0.5421875 0.5097222222222222 0.5765625 0.5083333333333333
0 0.3921875 0.2263888888888889 0.39609375 0.23055555555555557 0.4 0.24861111111111112 0.3984375 0.25416666666666665 0.3921875 0.2569444444444444 0.37734375 0.2569444444444444 0.371875 0.24722222222222223 0.37734375 0.22777777777777777 0.39140625 0.2263888888888889
0 0.43515625 0.22916666666666666 0.4390625 0.23472222222222222 0.440625 0.24583333333333332 0.43046875 0.24861111111111112 0.42265625 0.25555555555555554 0.4171875 0.25416666666666665 0.4125 0.2375 0.41796875 0.22916666666666666 0.434375 0.22916666666666666
0 0.321875 0.4388888888888889 0.3296875 0.44166666666666665 0.33046875 0.4444444444444444 0.31484375 0.4486111111111111 0.3109375 0.45555555555555555 0.31328125 0.4638888888888889 0.30859375 0.4777777777777778 0.3453125 0.4777777777777778 0.36171875 0.4736111111111111 0.375 0.47638888888888886 0.40859375 0.5069444444444444 0.41171875 0.5138888888888888 0.4140625 0.5333333333333333 0.41328125 0.5777777777777777 0.41484375 0.5805555555555556 0.41484375 0.6291666666666667 0.41640625 0.6444444444444445 0.415625 0.6958333333333333 0.428125 0.6972222222222222 0.4390625 0.7055555555555556 0.44765625 0.7291666666666666 0.44765625 0.7430555555555556 0.45234375 0.7541666666666667 0.45625 0.7805555555555556 0.459375 0.9666666666666667 0.45546875 0.9847222222222223 0.44140625 0.9861111111111112 0.434375 0.9819444444444444 0.425 0.9819444444444444 0.41796875 0.9916666666666667 0.3796875 0.9916666666666667 0.3671875 0.9888888888888889 0.3625 0.9916666666666667 0.3234375 0.9916666666666667 0.31953125 0.9944444444444445 0.2953125 0.9916666666666667 0.29375 0.9944444444444445 0.28046875 0.9930555555555556 0.27578125 0.9958333333333333 0.2703125 0.9902777777777778 0.26015625 0.9958333333333333 0.24765625 0.9944444444444445 0.24375 0.9875 0.24921875 0.9805555555555555 0.246875 0.9666666666666667 0.24921875 0.9472222222222222 0.24609375 0.9333333333333333 0.24453125 0.9 0.2390625 0.8763888888888889 0.234375 0.8666666666666667 0.22734375 0.8402777777777778 0.22265625 0.7930555555555555 0.22421875 0.7819444444444444 0.2234375 0.7472222222222222 0.21953125 0.7208333333333333 0.21953125 0.5666666666666667 0.21640625 0.5527777777777778 0.21484375 0.5111111111111111 0.2125 0.5027777777777778 0.21328125 0.4513888888888889 0.234375 0.4444444444444444 0.2546875 0.44583333333333336 0.2578125 0.4527777777777778 0.25703125 0.4597222222222222 0.26171875 0.4666666666666667 0.275 0.4625 0.2796875 0.4652777777777778 0.2828125 0.4583333333333333 0.28671875 0.4583333333333333 0.28828125 0.45555555555555555 0.28671875 0.4513888888888889 0.290625 0.45 0.29296875 0.4444444444444444 0.32109375 0.4388888888888889
0 0.4515625 0.24722222222222223 0.46640625 0.2513888888888889 0.47421875 0.2611111111111111 0.47578125 0.3138888888888889 0.47265625 0.32083333333333336 0.44765625 0.33055555555555555 0.446875 0.3347222222222222 0.44921875 0.3388888888888889 0.44609375 0.3375 0.44140625 0.2847222222222222 0.43671875 0.27361111111111114 0.428125 0.2625 0.4265625 0.25277777777777777 0.42890625 0.25 0.45078125 0.24722222222222223
0 0.48203125 0.23194444444444445 0.48828125 0.2375 0.48984375 0.24722222222222223 0.47734375 0.25833333333333336 0.465625 0.24722222222222223 0.4640625 0.24166666666666667 0.46953125 0.23194444444444445 0.48125 0.23194444444444445
0 0.29140625 0.25416666666666665 0.296875 0.25555555555555554 0.303125 0.2708333333333333 0.3140625 0.28194444444444444 0.3203125 0.31666666666666665 0.3203125 0.325 0.3125 0.3277777777777778 0.309375 0.33194444444444443 0.30703125 0.34305555555555556 0.30703125 0.3597222222222222 0.30390625 0.36666666666666664 0.29921875 0.3638888888888889 0.2984375 0.3527777777777778 0.2890625 0.3375 0.2609375 0.3388888888888889 0.2546875 0.34444444444444444 0.24296875 0.3375 0.2421875 0.31666666666666665 0.2453125 0.29305555555555557 0.25546875 0.2569444444444444 0.2609375 0.25277777777777777 0.290625 0.25416666666666665
0 0.28828125 0.3388888888888889 0.29453125 0.34444444444444444 0.29921875 0.36944444444444446 0.27421875 0.375 0.27109375 0.38333333333333336 0.27109375 0.39861111111111114 0.26875 0.4041666666666667 0.265625 0.4041666666666667 0.2625 0.4097222222222222 0.2640625 0.42777777777777776 0.2484375 0.41805555555555557 0.25 0.4013888888888889 0.24609375 0.38472222222222224 0.2484375 0.37777777777777777 0.25 0.35833333333333334 0.25390625 0.3458333333333333 0.2578125 0.3416666666666667 0.2875 0.3388888888888889
0 0.76015625 0.9236111111111112 0.7859375 0.9263888888888889 0.81015625 0.9402777777777778 0.821875 0.9597222222222223 0.83359375 0.9902777777777778 0.83203125 0.9944444444444445 0.825 0.9916666666666667 0.8171875 0.9944444444444445 0.76953125 0.9944444444444445 0.76015625 0.9986111111111111 0.725 0.9986111111111111 0.72421875 0.9958333333333333 0.709375 0.9944444444444445 0.71015625 0.9847222222222223 0.71328125 0.9916666666666667 0.71640625 0.9916666666666667 0.71953125 0.9805555555555555 0.71640625 0.9763888888888889 0.7125 0.9819444444444444 0.709375 0.9819444444444444 0.69765625 0.9666666666666667 0.70546875 0.9291666666666667 0.73359375 0.9236111111111112 0.759375 0.9236111111111112
0 0.21796875 0.2861111111111111 0.2375 0.28888888888888886 0.23984375 0.3055555555555556 0.2390625 0.3388888888888889 0.24140625 0.3458333333333333 0.2390625 0.3625 0.22890625 0.36666666666666664 0.2265625 0.3611111111111111 0.225 0.33611111111111114 0.22109375 0.3263888888888889 0.20078125 0.32083333333333336 0.203125 0.2972222222222222 0.2078125 0.2902777777777778 0.2171875 0.2902777777777778 0.21796875 0.2875
0 0.4734375 0.2569444444444444 0.49140625 0.2625 0.4953125 0.26666666666666666 0.49296875 0.28055555555555556 0.4921875 0.3125 0.48984375 0.31666666666666665 0.48046875 0.31666666666666665 0.4765625 0.3125 0.47421875 0.28888888888888886 0.475 0.2625 0.4734375 0.25833333333333336
0 0.65625 0.45555555555555555 0.66796875 0.4597222222222222 0.67265625 0.4666666666666667 0.68515625 0.4736111111111111 0.6890625 0.4930555555555556 0.63984375 0.49444444444444446 0.6328125 0.5125 0.6234375 0.5527777777777778 0.615625 0.5444444444444444 0.61484375 0.5208333333333334 0.61796875 0.49722222222222223 0.625 0.4708333333333333 0.625 0.4583333333333333 0.628125 0.45555555555555555 0.65546875 0.45555555555555555
0 0.865625 0.7694444444444445 0.87890625 0.775 0.8875 0.775 0.8875 0.7902777777777777 0.890625 0.8111111111111111 0.8890625 0.8236111111111111 0.88984375 0.8791666666666667 0.884375 0.8833333333333333 0.87890625 0.8833333333333333 0.875 0.8763888888888889 0.871875 0.8263888888888888 0.8671875 0.7944444444444444 0.86171875 0.775 0.86171875 0.7708333333333334 0.86484375 0.7694444444444445
0 0.3765625 0.21944444444444444 0.378125 0.2263888888888889 0.37421875 0.23472222222222222 0.37265625 0.24861111111111112 0.3671875 0.2569444444444444 0.36328125 0.25 0.36015625 0.21944444444444444 0.3625 0.21666666666666667 0.37265625 0.21666666666666667 0.37578125 0.21944444444444444
0 0.221875 0.3263888888888889 0.22578125 0.33611111111111114 0.22734375 0.3625 0.2296875 0.3736111111111111 0.22421875 0.39861111111111114 0.20234375 0.39861111111111114 0.1984375 0.3958333333333333 0.19375 0.36666666666666664 0.19453125 0.35833333333333334 0.17734375 0.3486111111111111 0.18203125 0.3347222222222222 0.1875 0.3263888888888889 0.196875 0.3236111111111111 0.22109375 0.3263888888888889
0 0.17421875 0.35138888888888886 0.1953125 0.35833333333333334 0.19609375 0.39305555555555555 0.18984375 0.4111111111111111 0.184375 0.4388888888888889 0.18359375 0.4527777777777778 0.1796875 0.4583333333333333 0.171875 0.4625 0.16796875 0.4625 0.1625 0.45555555555555555 0.146875 0.45555555555555555 0.140625 0.4666666666666667 0.1359375 0.4652777777777778 0.134375 0.45416666666666666 0.13671875 0.4236111111111111 0.13984375 0.41388888888888886 0.13828125 0.39444444444444443 0.13984375 0.37916666666666665 0.1515625 0.35555555555555557 0.165625 0.35 0.1734375 0.35138888888888886
0 0.08359375 0.7444444444444445 0.0921875 0.7444444444444445 0.09609375 0.7486111111111111 0.0984375 0.7694444444444445 0.09765625 0.7972222222222223 0.10078125 0.8041666666666667 0.09609375 0.8333333333333334 0.0890625 0.8458333333333333 0.0828125 0.8444444444444444 0.07109375 0.8138888888888889 0.07265625 0.7625 0.0765625 0.7472222222222222 0.0828125 0.7444444444444445
0 0.540625 0.7111111111111111 0.55 0.7180555555555556 0.5578125 0.7333333333333333 0.55625 0.7361111111111112 0.54296875 0.7388888888888889 0.5375 0.7472222222222222 0.5359375 0.8277777777777777 0.5375 0.8597222222222223 0.5359375 0.8777777777777778 0.5296875 0.8819444444444444 0.49765625 0.8833333333333333 0.48828125 0.8902777777777777 0.484375 0.8819444444444444 0.48125 0.8597222222222223 0.46796875 0.8375 0.46171875 0.8111111111111111 0.4609375 0.7847222222222222 0.46328125 0.7597222222222222 0.46640625 0.7472222222222222 0.4703125 0.7430555555555556 0.47578125 0.7222222222222222 0.4859375 0.7125 0.4984375 0.7083333333333334 0.53984375 0.7111111111111111
0 0.6984375 0.49027777777777776 0.7046875 0.48194444444444445 0.72265625 0.4791666666666667 0.7328125 0.4791666666666667 0.73671875 0.4847222222222222 0.7359375 0.5319444444444444 0.734375 0.5375 0.73515625 0.5666666666666667 0.73359375 0.5736111111111111 0.72734375 0.5708333333333333 0.72578125 0.5611111111111111 0.7171875 0.5430555555555555 0.715625 0.5319444444444444 0.6984375 0.5013888888888889 0.6984375 0.49166666666666664
0 0.57890625 0.425 0.59140625 0.43333333333333335 0.5953125 0.4486111111111111 0.59296875 0.45416666666666666 0.58359375 0.4597222222222222 0.5734375 0.4777777777777778 0.5734375 0.5 0.571875 0.5027777777777778 0.55625 0.5055555555555555 0.5421875 0.5041666666666667 0.5390625 0.4986111111111111 0.53828125 0.4625 0.540625 0.4486111111111111 0.546875 0.43472222222222223 0.55390625 0.4263888888888889 0.565625 0.4236111111111111 0.578125 0.425
0 0.49765625 0.3638888888888889 0.5015625 0.36666666666666664 0.5296875 0.36944444444444446 0.53515625 0.37916666666666665 0.53359375 0.38333333333333336 0.52578125 0.38472222222222224 0.52265625 0.3902777777777778 0.515625 0.41944444444444445 0.51015625 0.43194444444444446 0.50703125 0.43194444444444446 0.50078125 0.42777777777777776 0.49921875 0.4236111111111111 0.496875 0.4013888888888889 0.49765625 0.36527777777777776
0 0.38125 0.19722222222222222 0.384375 0.20277777777777778 0.384375 0.22361111111111112 0.37421875 0.22916666666666666 0.37265625 0.24166666666666667 0.37109375 0.24166666666666667 0.371875 0.23333333333333334 0.3703125 0.23055555555555557 0.36640625 0.23333333333333334 0.3671875 0.24027777777777778 0.365625 0.24027777777777778 0.36015625 0.21944444444444444 0.3609375 0.20555555555555555 0.365625 0.19722222222222222 0.38046875 0.19722222222222222
0 0.77890625 0.5777777777777777 0.790625 0.5805555555555556 0.79765625 0.5861111111111111 0.8328125 0.65 0.83671875 0.6611111111111111 0.8375 0.6777777777777778 0.83125 0.6833333333333333 0.82109375 0.675 0.7890625 0.6583333333333333 0.78046875 0.65 0.71328125 0.65 0.71015625 0.6458333333333334 0.7078125 0.6291666666666667 0.70859375 0.6152777777777778 0.71171875 0.6027777777777777 0.715625 0.5986111111111111 0.71484375 0.5944444444444444 0.7203125 0.5930555555555556 0.725 0.5861111111111111 0.73671875 0.5777777777777777 0.778125 0.5777777777777777
0 0.69453125 0.5 0.70234375 0.5097222222222222 0.7140625 0.5333333333333333 0.7171875 0.5486111111111112 0.7234375 0.5611111111111111 0.7265625 0.5763888888888888 0.72578125 0.5833333333333334 0.7125 0.6 0.7078125 0.6194444444444445 0.6640625 0.625 0.65625 0.6375 0.6515625 0.6402777777777777 0.64765625 0.6361111111111111 0.64296875 0.6111111111111112 0.63984375 0.6097222222222223 0.63671875 0.6166666666666667 0.6328125 0.6180555555555556 0.62578125 0.6097222222222223 0.6234375 0.5902777777777778 0.6234375 0.5541666666666667 0.6296875 0.525 0.63828125 0.4986111111111111 0.64140625 0.49444444444444446 0.68828125 0.49583333333333335 0.69375 0.5
0 0.41796875 0.2569444444444444 0.4265625 0.2625 0.43671875 0.2763888888888889 0.440625 0.28888888888888886 0.44296875 0.31805555555555554 0.44296875 0.3416666666666667 0.43046875 0.3458333333333333 0.42734375 0.35138888888888886 0.42890625 0.4125 0.425 0.41944444444444445 0.38359375 0.41944444444444445 0.378125 0.36527777777777776 0.37265625 0.35138888888888886 0.37265625 0.3388888888888889 0.37109375 0.3347222222222222 0.37109375 0.3111111111111111 0.3734375 0.3 0.37265625 0.28888888888888886 0.375 0.2777777777777778 0.38203125 0.2611111111111111 0.39609375 0.2569444444444444 0.4171875 0.2569444444444444
0 0.44140625 0.5847222222222223 0.45 0.5986111111111111 0.46015625 0.6319444444444444 0.47421875 0.6333333333333333 0.47421875 0.6402777777777777 0.465625 0.65 0.4671875 0.6611111111111111 0.47265625 0.6763888888888889 0.47421875 0.6930555555555555 0.47421875 0.7152777777777778 0.46796875 0.7263888888888889 0.44921875 0.725 0.43203125 0.6902777777777778 0.42265625 0.6930555555555555 0.41875 0.6875 0.41640625 0.5888888888888889 0.42109375 0.5847222222222223 0.440625 0.5847222222222223
0 0.52421875 0.2972222222222222 0.52890625 0.3055555555555556 0.52890625 0.31805555555555554 0.51796875 0.32222222222222224 0.5125 0.32916666666666666 0.49375 0.3138888888888889 0.4953125 0.2972222222222222 0.5 0.29305555555555557 0.51484375 0.29305555555555557 0.5234375 0.2972222222222222
0 0.640625 0.7361111111111112 0.675 0.7777777777777778 0.67734375 0.7972222222222223 0.68984375 0.8319444444444445 0.69296875 0.8555555555555555 0.6984375 0.8736111111111111 0.70234375 0.9069444444444444 0.70078125 0.9180555555555555 0.7015625 0.9319444444444445 0.69375 0.9625 0.6890625 0.9680555555555556 0.68515625 0.9680555555555556 0.6828125 0.975 0.6734375 0.9777777777777777 0.67109375 0.9847222222222223 0.66796875 0.9819444444444444 0.6671875 0.9847222222222223 0.66953125 0.9888888888888889 0.67578125 0.9875 0.67421875 0.9930555555555556 0.65234375 0.9958333333333333 0.65078125 0.9986111111111111 0.64765625 0.9958333333333333 0.64140625 0.9986111111111111 0.60625 0.9986111111111111 0.59921875 0.9944444444444445 0.58203125 0.9944444444444445 0.58046875 0.9888888888888889 0.58125 0.9819444444444444 0.57421875 0.9777777777777777 0.57109375 0.9736111111111111 0.5703125 0.9680555555555556 0.5625 0.9611111111111111 0.55390625 0.9361111111111111 0.53984375 0.9138888888888889 0.5375 0.9041666666666667 0.53984375 0.7444444444444445 0.54609375 0.7402777777777778 0.59453125 0.7333333333333333 0.6328125 0.7319444444444444 0.63984375 0.7361111111111112
0 0.25859375 0.43333333333333335 0.27265625 0.4375 0.2765625 0.44166666666666665 0.26796875 0.4597222222222222 0.26875 0.4722222222222222 0.265625 0.4722222222222222 0.2609375 0.4666666666666667 0.2625 0.4625 0.26171875 0.4527777777777778 0.26640625 0.44583333333333336 0.2640625 0.44305555555555554 0.2546875 0.4444444444444444 0.24140625 0.44027777777777777 0.2171875 0.4444444444444444 0.21328125 0.44722222222222224 0.2109375 0.45416666666666666 0.2125 0.4736111111111111 0.2109375 0.5013888888888889 0.21328125 0.5138888888888888 0.2140625 0.5458333333333333 0.2171875 0.5763888888888888 0.21796875 0.6486111111111111 0.2171875 0.7166666666666667 0.21328125 0.7222222222222222 0.209375 0.7180555555555556 0.2078125 0.7041666666666667 0.20234375 0.6861111111111111 0.20078125 0.6736111111111112 0.20234375 0.6666666666666666 0.20078125 0.6305555555555555 0.19375 0.6125 0.1921875 0.6027777777777777 0.19296875 0.5875 0.19765625 0.5805555555555556 0.1953125 0.5777777777777777 0.19765625 0.5736111111111111 0.19765625 0.5666666666666667 0.19375 0.4930555555555556 0.190625 0.4847222222222222 0.190625 0.44305555555555554 0.19765625 0.4375 0.2203125 0.4375 0.24453125 0.43194444444444446 0.2578125 0.43333333333333335
0 0.69609375 0.44583333333333336 0.71796875 0.45416666666666666 0.725 0.4736111111111111 0.72109375 0.4791666666666667 0.70234375 0.48194444444444445 0.69609375 0.4930555555555556 0.690625 0.4861111111111111 0.684375 0.46944444444444444 0.67734375 0.4666666666666667 0.671875 0.4583333333333333 0.67421875 0.4513888888888889 0.6953125 0.44583333333333336
0 0.35625 0.2152777777777778 0.36015625 0.21944444444444444 0.36328125 0.24027777777777778 0.36328125 0.2625 0.3609375 0.2652777777777778 0.34609375 0.26666666666666666 0.34140625 0.2777777777777778 0.3359375 0.2763888888888889 0.334375 0.2708333333333333 0.3296875 0.21944444444444444 0.33125 0.21666666666666667 0.35546875 0.2152777777777778
0 0.37265625 0.41805555555555557 0.378125 0.4305555555555556 0.378125 0.4527777777777778 0.37578125 0.4583333333333333 0.3703125 0.46111111111111114 0.36484375 0.46111111111111114 0.33984375 0.43472222222222223 0.315625 0.4361111111111111 0.3140625 0.43472222222222223 0.31328125 0.41805555555555557 0.31796875 0.4111111111111111 0.33828125 0.40694444444444444 0.3609375 0.40694444444444444 0.3671875 0.4097222222222222 0.371875 0.41805555555555557
0 0.3984375 0.1763888888888889 0.40546875 0.17777777777777778 0.40859375 0.18194444444444444 0.4078125 0.2 0.40078125 0.19583333333333333 0.38828125 0.19583333333333333 0.38671875 0.1986111111111111 0.384375 0.19444444444444445 0.38359375 0.18472222222222223 0.38515625 0.17916666666666667 0.39765625 0.1763888888888889