0 0.74140625 0.45694444444444443 0.75703125 0.4638888888888889 0.76875 0.475 0.7734375 0.5041666666666667 0.78046875 0.525 0.78046875 0.5305555555555556 0.7625 0.5388888888888889 0.73359375 0.5375 0.7109375 0.5097222222222222 0.69609375 0.5 0.6984375 0.4583333333333333 0.740625 0.45694444444444443
0 0.50234375 0.5902777777777778 0.5078125 0.5972222222222222 0.51015625 0.625 0.48515625 0.6472222222222223 0.48203125 0.6472222222222223 0.4796875 0.6375 0.4796875 0.6277777777777778 0.48203125 0.6236111111111111 0.484375 0.6083333333333333 0.484375 0.5930555555555556 0.49140625 0.5930555555555556 0.4953125 0.5888888888888889 0.5015625 0.5902777777777778
0 0.21015625 0.44166666666666665 0.2203125 0.44305555555555554 0.228125 0.4527777777777778 0.23203125 0.4722222222222222 0.2359375 0.48194444444444445 0.2375 0.49722222222222223 0.23515625 0.4986111111111111 0.23203125 0.4888888888888889 0.22265625 0.47638888888888886 0.1890625 0.4777777777777778 0.178125 0.4861111111111111 0.175 0.49166666666666664 0.16875 0.49027777777777776 0.16796875 0.47638888888888886 0.1765625 0.46944444444444444 0.18203125 0.4486111111111111 0.19140625 0.44305555555555554 0.209375 0.44166666666666665
0 0.52578125 0.38333333333333336 0.53359375 0.3972222222222222 0.53515625 0.40555555555555556 0.5078125 0.4083333333333333 0.50390625 0.41805555555555557 0.5015625 0.4388888888888889 0.4984375 0.44305555555555554 0.4875 0.4361111111111111 0.48515625 0.42777777777777776 0.4859375 0.40694444444444444 0.48984375 0.39305555555555555 0.49375 0.3861111111111111 0.50390625 0.38055555555555554 0.525 0.38333333333333336
0 0.08828125 0.2569444444444444 0.0953125 0.2625 0.09921875 0.27361111111111114 0.09609375 0.2875 0.09765625 0.30694444444444446 0.09375 0.32222222222222224 0.08125 0.31527777777777777 0.06328125 0.31666666666666665 0.0609375 0.3111111111111111 0.06171875 0.28888888888888886 0.065625 0.2722222222222222 0.06875 0.26805555555555555 0.06875 0.2625 0.0765625 0.25555555555555554 0.0875 0.2569444444444444
0 0.43515625 0.3888888888888889 0.440625 0.3972222222222222 0.4421875 0.4111111111111111 0.4328125 0.4152777777777778 0.428125 0.42083333333333334 0.42734375 0.43194444444444446 0.421875 0.44027777777777777 0.41640625 0.46944444444444444 0.4109375 0.46944444444444444 0.40703125 0.4597222222222222 0.40546875 0.43472222222222223 0.40078125 0.41805555555555557 0.4015625 0.39305555555555555 0.41015625 0.38333333333333336 0.43203125 0.38472222222222224 0.434375 0.3888888888888889
0 0.3734375 0.5013888888888889 0.378125 0.5083333333333333 0.37890625 0.5152777777777777 0.384375 0.5277777777777778 0.39140625 0.5319444444444444 0.390625 0.5388888888888889 0.38671875 0.5430555555555555 0.390625 0.5666666666666667 0.390625 0.575 0.38671875 0.5805555555555556 0.37890625 0.5666666666666667 0.365625 0.5305555555555556 0.3515625 0.5208333333333334 0.32734375 0.5194444444444445 0.328125 0.5055555555555555 0.334375 0.5 0.36640625 0.4986111111111111 0.37265625 0.5013888888888889
0 0.84921875 0.6666666666666666 0.8546875 0.6694444444444444 0.87578125 0.6652777777777777 0.89765625 0.6666666666666666 0.91875 0.6777777777777778 0.92109375 0.6833333333333333 0.92421875 0.6833333333333333 0.92578125 0.6902777777777778 0.93359375 0.6930555555555555 0.95859375 0.7152777777777778 0.965625 0.7319444444444444 0.9734375 0.7388888888888889 0.9828125 0.7527777777777778 0.99453125 0.7625 0.99609375 0.7805555555555556 0.99921875 0.7847222222222222 0.99921875 0.8138888888888889 0.996875 0.8152777777777778 0.996875 0.8208333333333333 0.99921875 0.8236111111111111 0.99921875 0.8486111111111111 0.99453125 0.8583333333333333 0.99453125 0.8763888888888889 0.99296875 0.8791666666666667 0.99453125 0.8916666666666667 0.99375 0.9041666666666667 0.996875 0.9222222222222223 0.99453125 0.9416666666666667 0.99453125 0.9708333333333333 0.996875 0.975 0.996875 0.9875 0.9921875 0.9944444444444445 0.94296875 0.9972222222222222 0.9234375 0.9944444444444445 0.92109375 0.9902777777777778 0.921875 0.9847222222222223 0.953125 0.9847222222222223 0.9578125 0.9805555555555555 0.953125 0.9722222222222222 0.925 0.9722222222222222 0.91796875 0.9791666666666666 0.90703125 0.9652777777777778 0.90078125 0.9611111111111111 0.8953125 0.9611111111111111 0.89140625 0.9666666666666667 0.88125 0.9694444444444444 0.88125 0.9722222222222222 0.87734375 0.975 0.809375 0.9805555555555555 0.80703125 0.9833333333333333 0.8078125 0.9875 0.8046875 0.9875 0.8046875 0.9833333333333333 0.8 0.9791666666666666 0.79765625 0.9652777777777778 0.79296875 0.9611111111111111 0.78515625 0.9444444444444444 0.78203125 0.9097222222222222 0.7828125 0.8722222222222222 0.78046875 0.8666666666666667 0.78203125 0.8569444444444444 0.78125 0.8375 0.7828125 0.8347222222222223 0.78203125 0.7958333333333333 0.7859375 0.6875 0.79296875 0.6777777777777778 0.8484375 0.6666666666666666
0 0.63671875 0.4027777777777778 0.6453125 0.41388888888888886 0.65078125 0.43194444444444446 0.65390625 0.45 0.65390625 0.4527777777777778 0.65078125 0.45416666666666666 0.63359375 0.4513888888888889 0.615625 0.4527777777777778 0.60625 0.44166666666666665 0.59375 0.4388888888888889 0.590625 0.43472222222222223 0.59375 0.4083333333333333 0.5984375 0.4 0.62421875 0.39861111111111114 0.6359375 0.4027777777777778
0 0.7765625 0.5430555555555555 0.81484375 0.5694444444444444 0.828125 0.5958333333333333 0.8390625 0.6513888888888889 0.83984375 0.6611111111111111 0.834375 0.6652777777777777 0.79609375 0.6722222222222223 0.78203125 0.6708333333333333 0.76640625 0.6402777777777777 0.75546875 0.6277777777777778 0.73671875 0.6194444444444445 0.72265625 0.6083333333333333 0.70546875 0.6027777777777777 0.7046875 0.5916666666666667 0.70703125 0.5819444444444445 0.70859375 0.5444444444444444 0.7109375 0.5416666666666666 0.74453125 0.5402777777777777 0.77578125 0.5430555555555555
0 0.4609375 0.7972222222222223 0.47265625 0.8069444444444445 0.48046875 0.8263888888888888 0.48671875 0.8361111111111111 0.4875 0.8444444444444444 0.49453125 0.8597222222222223 0.50625 0.8958333333333334 0.51875 0.8930555555555556 0.52265625 0.8986111111111111 0.521875 0.9083333333333333 0.5125 0.9180555555555555 0.51953125 0.9347222222222222 0.5203125 0.9458333333333333 0.515625 0.9541666666666667 0.5046875 0.9625 0.5 0.9694444444444444 0.50234375 0.9930555555555556 0.49765625 0.9986111111111111 0.48359375 0.9986111111111111 0.4828125 0.9958333333333333 0.4734375 0.9944444444444445 0.45703125 0.9708333333333333 0.44609375 0.9652777777777778 0.4125 0.9652777777777778 0.371875 0.9708333333333333 0.36640625 0.9638888888888889 0.3640625 0.9361111111111111 0.36640625 0.9125 0.365625 0.8930555555555556 0.36796875 0.8652777777777778 0.3765625 0.8416666666666667 0.378125 0.8319444444444445 0.37734375 0.8208333333333333 0.38515625 0.8097222222222222 0.39921875 0.8013888888888889 0.42265625 0.8 0.43515625 0.7958333333333333 0.45078125 0.7972222222222223 0.4546875 0.7944444444444444 0.46015625 0.7972222222222223
0 0.5296875 0.31805555555555554 0.5390625 0.32222222222222224 0.54296875 0.32916666666666666 0.54296875 0.3458333333333333 0.52421875 0.3458333333333333 0.51796875 0.35 0.509375 0.3638888888888889 0.50625 0.3611111111111111 0.50390625 0.35138888888888886 0.5078125 0.3236111111111111 0.51328125 0.31666666666666665 0.52890625 0.31805555555555554
0 0.0875 0.4083333333333333 0.090625 0.41388888888888886 0.09140625 0.42777777777777776 0.08515625 0.45 0.08203125 0.4527777777777778 0.078125 0.4527777777777778 0.07578125 0.44722222222222224 0.07265625 0.4305555555555556 0.07265625 0.4152777777777778 0.0765625 0.4097222222222222 0.08671875 0.4083333333333333
0 0.3609375 0.3013888888888889 0.365625 0.30972222222222223 0.36015625 0.3263888888888889 0.35625 0.3597222222222222 0.3453125 0.3597222222222222 0.34140625 0.3638888888888889 0.334375 0.3625 0.33125 0.34444444444444444 0.33828125 0.30416666666666664 0.3421875 0.3 0.35 0.2986111111111111 0.36015625 0.3013888888888889
0 0.1890625 0.47638888888888886 0.1953125 0.4791666666666667 0.20703125 0.47638888888888886 0.221875 0.4777777777777778 0.23046875 0.4888888888888889 0.2328125 0.5 0.2390625 0.5111111111111111 0.240625 0.5194444444444445 0.2375 0.5236111111111111 0.22578125 0.5194444444444445 0.19921875 0.5194444444444445 0.18828125 0.5236111111111111 0.18359375 0.5333333333333333 0.17578125 0.5625 0.171875 0.5680555555555555 0.16796875 0.5680555555555555 0.16796875 0.5305555555555556 0.16328125 0.525 0.16328125 0.5194444444444445 0.1765625 0.49027777777777776 0.18828125 0.4777777777777778
0 0.3125 0.16527777777777777 0.31796875 0.16805555555555557 0.31953125 0.18055555555555555 0.32265625 0.18472222222222223 0.32109375 0.18888888888888888 0.32265625 0.1986111111111111 0.31875 0.20972222222222223 0.325 0.21805555555555556 0.325 0.23333333333333334 0.3234375 0.2375 0.3109375 0.24305555555555555 0.3015625 0.24166666666666667 0.2984375 0.2375 0.2953125 0.2152777777777778 0.2921875 0.20833333333333334 0.290625 0.18472222222222223 0.2921875 0.17222222222222222 0.2953125 0.16805555555555557 0.31171875 0.16527777777777777
0 0.3796875 0.5722222222222222 0.38828125 0.5861111111111111 0.39296875 0.6069444444444444 0.39765625 0.6166666666666667 0.40859375 0.6208333333333333 0.40859375 0.6263888888888889 0.40234375 0.6305555555555555 0.4 0.6361111111111111 0.4015625 0.65 0.37265625 0.6555555555555556 0.35859375 0.6638888888888889 0.34375 0.7055555555555556 0.34453125 0.7166666666666667 0.34140625 0.7291666666666666 0.3296875 0.7388888888888889 0.3234375 0.7375 0.31875 0.7138888888888889 0.31328125 0.7097222222222223 0.3109375 0.7013888888888888 0.3078125 0.6541666666666667 0.30859375 0.6430555555555556 0.30625 0.6319444444444444 0.30859375 0.6263888888888889 0.30859375 0.6083333333333333 0.31484375 0.5958333333333333 0.3171875 0.5805555555555556 0.325 0.5722222222222222 0.3703125 0.5694444444444444 0.37265625 0.5666666666666667 0.3765625 0.5666666666666667 0.37890625 0.5722222222222222
0 0.54296875 0.3458333333333333 0.54375 0.3611111111111111 0.540625 0.3819444444444444 0.54296875 0.39861111111111114 0.53984375 0.40694444444444444 0.53515625 0.4027777777777778 0.528125 0.38333333333333336 0.52265625 0.37916666666666665 0.50859375 0.3763888888888889 0.50703125 0.3625 0.51640625 0.35 0.52265625 0.3458333333333333 0.5421875 0.3458333333333333
0 0.54140625 0.4930555555555556 0.565625 0.5 0.57421875 0.5097222222222222 0.575 0.5222222222222223 0.56875 0.5236111111111111 0.55703125 0.5180555555555556 0.55078125 0.5208333333333334 0.5453125 0.5152777777777777 0.52421875 0.5166666666666667 0.5171875 0.525 0.51171875 0.5416666666666666 0.50546875 0.5375 0.50625 0.5125 0.50859375 0.5055555555555555 0.51171875 0.5013888888888889 0.515625 0.5013888888888889 0.51796875 0.49444444444444446 0.540625 0.4930555555555556
0 0.1921875 0.20277777777777778 0.215625 0.22083333333333333 0.21484375 0.23472222222222222 0.203125 0.24166666666666667 0.17734375 0.2361111111111111 0.17265625 0.22777777777777777 0.171875 0.21666666666666667 0.17421875 0.20555555555555555 0.178125 0.20277777777777778 0.19140625 0.20277777777777778
0 0.40078125 0.3541666666666667 0.41484375 0.3597222222222222 0.41796875 0.37083333333333335 0.42109375 0.3736111111111111 0.403125 0.37222222222222223 0.39765625 0.375 0.3921875 0.3861111111111111 0.38984375 0.4 0.390625 0.42083333333333334 0.38671875 0.4263888888888889 0.37578125 0.4166666666666667 0.37421875 0.3972222222222222 0.371875 0.39305555555555555 0.37265625 0.3736111111111111 0.3734375 0.36944444444444446 0.38359375 0.35694444444444445 0.4 0.3541666666666667
0 0.07734375 0.5430555555555555 0.078125 0.55 0.07578125 0.5541666666666667 0.075 0.5652777777777778 0.075 0.6055555555555555 0.071875 0.6152777777777778 0.065625 0.6208333333333333 0.06015625 0.6194444444444445 0.05625 0.6097222222222223 0.05546875 0.5625 0.0515625 0.5458333333333333 0.05390625 0.5430555555555555 0.059375 0.5472222222222223 0.0671875 0.5458333333333333 0.071875 0.5486111111111112 0.07421875 0.5430555555555555 0.0765625 0.5430555555555555
0 0.31328125 0.25555555555555554 0.31640625 0.25972222222222224 0.31875 0.26944444444444443 0.31953125 0.2847222222222222 0.3171875 0.28888888888888886 0.2890625 0.2861111111111111 0.2890625 0.26666666666666666 0.2921875 0.25833333333333336 0.3046875 0.25416666666666665 0.3125 0.25555555555555554
0 0.92421875 0.55 0.9671875 0.5513888888888889 0.99921875 0.5763888888888888 0.99921875 0.6388888888888888 0.99765625 0.6402777777777777 0.99921875 0.6444444444444445 0.99921875 0.6680555555555555 0.98125 0.6736111111111112 0.971875 0.7013888888888888 0.9671875 0.7069444444444445 0.953125 0.7027777777777777 0.9328125 0.6888888888888889 0.9234375 0.6875 0.91796875 0.6791666666666667 0.91015625 0.675 0.9 0.6638888888888889 0.89296875 0.6625 0.88671875 0.6652777777777777 0.87578125 0.6611111111111111 0.87578125 0.6194444444444445 0.87734375 0.6125 0.87578125 0.5819444444444445 0.8765625 0.5652777777777778 0.8796875 0.5527777777777778 0.9234375 0.55
0 0.30703125 0.7458333333333333 0.3109375 0.7513888888888889 0.321875 0.7875 0.328125 0.8013888888888889 0.3375 0.8013888888888889 0.34140625 0.8055555555555556 0.340625 0.8138888888888889 0.33046875 0.8236111111111111 0.3359375 0.8402777777777778 0.33515625 0.8444444444444444 0.33828125 0.8625 0.3359375 0.8861111111111111 0.3375 0.9111111111111111 0.33515625 0.9152777777777777 0.33125 0.9097222222222222 0.32734375 0.8861111111111111 0.31953125 0.8597222222222223 0.3046875 0.8277777777777777 0.271875 0.8236111111111111 0.2296875 0.8305555555555556 0.22265625 0.8277777777777777 0.221875 0.825 0.23046875 0.7833333333333333 0.2421875 0.7569444444444444 0.271875 0.7472222222222222 0.30625 0.7458333333333333
0 0.24296875 0.5402777777777777 0.25234375 0.5430555555555555 0.25625 0.5486111111111112 0.26484375 0.5986111111111111 0.25859375 0.5958333333333333 0.2140625 0.5972222222222222 0.20546875 0.6138888888888889 0.19921875 0.6402777777777777 0.1921875 0.6583333333333333 0.1921875 0.6666666666666666 0.19140625 0.6333333333333333 0.1953125 0.6152777777777778 0.19453125 0.5875 0.19765625 0.5763888888888888 0.19921875 0.5486111111111112 0.2046875 0.5430555555555555 0.21171875 0.5416666666666666 0.2421875 0.5402777777777777
0 0.33984375 0.5194444444444445 0.3515625 0.5208333333333334 0.36640625 0.5305555555555556 0.37734375 0.5569444444444445 0.38046875 0.5722222222222222 0.3734375 0.5680555555555555 0.3546875 0.5680555555555555 0.325 0.575 0.31640625 0.5916666666666667 0.31640625 0.5972222222222222 0.31328125 0.6041666666666666 0.3140625 0.6097222222222223 0.309375 0.6125 0.30703125 0.6236111111111111 0.30234375 0.6222222222222222 0.303125 0.6277777777777778 0.3078125 0.6277777777777778 0.30703125 0.65 0.303125 0.65 0.3 0.6444444444444445 0.30078125 0.6361111111111111 0.29765625 0.6152777777777778 0.3 0.5680555555555555 0.3015625 0.5638888888888889 0.30078125 0.5555555555555556 0.303125 0.5416666666666666 0.309375 0.525 0.3390625 0.5194444444444445
0 0.51953125 0.6277777777777778 0.5578125 0.6291666666666667 0.575 0.6361111111111111 0.58125 0.6444444444444445 0.5984375 0.6791666666666667 0.6125 0.6972222222222222 0.61953125 0.7125 0.615625 0.7194444444444444 0.5546875 0.7194444444444444 0.54296875 0.7347222222222223 0.53671875 0.7680555555555556 0.5328125 0.775 0.52578125 0.7708333333333334 0.51640625 0.7527777777777778 0.49375 0.7402777777777778 0.48515625 0.7444444444444445 0.48125 0.7430555555555556 0.47734375 0.7305555555555555 0.475 0.6902777777777778 0.47734375 0.6597222222222222 0.48671875 0.6458333333333334 0.50078125 0.6347222222222222 0.51875 0.6277777777777778
0 0.21796875 0.5958333333333333 0.259375 0.5972222222222222 0.2671875 0.6055555555555555 0.28203125 0.6638888888888889 0.2859375 0.6680555555555555 0.29296875 0.6666666666666666 0.29609375 0.6708333333333333 0.2953125 0.6777777777777778 0.28828125 0.6847222222222222 0.28828125 0.6958333333333333 0.2921875 0.7111111111111111 0.29375 0.7375 0.290625 0.7430555555555556 0.2640625 0.7458333333333333 0.25625 0.7513888888888889 0.2421875 0.7541666666666667 0.22734375 0.7847222222222222 0.22421875 0.7875 0.2203125 0.7847222222222222 0.209375 0.8069444444444445 0.20625 0.8083333333333333 0.20234375 0.8083333333333333 0.19921875 0.8013888888888889 0.196875 0.7583333333333333 0.19765625 0.7444444444444445 0.1953125 0.7347222222222223 0.1953125 0.6944444444444444 0.1890625 0.6805555555555556 0.19296875 0.675 0.19375 0.6569444444444444 0.20703125 0.6111111111111112 0.21171875 0.6 0.2171875 0.5958333333333333
0 0.4421875 0.2972222222222222 0.45 0.3 0.45234375 0.30416666666666664 0.45234375 0.31666666666666665 0.4453125 0.3347222222222222 0.4328125 0.3416666666666667 0.42109375 0.3375 0.4171875 0.33194444444444443 0.41875 0.30416666666666664 0.421875 0.2986111111111111 0.44140625 0.2972222222222222
0 0.26875 0.2125 0.28359375 0.22361111111111112 0.2875 0.23194444444444445 0.2875 0.2916666666666667 0.2828125 0.3194444444444444 0.2765625 0.32222222222222224 0.24765625 0.32222222222222224 0.24296875 0.3125 0.2390625 0.2972222222222222 0.23984375 0.22083333333333333 0.24765625 0.2125 0.26796875 0.2125
0 0.37265625 0.42083333333333334 0.38359375 0.42777777777777776 0.39375 0.45555555555555555 0.39453125 0.47638888888888886 0.39765625 0.4930555555555556 0.396875 0.5069444444444444 0.39375 0.5097222222222222 0.378125 0.5083333333333333 0.37109375 0.49027777777777776 0.37109375 0.48055555555555557 0.3640625 0.4486111111111111 0.35625 0.43472222222222223 0.34921875 0.42916666666666664 0.35078125 0.4236111111111111 0.3546875 0.4222222222222222 0.371875 0.4222222222222222
0 0.21640625 0.28888888888888886 0.21875 0.29305555555555557 0.23515625 0.3 0.240625 0.30972222222222223 0.23984375 0.3138888888888889 0.2453125 0.3402777777777778 0.24453125 0.35 0.24921875 0.39305555555555555 0.24765625 0.3958333333333333 0.2484375 0.4861111111111111 0.2453125 0.5083333333333333 0.240625 0.5069444444444444 0.228125 0.4513888888888889 0.21796875 0.44166666666666665 0.19140625 0.44166666666666665 0.18515625 0.4444444444444444 0.1796875 0.4513888888888889 0.175 0.4736111111111111 0.1703125 0.4736111111111111 0.16796875 0.48055555555555557 0.1671875 0.475 0.16328125 0.4125 0.1671875 0.3 0.1734375 0.29583333333333334 0.19140625 0.29305555555555557 0.209375 0.29444444444444445 0.215625 0.28888888888888886
0 0.7484375 0.7638888888888888 0.7515625 0.7652777777777777 0.765625 0.7986111111111112 0.76640625 0.8180555555555555 0.76328125 0.8291666666666667 0.7703125 0.8513888888888889 0.7734375 0.8694444444444445 0.77265625 0.8777777777777778 0.76953125 0.8819444444444444 0.76328125 0.8805555555555555 0.7546875 0.8652777777777778 0.7453125 0.8694444444444445 0.73828125 0.8680555555555556 0.73359375 0.8486111111111111 0.73203125 0.7930555555555555 0.73515625 0.7763888888888889 0.73828125 0.7708333333333334 0.74765625 0.7638888888888888
0 0.5703125 0.4375 0.603125 0.44305555555555554 0.6078125 0.44722222222222224 0.603125 0.45555555555555555 0.596875 0.4861111111111111 0.5953125 0.5305555555555556 0.58828125 0.5333333333333333 0.57734375 0.5194444444444445 0.5765625 0.5111111111111111 0.57109375 0.5013888888888889 0.55625 0.4930555555555556 0.55625 0.4638888888888889 0.5640625 0.44166666666666665 0.56953125 0.4388888888888889
0 0.2375 0.25833333333333336 0.2375 0.28055555555555556 0.23359375 0.29305555555555557 0.2046875 0.28194444444444444 0.20078125 0.2777777777777778 0.215625 0.2611111111111111 0.22265625 0.2569444444444444 0.23671875 0.25833333333333336
0 0.4625 0.2375 0.484375 0.2388888888888889 0.48671875 0.24444444444444444 0.484375 0.26666666666666666 0.4734375 0.2708333333333333 0.4703125 0.2763888888888889 0.46640625 0.29444444444444445 0.46328125 0.2986111111111111 0.459375 0.29444444444444445 0.4578125 0.2777777777777778 0.4625 0.2388888888888889
0 0.30625 0.39305555555555555 0.3125 0.3958333333333333 0.31953125 0.42083333333333334 0.3265625 0.42777777777777776 0.3125 0.43194444444444446 0.30859375 0.4388888888888889 0.303125 0.4777777777777778 0.28828125 0.4791666666666667 0.27578125 0.49027777777777776 0.271875 0.4875 0.2703125 0.4791666666666667 0.27109375 0.4513888888888889 0.26875 0.42777777777777776 0.2734375 0.42083333333333334 0.2765625 0.4027777777777778 0.2796875 0.3958333333333333 0.2859375 0.39305555555555555 0.30546875 0.39305555555555555
0 0.54921875 0.3402777777777778 0.553125 0.3458333333333333 0.56796875 0.3472222222222222 0.57578125 0.3597222222222222 0.57578125 0.3625 0.565625 0.3625 0.5578125 0.375 0.5546875 0.3861111111111111 0.55390625 0.41388888888888886 0.5515625 0.4152777777777778 0.5421875 0.4027777777777778 0.540625 0.38055555555555554 0.54453125 0.3486111111111111 0.54921875 0.3416666666666667
0 0.59609375 0.9208333333333333 0.61328125 0.9222222222222223 0.628125 0.9291666666666667 0.63671875 0.9375 0.64921875 0.9555555555555556 0.66171875 0.9805555555555555 0.6640625 0.9888888888888889 0.6640625 0.9944444444444445 0.66171875 0.9986111111111111 0.62890625 0.9986111111111111 0.62734375 0.9958333333333333 0.546875 0.9986111111111111 0.54375 0.9944444444444445 0.546875 0.9833333333333333 0.54375 0.975 0.53828125 0.975 0.53203125 0.9805555555555555 0.53203125 0.9875 0.5375 0.9944444444444445 0.534375 0.9986111111111111 0.50625 0.9986111111111111 0.50546875 0.9916666666666667 0.509375 0.9805555555555555 0.50546875 0.9694444444444444 0.515625 0.9611111111111111 0.521875 0.95 0.52578125 0.9375 0.5328125 0.9305555555555556 0.5546875 0.9263888888888889 0.559375 0.9222222222222223 0.5953125 0.9208333333333333
0 0.61171875 0.44583333333333336 0.61953125 0.45416666666666666 0.64765625 0.4527777777777778 0.65390625 0.45555555555555555 0.68046875 0.48055555555555557 0.684375 0.49444444444444446 0.68359375 0.4986111111111111 0.68046875 0.5 0.65703125 0.4986111111111111 0.65390625 0.5055555555555555 0.6515625 0.5208333333333334 0.64609375 0.5333333333333333 0.64296875 0.5583333333333333 0.64296875 0.5861111111111111 0.640625 0.5902777777777778 0.6296875 0.5916666666666667 0.62265625 0.6 0.61953125 0.5958333333333333 0.615625 0.5805555555555556 0.60703125 0.5833333333333334 0.60234375 0.575 0.59453125 0.5291666666666667 0.5953125 0.5027777777777778 0.59765625 0.49444444444444446 0.5984375 0.4791666666666667 0.603125 0.4583333333333333 0.61171875 0.44722222222222224
0 0.43671875 0.9666666666666667 0.4484375 0.9666666666666667 0.45859375 0.9736111111111111 0.46953125 0.9944444444444445 0.46953125 0.9986111111111111 0.45390625 0.9986111111111111 0.44765625 0.9944444444444445 0.4203125 0.9944444444444445 0.41171875 0.9958333333333333 0.41015625 0.9986111111111111 0.35625 0.9986111111111111 0.35859375 0.9861111111111112 0.36640625 0.9736111111111111 0.37109375 0.9708333333333333 0.4359375 0.9666666666666667
0 0.50859375 0.23194444444444445 0.5125 0.24027777777777778 0.5125 0.26805555555555555 0.50859375 0.275 0.49765625 0.27361111111111114 0.4859375 0.2625 0.48828125 0.2361111111111111 0.49609375 0.23194444444444445 0.5078125 0.23194444444444445
0 0.36640625 0.3125 0.38359375 0.3138888888888889 0.39296875 0.3236111111111111 0.3921875 0.3277777777777778 0.38203125 0.32916666666666666 0.375 0.33611111111111114 0.37109375 0.35138888888888886 0.36875 0.38472222222222224 0.365625 0.3902777777777778 0.3625 0.3888888888888889 0.359375 0.3819444444444444 0.35625 0.36527777777777776 0.3609375 0.3263888888888889 0.365625 0.3138888888888889
0 0.42109375 0.6541666666666667 0.43203125 0.6708333333333333 0.43984375 0.6930555555555555 0.43671875 0.6958333333333333 0.41328125 0.6972222222222222 0.3828125 0.7041666666666667 0.375 0.7263888888888889 0.37109375 0.7541666666666667 0.36796875 0.7569444444444444 0.365625 0.7527777777777778 0.36171875 0.7569444444444444 0.3625 0.7805555555555556 0.359375 0.7875 0.35625 0.7888888888888889 0.34921875 0.7875 0.3453125 0.7805555555555556 0.34453125 0.7333333333333333 0.34765625 0.7166666666666667 0.346875 0.7041666666666667 0.3484375 0.6916666666666667 0.35390625 0.6833333333333333 0.35703125 0.6694444444444444 0.36328125 0.6611111111111111 0.37265625 0.6569444444444444 0.3984375 0.6527777777777778 0.4203125 0.6541666666666667
0 0.31328125 0.2861111111111111 0.31796875 0.2916666666666667 0.321875 0.3055555555555556 0.321875 0.3402777777777778 0.31953125 0.34305555555555556 0.2953125 0.3402777777777778 0.28671875 0.34444444444444444 0.2828125 0.34305555555555556 0.2828125 0.32916666666666666 0.2859375 0.3 0.2890625 0.2902777777777778 0.2921875 0.2861111111111111 0.3125 0.2861111111111111
0 0.08671875 0.825 0.0890625 0.8333333333333334 0.0859375 0.8388888888888889 0.0859375 0.8486111111111111 0.0875 0.8513888888888889 0.0859375 0.8666666666666667 0.0875 0.8736111111111111 0.08671875 0.8875 0.0890625 0.8958333333333334 0.08828125 0.9111111111111111 0.0828125 0.9277777777777778 0.075 0.9361111111111111 0.06953125 0.9333333333333333 0.06484375 0.9138888888888889 0.0609375 0.9055555555555556 0.05625 0.8305555555555556 0.06328125 0.8236111111111111 0.078125 0.8222222222222222 0.0859375 0.825
0 0.059375 0.18194444444444444 0.0640625 0.1875 0.06875 0.20555555555555555 0.0703125 0.2263888888888889 0.0703125 0.24722222222222223 0.0640625 0.25833333333333336 0.046875 0.2569444444444444 0.04296875 0.24861111111111112 0.04375 0.20833333333333334 0.0421875 0.20277777777777778 0.0421875 0.17916666666666667 0.0515625 0.17777777777777778 0.05859375 0.18194444444444444
0 0.65859375 0.4375 0.69609375 0.45694444444444443 0.696875 0.4791666666666667 0.69453125 0.5 0.6875 0.4986111111111111 0.6828125 0.48055555555555557 0.65859375 0.4583333333333333 0.65390625 0.44583333333333336 0.6546875 0.4388888888888889 0.6578125 0.4375
0 0.5484375 0.5166666666666667 0.56015625 0.5166666666666667 0.56640625 0.5222222222222223 0.57890625 0.525 0.5859375 0.5347222222222222 0.59609375 0.5652777777777778 0.59609375 0.575 0.58828125 0.5805555555555556 0.584375 0.5875 0.58515625 0.6027777777777777 0.58203125 0.6138888888888889 0.58203125 0.6263888888888889 0.57890625 0.6305555555555555 0.5609375 0.6263888888888889 0.5578125 0.6055555555555555 0.54296875 0.5722222222222222 0.5390625 0.5722222222222222 0.5296875 0.5888888888888889 0.52890625 0.6055555555555555 0.53046875 0.6194444444444445 0.52890625 0.6222222222222222 0.52109375 0.6236111111111111 0.5140625 0.6138888888888889 0.51015625 0.5819444444444445 0.51015625 0.5555555555555556 0.5171875 0.5263888888888889 0.52265625 0.5180555555555556 0.54765625 0.5166666666666667
0 0.459375 0.41388888888888886 0.4671875 0.41805555555555557 0.47265625 0.42777777777777776 0.4734375 0.43333333333333335 0.453125 0.43472222222222223 0.44765625 0.44166666666666665 0.4390625 0.4986111111111111 0.4328125 0.5083333333333333 0.42890625 0.5069444444444444 0.41796875 0.49027777777777776 0.42109375 0.44305555555555554 0.42734375 0.43194444444444446 0.428125 0.42083333333333334 0.43125 0.4166666666666667 0.45859375 0.41388888888888886
0 0.428125 0.24861111111111112 0.43203125 0.2513888888888889 0.43359375 0.2611111111111111 0.425 0.2625 0.42109375 0.26805555555555555 0.41875 0.2777777777777778 0.41875 0.29305555555555557 0.41484375 0.3013888888888889 0.4109375 0.3013888888888889 0.4046875 0.29583333333333334 0.403125 0.2722222222222222 0.41015625 0.25416666666666665 0.41875 0.24861111111111112 0.42734375 0.24861111111111112
0 0.7046875 0.6069444444444444 0.7234375 0.6125 0.75234375 0.6291666666666667 0.765625 0.6430555555555556 0.78359375 0.6791666666666667 0.784375 0.6861111111111111 0.78125 0.6972222222222222 0.78203125 0.7236111111111111 0.7796875 0.7847222222222222 0.77578125 0.7902777777777777 0.7640625 0.7875 0.75625 0.7791666666666667 0.75390625 0.7694444444444445 0.740625 0.7430555555555556 0.73671875 0.7222222222222222 0.734375 0.7180555555555556 0.7265625 0.7138888888888889 0.71953125 0.7152777777777778 0.71796875 0.7111111111111111 0.709375 0.7041666666666667 0.70703125 0.7083333333333334 0.70546875 0.7236111111111111 0.69765625 0.7402777777777778 0.690625 0.7652777777777777 0.6921875 0.7736111111111111 0.7015625 0.775 0.6984375 0.7805555555555556 0.68203125 0.7763888888888889 0.66484375 0.7763888888888889 0.65859375 0.7708333333333334 0.6515625 0.7055555555555556 0.6515625 0.6666666666666666 0.65390625 0.6513888888888889 0.6625 0.6333333333333333 0.66015625 0.6194444444444445 0.67109375 0.6083333333333333 0.70390625 0.6069444444444444
0 0.64140625 0.825 0.6515625 0.8319444444444445 0.678125 0.8861111111111111 0.68203125 0.8902777777777777 0.68828125 0.8875 0.6984375 0.9 0.69609375 0.9083333333333333 0.6859375 0.9125 0.68359375 0.9166666666666666 0.68515625 0.925 0.69453125 0.9472222222222222 0.69453125 0.9902777777777778 0.6875 0.9958333333333333 0.6671875 0.9958333333333333 0.65625 0.9666666666666667 0.64140625 0.9430555555555555 0.621875 0.9263888888888889 0.6046875 0.9194444444444444 0.56328125 0.9194444444444444 0.55703125 0.9222222222222223 0.553125 0.9180555555555555 0.5546875 0.9027777777777778 0.55390625 0.8763888888888889 0.5765625 0.8319444444444445 0.609375 0.825 0.640625 0.825
0 0.2296875 0.5208333333333334 0.2359375 0.525 0.2375 0.5402777777777777 0.20546875 0.5430555555555555 0.19921875 0.5513888888888889 0.19453125 0.6 0.1953125 0.6125 0.19296875 0.6208333333333333 0.19140625 0.6638888888888889 0.18984375 0.6666666666666666 0.175 0.6652777777777777 0.1734375 0.6611111111111111 0.1734375 0.6347222222222222 0.17109375 0.6111111111111112 0.171875 0.5944444444444444 0.1703125 0.5819444444444445 0.165625 0.5708333333333333 0.17265625 0.5680555555555555 0.1765625 0.5625 0.18359375 0.5375 0.18359375 0.5319444444444444 0.18828125 0.525 0.1984375 0.5208333333333334 0.22890625 0.5208333333333334
0 0.44921875 0.33611111111111114 0.4578125 0.3416666666666667 0.45703125 0.35555555555555557 0.453125 0.3736111111111111 0.45390625 0.39861111111111114 0.45234375 0.4027777777777778 0.44296875 0.4 0.43359375 0.38472222222222224 0.42890625 0.37222222222222223 0.4375 0.3416666666666667 0.4484375 0.33611111111111114
0 0.3453125 0.20972222222222223 0.34921875 0.2222222222222222 0.34921875 0.23333333333333334 0.34453125 0.24166666666666667 0.3328125 0.24583333333333332 0.328125 0.24444444444444444 0.32578125 0.2388888888888889 0.32578125 0.2152777777777778 0.3328125 0.20972222222222223 0.34453125 0.20972222222222223
0 0.45078125 0.6958333333333333 0.4546875 0.6986111111111111 0.4640625 0.7180555555555556 0.47734375 0.7583333333333333 0.4890625 0.7569444444444444 0.49296875 0.7611111111111111 0.48984375 0.7722222222222223 0.48203125 0.7763888888888889 0.48203125 0.7833333333333333 0.49140625 0.8069444444444445 0.49375 0.8180555555555555 0.49453125 0.8513888888888889 0.4890625 0.8486111111111111 0.48515625 0.8347222222222223 0.48046875 0.825 0.4765625 0.8222222222222222 0.4765625 0.8166666666666667 0.4734375 0.8138888888888889 0.47265625 0.8083333333333333 0.45703125 0.7944444444444444 0.45 0.7972222222222223 0.43046875 0.7958333333333333 0.41328125 0.7986111111111112 0.38515625 0.8083333333333333 0.378125 0.8194444444444444 0.3734375 0.8416666666666667 0.36953125 0.8486111111111111 0.36640625 0.8472222222222222 0.3625 0.8388888888888889 0.36171875 0.8027777777777778 0.3640625 0.7777777777777778 0.36171875 0.7722222222222223 0.36171875 0.7541666666666667 0.3625 0.75 0.36953125 0.7555555555555555 0.37109375 0.7527777777777778 0.37578125 0.725 0.38359375 0.7041666666666667 0.38828125 0.7013888888888888 0.3984375 0.7027777777777777 0.42265625 0.6972222222222222 0.45 0.6958333333333333
0 0.4578125 0.43472222222222223 0.48359375 0.4375 0.4953125 0.4444444444444444 0.50234375 0.4583333333333333 0.51171875 0.4861111111111111 0.515625 0.49166666666666664 0.515625 0.49583333333333335 0.51171875 0.4986111111111111 0.5046875 0.5138888888888888 0.50546875 0.5319444444444444 0.503125 0.5458333333333333 0.4921875 0.5305555555555556 0.48359375 0.5291666666666667 0.478125 0.5152777777777777 0.4734375 0.5138888888888888 0.46796875 0.5236111111111111 0.465625 0.5361111111111111 0.46015625 0.55 0.45625 0.55 0.44921875 0.5347222222222222 0.44296875 0.5347222222222222 0.440625 0.5277777777777778 0.43984375 0.5152777777777777 0.43984375 0.4875 0.44453125 0.4527777777777778 0.44921875 0.44027777777777777 0.45703125 0.43472222222222223
0 0.55703125 0.7194444444444444 0.56484375 0.7222222222222222 0.6171875 0.7222222222222222 0.6328125 0.7361111111111112 0.64140625 0.7527777777777778 0.65 0.7763888888888889 0.6578125 0.775 0.66015625 0.7791666666666667 0.653125 0.7930555555555555 0.6703125 0.8416666666666667 0.671875 0.8652777777777778 0.64765625 0.825 0.61328125 0.8222222222222222 0.57890625 0.8277777777777777 0.5703125 0.8388888888888889 0.55859375 0.8625 0.55 0.8694444444444445 0.53984375 0.8694444444444445 0.53359375 0.8472222222222222 0.5328125 0.8 0.53828125 0.775 0.53828125 0.7625 0.5453125 0.7305555555555555 0.55 0.7236111111111111 0.55625 0.7208333333333333
0 0.49140625 0.3388888888888889 0.5 0.35 0.5046875 0.36666666666666664 0.5046875 0.375 0.49375 0.38472222222222224 0.48515625 0.4013888888888889 0.4828125 0.4111111111111111 0.47421875 0.4125 0.47109375 0.41805555555555557 0.46015625 0.4111111111111111 0.45546875 0.4041666666666667 0.45390625 0.3819444444444444 0.45546875 0.3611111111111111 0.46171875 0.3416666666666667 0.46875 0.3375 0.490625 0.3388888888888889
0 0.48671875 0.26805555555555555 0.4953125 0.275 0.4953125 0.2791666666666667 0.48828125 0.28888888888888886 0.48515625 0.3138888888888889 0.4828125 0.3194444444444444 0.46640625 0.31805555555555554 0.4640625 0.3125 0.46328125 0.2972222222222222 0.465625 0.28194444444444444 0.471875 0.26944444444444443 0.4859375 0.26805555555555555
0 0.57421875 0.3638888888888889 0.59921875 0.37222222222222223 0.60625 0.38472222222222224 0.6078125 0.3958333333333333 0.59609375 0.4041666666666667 0.5875 0.43472222222222223 0.56953125 0.4375 0.56484375 0.4375 0.55390625 0.4236111111111111 0.55390625 0.3958333333333333 0.55546875 0.38333333333333336 0.56015625 0.37083333333333335 0.5640625 0.36527777777777776 0.5734375 0.3638888888888889
0 0.5328125 0.4027777777777778 0.5359375 0.4083333333333333 0.546875 0.41388888888888886 0.55390625 0.42916666666666664 0.55859375 0.44583333333333336 0.55703125 0.4597222222222222 0.55390625 0.4652777777777778 0.55390625 0.49027777777777776 0.51875 0.4930555555555556 0.51328125 0.48333333333333334 0.5 0.44583333333333336 0.50390625 0.4152777777777778 0.50625 0.4097222222222222 0.52890625 0.40694444444444444 0.53203125 0.4041666666666667
0 0.521875 0.2902777777777778 0.53359375 0.29583333333333334 0.53671875 0.3055555555555556 0.5375 0.3194444444444444 0.51171875 0.31666666666666665 0.50703125 0.3236111111111111 0.50546875 0.34444444444444444 0.503125 0.3472222222222222 0.5 0.3458333333333333 0.49375 0.3347222222222222 0.49140625 0.3277777777777778 0.4921875 0.32083333333333336 0.48984375 0.31666666666666665 0.49296875 0.31666666666666665 0.496875 0.30972222222222223 0.50078125 0.2916666666666667 0.52109375 0.2902777777777778
0 0.80859375 0.5333333333333333 0.821875 0.5416666666666666 0.83515625 0.5680555555555555 0.83671875 0.5736111111111111 0.83203125 0.5763888888888888 0.8203125 0.575 0.8125 0.5652777777777778 0.78359375 0.5444444444444444 0.7671875 0.5388888888888889 0.78828125 0.5305555555555556 0.8078125 0.5333333333333333
0 0.33359375 0.4305555555555556 0.35 0.4305555555555556 0.35546875 0.43472222222222223 0.3640625 0.45 0.36953125 0.47638888888888886 0.3703125 0.49166666666666664 0.36640625 0.49722222222222223 0.34609375 0.49583333333333335 0.3328125 0.4986111111111111 0.328125 0.5027777777777778 0.32421875 0.5180555555555556 0.3109375 0.5222222222222223 0.3046875 0.5208333333333334 0.303125 0.49166666666666664 0.303125 0.48055555555555557 0.30625 0.4736111111111111 0.30625 0.4597222222222222 0.309375 0.4388888888888889 0.3140625 0.43333333333333335 0.32109375 0.4305555555555556 0.3328125 0.4305555555555556
0 0.3015625 0.8277777777777777 0.3078125 0.8319444444444445 0.315625 0.8555555555555555 0.3203125 0.8611111111111112 0.33203125 0.9166666666666666 0.33671875 0.9222222222222223 0.346875 0.925 0.34609375 0.9402777777777778 0.3421875 0.9458333333333333 0.3359375 0.9486111111111111 0.3328125 0.9555555555555556 0.33515625 0.9986111111111111 0.31171875 0.9986111111111111 0.3046875 0.9944444444444445 0.2875 0.9944444444444445 0.27890625 0.9958333333333333 0.27734375 0.9986111111111111 0.25703125 0.9986111111111111 0.2546875 0.9958333333333333 0.246875 0.9958333333333333 0.2453125 0.9986111111111111 0.19765625 0.9986111111111111 0.2015625 0.9805555555555555 0.20078125 0.9666666666666667 0.18828125 0.9597222222222223 0.18515625 0.9527777777777777 0.1859375 0.9388888888888889 0.19921875 0.9319444444444445 0.20859375 0.8819444444444444 0.2234375 0.8388888888888889 0.23359375 0.8319444444444445 0.25859375 0.8291666666666667 0.26875 0.825 0.30078125 0.8277777777777777
0 0.8203125 0.5777777777777777 0.84765625 0.5763888888888888 0.8734375 0.5847222222222223 0.87578125 0.5902777777777778 0.875 0.6611111111111111 0.8671875 0.6652777777777777 0.85625 0.6652777777777777 0.84140625 0.6597222222222222 0.83046875 0.6 0.82109375 0.5791666666666667
0 0.68671875 0.5 0.703125 0.5069444444444444 0.7234375 0.5277777777777778 0.72734375 0.5361111111111111 0.725 0.5388888888888889 0.7109375 0.5402777777777777 0.7078125 0.5458333333333333 0.7046875 0.5916666666666667 0.70234375 0.6013888888888889 0.68515625 0.6027777777777777 0.6828125 0.5902777777777778 0.67734375 0.5819444444444445 0.671875 0.5861111111111111 0.6671875 0.5958333333333333 0.66640625 0.6069444444444444 0.65703125 0.6222222222222222 0.65390625 0.6375 0.646875 0.6347222222222222 0.64375 0.6180555555555556 0.64296875 0.5597222222222222 0.646875 0.5319444444444444 0.6578125 0.4986111111111111 0.6859375 0.5
0 0.34296875 0.5083333333333333 0.34921875 0.5083333333333333 0.346875 0.5111111111111111 0.3484375 0.5152777777777777 0.3515625 0.5097222222222222 0.3625 0.5138888888888888 0.359375 0.5208333333333334 0.3703125 0.5263888888888889 0.37265625 0.5319444444444444 0.37109375 0.5361111111111111 0.375 0.5416666666666666 0.375 0.5486111111111112 0.38046875 0.5583333333333333 0.3796875 0.5652777777777778 0.3515625 0.5666666666666667 0.346875 0.5694444444444444 0.334375 0.5680555555555555 0.32421875 0.5722222222222222 0.315625 0.5875 0.31484375 0.5958333333333333 0.31015625 0.6083333333333333 0.30703125 0.6263888888888889 0.30703125 0.6513888888888889 0.303125 0.6527777777777778 0.3 0.6472222222222223 0.296875 0.6180555555555556 0.2984375 0.5805555555555556 0.3 0.5777777777777777 0.29921875 0.5666666666666667 0.30078125 0.5638888888888889 0.3 0.5555555555555556 0.30546875 0.5291666666666667 0.31328125 0.5222222222222223 0.33671875 0.5166666666666667 0.3375 0.5097222222222222 0.34140625 0.5125 0.34296875 0.5097222222222222