3 0.51328125 0.25416666666666665 0.5265625 0.2569444444444444 0.5296875 0.26666666666666666 0.53046875 0.2972222222222222 0.52734375 0.3236111111111111 0.52265625 0.3388888888888889 0.5046875 0.3375 0.503125 0.3347222222222222 0.503125 0.3 0.5 0.29444444444444445 0.490625 0.29305555555555557 0.4875 0.28888888888888886 0.4875 0.275 0.490625 0.2569444444444444 0.496875 0.25277777777777777 0.5125 0.25416666666666665
3 0.7140625 0.3 0.7671875 0.3055555555555556 0.8125 0.35833333333333334 0.815625 0.36527777777777776 0.815625 0.40555555555555556 0.81328125 0.4166666666666667 0.81328125 0.4388888888888889 0.8109375 0.45416666666666666 0.8109375 0.4986111111111111 0.8078125 0.5347222222222222 0.8046875 0.5430555555555555 0.796875 0.5486111111111112 0.7671875 0.5430555555555555 0.74921875 0.5444444444444444 0.73359375 0.5583333333333333 0.73203125 0.5611111111111111 0.73125 0.5791666666666667 0.725 0.5847222222222223 0.71640625 0.5847222222222223 0.70859375 0.5708333333333333 0.70546875 0.5583333333333333 0.70234375 0.5291666666666667 0.68515625 0.48055555555555557 0.6828125 0.4638888888888889 0.68359375 0.45555555555555555 0.68046875 0.44305555555555554 0.68125 0.43472222222222223 0.67890625 0.42916666666666664 0.68125 0.425 0.6796875 0.42083333333333334 0.684375 0.4097222222222222 0.68359375 0.4 0.6859375 0.3902777777777778 0.684375 0.3763888888888889 0.6875 0.3680555555555556 0.6875 0.35694444444444445 0.69453125 0.30972222222222223 0.7 0.3013888888888889 0.71328125 0.3
3 0 0.3125 0.025 0.30972222222222223 0.03984375 0.3125 0.04296875 0.3194444444444444 0.04609375 0.3416666666666667 0.04921875 0.34444444444444444 0.046875 0.36944444444444446 0.04140625 0.3763888888888889 0.0359375 0.38055555555555554 0.0046875 0.38055555555555554 0 0.375 0 0.3138888888888889
3 0.1578125 0.6097222222222223 0.16015625 0.6125 0.16328125 0.6305555555555555 0.1640625 0.7027777777777777 0.1734375 0.7291666666666666 0.17734375 0.7541666666666667 0.18203125 0.7611111111111111 0.184375 0.7597222222222222 0.18984375 0.7486111111111111 0.1921875 0.7347222222222223 0.19609375 0.7375 0.19921875 0.7513888888888889 0.19609375 0.7583333333333333 0.19609375 0.7638888888888888 0.1921875 0.7680555555555556 0.18828125 0.7708333333333334 0.18203125 0.7666666666666667 0.18046875 0.7708333333333334 0.18046875 0.8722222222222222 0.1765625 0.8847222222222222 0.16953125 0.8958333333333334 0.16875 0.9125 0.16328125 0.9458333333333333 0.15625 0.9541666666666667 0.15 0.9555555555555556 0.14609375 0.9527777777777777 0.1453125 0.9388888888888889 0.14375 0.9361111111111111 0.14140625 0.9375 0.13359375 0.9458333333333333 0.125 0.9638888888888889 0.11875 0.9777777777777777 0.11875 0.9875 0.11328125 0.9888888888888889 0.1046875 0.9986111111111111 0.0515625 0.9986111111111111 0.0453125 0.9958333333333333 0.0046875 0.9986111111111111 0.003125 0.9944444444444445 0.00234375 0.9694444444444444 0 0.9680555555555556 0 0.8666666666666667 0.00234375 0.8638888888888889 0.003125 0.8555555555555555 0.0015625 0.8333333333333334 0.00234375 0.8083333333333333 0 0.8055555555555556 0 0.7819444444444444 0.0015625 0.7805555555555556 0 0.7555555555555555 0.00234375 0.7527777777777778 0.00234375 0.7472222222222222 0 0.7444444444444445 0 0.6708333333333333 0.00234375 0.6680555555555555 0.00234375 0.6555555555555556 0 0.65 0 0.6291666666666667 0.00390625 0.6222222222222222 0.02109375 0.6097222222222223 0.15703125 0.6097222222222223
3 0.22734375 0.25972222222222224 0.234375 0.2652777777777778 0.2375 0.2722222222222222 0.2375 0.2916666666666667 0.234375 0.3013888888888889 0.23046875 0.3013888888888889 0.2234375 0.2875 0.20390625 0.2861111111111111 0.20234375 0.28194444444444444 0.20546875 0.26666666666666666 0.21640625 0.25972222222222224 0.2265625 0.25972222222222224
3 0.48828125 0.29305555555555557 0.49921875 0.29583333333333334 0.50234375 0.30694444444444446 0.50234375 0.3541666666666667 0.5 0.38472222222222224 0.49609375 0.4 0.49453125 0.41944444444444445 0.49140625 0.42777777777777776 0.48671875 0.42777777777777776 0.4828125 0.4222222222222222 0.46328125 0.42777777777777776 0.453125 0.4263888888888889 0.4421875 0.39166666666666666 0.44296875 0.36527777777777776 0.446875 0.3611111111111111 0.44609375 0.3138888888888889 0.44921875 0.3 0.45546875 0.29305555555555557 0.4875 0.29305555555555557
2 0.39296875 0.575 0.40546875 0.5805555555555556 0.40546875 0.6 0.4109375 0.6222222222222222 0.4078125 0.6416666666666667 0.396875 0.6569444444444444 0.39296875 0.6569444444444444 0.3875 0.6347222222222222 0.38984375 0.6041666666666666 0.38671875 0.5791666666666667 0.3921875 0.575
2 0.5046875 0.43194444444444446 0.51171875 0.43333333333333335 0.51484375 0.4375 0.5171875 0.46944444444444444 0.515625 0.48055555555555557 0.5078125 0.4888888888888889 0.49453125 0.4847222222222222 0.49140625 0.4777777777777778 0.49296875 0.45694444444444443 0.5046875 0.43333333333333335
2 0.36953125 0.40694444444444444 0.3765625 0.40694444444444444 0.3796875 0.4125 0.38046875 0.42083333333333334 0.3796875 0.43472222222222223 0.3765625 0.44305555555555554 0.371875 0.4444444444444444 0.36796875 0.43194444444444446 0.36953125 0.4083333333333333
2 0.93515625 0.7513888888888889 0.94296875 0.7652777777777777 0.9421875 0.7805555555555556 0.94453125 0.7930555555555555 0.94296875 0.8097222222222222 0.93515625 0.8222222222222222 0.9296875 0.8222222222222222 0.92578125 0.8180555555555555 0.91796875 0.7958333333333333 0.9171875 0.7861111111111111 0.9140625 0.7777777777777778 0.9140625 0.7597222222222222 0.915625 0.7541666666666667 0.9234375 0.75 0.934375 0.7513888888888889
2 0.99921875 0.7430555555555556 0.99921875 0.8097222222222222 0.9890625 0.8069444444444445 0.984375 0.7916666666666666 0.9875 0.7611111111111111 0.99453125 0.7458333333333333 0.9984375 0.7430555555555556
2 0.44140625 0.49722222222222223 0.44375 0.5027777777777778 0.4453125 0.5236111111111111 0.440625 0.5319444444444444 0.4390625 0.5402777777777777 0.4359375 0.5388888888888889 0.43515625 0.5319444444444444 0.43046875 0.5236111111111111 0.4296875 0.5111111111111111 0.43203125 0.49722222222222223 0.440625 0.49722222222222223
2 0.12265625 0.4486111111111111 0.1375 0.45555555555555555 0.140625 0.4652777777777778 0.14140625 0.48055555555555557 0.14453125 0.4861111111111111 0.14375 0.4930555555555556 0.13984375 0.5 0.12578125 0.5055555555555555 0.12265625 0.4861111111111111 0.12265625 0.45
2 0.9359375 0.7527777777777778 0.9421875 0.7638888888888888 0.94140625 0.7791666666666667 0.94375 0.7875 0.94375 0.8041666666666667 0.94296875 0.8097222222222222 0.93515625 0.8222222222222222 0.9296875 0.8222222222222222 0.92578125 0.8180555555555555 0.9140625 0.7763888888888889 0.91640625 0.7583333333333333 0.91875 0.7541666666666667 0.92421875 0.7513888888888889 0.93515625 0.7527777777777778
2 0.409375 0.43194444444444446 0.4109375 0.43472222222222223 0.4109375 0.4513888888888889 0.40390625 0.4666666666666667 0.40078125 0.4666666666666667 0.39765625 0.4527777777777778 0.396875 0.43472222222222223 0.40859375 0.43194444444444446
2 0.8765625 0.6069444444444444 0.8796875 0.6083333333333333 0.8828125 0.6166666666666667 0.88203125 0.6361111111111111 0.878125 0.6541666666666667 0.87578125 0.6541666666666667 0.865625 0.6333333333333333 0.85546875 0.6263888888888889 0.8546875 0.6125 0.85546875 0.6083333333333333 0.8578125 0.6111111111111112 0.86484375 0.6111111111111112 0.87578125 0.6069444444444444
1 0.68046875 0.24861111111111112 0.68203125 0.2513888888888889 0.68203125 0.26666666666666666 0.6796875 0.2708333333333333 0.6765625 0.2708333333333333 0.671875 0.2611111111111111 0.671875 0.25416666666666665 0.675 0.24722222222222223 0.6796875 0.24861111111111112
1 0.27734375 0.25 0.2828125 0.2611111111111111 0.2828125 0.2777777777777778 0.278125 0.28194444444444444 0.26875 0.3 0.25234375 0.30277777777777776 0.24765625 0.2972222222222222 0.24765625 0.27361111111111114 0.25 0.2638888888888889 0.25703125 0.25277777777777777 0.2765625 0.25
1 0.1546875 0.28888888888888886 0.1609375 0.2916666666666667 0.16484375 0.2986111111111111 0.16875 0.32222222222222224 0.1671875 0.3416666666666667 0.15546875 0.3472222222222222 0.1390625 0.34444444444444444 0.12578125 0.3472222222222222 0.12109375 0.325 0.12109375 0.3111111111111111 0.12578125 0.30416666666666664 0.13828125 0.29305555555555557 0.15390625 0.28888888888888886
1 0.57265625 0.31527777777777777 0.57890625 0.31666666666666665 0.58203125 0.3236111111111111 0.578125 0.3277777777777778 0.5734375 0.3277777777777778 0.56953125 0.3333333333333333 0.56953125 0.35555555555555557 0.56796875 0.3597222222222222 0.5484375 0.3597222222222222 0.54609375 0.3541666666666667 0.54609375 0.34444444444444444 0.5484375 0.3333333333333333 0.55625 0.31666666666666665 0.571875 0.31527777777777777
1 0.83046875 0.002777777777777778 0.83359375 0.02361111111111111 0.83203125 0.03611111111111111 0.82890625 0.044444444444444446 0.825 0.05 0.8171875 0.05138888888888889 0.80703125 0.0625 0.7984375 0.058333333333333334 0.7875 0.058333333333333334 0.76953125 0.04861111111111111 0.7671875 0.043055555555555555 0.76875 0.02361111111111111 0.7890625 0.0125 0.7984375 0.011111111111111112 0.80390625 0.005555555555555556 0.81640625 0 0.828125 0 0.8296875 0.002777777777777778
1 0.66796875 0.22361111111111112 0.671875 0.23333333333333334 0.67109375 0.24861111111111112 0.66796875 0.2513888888888889 0.65703125 0.25 0.65546875 0.24722222222222223 0.6578125 0.22777777777777777 0.66015625 0.22361111111111112 0.6671875 0.22361111111111112
1 0.253125 0.2125 0.259375 0.2222222222222222 0.26015625 0.23333333333333334 0.2546875 0.24027777777777778 0.2484375 0.2388888888888889 0.2453125 0.24166666666666667 0.23828125 0.24027777777777778 0.23203125 0.23333333333333334 0.23203125 0.2125 0.23671875 0.20833333333333334 0.25234375 0.2125
1 0.678125 0.5597222222222222 0.7015625 0.5736111111111111 0.7046875 0.5805555555555556 0.70703125 0.6111111111111112 0.71171875 0.6402777777777777 0.71015625 0.6763888888888889 0.67890625 0.6694444444444444 0.6484375 0.6708333333333333 0.6390625 0.6763888888888889 0.63203125 0.6680555555555555 0.63046875 0.6569444444444444 0.63203125 0.5972222222222222 0.63046875 0.5875 0.6359375 0.5833333333333334 0.6453125 0.5625 0.65546875 0.5583333333333333 0.67734375 0.5597222222222222
1 0.84453125 0.7055555555555556 0.87265625 0.7125 0.88671875 0.7125 0.90859375 0.7555555555555555 0.9234375 0.8166666666666667 0.9234375 0.8611111111111112 0.92109375 0.875 0.92109375 0.8916666666666667 0.91796875 0.9111111111111111 0.9125 0.9180555555555555 0.9078125 0.9180555555555555 0.90390625 0.9138888888888889 0.90234375 0.8972222222222223 0.9 0.8916666666666667 0.85703125 0.8777777777777778 0.84453125 0.8763888888888889 0.83203125 0.8805555555555555 0.82421875 0.8875 0.821875 0.8986111111111111 0.81640625 0.9027777777777778 0.8109375 0.9013888888888889 0.8078125 0.8958333333333334 0.80625 0.8902777777777777 0.80625 0.8583333333333333 0.8046875 0.8513888888888889 0.7984375 0.8388888888888889 0.7875 0.8319444444444445 0.78515625 0.8236111111111111 0.7859375 0.7902777777777777 0.78828125 0.7791666666666667 0.78828125 0.7527777777777778 0.78984375 0.7416666666666667 0.7921875 0.7375 0.790625 0.7333333333333333 0.79453125 0.7263888888888889 0.803125 0.7277777777777777 0.81640625 0.7055555555555556 0.84375 0.7055555555555556
1 0.28671875 0.2111111111111111 0.28984375 0.21944444444444444 0.28984375 0.2263888888888889 0.28828125 0.22777777777777777 0.2703125 0.22361111111111112 0.27265625 0.2111111111111111 0.2859375 0.2111111111111111
1 0.33203125 0.28888888888888886 0.3515625 0.28888888888888886 0.35546875 0.30833333333333335 0.35546875 0.31805555555555554 0.35 0.33194444444444443 0.334375 0.33611111111111114 0.33125 0.33194444444444443 0.32734375 0.3416666666666667 0.3203125 0.3402777777777778 0.31796875 0.31805555555555554 0.32421875 0.29583333333333334 0.33046875 0.29444444444444445 0.33203125 0.2902777777777778
1 0.53046875 0.8972222222222223 0.584375 0.9027777777777778 0.5953125 0.9166666666666666 0.60078125 0.9333333333333333 0.60859375 0.9333333333333333 0.61484375 0.9375 0.6171875 0.9416666666666667 0.615625 0.9527777777777777 0.60703125 0.9597222222222223 0.6078125 0.9986111111111111 0.55234375 0.9986111111111111 0.55078125 0.9958333333333333 0.54375 0.9958333333333333 0.54140625 0.9986111111111111 0.53671875 0.9958333333333333 0.5296875 0.9986111111111111 0.51015625 0.9986111111111111 0.50859375 0.9958333333333333 0.50234375 0.9986111111111111 0.47265625 0.9986111111111111 0.48125 0.9666666666666667 0.47890625 0.9625 0.478125 0.9527777777777777 0.471875 0.9402777777777778 0.471875 0.9319444444444445 0.478125 0.9263888888888889 0.4859375 0.9263888888888889 0.49140625 0.9375 0.49375 0.9333333333333333 0.4953125 0.9166666666666666 0.49921875 0.9013888888888889 0.50390625 0.8986111111111111 0.5296875 0.8972222222222223
1 0.6296875 0.33611111111111114 0.634375 0.34305555555555556 0.64140625 0.3472222222222222 0.64375 0.35833333333333334 0.62578125 0.35555555555555557 0.6125 0.3680555555555556 0.6125 0.35833333333333334 0.6078125 0.34444444444444444 0.61171875 0.3402777777777778 0.62734375 0.3402777777777778 0.6296875 0.3375
1 0 0.41805555555555557 0.0046875 0.4222222222222222 0.01015625 0.45416666666666666 0.00859375 0.4861111111111111 0.0046875 0.49166666666666664 0 0.49166666666666664 0 0.41944444444444445
1 0.3 0.2916666666666667 0.30625 0.29444444444444445 0.31015625 0.3 0.3125 0.30833333333333335 0.3125 0.32222222222222224 0.30703125 0.3347222222222222 0.29296875 0.33611111111111114 0.2859375 0.3347222222222222 0.2765625 0.325 0.27578125 0.31805555555555554 0.28515625 0.29583333333333334 0.2921875 0.2916666666666667 0.29921875 0.2916666666666667
1 0.653125 0.44027777777777777 0.65703125 0.44166666666666665 0.66015625 0.45555555555555555 0.6609375 0.4652777777777778 0.6578125 0.46944444444444444 0.62265625 0.4652777777777778 0.61328125 0.475 0.61171875 0.4736111111111111 0.6125 0.45555555555555555 0.62265625 0.44166666666666665 0.62890625 0.4388888888888889 0.65234375 0.44027777777777777
1 0.4359375 0.28888888888888886 0.43984375 0.2777777777777778 0.4453125 0.2722222222222222 0.46015625 0.2722222222222222 0.4625 0.2763888888888889 0.4640625 0.28888888888888886 0.44921875 0.29305555555555557 0.43671875 0.28888888888888886
1 0.184375 0.2791666666666667 0.18671875 0.2875 0.184375 0.29583333333333334 0.18359375 0.325 0.178125 0.32916666666666666 0.1703125 0.32916666666666666 0.16796875 0.3263888888888889 0.165625 0.30277777777777776 0.1609375 0.2916666666666667 0.15625 0.28888888888888886 0.15859375 0.2847222222222222 0.18359375 0.2791666666666667
1 0.815625 0.625 0.840625 0.6291666666666667 0.8484375 0.6347222222222222 0.85625 0.6347222222222222 0.85859375 0.6291666666666667 0.8625 0.6291666666666667 0.8828125 0.6722222222222223 0.88359375 0.6888888888888889 0.88828125 0.6986111111111111 0.8890625 0.7097222222222223 0.87890625 0.7111111111111111 0.84765625 0.7041666666666667 0.815625 0.7041666666666667 0.80390625 0.7236111111111111 0.79375 0.725 0.78984375 0.7291666666666666 0.7828125 0.7263888888888889 0.7796875 0.7194444444444444 0.77890625 0.6611111111111111 0.78046875 0.6513888888888889 0.79296875 0.6402777777777777 0.7984375 0.6291666666666667 0.803125 0.625 0.81484375 0.625
1 0.61953125 0.24027777777777778 0.63515625 0.24166666666666667 0.640625 0.2513888888888889 0.640625 0.25555555555555554 0.63671875 0.25833333333333336 0.62421875 0.25833333333333336 0.61796875 0.26805555555555555 0.6171875 0.2513888888888889 0.61953125 0.24166666666666667
1 0.57421875 0.5416666666666666 0.5890625 0.5486111111111112 0.59765625 0.5805555555555556 0.5953125 0.5833333333333334 0.55390625 0.5819444444444445 0.54765625 0.5902777777777778 0.53984375 0.6194444444444445 0.5359375 0.6263888888888889 0.534375 0.6222222222222222 0.534375 0.6027777777777777 0.53984375 0.575 0.53984375 0.5666666666666667 0.53359375 0.5611111111111111 0.53359375 0.5569444444444445 0.5421875 0.5541666666666667 0.55 0.5416666666666666 0.5734375 0.5416666666666666
1 0.77578125 0.5444444444444444 0.79921875 0.55 0.80859375 0.5680555555555555 0.81796875 0.6055555555555555 0.81875 0.6194444444444445 0.81640625 0.6222222222222222 0.80703125 0.6208333333333333 0.79765625 0.6277777777777778 0.79296875 0.6388888888888888 0.78125 0.6458333333333334 0.7765625 0.6611111111111111 0.7578125 0.6611111111111111 0.74453125 0.6694444444444444 0.73984375 0.6680555555555555 0.7390625 0.6430555555555556 0.7359375 0.6375 0.73359375 0.6375 0.73203125 0.6305555555555555 0.73359375 0.5611111111111111 0.75078125 0.5444444444444444 0.775 0.5444444444444444
1 0.078125 0.5222222222222223 0.0828125 0.525 0.0890625 0.5361111111111111 0.09375 0.5513888888888889 0.0953125 0.5694444444444444 0.0953125 0.5972222222222222 0.09375 0.6013888888888889 0.08203125 0.6055555555555555 0.02109375 0.6069444444444444 0.00625 0.6180555555555556 0 0.6180555555555556 0 0.5638888888888889 0.00234375 0.5625 0.00703125 0.5458333333333333 0.0296875 0.5305555555555556 0.07734375 0.5222222222222223
1 0.4 0.2569444444444444 0.40390625 0.2611111111111111 0.40390625 0.26944444444444443 0.39765625 0.2791666666666667 0.38828125 0.2833333333333333 0.3828125 0.2833333333333333 0.38203125 0.28055555555555556 0.38359375 0.2611111111111111 0.3859375 0.25833333333333336 0.39921875 0.2569444444444444
1 0.35078125 0.475 0.365625 0.4888888888888889 0.3671875 0.4930555555555556 0.36640625 0.5402777777777777 0.35625 0.5527777777777778 0.35546875 0.5625 0.35234375 0.5666666666666667 0.340625 0.5652777777777778 0.33515625 0.5597222222222222 0.33046875 0.55 0.3265625 0.5347222222222222 0.32109375 0.5263888888888889 0.29921875 0.5222222222222223 0.29921875 0.5152777777777777 0.3046875 0.49722222222222223 0.31328125 0.4791666666666667 0.3296875 0.4736111111111111 0.35 0.475
1 0.4296875 0.34305555555555556 0.43359375 0.3472222222222222 0.440625 0.3680555555555556 0.440625 0.39444444444444443 0.43515625 0.40694444444444444 0.43125 0.4097222222222222 0.4140625 0.4097222222222222 0.409375 0.4041666666666667 0.40546875 0.3902777777777778 0.4015625 0.3902777777777778 0.396875 0.4041666666666667 0.39453125 0.4013888888888889 0.39453125 0.375 0.39765625 0.35555555555555557 0.40078125 0.3472222222222222 0.40703125 0.3416666666666667 0.42890625 0.34305555555555556
1 0.22265625 0.2875 0.22734375 0.2916666666666667 0.23125 0.30277777777777776 0.23046875 0.3277777777777778 0.21875 0.32222222222222224 0.20546875 0.3263888888888889 0.20234375 0.32083333333333336 0.20234375 0.29305555555555557 0.20390625 0.2875 0.221875 0.2875
1 0.71171875 0.7583333333333333 0.73125 0.7597222222222222 0.7453125 0.7652777777777777 0.75625 0.7888888888888889 0.76640625 0.7972222222222223 0.76640625 0.8041666666666667 0.7609375 0.8097222222222222 0.7609375 0.8180555555555555 0.77578125 0.8777777777777778 0.77734375 0.9180555555555555 0.77578125 0.9666666666666667 0.771875 0.9930555555555556 0.76953125 0.9958333333333333 0.753125 0.9944444444444445 0.75390625 0.9819444444444444 0.74765625 0.9694444444444444 0.71796875 0.9597222222222223 0.67734375 0.9583333333333334 0.671875 0.9666666666666667 0.67109375 0.9791666666666666 0.6671875 0.9875 0.659375 0.9902777777777778 0.65390625 0.9833333333333333 0.653125 0.9666666666666667 0.65546875 0.9416666666666667 0.64921875 0.9152777777777777 0.64921875 0.9013888888888889 0.64609375 0.8902777777777777 0.64453125 0.8666666666666667 0.64609375 0.8583333333333333 0.64609375 0.8069444444444445 0.6484375 0.7958333333333333 0.64375 0.7916666666666666 0.64296875 0.7819444444444444 0.64765625 0.7777777777777778 0.65859375 0.7777777777777778 0.67109375 0.7555555555555555 0.7109375 0.7583333333333333
1 0.690625 0.5041666666666667 0.6953125 0.5111111111111111 0.7015625 0.5347222222222222 0.7046875 0.5638888888888889 0.703125 0.5736111111111111 0.67421875 0.5569444444444445 0.6546875 0.5569444444444445 0.64375 0.5638888888888889 0.63671875 0.5791666666666667 0.634375 0.575 0.63515625 0.5486111111111112 0.63671875 0.5388888888888889 0.640625 0.5361111111111111 0.640625 0.5291666666666667 0.64609375 0.5166666666666667 0.646875 0.5069444444444444 0.653125 0.5027777777777778 0.6640625 0.5013888888888889 0.68984375 0.5041666666666667
1 0.63046875 0.3819444444444444 0.64921875 0.38333333333333336 0.65390625 0.3902777777777778 0.66015625 0.41388888888888886 0.65625 0.44027777777777777 0.63359375 0.4375 0.63125 0.4236111111111111 0.61875 0.4027777777777778 0.61875 0.3958333333333333 0.62265625 0.3861111111111111 0.6296875 0.3819444444444444
1 0.221875 0.325 0.23046875 0.32916666666666666 0.23515625 0.3416666666666667 0.23515625 0.35138888888888886 0.23359375 0.3638888888888889 0.23046875 0.37222222222222223 0.221875 0.37083333333333335 0.21640625 0.37777777777777777 0.2125 0.3763888888888889 0.21171875 0.35138888888888886 0.2046875 0.3375 0.20546875 0.32916666666666666 0.209375 0.325 0.22109375 0.325
1 0.61875 0.3125 0.625 0.3194444444444444 0.6265625 0.3277777777777778 0.61015625 0.3277777777777778 0.60234375 0.33611111111111114 0.60078125 0.3236111111111111 0.6046875 0.3138888888888889 0.61796875 0.3125
1 0.3625 0.2625 0.365625 0.26944444444444443 0.37265625 0.26805555555555555 0.3796875 0.2708333333333333 0.38125 0.2791666666666667 0.378125 0.3 0.35859375 0.3111111111111111 0.35546875 0.30277777777777776 0.35390625 0.2875 0.35546875 0.2763888888888889 0.3625 0.2638888888888889
1 0.3734375 0.24444444444444444 0.37734375 0.24583333333333332 0.38203125 0.25555555555555554 0.3796875 0.27361111111111114 0.3734375 0.26805555555555555 0.3578125 0.26944444444444443 0.35859375 0.25833333333333336 0.36171875 0.24861111111111112 0.37265625 0.24444444444444444
1 0.05625 0.37222222222222223 0.08203125 0.3736111111111111 0.090625 0.38472222222222224 0.1 0.38472222222222224 0.103125 0.3875 0.10546875 0.39305555555555555 0.10546875 0.41388888888888886 0.09921875 0.44166666666666665 0.09375 0.4444444444444444 0.08828125 0.4375 0.08515625 0.4375 0.071875 0.4444444444444444 0.06484375 0.4597222222222222 0.04765625 0.4527777777777778 0.03515625 0.4527777777777778 0.02265625 0.4638888888888889 0.01875 0.4597222222222222 0.015625 0.44583333333333336 0.015625 0.43194444444444446 0.01875 0.4125 0.03984375 0.37916666666666665 0.05546875 0.37222222222222223
1 0.68828125 0.31805555555555554 0.6921875 0.32083333333333336 0.68984375 0.3416666666666667 0.68828125 0.3472222222222222 0.68515625 0.3472222222222222 0.68125 0.3527777777777778 0.6796875 0.36527777777777776 0.675 0.37222222222222223 0.6609375 0.36666666666666664 0.66015625 0.3416666666666667 0.665625 0.33611111111111114 0.6671875 0.325 0.6703125 0.3194444444444444 0.6875 0.3194444444444444
1 0.628125 0.32916666666666666 0.63203125 0.3333333333333333 0.63359375 0.3416666666666667 0.62109375 0.34305555555555556 0.615625 0.35138888888888886 0.61328125 0.35833333333333334 0.6125 0.38055555555555554 0.609375 0.3875 0.60546875 0.3875 0.60234375 0.37916666666666665 0.60234375 0.36527777777777776 0.60390625 0.3611111111111111 0.60234375 0.3333333333333333 0.61171875 0.3277777777777778 0.62734375 0.32916666666666666
1 0.573046875 0.39305555555555555 0.02265625 0.022222222222222223
1 0.49765625 0.2375 0.5 0.24027777777777778 0.5015625 0.24861111111111112 0.49375 0.25416666666666665 0.4875 0.25416666666666665 0.48515625 0.24305555555555555 0.48984375 0.2375 0.496875 0.2375
1 0.56328125 0.3611111111111111 0.57109375 0.36527777777777776 0.57734375 0.38333333333333336 0.56640625 0.38472222222222224 0.5640625 0.3888888888888889 0.5640625 0.4 0.5640625 0.39305555555555555 0.55703125 0.37222222222222223 0.5453125 0.36944444444444446 0.54921875 0.3611111111111111 0.5625 0.3611111111111111
1 0.58515625 0.5833333333333334 0.60390625 0.5861111111111111 0.61328125 0.6055555555555555 0.62265625 0.6097222222222223 0.62265625 0.6152777777777778 0.61640625 0.6208333333333333 0.61640625 0.6416666666666667 0.61328125 0.6486111111111111 0.6125 0.6638888888888889 0.609375 0.6708333333333333 0.58828125 0.6625 0.5375 0.6625 0.53515625 0.6597222222222222 0.5359375 0.6333333333333333 0.55 0.5847222222222223 0.553125 0.5819444444444445 0.584375 0.5833333333333334
1 0.60859375 0.39861111111111114 0.615625 0.4041666666666667 0.62109375 0.41944444444444445 0.6265625 0.42083333333333334 0.63125 0.42916666666666664 0.63046875 0.4361111111111111 0.62265625 0.4388888888888889 0.6140625 0.4513888888888889 0.60859375 0.4513888888888889 0.59140625 0.44166666666666665 0.5640625 0.44166666666666665 0.55625 0.4375 0.55703125 0.4263888888888889 0.5640625 0.40555555555555556 0.584375 0.3972222222222222 0.6078125 0.39861111111111114
1 0.63671875 0.25 0.6390625 0.25972222222222224 0.6328125 0.26944444444444443 0.63359375 0.2791666666666667 0.63046875 0.2861111111111111 0.62734375 0.30416666666666664 0.6234375 0.30277777777777776 0.61875 0.29444444444444445 0.6171875 0.2708333333333333 0.62109375 0.25833333333333336 0.6359375 0.25
1 0.6375 0.4666666666666667 0.659375 0.46805555555555556 0.66796875 0.4861111111111111 0.66796875 0.49166666666666664 0.66484375 0.4986111111111111 0.65 0.5013888888888889 0.64609375 0.5055555555555555 0.64375 0.5194444444444445 0.63046875 0.5458333333333333 0.63046875 0.5527777777777778 0.6265625 0.5597222222222222 0.62109375 0.5625 0.615625 0.5583333333333333 0.61171875 0.5444444444444444 0.6109375 0.48194444444444445 0.6140625 0.4708333333333333 0.6171875 0.4666666666666667 0.63671875 0.4666666666666667
1 0.6421875 0.27361111111111114 0.6546875 0.2763888888888889 0.65859375 0.2833333333333333 0.66015625 0.2916666666666667 0.63828125 0.2986111111111111 0.634375 0.30694444444444446 0.6359375 0.30972222222222223 0.63359375 0.3138888888888889 0.6359375 0.31666666666666665 0.6359375 0.3236111111111111 0.63359375 0.3277777777777778 0.6296875 0.31805555555555554 0.63046875 0.30694444444444446 0.628125 0.30277777777777776 0.628125 0.29444444444444445 0.63359375 0.26805555555555555 0.63515625 0.27361111111111114 0.64140625 0.27361111111111114
1 0.61953125 0.35138888888888886 0.6203125 0.35555555555555557 0.64296875 0.35694444444444445 0.6515625 0.3736111111111111 0.65078125 0.3861111111111111 0.63671875 0.3819444444444444 0.62578125 0.38333333333333336 0.62109375 0.39305555555555555 0.61953125 0.4041666666666667 0.6171875 0.4027777777777778 0.61171875 0.3958333333333333 0.6109375 0.38472222222222224 0.6125 0.37222222222222223 0.61953125 0.3527777777777778
1 0.24921875 0.9375 0.2875 0.9458333333333333 0.3109375 0.9611111111111111 0.31796875 0.9736111111111111 0.3171875 0.9986111111111111 0.253125 0.9986111111111111 0.2515625 0.9958333333333333 0.23828125 0.9958333333333333 0.2328125 0.9902777777777778 0.22421875 0.9944444444444445 0.221875 0.9944444444444445 0.2203125 0.9902777777777778 0.21796875 0.9958333333333333 0.209375 0.9944444444444445 0.2046875 0.9986111111111111 0.17578125 0.9986111111111111 0.17890625 0.9819444444444444 0.178125 0.9763888888888889 0.19765625 0.9486111111111111 0.21328125 0.9444444444444444 0.2375 0.9319444444444445 0.24609375 0.9319444444444445 0.2484375 0.9375
1 0.6921875 0.6736111111111112 0.70859375 0.6805555555555556 0.71640625 0.6958333333333333 0.715625 0.7069444444444445 0.72578125 0.7555555555555555 0.72421875 0.7583333333333333 0.71640625 0.7583333333333333 0.69921875 0.7541666666666667 0.67265625 0.7541666666666667 0.66640625 0.7583333333333333 0.6578125 0.7777777777777778 0.6453125 0.7763888888888889 0.63984375 0.7847222222222222 0.6328125 0.7625 0.63125 0.7402777777777778 0.6328125 0.7055555555555556 0.6375 0.6958333333333333 0.63984375 0.6833333333333333 0.64375 0.6763888888888889 0.65390625 0.6722222222222223 0.69140625 0.6736111111111112
0 0.3484375 0.2152777777777778 0.3546875 0.21666666666666667 0.3578125 0.225 0.35625 0.24444444444444444 0.359375 0.2513888888888889 0.35625 0.25833333333333336 0.35703125 0.2638888888888889 0.353125 0.28194444444444444 0.3484375 0.2861111111111111 0.33359375 0.2847222222222222 0.33203125 0.2791666666666667 0.33359375 0.2625 0.33125 0.24861111111111112 0.328125 0.2708333333333333 0.32890625 0.2791666666666667 0.32109375 0.30833333333333335 0.31796875 0.3138888888888889 0.3140625 0.3125 0.31015625 0.2986111111111111 0.3015625 0.2861111111111111 0.29921875 0.25833333333333336 0.3015625 0.23333333333333334 0.30625 0.2263888888888889 0.32421875 0.2222222222222222 0.32734375 0.225 0.33125 0.24722222222222223 0.33671875 0.21944444444444444 0.340625 0.2152777777777778 0.34765625 0.2152777777777778