3 0.50234375 0.3972222222222222 0.51328125 0.39861111111111114 0.5171875 0.4041666666666667 0.51953125 0.47638888888888886 0.51875 0.5138888888888888 0.515625 0.5277777777777778 0.51328125 0.5652777777777778 0.50703125 0.5763888888888888 0.50625 0.6 0.50390625 0.6069444444444444 0.4875 0.6055555555555555 0.48515625 0.6 0.48515625 0.5847222222222223 0.48203125 0.5777777777777777 0.478125 0.575 0.4703125 0.575 0.46640625 0.5805555555555556 0.44921875 0.5805555555555556 0.4453125 0.5861111111111111 0.4421875 0.6027777777777777 0.4328125 0.6069444444444444 0.42578125 0.6055555555555555 0.421875 0.5944444444444444 0.42109375 0.5638888888888889 0.41796875 0.5541666666666667 0.4109375 0.5430555555555555 0.4109375 0.5319444444444444 0.41796875 0.5166666666666667 0.425 0.5055555555555555 0.43203125 0.5027777777777778 0.434375 0.4986111111111111 0.43359375 0.4263888888888889 0.434375 0.4 0.4359375 0.3972222222222222 0.5015625 0.3972222222222222
3 0.75078125 0.5555555555555556 0.759375 0.5597222222222222 0.7953125 0.5583333333333333 0.87421875 0.5666666666666667 0.91171875 0.5638888888888889 0.925 0.5694444444444444 0.93359375 0.5930555555555556 0.95390625 0.6305555555555555 0.95546875 0.6388888888888888 0.9734375 0.6777777777777778 0.99921875 0.7222222222222222 0.99921875 0.8763888888888889 0.99609375 0.8819444444444444 0.99921875 0.8875 0.99765625 0.8888888888888888 0.99921875 0.8916666666666667 0.99921875 0.9069444444444444 0.99765625 0.9083333333333333 0.99921875 0.9111111111111111 0.99921875 0.9777777777777777 0.996875 0.9791666666666666 0.99609375 0.9916666666666667 0.99296875 0.9986111111111111 0.85234375 0.9986111111111111 0.846875 0.9958333333333333 0.84140625 0.9986111111111111 0.70625 0.9986111111111111 0.70390625 0.9944444444444445 0.703125 0.9277777777777778 0.70703125 0.8902777777777777 0.70625 0.8375 0.70859375 0.8277777777777777 0.709375 0.7527777777777778 0.71953125 0.6694444444444444 0.721875 0.5944444444444444 0.72578125 0.5625 0.7234375 0.5569444444444445 0.73125 0.5541666666666667 0.75 0.5555555555555556
3 0.70625 0.7236111111111111 0.709375 0.7291666666666666 0.709375 0.7458333333333333 0.70703125 0.7611111111111111 0.70625 0.8152777777777778 0.70390625 0.8375 0.70390625 0.9013888888888889 0.69765625 0.9125 0.6671875 0.9125 0.65703125 0.9097222222222222 0.65234375 0.9263888888888889 0.6484375 0.9291666666666667 0.64140625 0.9277777777777778 0.6390625 0.9180555555555555 0.63828125 0.8777777777777778 0.63671875 0.8694444444444445 0.63671875 0.7805555555555556 0.6390625 0.7708333333333334 0.63125 0.7625 0.6296875 0.7541666666666667 0.634375 0.7486111111111111 0.64140625 0.7486111111111111 0.64765625 0.7444444444444445 0.65078125 0.7333333333333333 0.66171875 0.7222222222222222 0.70546875 0.7236111111111111
3 0.6265625 0.3736111111111111 0.63046875 0.36944444444444446 0.6328125 0.3541666666666667 0.6359375 0.3486111111111111 0.6421875 0.3458333333333333 0.6828125 0.3472222222222222 0.68671875 0.35138888888888886 0.6890625 0.36666666666666664 0.68828125 0.39444444444444443 0.68515625 0.4083333333333333 0.67734375 0.4041666666666667 0.66484375 0.4041666666666667 0.65390625 0.4083333333333333 0.6484375 0.41805555555555557 0.64765625 0.42916666666666664 0.640625 0.44305555555555554 0.63359375 0.4513888888888889 0.63046875 0.4486111111111111 0.62890625 0.43333333333333335 0.62890625 0.38333333333333336 0.6265625 0.375
2 0.3140625 0.9277777777777778 0.32265625 0.9291666666666667 0.3296875 0.9402777777777778 0.334375 0.9388888888888889 0.33671875 0.9958333333333333 0.33515625 0.9986111111111111 0.30546875 0.9986111111111111 0.30390625 0.9833333333333333 0.30859375 0.9597222222222223 0.309375 0.9319444444444445 0.31328125 0.9291666666666667
2 0.48359375 0.37222222222222223 0.4875 0.37777777777777777 0.48828125 0.3958333333333333 0.47421875 0.39861111111111114 0.4703125 0.39305555555555555 0.4734375 0.3763888888888889 0.478125 0.37777777777777777 0.4828125 0.3736111111111111
2 0.0390625 0.3402777777777778 0.040625 0.3458333333333333 0.040625 0.3736111111111111 0.03828125 0.37916666666666665 0.02890625 0.38055555555555554 0.02578125 0.36944444444444446 0.0265625 0.34444444444444444 0.02890625 0.3388888888888889 0.03828125 0.3402777777777778
2 0.15078125 0.4444444444444444 0.16640625 0.45416666666666666 0.16875 0.4847222222222222 0.165625 0.49583333333333335 0.1578125 0.5027777777777778 0.153125 0.5013888888888889 0.14921875 0.46805555555555556 0.15 0.44583333333333336
2 0.19609375 0.40555555555555556 0.20390625 0.41388888888888886 0.20390625 0.4444444444444444 0.20234375 0.4513888888888889 0.19765625 0.45694444444444443 0.1921875 0.45555555555555555 0.1875 0.43194444444444446 0.18828125 0.4083333333333333 0.1953125 0.40555555555555556
2 0.32421875 0.9305555555555556 0.32890625 0.9416666666666667 0.334375 0.9430555555555555 0.334375 0.95 0.3328125 0.9513888888888888 0.334375 0.9541666666666667 0.334375 0.975 0.33671875 0.9916666666666667 0.33125 0.9986111111111111 0.30625 0.9986111111111111 0.3046875 0.9944444444444445 0.31015625 0.9319444444444445 0.3125 0.9291666666666667 0.3234375 0.9305555555555556
2 0.550390625 0.5166666666666667 0.02265625 0.08055555555555556
2 0.2828125 0.24166666666666667 0.2890625 0.25833333333333336 0.28125 0.2652777777777778 0.27578125 0.2652777777777778 0.275 0.25555555555555554 0.27734375 0.24722222222222223 0.28203125 0.24166666666666667
2 0.5546875 0.49722222222222223 0.55703125 0.5 0.55703125 0.5361111111111111 0.55 0.5555555555555556 0.54609375 0.5555555555555556 0.53984375 0.5402777777777777 0.53984375 0.525 0.54296875 0.4986111111111111 0.55390625 0.49722222222222223
2 0.565625 0.33055555555555555 0.5671875 0.3333333333333333 0.56796875 0.3486111111111111 0.5640625 0.3625 0.56015625 0.3611111111111111 0.55703125 0.3458333333333333 0.559375 0.32916666666666666 0.5640625 0.3277777777777778 0.56484375 0.33055555555555555
2 0.25234375 0.35 0.26171875 0.35555555555555557 0.26328125 0.36527777777777776 0.26171875 0.3736111111111111 0.24375 0.375 0.2359375 0.37083333333333335 0.23671875 0.35555555555555557 0.240625 0.35 0.2515625 0.35
1 0.20703125 0.27361111111111114 0.2109375 0.28888888888888886 0.20859375 0.30972222222222223 0.20625 0.31527777777777777 0.19296875 0.325 0.1890625 0.325 0.1859375 0.3194444444444444 0.18125 0.30694444444444446 0.18046875 0.2986111111111111 0.19453125 0.275 0.20625 0.27361111111111114
1 0 0.24583333333333332 0.00546875 0.24305555555555555 0.03359375 0.24722222222222223 0.040625 0.2638888888888889 0.03984375 0.2791666666666667 0.0359375 0.2777777777777778 0.02890625 0.29583333333333334 0.028125 0.28888888888888886 0.01953125 0.2763888888888889 0.0046875 0.2652777777777778 0 0.25833333333333336 0 0.24722222222222223
1 0.4953125 0.2861111111111111 0.49765625 0.2902777777777778 0.5046875 0.2902777777777778 0.50625 0.29305555555555557 0.50234375 0.2972222222222222 0.5015625 0.30277777777777776 0.50390625 0.3277777777777778 0.49921875 0.3416666666666667 0.49765625 0.35833333333333334 0.484375 0.35694444444444445 0.47890625 0.35138888888888886 0.46875 0.3527777777777778 0.46015625 0.3388888888888889 0.4609375 0.30277777777777776 0.4640625 0.29305555555555557 0.46875 0.28888888888888886 0.49453125 0.2861111111111111
1 0.82578125 0.25833333333333336 0.82734375 0.2611111111111111 0.82734375 0.28888888888888886 0.815625 0.2972222222222222 0.8109375 0.29583333333333334 0.80078125 0.30833333333333335 0.79609375 0.3013888888888889 0.79609375 0.2902777777777778 0.8015625 0.2708333333333333 0.80546875 0.2638888888888889 0.81015625 0.2611111111111111 0.825 0.25833333333333336
1 0.3140625 0.30972222222222223 0.315625 0.3125 0.31484375 0.3277777777777778 0.31875 0.35694444444444445 0.31796875 0.3680555555555556 0.30234375 0.37777777777777777 0.2921875 0.3972222222222222 0.28671875 0.4 0.28359375 0.39166666666666666 0.28359375 0.3597222222222222 0.28828125 0.3416666666666667 0.29140625 0.33194444444444443 0.30390625 0.3125 0.31328125 0.30972222222222223
1 0.3296875 0.3125 0.3328125 0.3138888888888889 0.3375 0.325 0.33671875 0.3333333333333333 0.33828125 0.33611111111111114 0.340625 0.3333333333333333 0.3390625 0.3263888888888889 0.34140625 0.3236111111111111 0.34296875 0.3263888888888889 0.34140625 0.33611111111111114 0.33203125 0.3458333333333333 0.32265625 0.3416666666666667 0.32109375 0.3347222222222222 0.321875 0.3138888888888889 0.32421875 0.3111111111111111 0.32890625 0.3125
1 0.00234375 0.26666666666666666 0.00625 0.26666666666666666 0.01953125 0.2763888888888889 0.0265625 0.2916666666666667 0.025 0.30277777777777776 0.00859375 0.30416666666666664 0.003125 0.2902777777777778 0.0015625 0.27361111111111114 0 0.2722222222222222 0.00234375 0.26805555555555555
1 0.290625 0.2986111111111111 0.29453125 0.30416666666666664 0.296875 0.3194444444444444 0.290625 0.33194444444444443 0.2875 0.3486111111111111 0.28203125 0.3611111111111111 0.26796875 0.3611111111111111 0.26328125 0.3527777777777778 0.26015625 0.3388888888888889 0.25390625 0.3277777777777778 0.25703125 0.31527777777777777 0.2671875 0.2986111111111111 0.28984375 0.2986111111111111
1 0.16875 0.30277777777777776 0.1796875 0.30833333333333335 0.1859375 0.32083333333333336 0.1859375 0.3277777777777778 0.18125 0.3347222222222222 0.16484375 0.3416666666666667 0.15703125 0.3486111111111111 0.15390625 0.3472222222222222 0.15234375 0.35138888888888886 0.1421875 0.35833333333333334 0.13671875 0.35833333333333334 0.1359375 0.35555555555555557 0.1359375 0.3333333333333333 0.146875 0.3111111111111111 0.15390625 0.30972222222222223 0.15859375 0.30416666666666664 0.16796875 0.30277777777777776
1 0.37578125 0.45694444444444443 0.38046875 0.46111111111111114 0.384375 0.46944444444444444 0.39140625 0.5055555555555555 0.39296875 0.525 0.39140625 0.5680555555555555 0.3828125 0.575 0.37890625 0.5916666666666667 0.37578125 0.5916666666666667 0.37265625 0.5833333333333334 0.36484375 0.5791666666666667 0.3453125 0.5777777777777777 0.3296875 0.5569444444444445 0.309375 0.5541666666666667 0.30703125 0.5527777777777778 0.30625 0.5458333333333333 0.30859375 0.5069444444444444 0.3140625 0.475 0.3171875 0.46805555555555556 0.32890625 0.45694444444444443 0.33671875 0.45416666666666666 0.375 0.45694444444444443
1 0.45 0.3736111111111111 0.453125 0.37777777777777777 0.4578125 0.39305555555555555 0.453125 0.3972222222222222 0.4375 0.3958333333333333 0.434375 0.4 0.434375 0.42777777777777776 0.43203125 0.4513888888888889 0.42265625 0.44722222222222224 0.41796875 0.3958333333333333 0.415625 0.39166666666666666 0.4078125 0.3888888888888889 0.4140625 0.37777777777777777 0.421875 0.37222222222222223 0.44296875 0.37083333333333335 0.44921875 0.3736111111111111
1 0.70078125 0.23055555555555557 0.71796875 0.2361111111111111 0.72109375 0.24027777777777778 0.72109375 0.24861111111111112 0.6984375 0.24861111111111112 0.69140625 0.26944444444444443 0.69140625 0.2791666666666667 0.6890625 0.28194444444444444 0.68359375 0.2777777777777778 0.68125 0.2652777777777778 0.68515625 0.2375 0.68984375 0.23055555555555557 0.7 0.23055555555555557
1 0.78828125 0.43194444444444446 0.8 0.4388888888888889 0.8046875 0.4527777777777778 0.80390625 0.46111111111111114 0.79375 0.46944444444444444 0.7921875 0.5083333333333333 0.7890625 0.5125 0.77578125 0.5125 0.771875 0.5097222222222222 0.76171875 0.5152777777777777 0.7578125 0.5152777777777777 0.74921875 0.4986111111111111 0.7515625 0.4527777777777778 0.75546875 0.44722222222222224 0.7578125 0.4375 0.7625 0.43194444444444446 0.7875 0.43194444444444446
1 0.48828125 0.2861111111111111 0.50390625 0.28194444444444444 0.51484375 0.29305555555555557 0.51640625 0.30416666666666664 0.5125 0.30972222222222223 0.51015625 0.33194444444444443 0.5078125 0.33611111111111114 0.50078125 0.33611111111111114 0.49921875 0.30833333333333335 0.49453125 0.29305555555555557 0.4890625 0.2861111111111111
1 0.1234375 0.2388888888888889 0.1328125 0.24166666666666667 0.1375 0.25416666666666665 0.1375 0.28055555555555556 0.13046875 0.2861111111111111 0.1109375 0.28194444444444444 0.11015625 0.26944444444444443 0.1046875 0.2611111111111111 0.1078125 0.24722222222222223 0.1109375 0.24305555555555555 0.12265625 0.2388888888888889
1 0.015625 0.34305555555555556 0.025 0.3638888888888889 0.0234375 0.4111111111111111 0.02265625 0.41388888888888886 0.0109375 0.4111111111111111 0.0078125 0.42083333333333334 0.00078125 0.4236111111111111 0 0.34444444444444444 0.00546875 0.3416666666666667 0.01484375 0.34305555555555556
1 0.06953125 0.24444444444444444 0.07734375 0.24305555555555555 0.08828125 0.25 0.0921875 0.25 0.0953125 0.24583333333333332 0.10234375 0.2513888888888889 0.10546875 0.25 0.1046875 0.25833333333333336 0.11015625 0.26805555555555555 0.11015625 0.28194444444444444 0.07890625 0.28194444444444444 0.0765625 0.25972222222222224 0.0703125 0.24583333333333332
1 0.54140625 0.8097222222222222 0.55546875 0.8138888888888889 0.56875 0.8375 0.578125 0.8402777777777778 0.584375 0.8472222222222222 0.584375 0.8527777777777777 0.5765625 0.8611111111111112 0.57890625 0.875 0.57734375 0.9222222222222223 0.57578125 0.95 0.57265625 0.9597222222222223 0.56953125 0.9944444444444445 0.54921875 0.9944444444444445 0.54140625 0.9819444444444444 0.5359375 0.9777777777777777 0.528125 0.9819444444444444 0.521875 0.9930555555555556 0.51953125 0.9888888888888889 0.48828125 0.9861111111111112 0.4828125 0.9875 0.47265625 0.9986111111111111 0.459375 0.9986111111111111 0.45859375 0.9958333333333333 0.45859375 0.9583333333333334 0.4625 0.9180555555555555 0.46171875 0.8875 0.47109375 0.8597222222222223 0.46953125 0.8527777777777777 0.46015625 0.8486111111111111 0.459375 0.8402777777777778 0.465625 0.8347222222222223 0.47578125 0.8333333333333334 0.4859375 0.8125 0.521875 0.8083333333333333 0.540625 0.8097222222222222
1 0.62421875 0.6138888888888889 0.646875 0.6194444444444445 0.6578125 0.6430555555555556 0.66328125 0.6736111111111112 0.66015625 0.7208333333333333 0.653125 0.7263888888888889 0.646875 0.7375 0.59296875 0.7347222222222223 0.590625 0.7375 0.5890625 0.7472222222222222 0.58515625 0.7513888888888889 0.58046875 0.75 0.578125 0.7402777777777778 0.578125 0.6958333333333333 0.58359375 0.6611111111111111 0.58359375 0.6527777777777778 0.578125 0.6430555555555556 0.5828125 0.6375 0.58828125 0.6388888888888888 0.596875 0.6194444444444445 0.6234375 0.6138888888888889
1 0.33203125 0.2847222222222222 0.3359375 0.2972222222222222 0.33671875 0.30694444444444446 0.33125 0.31527777777777777 0.325 0.3138888888888889 0.31875 0.2986111111111111 0.31875 0.29444444444444445 0.321875 0.2916666666666667 0.32421875 0.28194444444444444 0.33125 0.2847222222222222
1 0.66796875 0.3013888888888889 0.67109375 0.3111111111111111 0.67109375 0.3236111111111111 0.665625 0.31527777777777777 0.65546875 0.3138888888888889 0.646875 0.31666666666666665 0.640625 0.3236111111111111 0.6390625 0.32222222222222224 0.6421875 0.3055555555555556 0.646875 0.3 0.6671875 0.3013888888888889
1 0.03125 0.2375 0.05703125 0.2375 0.06328125 0.2388888888888889 0.07109375 0.24583333333333332 0.0765625 0.25972222222222224 0.07890625 0.28055555555555556 0.065625 0.2875 0.0609375 0.29444444444444445 0.04921875 0.29305555555555557 0.04140625 0.28194444444444444 0.04140625 0.2652777777777778 0.03203125 0.2375
1 0.578125 0.2722222222222222 0.58203125 0.275 0.584375 0.2833333333333333 0.584375 0.30694444444444446 0.578125 0.31805555555555554 0.5734375 0.31666666666666665 0.5703125 0.3055555555555556 0.56953125 0.2916666666666667 0.56640625 0.2861111111111111 0.553125 0.28194444444444444 0.55390625 0.275 0.55625 0.2722222222222222 0.57734375 0.2722222222222222
1 0.16484375 0.28055555555555556 0.16875 0.2875 0.17109375 0.3 0.15078125 0.30416666666666664 0.1421875 0.31666666666666665 0.13671875 0.33055555555555555 0.13359375 0.33194444444444443 0.13203125 0.30694444444444446 0.13359375 0.29444444444444445 0.1375 0.2861111111111111 0.14453125 0.28055555555555556 0.1640625 0.28055555555555556
1 0.2609375 0.375 0.265625 0.37777777777777777 0.27421875 0.4083333333333333 0.2671875 0.42916666666666664 0.2546875 0.4486111111111111 0.2421875 0.45416666666666666 0.22890625 0.45416666666666666 0.221875 0.4583333333333333 0.21953125 0.4583333333333333 0.2171875 0.4513888888888889 0.2171875 0.4166666666666667 0.21796875 0.4041666666666667 0.221875 0.39861111111111114 0.225 0.38472222222222224 0.23046875 0.37777777777777777 0.23515625 0.3763888888888889 0.26015625 0.375
1 0.38671875 0.2791666666666667 0.39609375 0.275 0.40625 0.275 0.41015625 0.2791666666666667 0.4125 0.28888888888888886 0.41171875 0.29444444444444445 0.40703125 0.3013888888888889 0.38671875 0.3111111111111111 0.384375 0.2972222222222222 0.38671875 0.28055555555555556
1 0.68515625 0.4097222222222222 0.69296875 0.43472222222222223 0.66796875 0.4375 0.66484375 0.44166666666666665 0.66484375 0.44583333333333336 0.6578125 0.4486111111111111 0.64296875 0.44583333333333336 0.64375 0.4388888888888889 0.6484375 0.42777777777777776 0.64921875 0.41805555555555557 0.653125 0.4097222222222222 0.65703125 0.40694444444444444 0.6765625 0.40555555555555556 0.684375 0.4097222222222222
1 0.46328125 0.3416666666666667 0.46796875 0.3486111111111111 0.46953125 0.3611111111111111 0.46875 0.3875 0.4640625 0.39305555555555555 0.459375 0.39166666666666666 0.45078125 0.3736111111111111 0.43203125 0.36944444444444446 0.43046875 0.36666666666666664 0.43125 0.35694444444444445 0.43828125 0.34444444444444444 0.4453125 0.3402777777777778 0.4625 0.3416666666666667
1 0.09921875 0.2833333333333333 0.1046875 0.2875 0.10703125 0.30277777777777776 0.10546875 0.30972222222222223 0.09375 0.30972222222222223 0.07734375 0.31805555555555554 0.06875 0.3263888888888889 0.0640625 0.34305555555555556 0.06015625 0.3416666666666667 0.0609375 0.3138888888888889 0.0625 0.30277777777777776 0.0671875 0.2916666666666667 0.0765625 0.2847222222222222 0.0984375 0.2833333333333333
1 0.096875 0.9208333333333333 0.1046875 0.9277777777777778 0.1171875 0.9472222222222222 0.1296875 0.9527777777777777 0.13515625 0.9597222222222223 0.13828125 0.9888888888888889 0.13671875 0.9986111111111111 0.11484375 0.9986111111111111 0.1140625 0.9958333333333333 0.10546875 0.9986111111111111 0.08515625 0.9986111111111111 0.07890625 0.9958333333333333 0.07421875 0.9986111111111111 0.07109375 0.9958333333333333 0.0359375 0.9986111111111111 0.0328125 0.9958333333333333 0.0171875 0.9958333333333333 0.01171875 0.9986111111111111 0 0.9916666666666667 0 0.9763888888888889 0.00234375 0.9722222222222222 0.003125 0.9638888888888889 0.003125 0.9444444444444444 0.00625 0.9361111111111111 0.00859375 0.9361111111111111 0.015625 0.925 0.03046875 0.9194444444444444 0.0484375 0.9180555555555555 0.09609375 0.9208333333333333
1 0.66875 0.31527777777777777 0.67109375 0.31666666666666665 0.67578125 0.33055555555555555 0.6765625 0.34444444444444444 0.675 0.3472222222222222 0.65625 0.3486111111111111 0.63828125 0.3458333333333333 0.6375 0.33611111111111114 0.63984375 0.32222222222222224 0.65234375 0.3138888888888889 0.66796875 0.31527777777777777
1 0.759375 0.31666666666666665 0.7625 0.3194444444444444 0.76484375 0.3277777777777778 0.7625 0.33194444444444443 0.75703125 0.33194444444444443 0.75234375 0.33611111111111114 0.74453125 0.37222222222222223 0.740625 0.36944444444444446 0.7390625 0.3597222222222222 0.734375 0.3486111111111111 0.72734375 0.34444444444444444 0.7265625 0.3347222222222222 0.73046875 0.3236111111111111 0.73671875 0.31666666666666665 0.75859375 0.31666666666666665
1 0.80859375 0.38472222222222224 0.82109375 0.3902777777777778 0.82734375 0.41388888888888886 0.83203125 0.4236111111111111 0.83203125 0.43194444444444446 0.8296875 0.4388888888888889 0.809375 0.44027777777777777 0.803125 0.44027777777777777 0.79453125 0.43194444444444446 0.78671875 0.42916666666666664 0.77265625 0.42777777777777776 0.7671875 0.40694444444444444 0.76953125 0.4 0.77578125 0.3958333333333333 0.78203125 0.38472222222222224 0.8078125 0.38472222222222224
1 0.65703125 0.5319444444444444 0.67109375 0.5402777777777777 0.6828125 0.5888888888888889 0.68515625 0.6055555555555555 0.68671875 0.6486111111111111 0.68203125 0.6777777777777778 0.67578125 0.6777777777777778 0.66875 0.6666666666666666 0.66484375 0.6666666666666666 0.66015625 0.6458333333333334 0.646875 0.6180555555555556 0.6296875 0.6138888888888889 0.6265625 0.6097222222222223 0.6234375 0.6125 0.5953125 0.6166666666666667 0.5953125 0.5888888888888889 0.59921875 0.5708333333333333 0.59375 0.5625 0.59453125 0.5541666666666667 0.60234375 0.5527777777777778 0.609375 0.5388888888888889 0.6171875 0.5305555555555556 0.65625 0.5319444444444444
1 0.67890625 0.4486111111111111 0.69375 0.4930555555555556 0.6953125 0.5263888888888889 0.69296875 0.5597222222222222 0.68984375 0.5680555555555555 0.68515625 0.5680555555555555 0.67890625 0.5625 0.6734375 0.5444444444444444 0.67421875 0.5083333333333333 0.671875 0.4736111111111111 0.6671875 0.46805555555555556 0.6390625 0.4666666666666667 0.63359375 0.4638888888888889 0.63359375 0.45555555555555555 0.6375 0.4486111111111111 0.65625 0.4486111111111111 0.66875 0.4361111111111111 0.6921875 0.4361111111111111 0.6890625 0.43472222222222223 0.68203125 0.44027777777777777 0.67421875 0.44166666666666665 0.6734375 0.44583333333333336 0.678125 0.4486111111111111
1 0.44375 0.6277777777777778 0.4609375 0.6319444444444444 0.46484375 0.6375 0.46953125 0.6527777777777778 0.47734375 0.6555555555555556 0.4796875 0.6597222222222222 0.4796875 0.6652777777777777 0.475 0.6722222222222223 0.4765625 0.7027777777777777 0.475 0.7347222222222223 0.4734375 0.7430555555555556 0.46953125 0.7486111111111111 0.46875 0.7680555555555556 0.46640625 0.7722222222222223 0.46015625 0.7708333333333334 0.4578125 0.7611111111111111 0.4546875 0.7569444444444444 0.41875 0.7541666666666667 0.40625 0.7555555555555555 0.390625 0.7722222222222223 0.3859375 0.7680555555555556 0.38671875 0.6972222222222222 0.39296875 0.6736111111111112 0.39140625 0.6680555555555555 0.38671875 0.6652777777777777 0.3859375 0.6569444444444444 0.39375 0.6430555555555556 0.4078125 0.6291666666666667 0.44296875 0.6277777777777778
1 0.5359375 0.3541666666666667 0.54296875 0.3597222222222222 0.54765625 0.3819444444444444 0.5484375 0.41805555555555557 0.54609375 0.42916666666666664 0.54296875 0.43194444444444446 0.53671875 0.42777777777777776 0.51875 0.39166666666666666 0.5125 0.3958333333333333 0.50390625 0.3958333333333333 0.5015625 0.39305555555555555 0.50390625 0.37916666666666665 0.5015625 0.3680555555555556 0.5109375 0.35555555555555557 0.51953125 0.3527777777777778 0.53515625 0.3541666666666667
1 0.6453125 0.2722222222222222 0.6609375 0.2722222222222222 0.66953125 0.28888888888888886 0.66953125 0.29583333333333334 0.66796875 0.3 0.6484375 0.2986111111111111 0.64453125 0.3013888888888889 0.6375 0.3194444444444444 0.63671875 0.3347222222222222 0.63359375 0.3416666666666667 0.6296875 0.3402777777777778 0.62734375 0.33194444444444443 0.63125 0.28888888888888886 0.63671875 0.27361111111111114 0.64453125 0.2722222222222222
1 0.709375 0.4583333333333333 0.71171875 0.4791666666666667 0.71171875 0.5222222222222223 0.709375 0.5291666666666667 0.69921875 0.525 0.69609375 0.5277777777777778 0.69453125 0.525 0.69296875 0.49722222222222223 0.68828125 0.4861111111111111 0.68671875 0.4722222222222222 0.6828125 0.4597222222222222 0.67890625 0.4527777777777778 0.665625 0.44722222222222224 0.66796875 0.4388888888888889 0.68984375 0.4361111111111111 0.70078125 0.44166666666666665 0.70859375 0.4583333333333333
1 0.3234375 0.5583333333333333 0.33203125 0.5625 0.34375 0.5833333333333334 0.3484375 0.5847222222222223 0.35234375 0.5902777777777778 0.35234375 0.5944444444444444 0.34921875 0.6 0.35078125 0.6083333333333333 0.35 0.6541666666666667 0.34765625 0.6611111111111111 0.340625 0.6652777777777777 0.33828125 0.6833333333333333 0.334375 0.6861111111111111 0.3265625 0.6777777777777778 0.3140625 0.6736111111111112 0.2953125 0.6722222222222223 0.28984375 0.675 0.28828125 0.6513888888888889 0.2859375 0.6458333333333334 0.27890625 0.6444444444444445 0.27734375 0.6291666666666667 0.271875 0.6111111111111112 0.2703125 0.5986111111111111 0.271875 0.5833333333333334 0.27734375 0.5666666666666667 0.28125 0.5611111111111111 0.290625 0.5583333333333333 0.32265625 0.5583333333333333
1 0.73828125 0.30833333333333335 0.7421875 0.30972222222222223 0.74296875 0.3138888888888889 0.7328125 0.3194444444444444 0.72890625 0.3263888888888889 0.72578125 0.3416666666666667 0.7203125 0.34444444444444444 0.71484375 0.34305555555555556 0.7125 0.3388888888888889 0.71875 0.3111111111111111 0.72109375 0.30833333333333335 0.7375 0.30833333333333335
1 0.8359375 0.44305555555555554 0.85234375 0.4513888888888889 0.85546875 0.45694444444444443 0.85703125 0.4708333333333333 0.80546875 0.4625 0.80703125 0.44305555555555554 0.83515625 0.44305555555555554
1 0.3 0.225 0.3109375 0.2375 0.3109375 0.25 0.29609375 0.2569444444444444 0.29296875 0.25277777777777777 0.2890625 0.25555555555555554 0.28125 0.2388888888888889 0.28125 0.23333333333333334 0.284375 0.2263888888888889 0.29921875 0.225
1 0.734375 0.35 0.7375 0.35555555555555557 0.7421875 0.375 0.740625 0.40694444444444444 0.7375 0.4111111111111111 0.7203125 0.4097222222222222 0.7078125 0.4125 0.70234375 0.4125 0.6984375 0.4083333333333333 0.6984375 0.36527777777777776 0.709375 0.3472222222222222 0.73046875 0.3472222222222222 0.73359375 0.35
1 0.77734375 0.5375 0.784375 0.5458333333333333 0.78671875 0.5527777777777778 0.78359375 0.5555555555555556 0.72890625 0.5527777777777778 0.725 0.5569444444444445 0.7203125 0.6069444444444444 0.71953125 0.6597222222222222 0.7171875 0.6722222222222223 0.71015625 0.6458333333333334 0.71015625 0.5972222222222222 0.7125 0.5736111111111111 0.70625 0.5680555555555555 0.70546875 0.5611111111111111 0.709375 0.5569444444444445 0.71640625 0.5569444444444445 0.72109375 0.5430555555555555 0.72734375 0.5361111111111111 0.7765625 0.5375
0 0.190625 0.17777777777777778 0.2078125 0.18194444444444444 0.20625 0.20277777777777778 0.2 0.2 0.1796875 0.2013888888888889 0.16484375 0.1986111111111111 0.1640625 0.19027777777777777 0.16796875 0.18194444444444444 0.178125 0.17777777777777778 0.18984375 0.17777777777777778
0 0.25390625 0.5833333333333334 0.26796875 0.5916666666666667 0.278125 0.6444444444444445 0.2828125 0.65 0.2859375 0.6472222222222223 0.28828125 0.6736111111111112 0.278125 0.6805555555555556 0.275 0.7 0.2765625 0.7736111111111111 0.27421875 0.8208333333333333 0.2609375 0.8597222222222223 0.2484375 0.8791666666666667 0.24296875 0.9013888888888889 0.2421875 0.9180555555555555 0.2390625 0.9333333333333333 0.23515625 0.9388888888888889 0.225 0.9361111111111111 0.2109375 0.9388888888888889 0.11953125 0.9388888888888889 0.1125 0.9347222222222222 0.1 0.9194444444444444 0.0734375 0.9138888888888889 0.07109375 0.9083333333333333 0.07109375 0.8083333333333333 0.07421875 0.7833333333333333 0.07734375 0.7791666666666667 0.07734375 0.7708333333333334 0.07890625 0.7694444444444445 0.07578125 0.7597222222222222 0.07578125 0.7361111111111112 0.0796875 0.6875 0.08515625 0.6611111111111111 0.09140625 0.65 0.140625 0.5944444444444444 0.15234375 0.5847222222222223 0.2078125 0.5791666666666667 0.253125 0.5833333333333334
0 0.30703125 0.15555555555555556 0.31484375 0.15694444444444444 0.315625 0.17083333333333334 0.29609375 0.17083333333333334 0.29140625 0.16666666666666666 0.2859375 0.175 0.2859375 0.17083333333333334 0.28828125 0.17083333333333334 0.29296875 0.16111111111111112 0.2984375 0.15694444444444444 0.30625 0.15694444444444444
0 0.31328125 0.1625 0.3140625 0.17083333333333334 0.3171875 0.175 0.32109375 0.16944444444444445 0.32734375 0.17083333333333334 0.33125 0.16527777777777777 0.33359375 0.17777777777777778 0.334375 0.21944444444444444 0.334375 0.2263888888888889 0.33125 0.23333333333333334 0.3203125 0.2375 0.31953125 0.19166666666666668 0.3171875 0.1875 0.315625 0.2263888888888889 0.31328125 0.2361111111111111 0.30078125 0.225 0.2859375 0.22361111111111112 0.28359375 0.20833333333333334 0.284375 0.17916666666666667 0.28671875 0.16944444444444445 0.30234375 0.1597222222222222 0.3046875 0.1597222222222222 0.30703125 0.16666666666666666 0.31328125 0.1638888888888889
0 0.2046875 0.20277777777777778 0.20859375 0.21666666666666667 0.20859375 0.2361111111111111 0.20703125 0.25833333333333336 0.20390625 0.26944444444444443 0.1953125 0.27361111111111114 0.1875 0.2875 0.1765625 0.2902777777777778 0.171875 0.2902777777777778 0.16484375 0.2791666666666667 0.140625 0.27361111111111114 0.13828125 0.26666666666666666 0.13828125 0.25555555555555554 0.13515625 0.2388888888888889 0.13671875 0.22777777777777777 0.13984375 0.22083333333333333 0.14765625 0.21805555555555556 0.15078125 0.2361111111111111 0.15234375 0.2125 0.1546875 0.20555555555555555 0.16015625 0.20555555555555555 0.1609375 0.2111111111111111 0.16484375 0.2111111111111111 0.1734375 0.20277777777777778 0.20390625 0.20277777777777778