0 0.2390625 0.825 0.24453125 0.8416666666666667 0.2484375 0.8416666666666667 0.2515625 0.8458333333333333 0.2515625 0.8513888888888889 0.2453125 0.8541666666666666 0.24296875 0.8611111111111112 0.24296875 0.875 0.2453125 0.8847222222222222 0.2453125 0.9097222222222222 0.2484375 0.9152777777777777 0.2484375 0.925 0.246875 0.9333333333333333 0.23046875 0.9625 0.22421875 0.9611111111111111 0.21328125 0.9347222222222222 0.2140625 0.8736111111111111 0.20859375 0.85 0.20859375 0.8319444444444445 0.21015625 0.8263888888888888 0.21328125 0.825 0.23828125 0.825
0 0.82578125 0.25833333333333336 0.82734375 0.2625 0.8265625 0.2916666666666667 0.82109375 0.29583333333333334 0.8078125 0.31666666666666665 0.8015625 0.31527777777777777 0.79609375 0.30416666666666664 0.79609375 0.2916666666666667 0.79921875 0.2763888888888889 0.80625 0.2638888888888889 0.825 0.25833333333333336
0 0.50234375 0.42777777777777776 0.5078125 0.4305555555555556 0.51484375 0.4444444444444444 0.52265625 0.4513888888888889 0.51953125 0.4597222222222222 0.52109375 0.4888888888888889 0.51875 0.5236111111111111 0.51484375 0.5277777777777778 0.51171875 0.5277777777777778 0.509375 0.5236111111111111 0.50625 0.5055555555555555 0.49921875 0.49722222222222223 0.4828125 0.4930555555555556 0.45234375 0.49444444444444446 0.4515625 0.49166666666666664 0.453125 0.4708333333333333 0.4578125 0.4583333333333333 0.4578125 0.44722222222222224 0.465625 0.4305555555555556 0.4765625 0.4263888888888889 0.5015625 0.42777777777777776
0 0.69921875 0.25 0.7046875 0.2625 0.7 0.27361111111111114 0.69921875 0.28888888888888886 0.69453125 0.3013888888888889 0.6796875 0.3013888888888889 0.6765625 0.2986111111111111 0.6734375 0.29305555555555557 0.6734375 0.27361111111111114 0.675 0.2611111111111111 0.67890625 0.2513888888888889 0.6984375 0.25
0 0.50390625 0.5 0.50703125 0.5055555555555555 0.5078125 0.5236111111111111 0.5125 0.5388888888888889 0.51328125 0.5638888888888889 0.51015625 0.6194444444444445 0.50234375 0.6472222222222223 0.49765625 0.6472222222222223 0.49140625 0.6388888888888888 0.48046875 0.6416666666666667 0.4765625 0.6347222222222222 0.46875 0.6305555555555555 0.4359375 0.6277777777777778 0.43359375 0.6194444444444445 0.43359375 0.5819444444444445 0.434375 0.5625 0.440625 0.5236111111111111 0.453125 0.49583333333333335 0.48046875 0.4930555555555556 0.503125 0.5
0 0.6796875 0.37083333333333335 0.6828125 0.375 0.68671875 0.3972222222222222 0.68828125 0.4111111111111111 0.6875 0.43472222222222223 0.68515625 0.4388888888888889 0.6703125 0.4388888888888889 0.6640625 0.44305555555555554 0.6578125 0.46111111111111114 0.65390625 0.4875 0.64453125 0.4861111111111111 0.6296875 0.49444444444444446 0.62265625 0.49444444444444446 0.6203125 0.46944444444444444 0.621875 0.4 0.625 0.3819444444444444 0.63203125 0.375 0.66328125 0.375 0.67890625 0.37083333333333335
0 0.79921875 0.3875 0.82890625 0.39166666666666666 0.83359375 0.3972222222222222 0.834375 0.4041666666666667 0.8140625 0.40555555555555556 0.8015625 0.4111111111111111 0.79453125 0.4361111111111111 0.79375 0.4486111111111111 0.78671875 0.48333333333333334 0.78359375 0.48055555555555557 0.778125 0.4625 0.78125 0.4375 0.784375 0.4305555555555556 0.78203125 0.41388888888888886 0.7890625 0.3972222222222222 0.79453125 0.3888888888888889 0.7984375 0.3875
0 0.6453125 0.33611111111111114 0.67265625 0.3375 0.678125 0.3416666666666667 0.6828125 0.35833333333333334 0.68125 0.36666666666666664 0.66640625 0.3736111111111111 0.64765625 0.3736111111111111 0.640625 0.36944444444444446 0.6390625 0.34444444444444444 0.640625 0.3388888888888889 0.64453125 0.33611111111111114
0 0.5640625 0.24305555555555555 0.56640625 0.25416666666666665 0.5671875 0.32222222222222224 0.5640625 0.3458333333333333 0.5578125 0.35 0.5546875 0.3486111111111111 0.5515625 0.3402777777777778 0.54140625 0.3402777777777778 0.53984375 0.33611111111111114 0.52890625 0.33611111111111114 0.5234375 0.33194444444444443 0.521875 0.325 0.521875 0.30277777777777776 0.525 0.2833333333333333 0.5234375 0.25416666666666665 0.52421875 0.24583333333333332 0.52890625 0.24166666666666667 0.56328125 0.24305555555555555
0 0.98828125 0.7291666666666666 0.99921875 0.7333333333333333 0.99921875 0.9236111111111112 0.99453125 0.9291666666666667 0.99609375 0.9347222222222222 0.99453125 0.9486111111111111 0.99375 0.9416666666666667 0.990625 0.9388888888888889 0.9859375 0.9513888888888888 0.98046875 0.9541666666666667 0.97734375 0.9597222222222223 0.96953125 0.9625 0.9640625 0.9722222222222222 0.95859375 0.9652777777777778 0.9578125 0.9430555555555555 0.95234375 0.9319444444444445 0.953125 0.9263888888888889 0.94765625 0.9194444444444444 0.9421875 0.9194444444444444 0.9375 0.9152777777777777 0.9328125 0.9055555555555556 0.9328125 0.8638888888888889 0.93515625 0.8375 0.93515625 0.8111111111111111 0.93828125 0.7958333333333333 0.9390625 0.7555555555555555 0.940625 0.7486111111111111 0.95078125 0.7333333333333333 0.96875 0.7277777777777777 0.9875 0.7291666666666666
0 0.71328125 0.2833333333333333 0.74296875 0.28888888888888886 0.75546875 0.30694444444444446 0.75546875 0.31527777777777777 0.75390625 0.31805555555555554 0.7296875 0.3194444444444444 0.7265625 0.3236111111111111 0.725 0.3347222222222222 0.70234375 0.3347222222222222 0.69921875 0.33055555555555555 0.703125 0.32083333333333336 0.7015625 0.3125 0.70390625 0.30416666666666664 0.703125 0.2972222222222222 0.709375 0.2847222222222222 0.7125 0.2847222222222222
0 0.84453125 0.40694444444444444 0.85703125 0.41388888888888886 0.86328125 0.425 0.86640625 0.4708333333333333 0.86484375 0.4736111111111111 0.83046875 0.4722222222222222 0.8265625 0.475 0.81875 0.49027777777777776 0.8140625 0.5069444444444444 0.8109375 0.5291666666666667 0.80078125 0.5458333333333333 0.78828125 0.5194444444444445 0.78984375 0.4652777777777778 0.79921875 0.4166666666666667 0.80234375 0.4111111111111111 0.8125 0.40694444444444444 0.84375 0.40694444444444444
0 0.4140625 0.8361111111111111 0.42421875 0.8486111111111111 0.43203125 0.8680555555555556 0.4390625 0.8680555555555556 0.446875 0.875 0.44609375 0.8847222222222222 0.43671875 0.8930555555555556 0.4421875 0.9097222222222222 0.4421875 0.9375 0.43671875 0.9944444444444445 0.41171875 0.9958333333333333 0.40703125 0.9930555555555556 0.40078125 0.9972222222222222 0.38359375 0.9958333333333333 0.3796875 0.9916666666666667 0.37265625 0.9972222222222222 0.36875 0.9930555555555556 0.35703125 0.9944444444444445 0.35 0.9986111111111111 0.3046875 0.9986111111111111 0.30546875 0.95 0.3109375 0.9138888888888889 0.31640625 0.8958333333333334 0.31875 0.8722222222222222 0.3328125 0.8402777777777778 0.34453125 0.8333333333333334 0.375 0.8291666666666667 0.41328125 0.8361111111111111
0 0.05078125 0.2875 0.0546875 0.2972222222222222 0.05703125 0.3277777777777778 0.059375 0.3375 0.05859375 0.3819444444444444 0.0578125 0.3875 0.0515625 0.3958333333333333 0.0484375 0.4222222222222222 0.04609375 0.4263888888888889 0.03828125 0.4222222222222222 0.0328125 0.43333333333333335 0.0140625 0.42916666666666664 0.00390625 0.4305555555555556 0 0.4263888888888889 0 0.3013888888888889 0.00390625 0.29444444444444445 0.01171875 0.2902777777777778 0.034375 0.2861111111111111 0.05 0.2875
0 0.315625 0.29305555555555557 0.31953125 0.30277777777777776 0.3171875 0.30694444444444446 0.3203125 0.31805555555555554 0.321875 0.31666666666666665 0.32109375 0.3 0.32265625 0.29305555555555557 0.3328125 0.29305555555555557 0.3359375 0.2986111111111111 0.3359375 0.3055555555555556 0.3390625 0.31666666666666665 0.3359375 0.3347222222222222 0.32421875 0.3388888888888889 0.321875 0.3347222222222222 0.321875 0.325 0.3203125 0.32222222222222224 0.3140625 0.3388888888888889 0.30859375 0.3388888888888889 0.3046875 0.3347222222222222 0.3046875 0.30972222222222223 0.31015625 0.29583333333333334 0.31484375 0.29305555555555557
0 0.29765625 0.20972222222222223 0.30859375 0.20972222222222223 0.3140625 0.2152777777777778 0.3140625 0.24444444444444444 0.3109375 0.25 0.29296875 0.25277777777777777 0.2859375 0.25972222222222224 0.2828125 0.2569444444444444 0.2828125 0.23333333333333334 0.29140625 0.21388888888888888 0.296875 0.20972222222222223
0 0.146875 0.37916666666666665 0.15 0.3888888888888889 0.15 0.4152777777777778 0.1515625 0.42083333333333334 0.1515625 0.4527777777777778 0.14921875 0.4583333333333333 0.14375 0.4666666666666667 0.14140625 0.4666666666666667 0.1390625 0.46111111111111114 0.1328125 0.45555555555555555 0.12734375 0.4666666666666667 0.125 0.48333333333333334 0.12265625 0.4875 0.115625 0.4875 0.1140625 0.4847222222222222 0.1125 0.4527777777777778 0.109375 0.44722222222222224 0.1046875 0.44583333333333336 0.09765625 0.45416666666666666 0.0921875 0.47638888888888886 0.0828125 0.4986111111111111 0.07734375 0.49444444444444446 0.07421875 0.4791666666666667 0.07421875 0.4388888888888889 0.07265625 0.43472222222222223 0.08046875 0.40694444444444444 0.08203125 0.39444444444444443 0.0984375 0.37916666666666665 0.1171875 0.3763888888888889 0.14296875 0.3763888888888889 0.14609375 0.37916666666666665
0 0.51171875 0.2708333333333333 0.51484375 0.2763888888888889 0.5203125 0.3 0.51953125 0.3236111111111111 0.51640625 0.3277777777777778 0.51328125 0.325 0.5125 0.3138888888888889 0.5046875 0.30694444444444446 0.50390625 0.29583333333333334 0.5 0.28888888888888886 0.4890625 0.28194444444444444 0.490625 0.27361111111111114 0.49296875 0.2722222222222222 0.5109375 0.2708333333333333
0 0.13125 0.24166666666666667 0.134375 0.24722222222222223 0.1359375 0.26666666666666666 0.13515625 0.28055555555555556 0.13203125 0.2875 0.1109375 0.2833333333333333 0.11015625 0.2708333333333333 0.1046875 0.2611111111111111 0.10703125 0.24722222222222223 0.11328125 0.24027777777777778 0.12265625 0.2388888888888889 0.13046875 0.24166666666666667
0 0.01484375 0.5763888888888888 0.021875 0.5819444444444445 0.0328125 0.6 0.0359375 0.6013888888888889 0.040625 0.625 0.03984375 0.6805555555555556 0.03671875 0.6847222222222222 0.0265625 0.6861111111111111 0.015625 0.6944444444444444 0.00390625 0.6944444444444444 0.00234375 0.6902777777777778 0 0.6902777777777778 0 0.5777777777777777 0.0140625 0.5763888888888888
0 0.2609375 0.25416666666666665 0.26484375 0.2652777777777778 0.26171875 0.28194444444444444 0.24921875 0.2875 0.24453125 0.2875 0.240625 0.28055555555555556 0.240625 0.2708333333333333 0.2375 0.2625 0.23828125 0.2569444444444444 0.24296875 0.25277777777777777 0.26015625 0.25416666666666665
0 0.0703125 0.24444444444444444 0.07734375 0.24305555555555555 0.09140625 0.25555555555555554 0.10859375 0.2638888888888889 0.1109375 0.27361111111111114 0.11015625 0.2833333333333333 0.09765625 0.28888888888888886 0.084375 0.2875 0.08125 0.2847222222222222 0.0765625 0.25972222222222224 0.07109375 0.24583333333333332
0 0.90390625 0.5888888888888889 0.9328125 0.5958333333333333 0.94609375 0.6138888888888889 0.94921875 0.625 0.95546875 0.6680555555555555 0.953125 0.7194444444444444 0.95 0.7305555555555555 0.94296875 0.7375 0.93515625 0.7305555555555555 0.8890625 0.7236111111111111 0.88203125 0.7291666666666666 0.875 0.7416666666666667 0.86953125 0.7416666666666667 0.86796875 0.7388888888888889 0.86640625 0.7166666666666667 0.859375 0.7111111111111111 0.85703125 0.7055555555555556 0.85859375 0.6541666666666667 0.8609375 0.6347222222222222 0.8640625 0.6222222222222222 0.8703125 0.6111111111111112 0.871875 0.6013888888888889 0.8765625 0.5916666666666667 0.8859375 0.5875 0.903125 0.5888888888888889
0 0.36875 0.6958333333333333 0.3890625 0.6986111111111111 0.396875 0.7055555555555556 0.4109375 0.7625 0.4125 0.7972222222222223 0.409375 0.8291666666666667 0.4078125 0.8319444444444445 0.384375 0.8277777777777777 0.34453125 0.8305555555555556 0.33125 0.8402777777777778 0.3265625 0.8527777777777777 0.32109375 0.8625 0.31796875 0.8638888888888889 0.3140625 0.8555555555555555 0.31640625 0.7611111111111111 0.3296875 0.7208333333333333 0.33203125 0.7027777777777777 0.34140625 0.6972222222222222 0.36796875 0.6958333333333333
0 0.8375 0.4736111111111111 0.865625 0.475 0.88046875 0.49444444444444446 0.88671875 0.5180555555555556 0.8890625 0.5388888888888889 0.88828125 0.5819444444444445 0.8875 0.5847222222222223 0.88046875 0.5875 0.87421875 0.5833333333333334 0.86484375 0.5597222222222222 0.86328125 0.55 0.85625 0.5416666666666666 0.8453125 0.5375 0.81171875 0.5361111111111111 0.81015625 0.5333333333333333 0.8140625 0.5083333333333333 0.8203125 0.4875 0.82734375 0.47638888888888886 0.83671875 0.4736111111111111
0 0.4046875 0.40694444444444444 0.41171875 0.4111111111111111 0.41640625 0.41805555555555557 0.41953125 0.4263888888888889 0.4234375 0.4513888888888889 0.42265625 0.4930555555555556 0.41328125 0.5083333333333333 0.40390625 0.5069444444444444 0.40078125 0.4986111111111111 0.39453125 0.49444444444444446 0.38671875 0.4791666666666667 0.38125 0.475 0.3703125 0.46944444444444444 0.359375 0.4722222222222222 0.35625 0.46944444444444444 0.36015625 0.42916666666666664 0.36875 0.4111111111111111 0.375 0.40694444444444444 0.40390625 0.40694444444444444
0 0.68515625 0.5 0.6921875 0.5125 0.69453125 0.5277777777777778 0.69921875 0.5388888888888889 0.70234375 0.5652777777777778 0.703125 0.5875 0.70078125 0.6305555555555555 0.6984375 0.6361111111111111 0.6921875 0.6361111111111111 0.6859375 0.6180555555555556 0.67421875 0.6180555555555556 0.671875 0.6125 0.67109375 0.5486111111111112 0.66875 0.5291666666666667 0.66484375 0.5263888888888889 0.63671875 0.525 0.63359375 0.5222222222222223 0.640625 0.4986111111111111 0.684375 0.5
0 0.09140625 0.47638888888888886 0.0953125 0.47638888888888886 0.1015625 0.48333333333333334 0.11015625 0.4875 0.10859375 0.49027777777777776 0.10859375 0.5069444444444444 0.109375 0.5138888888888888 0.1140625 0.5236111111111111 0.10703125 0.5402777777777777 0.09609375 0.5472222222222223 0.09296875 0.5458333333333333 0.0890625 0.5291666666666667 0.0859375 0.49722222222222223 0.0859375 0.49027777777777776 0.09140625 0.4777777777777778
0 0.26796875 0.20972222222222223 0.271875 0.2152777777777778 0.2765625 0.2388888888888889 0.27578125 0.24722222222222223 0.2734375 0.2513888888888889 0.26484375 0.2569444444444444 0.25703125 0.2513888888888889 0.24296875 0.2513888888888889 0.23984375 0.24305555555555555 0.240625 0.225 0.2375 0.22361111111111112 0.2375 0.21666666666666667 0.2375 0.22083333333333333 0.24140625 0.22361111111111112 0.25078125 0.2111111111111111 0.2671875 0.20972222222222223
0 0.37890625 0.29444444444444445 0.38203125 0.2972222222222222 0.38203125 0.32083333333333336 0.37734375 0.3277777777777778 0.3703125 0.3236111111111111 0.36796875 0.30972222222222223 0.36328125 0.3055555555555556 0.36171875 0.2986111111111111 0.3640625 0.29444444444444445 0.36875 0.29305555555555557 0.378125 0.29444444444444445
0 0.29140625 0.5861111111111111 0.3078125 0.5875 0.3125 0.5916666666666667 0.32265625 0.6125 0.33125 0.6138888888888889 0.334375 0.6222222222222222 0.33203125 0.6305555555555555 0.334375 0.6472222222222223 0.33125 0.6902777777777778 0.33203125 0.6986111111111111 0.32890625 0.7125 0.321875 0.7222222222222222 0.32109375 0.7361111111111112 0.31171875 0.7527777777777778 0.30546875 0.7513888888888889 0.3015625 0.7347222222222223 0.29765625 0.7291666666666666 0.275 0.7236111111111111 0.2515625 0.725 0.2453125 0.7305555555555555 0.24140625 0.7444444444444445 0.234375 0.7527777777777778 0.22734375 0.7527777777777778 0.22421875 0.7402777777777778 0.2234375 0.6916666666666667 0.2265625 0.6805555555555556 0.22734375 0.6472222222222223 0.234375 0.6152777777777778 0.2453125 0.5930555555555556 0.25234375 0.5875 0.290625 0.5861111111111111
0 0.45859375 0.35833333333333334 0.46171875 0.3611111111111111 0.46640625 0.38333333333333336 0.4703125 0.3902777777777778 0.47109375 0.4 0.47109375 0.4222222222222222 0.459375 0.4375 0.45078125 0.43194444444444446 0.42421875 0.43333333333333335 0.42109375 0.42916666666666664 0.41953125 0.41388888888888886 0.42109375 0.38333333333333336 0.4265625 0.3625 0.4375 0.35694444444444445 0.4578125 0.35833333333333334
0 0.1921875 0.21666666666666667 0.20625 0.225 0.2078125 0.24027777777777778 0.20546875 0.2513888888888889 0.203125 0.25416666666666665 0.175 0.24861111111111112 0.16796875 0.25 0.165625 0.24722222222222223 0.16484375 0.2375 0.16953125 0.2263888888888889 0.178125 0.21805555555555556 0.19140625 0.21666666666666667
0 0.3734375 0.4736111111111111 0.38515625 0.4791666666666667 0.39765625 0.5041666666666667 0.40078125 0.5166666666666667 0.40078125 0.5527777777777778 0.39140625 0.575 0.37578125 0.5666666666666667 0.365625 0.5652777777777778 0.35 0.5666666666666667 0.33515625 0.5736111111111111 0.33125 0.5722222222222222 0.33046875 0.5680555555555555 0.33046875 0.5333333333333333 0.33359375 0.5152777777777777 0.3421875 0.4875 0.35234375 0.475 0.37265625 0.4736111111111111
0 0.71328125 0.26666666666666666 0.7234375 0.2708333333333333 0.72578125 0.2791666666666667 0.72421875 0.28194444444444444 0.7125 0.28194444444444444 0.7 0.2972222222222222 0.6984375 0.29444444444444445 0.69921875 0.28194444444444444 0.70234375 0.26944444444444443 0.70390625 0.26666666666666666 0.7125 0.26666666666666666
0 0.82421875 0.3055555555555556 0.82734375 0.30833333333333335 0.82734375 0.3347222222222222 0.825 0.35555555555555557 0.8203125 0.3541666666666667 0.81015625 0.3347222222222222 0.8109375 0.3194444444444444 0.81328125 0.3111111111111111 0.8234375 0.3055555555555556
0 0.78515625 0.6375 0.80703125 0.6402777777777777 0.8140625 0.65 0.81875 0.6680555555555555 0.825 0.6708333333333333 0.82734375 0.675 0.8265625 0.6819444444444445 0.82109375 0.6861111111111111 0.821875 0.6972222222222222 0.82578125 0.7097222222222223 0.828125 0.7472222222222222 0.82578125 0.8083333333333333 0.825 0.8138888888888889 0.821875 0.8166666666666667 0.81328125 0.8152777777777778 0.809375 0.8 0.8046875 0.7930555555555555 0.78984375 0.7930555555555555 0.77265625 0.7833333333333333 0.765625 0.7833333333333333 0.7609375 0.7888888888888889 0.75078125 0.7916666666666666 0.74765625 0.7833333333333333 0.74296875 0.7819444444444444 0.7328125 0.7486111111111111 0.7234375 0.7347222222222223 0.7234375 0.7152777777777778 0.728125 0.6805555555555556 0.71796875 0.6736111111111112 0.7171875 0.6680555555555555 0.71953125 0.6625 0.7328125 0.6611111111111111 0.7375 0.6472222222222223 0.74375 0.6388888888888888 0.784375 0.6375
0 0.47265625 0.30694444444444446 0.48828125 0.30833333333333335 0.496875 0.3277777777777778 0.5015625 0.3277777777777778 0.50234375 0.3375 0.5 0.3416666666666667 0.4984375 0.3680555555555556 0.49453125 0.37777777777777777 0.49140625 0.37916666666666665 0.484375 0.37222222222222223 0.484375 0.3625 0.4765625 0.3375 0.4734375 0.33611111111111114 0.4703125 0.3388888888888889 0.46796875 0.3486111111111111 0.4609375 0.35694444444444445 0.45625 0.35694444444444445 0.4546875 0.3527777777777778 0.45625 0.32083333333333336 0.46328125 0.30833333333333335 0.471875 0.30694444444444446
0 0.73984375 0.3375 0.7515625 0.3458333333333333 0.75859375 0.3638888888888889 0.75546875 0.40694444444444444 0.753125 0.4111111111111111 0.728125 0.4125 0.7203125 0.42916666666666664 0.71328125 0.4375 0.70625 0.43472222222222223 0.70078125 0.41944444444444445 0.70078125 0.4027777777777778 0.6984375 0.3875 0.7 0.37916666666666665 0.69921875 0.3541666666666667 0.7046875 0.3416666666666667 0.71171875 0.3375 0.7390625 0.3375
0 0 0.4875 0.00625 0.4875 0.0109375 0.49166666666666664 0.01796875 0.5152777777777777 0.01875 0.5388888888888889 0.01875 0.5680555555555555 0.0171875 0.5736111111111111 0 0.575 0 0.4888888888888889
0 0.66015625 0.18472222222222223 0.6640625 0.1875 0.665625 0.19583333333333333 0.6640625 0.20277777777777778 0.66640625 0.2152777777777778 0.66484375 0.25 0.6625 0.25277777777777777 0.64375 0.25 0.6359375 0.25277777777777777 0.63359375 0.25833333333333336 0.625 0.24305555555555555 0.62265625 0.2125 0.62265625 0.1986111111111111 0.625 0.19166666666666668 0.62890625 0.1875 0.64140625 0.18472222222222223 0.659375 0.18472222222222223
0 0.29453125 0.34444444444444444 0.3 0.3458333333333333 0.3046875 0.35555555555555557 0.30546875 0.37083333333333335 0.30078125 0.3861111111111111 0.28515625 0.4083333333333333 0.27578125 0.41388888888888886 0.26875 0.4236111111111111 0.26171875 0.4263888888888889 0.259375 0.425 0.2578125 0.4097222222222222 0.2578125 0.3875 0.259375 0.38055555555555554 0.2578125 0.36944444444444446 0.2609375 0.3680555555555556 0.2703125 0.3486111111111111 0.29375 0.34444444444444444
0 0.72734375 0.2777777777777778 0.73671875 0.28888888888888886 0.73671875 0.2916666666666667 0.72734375 0.2972222222222222 0.71015625 0.3 0.70546875 0.3138888888888889 0.70546875 0.33194444444444443 0.70234375 0.3375 0.69765625 0.3347222222222222 0.69453125 0.3236111111111111 0.6953125 0.3013888888888889 0.6984375 0.29583333333333334 0.69921875 0.2847222222222222 0.7015625 0.28055555555555556 0.7265625 0.2777777777777778
0 0.3625 0.29583333333333334 0.3671875 0.30277777777777776 0.3703125 0.3138888888888889 0.36875 0.3347222222222222 0.3625 0.3388888888888889 0.35234375 0.3347222222222222 0.3359375 0.3347222222222222 0.3375 0.3138888888888889 0.34375 0.3138888888888889 0.34765625 0.3194444444444444 0.35390625 0.3194444444444444 0.359375 0.3125 0.3625 0.2972222222222222
0 0.65703125 0.2513888888888889 0.66640625 0.25416666666666665 0.66796875 0.25833333333333336 0.66640625 0.2708333333333333 0.64375 0.2708333333333333 0.64140625 0.27361111111111114 0.634375 0.2722222222222222 0.6328125 0.2652777777777778 0.634375 0.25277777777777777 0.65625 0.2513888888888889
0 0.43203125 0.2638888888888889 0.43671875 0.26805555555555555 0.43671875 0.28055555555555556 0.42109375 0.28888888888888886 0.4171875 0.28888888888888886 0.41875 0.2861111111111111 0.41015625 0.2763888888888889 0.40859375 0.26805555555555555 0.41796875 0.2638888888888889 0.43125 0.2638888888888889
0 0.4078125 0.27361111111111114 0.415625 0.28055555555555556 0.41640625 0.28888888888888886 0.4109375 0.29583333333333334 0.40234375 0.2986111111111111 0.39375 0.2833333333333333 0.38984375 0.2861111111111111 0.3890625 0.2777777777777778 0.40703125 0.275
0 0.12734375 0.3125 0.1328125 0.31527777777777777 0.13828125 0.33055555555555555 0.140625 0.35138888888888886 0.1390625 0.36944444444444446 0.12578125 0.375 0.10078125 0.3763888888888889 0.09140625 0.38333333333333336 0.08828125 0.38333333333333336 0.08828125 0.3527777777777778 0.08984375 0.3402777777777778 0.0984375 0.32222222222222224 0.1015625 0.31666666666666665 0.10546875 0.31527777777777777 0.1265625 0.3125
0 0.07734375 0.9402777777777778 0.1015625 0.9444444444444444 0.11171875 0.95 0.1265625 0.9736111111111111 0.1296875 0.9763888888888889 0.140625 0.9763888888888889 0.14765625 0.9833333333333333 0.14765625 0.9875 0.1421875 0.9986111111111111 0.1234375 0.9986111111111111 0.12109375 0.9958333333333333 0.10859375 0.9944444444444445 0.11171875 0.9902777777777778 0.11640625 0.9916666666666667 0.1171875 0.9875 0.1140625 0.9833333333333333 0.1078125 0.9819444444444444 0.09765625 0.9819444444444444 0.09609375 0.9888888888888889 0.10234375 0.9944444444444445 0.096875 0.9958333333333333 0.09609375 0.9986111111111111 0.0390625 0.9986111111111111 0.03671875 0.9958333333333333 0.03359375 0.9986111111111111 0.00703125 0.9958333333333333 0.0046875 0.9986111111111111 0.0015625 0.9902777777777778 0.00390625 0.9569444444444445 0.0125 0.95 0.01484375 0.9444444444444444 0.03203125 0.9430555555555555 0.0390625 0.9305555555555556 0.05546875 0.9263888888888889 0.071875 0.9263888888888889 0.0765625 0.9402777777777778
0 0.02578125 0.24305555555555555 0.0328125 0.24583333333333332 0.0359375 0.2513888888888889 0.040625 0.26666666666666666 0.04140625 0.2763888888888889 0.04453125 0.28194444444444444 0.03359375 0.2847222222222222 0.02578125 0.2847222222222222 0.0203125 0.275 0.00546875 0.2652777777777778 0 0.25833333333333336 0 0.24444444444444444 0.025 0.24305555555555555
0 0.78671875 0.3333333333333333 0.78984375 0.33611111111111114 0.80703125 0.3375 0.8125 0.34444444444444444 0.81328125 0.38333333333333336 0.81015625 0.3875 0.784375 0.38333333333333336 0.76796875 0.38472222222222224 0.76171875 0.3819444444444444 0.76171875 0.37916666666666665 0.76484375 0.38055555555555554 0.76640625 0.375 0.76328125 0.35833333333333334 0.76640625 0.35138888888888886 0.7671875 0.34305555555555556 0.7859375 0.3333333333333333
0 0.55859375 0.4041666666666667 0.56328125 0.42083333333333334 0.55703125 0.44027777777777777 0.553125 0.44305555555555554 0.546875 0.4361111111111111 0.54453125 0.41805555555555557 0.546875 0.4041666666666667 0.5578125 0.4041666666666667
0 0.78984375 0.38472222222222224 0.79375 0.3861111111111111 0.79453125 0.3902777777777778 0.78828125 0.4013888888888889 0.78515625 0.41388888888888886 0.78671875 0.41944444444444445 0.7859375 0.43333333333333335 0.78125 0.4388888888888889 0.77890625 0.46111111111111114 0.7734375 0.4597222222222222 0.7625 0.40694444444444444 0.76875 0.3861111111111111 0.7890625 0.38472222222222224
0 0.68515625 0.4388888888888889 0.70078125 0.44305555555555554 0.7078125 0.46944444444444444 0.7078125 0.4736111111111111 0.70390625 0.47638888888888886 0.690625 0.4777777777777778 0.68671875 0.4861111111111111 0.68515625 0.5 0.65859375 0.4986111111111111 0.6546875 0.49444444444444446 0.65625 0.4666666666666667 0.66171875 0.44583333333333336 0.6671875 0.44027777777777777 0.684375 0.4388888888888889
0 0.81015625 0.5388888888888889 0.84296875 0.5388888888888889 0.85546875 0.5430555555555555 0.86328125 0.5527777777777778 0.86484375 0.5638888888888889 0.8734375 0.5833333333333334 0.8734375 0.5916666666666667 0.86875 0.6111111111111112 0.85703125 0.6402777777777777 0.8125 0.6402777777777777 0.80078125 0.6361111111111111 0.79609375 0.6319444444444444 0.79296875 0.6180555555555556 0.79296875 0.5902777777777778 0.7953125 0.5722222222222222 0.79140625 0.5638888888888889 0.79375 0.5597222222222222 0.80078125 0.5583333333333333 0.81015625 0.5402777777777777
0 0.634375 0.525 0.65859375 0.5263888888888889 0.66796875 0.5305555555555556 0.66953125 0.5347222222222222 0.67109375 0.55 0.66953125 0.5625 0.67109375 0.5805555555555556 0.67109375 0.6458333333333334 0.66796875 0.6777777777777778 0.66484375 0.6888888888888889 0.65859375 0.6888888888888889 0.65625 0.675 0.65078125 0.6694444444444444 0.63359375 0.6736111111111112 0.615625 0.6722222222222223 0.603125 0.6875 0.5984375 0.6861111111111111 0.596875 0.6819444444444445 0.596875 0.6652777777777777 0.59375 0.6416666666666667 0.59375 0.6083333333333333 0.59609375 0.5847222222222223 0.59609375 0.5708333333333333 0.59375 0.5597222222222222 0.596875 0.5513888888888889 0.5984375 0.5291666666666667 0.60234375 0.5236111111111111 0.63359375 0.525
0 0.14921875 0.49027777777777776 0.15859375 0.5180555555555556 0.15859375 0.5486111111111112 0.1546875 0.5569444444444445 0.1453125 0.5611111111111111 0.13984375 0.5611111111111111 0.13125 0.55 0.1265625 0.55 0.12578125 0.5 0.128125 0.49583333333333335 0.13359375 0.49583333333333335 0.14140625 0.4875 0.1484375 0.49027777777777776
0 0.523828125 0.3784722222222222 0.04765625 0.08472222222222223
0 0.7859375 0.24861111111111112 0.79140625 0.24444444444444444 0.8171875 0.2375 0.82578125 0.2375 0.828125 0.24722222222222223 0.82578125 0.2569444444444444 0.80625 0.2625 0.8015625 0.26944444444444443 0.79609375 0.2847222222222222 0.78515625 0.28194444444444444 0.7828125 0.2625 0.7859375 0.25
0 0.25703125 0.19583333333333333 0.26171875 0.1986111111111111 0.26484375 0.20972222222222223 0.25078125 0.2125 0.240625 0.23055555555555557 0.2375 0.22916666666666666 0.2359375 0.2222222222222222 0.2375 0.2013888888888889 0.2421875 0.19722222222222222 0.25625 0.19583333333333333
0 0.446875 0.6319444444444444 0.47421875 0.6361111111111111 0.47734375 0.6402777777777777 0.484375 0.6611111111111111 0.49140625 0.6625 0.4953125 0.6680555555555555 0.4953125 0.675 0.4890625 0.6819444444444445 0.490625 0.7125 0.4890625 0.7458333333333333 0.48359375 0.7541666666666667 0.4828125 0.7694444444444445 0.4796875 0.7763888888888889 0.47421875 0.775 0.47109375 0.7638888888888888 0.4671875 0.7597222222222222 0.41484375 0.7583333333333333 0.4109375 0.7555555555555555 0.40625 0.7430555555555556 0.4 0.7041666666666667 0.403125 0.6777777777777778 0.39921875 0.6708333333333333 0.4 0.6666666666666666 0.41015625 0.6569444444444444 0.4140625 0.6402777777777777 0.4171875 0.6347222222222222 0.44609375 0.6319444444444444
0 0.03984375 0.2361111111111111 0.06328125 0.2388888888888889 0.0703125 0.24305555555555555 0.075 0.25416666666666665 0.078125 0.2777777777777778 0.07109375 0.2875 0.06328125 0.2875 0.0578125 0.29305555555555557 0.0515625 0.2847222222222222 0.04453125 0.28194444444444444 0.0421875 0.2791666666666667 0.040625 0.2652777777777778 0.03359375 0.24444444444444444 0.0359375 0.2375 0.0390625 0.2375
0 0.6578125 0.2861111111111111 0.6703125 0.2916666666666667 0.6734375 0.30277777777777776 0.6734375 0.3194444444444444 0.65859375 0.31666666666666665 0.64609375 0.3194444444444444 0.63828125 0.3388888888888889 0.634375 0.3611111111111111 0.63046875 0.3597222222222222 0.62890625 0.35555555555555557 0.628125 0.3333333333333333 0.6359375 0.29444444444444445 0.6390625 0.2861111111111111 0.65703125 0.2861111111111111
0 0.66171875 0.7277777777777777 0.6671875 0.7305555555555555 0.72421875 0.7333333333333333 0.73125 0.7430555555555556 0.7484375 0.8166666666666667 0.74921875 0.8416666666666667 0.753125 0.8569444444444444 0.7546875 0.9208333333333333 0.75078125 0.9555555555555556 0.74453125 0.9611111111111111 0.7375 0.9597222222222223 0.7328125 0.9541666666666667 0.73125 0.9333333333333333 0.72890625 0.9277777777777778 0.7078125 0.9180555555555555 0.69921875 0.9208333333333333 0.6734375 0.9166666666666666 0.66015625 0.9194444444444444 0.6515625 0.9236111111111112 0.646875 0.9319444444444445 0.64609375 0.9416666666666667 0.63984375 0.9486111111111111 0.63046875 0.9486111111111111 0.62890625 0.9458333333333333 0.628125 0.8319444444444445 0.62890625 0.8013888888888889 0.63203125 0.7819444444444444 0.6234375 0.7722222222222223 0.6234375 0.7652777777777777 0.62578125 0.7597222222222222 0.6296875 0.7583333333333333 0.63984375 0.7597222222222222 0.6484375 0.7375 0.65703125 0.7277777777777777 0.6609375 0.7277777777777777
0 0.68203125 0.225 0.69609375 0.22916666666666666 0.69921875 0.23333333333333334 0.69296875 0.25 0.68359375 0.25 0.675 0.25972222222222224 0.67421875 0.24166666666666667 0.6765625 0.23333333333333334 0.68203125 0.2263888888888889
0 0.20234375 0.2569444444444444 0.2046875 0.25972222222222224 0.2046875 0.2722222222222222 0.2078125 0.28194444444444444 0.20625 0.32083333333333336 0.209375 0.3402777777777778 0.2078125 0.3472222222222222 0.209375 0.35694444444444445 0.21328125 0.35833333333333334 0.215625 0.3527777777777778 0.21484375 0.27361111111111114 0.21640625 0.26805555555555555 0.2375 0.2638888888888889 0.24609375 0.3138888888888889 0.24453125 0.34444444444444444 0.24609375 0.3527777777777778 0.2453125 0.3763888888888889 0.23671875 0.4041666666666667 0.2328125 0.4097222222222222 0.21875 0.4125 0.21640625 0.4027777777777778 0.215625 0.36527777777777776 0.209375 0.3625 0.20703125 0.37083333333333335 0.20703125 0.42083333333333334 0.2046875 0.425 0.15546875 0.425 0.15234375 0.4152777777777778 0.15234375 0.4 0.14921875 0.37916666666666665 0.14296875 0.36944444444444446 0.140625 0.33611111111111114 0.1421875 0.3013888888888889 0.146875 0.2847222222222222 0.16171875 0.2763888888888889 0.18203125 0.25972222222222224 0.2015625 0.2569444444444444
0 0.334375 0.19722222222222222 0.3390625 0.21388888888888888 0.33671875 0.22777777777777777 0.33203125 0.23194444444444445 0.3234375 0.23055555555555557 0.3203125 0.22361111111111112 0.31875 0.2125 0.321875 0.19722222222222222 0.33359375 0.19722222222222222
0 0.99921875 0.925 0.99921875 0.9986111111111111 0.9671875 0.9986111111111111 0.96640625 0.9958333333333333 0.96953125 0.9805555555555555 0.96875 0.9763888888888889 0.9734375 0.9777777777777777 0.975 0.9680555555555556 0.98203125 0.9583333333333334 0.9921875 0.9319444444444445 0.9984375 0.925
0 0.75078125 0.4125 0.7640625 0.41805555555555557 0.76796875 0.42916666666666664 0.77265625 0.46111111111111114 0.77265625 0.4875 0.76953125 0.49444444444444446 0.76484375 0.4930555555555556 0.75859375 0.4847222222222222 0.7328125 0.4847222222222222 0.728125 0.4791666666666667 0.71328125 0.4708333333333333 0.7125 0.4444444444444444 0.7203125 0.4305555555555556 0.72578125 0.41388888888888886 0.75 0.4125
0 0.72109375 0.4777777777777778 0.73046875 0.4861111111111111 0.73671875 0.5013888888888889 0.7359375 0.5083333333333333 0.740625 0.5222222222222223 0.74140625 0.5625 0.7375 0.5791666666666667 0.73203125 0.5777777777777777 0.728125 0.5680555555555555 0.7046875 0.5638888888888889 0.7015625 0.5569444444444445 0.7 0.5402777777777777 0.6953125 0.5291666666666667 0.6953125 0.5208333333333334 0.68671875 0.49722222222222223 0.68828125 0.48333333333333334 0.6921875 0.4791666666666667 0.7203125 0.4777777777777778