3 0.14296875 0.31805555555555554 0.15078125 0.31805555555555554 0.159375 0.3277777777777778 0.1625 0.3347222222222222 0.16484375 0.35555555555555557 0.1609375 0.36944444444444446 0.14453125 0.37222222222222223 0.140625 0.3763888888888889 0.13828125 0.3763888888888889 0.13359375 0.36666666666666664 0.12421875 0.35833333333333334 0.10625 0.35138888888888886 0.11875 0.325 0.12890625 0.3194444444444444 0.1421875 0.31805555555555554
3 0.8484375 0.5472222222222223 0.8703125 0.5569444444444445 0.8765625 0.5638888888888889 0.87890625 0.5722222222222222 0.89140625 0.5722222222222222 0.90078125 0.5777777777777777 0.92109375 0.6027777777777777 0.9671875 0.6472222222222223 0.99921875 0.6916666666666667 0.99921875 0.8013888888888889 0.99609375 0.8069444444444445 0.99921875 0.8138888888888889 0.99921875 0.9805555555555555 0.996875 0.9819444444444444 0.99296875 0.9986111111111111 0.8796875 0.9944444444444445 0.86640625 0.9902777777777778 0.865625 0.9819444444444444 0.8625 0.9763888888888889 0.85859375 0.9805555555555555 0.8453125 0.9777777777777777 0.84296875 0.9805555555555555 0.83125 0.9805555555555555 0.8234375 0.9708333333333333 0.81953125 0.9611111111111111 0.81640625 0.9444444444444444 0.809375 0.9347222222222222 0.8046875 0.9194444444444444 0.796875 0.9097222222222222 0.790625 0.8958333333333334 0.78984375 0.8722222222222222 0.7859375 0.8694444444444445 0.78828125 0.8583333333333333 0.78515625 0.8527777777777777 0.78671875 0.8333333333333334 0.7828125 0.8236111111111111 0.78203125 0.7916666666666666 0.7609375 0.7277777777777777 0.7546875 0.6847222222222222 0.76171875 0.6041666666666666 0.76484375 0.5888888888888889 0.7625 0.5638888888888889 0.76796875 0.55 0.775 0.5458333333333333 0.84765625 0.5472222222222223
3 0.39921875 0.3888888888888889 0.40546875 0.39861111111111114 0.41171875 0.4166666666666667 0.41171875 0.4513888888888889 0.40703125 0.4597222222222222 0.4046875 0.4736111111111111 0.40234375 0.475 0.38671875 0.4652777777777778 0.375 0.4666666666666667 0.35625 0.475 0.353125 0.46805555555555556 0.35234375 0.4597222222222222 0.353125 0.4305555555555556 0.35546875 0.4152777777777778 0.36640625 0.3902777777777778 0.38359375 0.3861111111111111 0.3984375 0.3888888888888889
3 0.0359375 0.38055555555555554 0.03984375 0.3819444444444444 0.04296875 0.3875 0.0484375 0.4027777777777778 0.05 0.4152777777777778 0.04296875 0.4388888888888889 0.03828125 0.43333333333333335 0.0359375 0.43333333333333335 0.0328125 0.4388888888888889 0.02578125 0.4791666666666667 0.0171875 0.4777777777777778 0.00390625 0.4652777777777778 0 0.45416666666666666 0.0015625 0.45 0 0.44722222222222224 0 0.4083333333333333 0.0015625 0.40694444444444444 0 0.4027777777777778 0 0.3861111111111111 0.003125 0.3819444444444444 0.03515625 0.38055555555555554
3 0.74296875 0.3972222222222222 0.8046875 0.4027777777777778 0.821875 0.40694444444444444 0.82578125 0.4125 0.82734375 0.4375 0.83046875 0.44305555555555554 0.84453125 0.4527777777777778 0.853125 0.4708333333333333 0.85234375 0.5402777777777777 0.85078125 0.5430555555555555 0.78046875 0.5416666666666666 0.7671875 0.5472222222222223 0.7625 0.5555555555555556 0.7578125 0.5972222222222222 0.75625 0.6444444444444445 0.75234375 0.6569444444444444 0.7484375 0.6611111111111111 0.740625 0.6583333333333333 0.73125 0.6402777777777777 0.7328125 0.625 0.73203125 0.6083333333333333 0.72734375 0.6055555555555555 0.7234375 0.5944444444444444 0.72109375 0.5486111111111112 0.721875 0.5180555555555556 0.72421875 0.5041666666666667 0.7234375 0.47638888888888886 0.725 0.4527777777777778 0.73046875 0.43472222222222223 0.7328125 0.4013888888888889 0.73671875 0.3972222222222222 0.7421875 0.3972222222222222
3 0.6203125 0.2847222222222222 0.64453125 0.2861111111111111 0.65390625 0.29305555555555557 0.65390625 0.35138888888888886 0.65234375 0.36944444444444446 0.64296875 0.36666666666666664 0.6265625 0.3680555555555556 0.62265625 0.375 0.61640625 0.4083333333333333 0.6140625 0.4111111111111111 0.61171875 0.4111111111111111 0.6078125 0.4027777777777778 0.603125 0.34444444444444444 0.60703125 0.31527777777777777 0.60703125 0.28888888888888886 0.6109375 0.2847222222222222 0.61953125 0.2847222222222222
3 0.421875 0.34305555555555556 0.43203125 0.35833333333333334 0.4328125 0.37222222222222223 0.42890625 0.39166666666666666 0.42109375 0.3972222222222222 0.41875 0.4013888888888889 0.41875 0.40694444444444444 0.4140625 0.41388888888888886 0.3984375 0.3875 0.38515625 0.38472222222222224 0.38359375 0.375 0.38828125 0.3527777777777778 0.39453125 0.34444444444444444 0.40078125 0.3416666666666667 0.42109375 0.34305555555555556
2 0.52265625 0.2722222222222222 0.528125 0.275 0.52890625 0.28194444444444444 0.52734375 0.28888888888888886 0.521875 0.2902777777777778 0.5203125 0.2875 0.5203125 0.2763888888888889 0.521875 0.27361111111111114
2 0.42734375 0.4305555555555556 0.4296875 0.4361111111111111 0.43046875 0.45694444444444443 0.42734375 0.4666666666666667 0.42265625 0.46944444444444444 0.41796875 0.4666666666666667 0.41796875 0.43333333333333335 0.4203125 0.42916666666666664 0.4265625 0.4305555555555556
2 0.16875 0.42916666666666664 0.17734375 0.4361111111111111 0.17734375 0.45555555555555555 0.175 0.4638888888888889 0.16484375 0.4708333333333333 0.16015625 0.46805555555555556 0.16015625 0.45555555555555555 0.15625 0.4305555555555556 0.159375 0.4263888888888889 0.16796875 0.42916666666666664
2 0.2609375 0.8513888888888889 0.26484375 0.8472222222222222 0.26640625 0.8486111111111111 0.26640625 0.8638888888888889 0.271875 0.9013888888888889 0.265625 0.9027777777777778 0.25 0.9152777777777777 0.2421875 0.9291666666666667 0.2375 0.9430555555555555 0.23046875 0.9527777777777777 0.22109375 0.9444444444444444 0.21796875 0.9319444444444445 0.21953125 0.9180555555555555 0.22734375 0.9 0.253125 0.8986111111111111 0.259375 0.8916666666666667 0.26171875 0.8708333333333333 0.2578125 0.8638888888888889 0.2578125 0.8583333333333333 0.2609375 0.8527777777777777
2 0.0390625 0.46111111111111114 0.04453125 0.4638888888888889 0.0484375 0.4777777777777778 0.04765625 0.49722222222222223 0.04375 0.5083333333333333 0.0390625 0.5138888888888888 0.03359375 0.5111111111111111 0.03046875 0.49583333333333335 0.03125 0.4652777777777778 0.03828125 0.46111111111111114
2 0.17734375 0.3277777777777778 0.18046875 0.3333333333333333 0.18046875 0.35138888888888886 0.175 0.35694444444444445 0.16640625 0.3527777777777778 0.16484375 0.3347222222222222 0.17265625 0.325 0.1765625 0.3277777777777778
2 0.0875 0.49166666666666664 0.0921875 0.5 0.0921875 0.5152777777777777 0.09453125 0.5263888888888889 0.0921875 0.5361111111111111 0.0828125 0.5402777777777777 0.078125 0.5472222222222223 0.07421875 0.5472222222222223 0.07265625 0.5416666666666666 0.0703125 0.5152777777777777 0.07109375 0.5027777777777778 0.0765625 0.4888888888888889 0.08671875 0.49166666666666664
2 0.0734375 0.4263888888888889 0.078125 0.4305555555555556 0.08125 0.44305555555555554 0.08125 0.4513888888888889 0.07421875 0.46805555555555556 0.06484375 0.47638888888888886 0.0609375 0.475 0.06015625 0.46944444444444444 0.0609375 0.4388888888888889 0.059375 0.42777777777777776 0.06328125 0.4222222222222222 0.06875 0.4222222222222222 0.07265625 0.4263888888888889
2 0.13671875 0.4583333333333333 0.15078125 0.4597222222222222 0.1546875 0.4875 0.15390625 0.49722222222222223 0.14921875 0.5041666666666667 0.140625 0.5111111111111111 0.13671875 0.5111111111111111 0.134375 0.5013888888888889 0.13671875 0.4597222222222222
2 0.50859375 0.4625 0.50234375 0.44583333333333336 0.5015625 0.43472222222222223 0.503125 0.43194444444444446 0.51328125 0.43194444444444446 0.5171875 0.4361111111111111 0.51640625 0.45555555555555555 0.51171875 0.4652777777777778 0.509375 0.4625
2 0.47578125 0.7569444444444444 0.4796875 0.7625 0.48125 0.7694444444444445 0.48203125 0.8 0.48515625 0.8041666666666667 0.4859375 0.8152777777777778 0.48359375 0.8305555555555556 0.4734375 0.8569444444444444 0.46875 0.8569444444444444 0.46015625 0.8375 0.46015625 0.8 0.45625 0.7722222222222223 0.46015625 0.7569444444444444 0.475 0.7569444444444444
2 0.14375 0.9444444444444444 0.15 0.9486111111111111 0.15546875 0.9597222222222223 0.1546875 0.9680555555555556 0.15859375 0.9819444444444444 0.17421875 0.9819444444444444 0.18515625 0.9930555555555556 0.18828125 0.9916666666666667 0.1921875 0.9819444444444444 0.19609375 0.9875 0.196875 0.9944444444444445 0.19375 0.9986111111111111 0.13671875 0.9986111111111111 0.13203125 0.9916666666666667 0.12890625 0.9722222222222222 0.12890625 0.9597222222222223 0.13203125 0.9486111111111111 0.14296875 0.9458333333333333
1 0.3078125 0.9027777777777778 0.3546875 0.9083333333333333 0.36875 0.9222222222222223 0.371875 0.9291666666666667 0.38359375 0.9375 0.3859375 0.9458333333333333 0.3828125 0.9597222222222223 0.384375 0.9902777777777778 0.3796875 0.9986111111111111 0.371875 0.9986111111111111 0.36953125 0.9958333333333333 0.30390625 0.9958333333333333 0.29609375 0.9930555555555556 0.29375 0.9819444444444444 0.2828125 0.9847222222222223 0.27890625 0.9777777777777777 0.275 0.9791666666666666 0.27421875 0.9888888888888889 0.271875 0.9930555555555556 0.22890625 0.9958333333333333 0.2265625 0.9986111111111111 0.2140625 0.9944444444444445 0.225 0.9625 0.25390625 0.9125 0.2671875 0.9055555555555556 0.30703125 0.9027777777777778
1 0.72890625 0.38055555555555554 0.7359375 0.39305555555555555 0.73203125 0.4041666666666667 0.73046875 0.41944444444444445 0.7234375 0.4152777777777778 0.71015625 0.4152777777777778 0.69921875 0.43333333333333335 0.69609375 0.43333333333333335 0.6953125 0.4305555555555556 0.69453125 0.4083333333333333 0.6984375 0.3972222222222222 0.69765625 0.3902777777777778 0.7 0.38333333333333336 0.70390625 0.37777777777777777 0.728125 0.38055555555555554
1 0.41640625 0.7013888888888888 0.4296875 0.7222222222222222 0.4390625 0.7236111111111111 0.44453125 0.7333333333333333 0.44140625 0.7430555555555556 0.4421875 0.7541666666666667 0.440625 0.7583333333333333 0.4421875 0.775 0.440625 0.8208333333333333 0.43828125 0.8291666666666667 0.43203125 0.8319444444444445 0.4296875 0.8388888888888889 0.428125 0.8611111111111112 0.42890625 0.8875 0.42578125 0.8930555555555556 0.41875 0.8916666666666667 0.4109375 0.8777777777777778 0.39453125 0.8805555555555555 0.38359375 0.8777777777777778 0.340625 0.8777777777777778 0.33359375 0.8902777777777777 0.32265625 0.8930555555555556 0.3203125 0.8902777777777777 0.31875 0.8736111111111111 0.31953125 0.8111111111111111 0.32265625 0.8 0.32421875 0.7833333333333333 0.33046875 0.7680555555555556 0.33515625 0.7472222222222222 0.33515625 0.7402777777777778 0.328125 0.7305555555555555 0.3296875 0.7236111111111111 0.33359375 0.7194444444444444 0.34296875 0.7180555555555556 0.35234375 0.7013888888888888 0.415625 0.7013888888888888
1 0.578125 0.4708333333333333 0.58203125 0.4736111111111111 0.58515625 0.48055555555555557 0.58671875 0.4930555555555556 0.5890625 0.49722222222222223 0.59140625 0.5444444444444444 0.58828125 0.5486111111111112 0.5765625 0.5277777777777778 0.54765625 0.525 0.54140625 0.5277777777777778 0.5375 0.5347222222222222 0.5359375 0.5430555555555555 0.53046875 0.5513888888888889 0.52734375 0.5458333333333333 0.52890625 0.5083333333333333 0.53125 0.5013888888888889 0.53125 0.49444444444444446 0.52734375 0.4888888888888889 0.52890625 0.48194444444444445 0.5359375 0.48333333333333334 0.54140625 0.4708333333333333 0.546875 0.46805555555555556 0.57734375 0.4708333333333333
1 0.54140625 0.3194444444444444 0.546875 0.3277777777777778 0.54765625 0.3486111111111111 0.54375 0.37916666666666665 0.53984375 0.38472222222222224 0.53359375 0.38333333333333336 0.53125 0.36666666666666664 0.52265625 0.3416666666666667 0.5109375 0.3388888888888889 0.509375 0.3347222222222222 0.515625 0.3194444444444444 0.540625 0.3194444444444444
1 0.506640625 0.28402777777777777 0.02734375 0.05138888888888889
1 0.52890625 0.24444444444444444 0.5328125 0.24861111111111112 0.534375 0.25555555555555554 0.534375 0.2722222222222222 0.52890625 0.2722222222222222 0.52578125 0.2652777777777778 0.521875 0.2652777777777778 0.51875 0.2722222222222222 0.51640625 0.26805555555555555 0.5171875 0.25 0.52109375 0.24444444444444444 0.528125 0.24444444444444444
1 0.5640625 0.35 0.578125 0.3541666666666667 0.57890625 0.3597222222222222 0.575 0.3638888888888889 0.5640625 0.3638888888888889 0.5609375 0.3680555555555556 0.553125 0.4111111111111111 0.55 0.4166666666666667 0.54609375 0.4125 0.54453125 0.3819444444444444 0.553125 0.35138888888888886 0.56328125 0.35
1 0.26015625 0.22777777777777777 0.26640625 0.23194444444444445 0.26875 0.2375 0.26875 0.25416666666666665 0.265625 0.25972222222222224 0.2578125 0.25972222222222224 0.25234375 0.25277777777777777 0.24375 0.2513888888888889 0.2421875 0.24722222222222223 0.2421875 0.24027777777777778 0.2453125 0.23333333333333334 0.259375 0.22777777777777777
1 0.51953125 0.3416666666666667 0.5234375 0.3458333333333333 0.52890625 0.3611111111111111 0.53203125 0.37916666666666665 0.53046875 0.3958333333333333 0.52578125 0.4041666666666667 0.5203125 0.4041666666666667 0.515625 0.4 0.51171875 0.39166666666666666 0.50859375 0.39166666666666666 0.50234375 0.4041666666666667 0.49453125 0.4041666666666667 0.4921875 0.3972222222222222 0.49375 0.3625 0.4984375 0.3458333333333333 0.503125 0.3402777777777778 0.51875 0.3416666666666667
1 0.578125 0.5305555555555556 0.58515625 0.5472222222222223 0.5875 0.55 0.59140625 0.5486111111111112 0.59375 0.5527777777777778 0.58984375 0.5638888888888889 0.58984375 0.5833333333333334 0.5875 0.5902777777777778 0.584375 0.5888888888888889 0.5796875 0.5763888888888888 0.571875 0.5722222222222222 0.52890625 0.5708333333333333 0.5328125 0.5527777777777778 0.5390625 0.5347222222222222 0.54296875 0.5291666666666667 0.56953125 0.5277777777777778 0.57734375 0.5305555555555556
1 0.31484375 0.31666666666666665 0.32109375 0.3347222222222222 0.315625 0.35555555555555557 0.30390625 0.37222222222222223 0.3 0.3861111111111111 0.284375 0.3888888888888889 0.27890625 0.3888888888888889 0.27734375 0.38333333333333336 0.2765625 0.35833333333333334 0.27890625 0.34305555555555556 0.2921875 0.32222222222222224 0.3140625 0.31666666666666665
1 0.12265625 0.35833333333333334 0.13203125 0.36527777777777776 0.1375 0.37777777777777777 0.13359375 0.39305555555555555 0.12421875 0.4083333333333333 0.12265625 0.41944444444444445 0.10703125 0.4166666666666667 0.08828125 0.41805555555555557 0.08515625 0.42083333333333334 0.08046875 0.41944444444444445 0.07890625 0.3958333333333333 0.08359375 0.3736111111111111 0.09296875 0.35694444444444445 0.096875 0.3541666666666667 0.11328125 0.3541666666666667 0.121875 0.35833333333333334
1 0.2859375 0.2111111111111111 0.28828125 0.21388888888888888 0.290625 0.2263888888888889 0.28671875 0.23472222222222222 0.28203125 0.2375 0.271875 0.23472222222222222 0.26953125 0.21944444444444444 0.27421875 0.2111111111111111 0.28515625 0.2111111111111111
1 0.4015625 0.5277777777777778 0.43515625 0.5305555555555556 0.44296875 0.5388888888888889 0.45234375 0.5597222222222222 0.45703125 0.5805555555555556 0.45546875 0.6361111111111111 0.44765625 0.6472222222222223 0.446875 0.6680555555555555 0.44296875 0.6763888888888889 0.43515625 0.675 0.4296875 0.6638888888888889 0.4234375 0.6680555555555555 0.41328125 0.6625 0.41015625 0.6652777777777777 0.39375 0.6652777777777777 0.3765625 0.6777777777777778 0.36953125 0.6722222222222223 0.36640625 0.6513888888888889 0.36640625 0.6305555555555555 0.36953125 0.5972222222222222 0.37734375 0.5555555555555556 0.38203125 0.5430555555555555 0.38984375 0.5305555555555556 0.40078125 0.5277777777777778
1 0.45546875 0.4736111111111111 0.4671875 0.4930555555555556 0.46953125 0.5041666666666667 0.46875 0.5388888888888889 0.46328125 0.5458333333333333 0.4625 0.5583333333333333 0.459375 0.5625 0.45234375 0.5569444444444445 0.4390625 0.5319444444444444 0.40703125 0.5277777777777778 0.40390625 0.525 0.409375 0.49027777777777776 0.41875 0.4708333333333333 0.44453125 0.46944444444444444 0.4546875 0.4736111111111111
1 0.4609375 0.28888888888888886 0.46484375 0.29305555555555557 0.4671875 0.30416666666666664 0.46640625 0.325 0.45234375 0.32916666666666666 0.44140625 0.3277777777777778 0.4390625 0.3236111111111111 0.44140625 0.3 0.44609375 0.2902777777777778 0.46015625 0.28888888888888886
1 0.25234375 0.25416666666666665 0.25625 0.25833333333333336 0.25859375 0.27361111111111114 0.25859375 0.2833333333333333 0.25625 0.2916666666666667 0.25078125 0.2972222222222222 0.23671875 0.29583333333333334 0.22890625 0.2986111111111111 0.22578125 0.29583333333333334 0.2265625 0.2652777777777778 0.23828125 0.25416666666666665 0.2515625 0.25416666666666665
1 0.58359375 0.6388888888888888 0.609375 0.6430555555555556 0.6171875 0.6652777777777777 0.6234375 0.6652777777777777 0.628125 0.6708333333333333 0.6265625 0.675 0.61796875 0.6791666666666667 0.61796875 0.6888888888888889 0.62265625 0.6986111111111111 0.62578125 0.7125 0.62734375 0.7458333333333333 0.6265625 0.8027777777777778 0.62265625 0.8236111111111111 0.6140625 0.8236111111111111 0.60859375 0.8180555555555555 0.60234375 0.8 0.590625 0.7958333333333333 0.5875 0.7902777777777777 0.58671875 0.7819444444444444 0.58203125 0.7763888888888889 0.57109375 0.7722222222222223 0.534375 0.7694444444444445 0.53203125 0.7666666666666667 0.53203125 0.75 0.53515625 0.7263888888888889 0.534375 0.7069444444444445 0.53125 0.7027777777777777 0.53203125 0.675 0.5296875 0.6708333333333333 0.52265625 0.6708333333333333 0.52265625 0.6680555555555555 0.525 0.6680555555555555 0.5296875 0.6597222222222222 0.5390625 0.6569444444444444 0.54453125 0.6472222222222223 0.55390625 0.6402777777777777 0.5828125 0.6388888888888888
1 0.63671875 0.5486111111111112 0.64609375 0.55 0.64375 0.5527777777777778 0.64453125 0.5569444444444445 0.64140625 0.5666666666666667 0.63671875 0.5708333333333333 0.6328125 0.5986111111111111 0.634375 0.6013888888888889 0.63203125 0.6166666666666667 0.63359375 0.6333333333333333 0.63046875 0.6375 0.63125 0.6402777777777777 0.6296875 0.6416666666666667 0.62265625 0.6263888888888889 0.62109375 0.5930555555555556 0.62265625 0.5680555555555555 0.625 0.5625 0.63359375 0.5569444444444445 0.63671875 0.55
1 0.53671875 0.5666666666666667 0.54296875 0.5722222222222222 0.56875 0.5722222222222222 0.5796875 0.5763888888888888 0.58984375 0.5944444444444444 0.59765625 0.5986111111111111 0.5921875 0.6083333333333333 0.5953125 0.6347222222222222 0.59296875 0.6388888888888888 0.56640625 0.6361111111111111 0.55 0.6402777777777777 0.53984375 0.6555555555555556 0.52734375 0.6611111111111111 0.52421875 0.6680555555555555 0.5296875 0.6722222222222223 0.53203125 0.6777777777777778 0.52890625 0.6833333333333333 0.52578125 0.6777777777777778 0.51875 0.6958333333333333 0.51875 0.6791666666666667 0.5203125 0.6777777777777778 0.51875 0.6763888888888889 0.5171875 0.6486111111111111 0.5203125 0.6055555555555555 0.5140625 0.5972222222222222 0.5140625 0.5916666666666667 0.51796875 0.5875 0.5265625 0.5902777777777778 0.5359375 0.5666666666666667
1 0.17890625 0.7527777777777778 0.18828125 0.7597222222222222 0.1984375 0.7722222222222223 0.2109375 0.7791666666666667 0.21875 0.7986111111111112 0.22421875 0.8319444444444445 0.22109375 0.8527777777777777 0.221875 0.8736111111111111 0.21875 0.8972222222222223 0.2109375 0.9069444444444444 0.20234375 0.9055555555555556 0.19296875 0.9138888888888889 0.18359375 0.9319444444444445 0.18203125 0.9583333333333334 0.17421875 0.9555555555555556 0.1734375 0.9347222222222222 0.1703125 0.9194444444444444 0.1640625 0.9166666666666666 0.1578125 0.9194444444444444 0.1515625 0.9291666666666667 0.14921875 0.9444444444444444 0.13359375 0.9472222222222222 0.12890625 0.9583333333333334 0.128125 0.9652777777777778 0.1234375 0.9722222222222222 0.11640625 0.975 0.09453125 0.975 0.09140625 0.9805555555555555 0.084375 0.9791666666666666 0.08203125 0.9847222222222223 0.0734375 0.9847222222222223 0.0703125 0.9902777777777778 0.071875 0.9930555555555556 0.0703125 0.9944444444444445 0.05625 0.9986111111111111 0.046875 0.9986111111111111 0.0421875 0.9916666666666667 0.04140625 0.9625 0.04296875 0.9583333333333334 0.0390625 0.9444444444444444 0.040625 0.9194444444444444 0.03984375 0.8861111111111111 0.0546875 0.8319444444444445 0.06328125 0.8083333333333333 0.08671875 0.7708333333333334 0.103125 0.7541666666666667 0.178125 0.7527777777777778
1 0.29765625 0.2833333333333333 0.3109375 0.2916666666666667 0.31484375 0.30277777777777776 0.31484375 0.30972222222222223 0.3109375 0.31527777777777777 0.2984375 0.31805555555555554 0.29375 0.31666666666666665 0.2921875 0.2986111111111111 0.29296875 0.2875 0.296875 0.2833333333333333
1 0.50546875 0.23333333333333334 0.51171875 0.2513888888888889 0.50859375 0.25972222222222224 0.49609375 0.25972222222222224 0.4921875 0.24305555555555555 0.4921875 0.2388888888888889 0.49609375 0.23333333333333334 0.5046875 0.23333333333333334
1 0.22890625 0.5861111111111111 0.2359375 0.5916666666666667 0.2546875 0.5958333333333333 0.275 0.6194444444444445 0.2765625 0.6416666666666667 0.275 0.675 0.271875 0.6819444444444445 0.26484375 0.6833333333333333 0.25859375 0.6944444444444444 0.2546875 0.7166666666666667 0.24921875 0.7222222222222222 0.2375 0.7125 0.19609375 0.7125 0.18125 0.7222222222222222 0.178125 0.7194444444444444 0.175 0.7097222222222223 0.17265625 0.6888888888888889 0.175 0.6625 0.19140625 0.6138888888888889 0.19765625 0.6013888888888889 0.20234375 0.5972222222222222 0.21328125 0.5930555555555556 0.21953125 0.5861111111111111 0.228125 0.5861111111111111
1 0.65234375 0.4486111111111111 0.665625 0.4527777777777778 0.671875 0.4666666666666667 0.67578125 0.46944444444444444 0.6734375 0.4791666666666667 0.67578125 0.5041666666666667 0.67421875 0.5041666666666667 0.671875 0.49444444444444446 0.65546875 0.49027777777777776 0.6390625 0.49166666666666664 0.6296875 0.49722222222222223 0.61953125 0.5208333333333334 0.61484375 0.5111111111111111 0.6140625 0.49444444444444446 0.61640625 0.49027777777777776 0.615625 0.48055555555555557 0.61953125 0.4736111111111111 0.62109375 0.45694444444444443 0.63359375 0.4486111111111111 0.6515625 0.4486111111111111
1 0.2328125 0.30694444444444446 0.240625 0.30972222222222223 0.24453125 0.32083333333333336 0.24453125 0.3277777777777778 0.23984375 0.32916666666666666 0.23828125 0.33611111111111114 0.22265625 0.3388888888888889 0.21328125 0.35138888888888886 0.2109375 0.34305555555555556 0.20390625 0.3347222222222222 0.20546875 0.32083333333333336 0.215625 0.30833333333333335 0.23203125 0.30694444444444446
1 0.3296875 0.49722222222222223 0.34765625 0.5125 0.34609375 0.5222222222222223 0.34765625 0.5291666666666667 0.346875 0.5638888888888889 0.34375 0.5708333333333333 0.33671875 0.575 0.334375 0.5916666666666667 0.328125 0.5930555555555556 0.321875 0.5861111111111111 0.31328125 0.5833333333333334 0.29296875 0.5833333333333334 0.28046875 0.5944444444444444 0.27578125 0.5930555555555556 0.27421875 0.5875 0.27421875 0.5430555555555555 0.2875 0.5041666666666667 0.29296875 0.49722222222222223 0.30546875 0.4930555555555556 0.321875 0.4930555555555556 0.32890625 0.49722222222222223
1 0.3625 0.2847222222222222 0.36796875 0.2972222222222222 0.36640625 0.3111111111111111 0.35859375 0.325 0.35234375 0.32916666666666666 0.33984375 0.3277777777777778 0.33828125 0.3236111111111111 0.3390625 0.30972222222222223 0.34609375 0.2875 0.35 0.2847222222222222 0.36171875 0.2847222222222222
1 0.72109375 0.6888888888888889 0.7265625 0.6958333333333333 0.73203125 0.7125 0.7390625 0.7125 0.7421875 0.7166666666666667 0.74140625 0.7194444444444444 0.7171875 0.7194444444444444 0.68828125 0.7138888888888889 0.66328125 0.7166666666666667 0.659375 0.7222222222222222 0.66015625 0.7263888888888889 0.65703125 0.7347222222222223 0.659375 0.7402777777777778 0.65546875 0.7680555555555556 0.65390625 0.7694444444444445 0.65 0.7555555555555555 0.65078125 0.7263888888888889 0.653125 0.7125 0.66484375 0.6875 0.6671875 0.6847222222222222 0.70625 0.6833333333333333 0.7203125 0.6888888888888889
1 0.3328125 0.2722222222222222 0.33828125 0.2708333333333333 0.34140625 0.27361111111111114 0.3453125 0.2847222222222222 0.3390625 0.30694444444444446 0.3328125 0.30694444444444446 0.33125 0.30416666666666664 0.32734375 0.30833333333333335 0.3171875 0.30833333333333335 0.31484375 0.3 0.315625 0.28888888888888886 0.32109375 0.2791666666666667 0.32578125 0.2777777777777778 0.3296875 0.28055555555555556 0.3328125 0.27361111111111114
1 0.234375 0.3375 0.24765625 0.3402777777777778 0.25234375 0.3472222222222222 0.25546875 0.35833333333333334 0.2546875 0.3819444444444444 0.24453125 0.39444444444444443 0.23125 0.39166666666666666 0.21484375 0.39444444444444443 0.21328125 0.39166666666666666 0.21171875 0.3763888888888889 0.2125 0.35555555555555557 0.22265625 0.3402777777777778 0.23359375 0.3375
1 0.1671875 0.37222222222222223 0.1765625 0.375 0.184375 0.3861111111111111 0.1859375 0.3958333333333333 0.18515625 0.42083333333333334 0.18203125 0.425 0.18046875 0.41388888888888886 0.1734375 0.4083333333333333 0.17109375 0.4 0.1671875 0.39861111111111114 0.15859375 0.4236111111111111 0.1515625 0.4263888888888889 0.14296875 0.425 0.1390625 0.43472222222222223 0.134375 0.4388888888888889 0.1265625 0.4388888888888889 0.125 0.43472222222222223 0.12421875 0.41805555555555557 0.12578125 0.40555555555555556 0.13515625 0.39166666666666666 0.1375 0.3819444444444444 0.14140625 0.3763888888888889 0.16640625 0.37222222222222223
1 0.63046875 0.25277777777777777 0.634375 0.2569444444444444 0.634375 0.2625 0.62578125 0.26805555555555555 0.6203125 0.2791666666666667 0.615625 0.2791666666666667 0.61484375 0.2763888888888889 0.615625 0.2569444444444444 0.61953125 0.25277777777777777 0.6296875 0.25277777777777777
1 0.65546875 0.29583333333333334 0.6703125 0.29444444444444445 0.675 0.2986111111111111 0.6765625 0.30416666666666664 0.67578125 0.30972222222222223 0.6546875 0.30833333333333335 0.65546875 0.2972222222222222
1 0.72578125 0.9847222222222223 0.76328125 0.9916666666666667 0.76875 0.9902777777777778 0.771875 0.9944444444444445 0.765625 0.9986111111111111 0.678125 0.9986111111111111 0.69140625 0.9875 0.725 0.9847222222222223
1 0.5578125 0.43333333333333335 0.57578125 0.4361111111111111 0.58359375 0.44305555555555554 0.58984375 0.4597222222222222 0.59375 0.4875 0.59140625 0.49583333333333335 0.58828125 0.4930555555555556 0.5859375 0.47638888888888886 0.58203125 0.4708333333333333 0.57578125 0.46805555555555556 0.5453125 0.4666666666666667 0.54140625 0.46944444444444444 0.5359375 0.48333333333333334 0.53359375 0.4791666666666667 0.5328125 0.4736111111111111 0.53515625 0.4625 0.53125 0.45416666666666666 0.53984375 0.44722222222222224 0.54609375 0.43472222222222223 0.55703125 0.43333333333333335
1 0.5484375 0.9180555555555555 0.55078125 0.9166666666666666 0.5546875 0.9222222222222223 0.5890625 0.9319444444444445 0.5953125 0.9416666666666667 0.5984375 0.9583333333333334 0.61171875 0.9625 0.61328125 0.9652777777777778 0.61171875 0.975 0.6 0.9819444444444444 0.60390625 0.9944444444444445 0.60234375 0.9986111111111111 0.57421875 0.9986111111111111 0.571875 0.9958333333333333 0.50703125 0.9958333333333333 0.503125 0.9986111111111111 0.49140625 0.9944444444444445 0.49453125 0.9847222222222223 0.49375 0.9777777777777777 0.48046875 0.9708333333333333 0.478125 0.9652777777777778 0.48046875 0.9541666666666667 0.49453125 0.9513888888888888 0.49921875 0.9347222222222222 0.503125 0.9277777777777778 0.53203125 0.9208333333333333 0.54921875 0.9222222222222223 0.54921875 0.9194444444444444
1 0.68828125 0.3472222222222222 0.69375 0.35 0.69921875 0.3625 0.70078125 0.36944444444444446 0.7 0.38333333333333336 0.6953125 0.39305555555555555 0.68984375 0.3972222222222222 0.67109375 0.4013888888888889 0.66640625 0.4 0.6640625 0.39444444444444443 0.66328125 0.37222222222222223 0.67109375 0.35138888888888886 0.6875 0.3472222222222222
1 0.46484375 0.41388888888888886 0.47421875 0.4166666666666667 0.4796875 0.425 0.48359375 0.44027777777777777 0.48359375 0.48055555555555557 0.47578125 0.5055555555555555 0.47265625 0.5055555555555555 0.46953125 0.49444444444444446 0.4578125 0.4736111111111111 0.453125 0.46944444444444444 0.434375 0.4666666666666667 0.43125 0.4625 0.434375 0.4305555555555556 0.43984375 0.4166666666666667 0.4640625 0.41388888888888886
1 0 0.4625 0.00546875 0.4652777777777778 0.009375 0.48194444444444445 0.009375 0.5013888888888889 0.00546875 0.5069444444444444 0.00234375 0.5180555555555556 0 0.5194444444444445 0 0.4638888888888889
1 0.35546875 0.25555555555555554 0.35859375 0.2625 0.36171875 0.28194444444444444 0.34921875 0.2861111111111111 0.3359375 0.26805555555555555 0.34296875 0.2569444444444444 0.3546875 0.25555555555555554
1 0.725 0.4166666666666667 0.73046875 0.4222222222222222 0.73046875 0.4305555555555556 0.7234375 0.4791666666666667 0.7203125 0.48333333333333334 0.70625 0.48333333333333334 0.703125 0.4861111111111111 0.69921875 0.48333333333333334 0.69609375 0.4736111111111111 0.69609375 0.4486111111111111 0.6984375 0.43472222222222223 0.709375 0.4166666666666667 0.72421875 0.4166666666666667
1 0.6703125 0.49166666666666664 0.67578125 0.5069444444444444 0.68359375 0.5180555555555556 0.68125 0.525 0.6828125 0.5541666666666667 0.665625 0.5472222222222223 0.640625 0.5472222222222223 0.6265625 0.5708333333333333 0.61875 0.5458333333333333 0.61875 0.5319444444444444 0.62578125 0.5027777777777778 0.63125 0.49583333333333335 0.64296875 0.49027777777777776 0.66953125 0.49166666666666664
1 0.46640625 0.3263888888888889 0.4765625 0.33055555555555555 0.48046875 0.3388888888888889 0.484375 0.35555555555555557 0.48359375 0.375 0.48046875 0.37916666666666665 0.4796875 0.3736111111111111 0.47578125 0.36944444444444446 0.4625 0.36527777777777776 0.4625 0.35833333333333334 0.46015625 0.3541666666666667 0.45625 0.3527777777777778 0.45390625 0.35833333333333334 0.45078125 0.35555555555555557 0.45234375 0.3347222222222222 0.45625 0.32916666666666666 0.465625 0.3263888888888889
1 0.48046875 0.425 0.46953125 0.41388888888888886 0.43984375 0.4152777777777778 0.4375 0.4 0.44453125 0.3736111111111111 0.4515625 0.3680555555555556 0.47421875 0.37083333333333335 0.47734375 0.3763888888888889 0.48125 0.39305555555555555 0.48125 0.4236111111111111
1 0.58828125 0.26805555555555555 0.5921875 0.2708333333333333 0.59375 0.2791666666666667 0.58046875 0.2986111111111111 0.5703125 0.2986111111111111 0.5703125 0.2777777777777778 0.57578125 0.26944444444444443 0.5875 0.26805555555555555
1 0.5359375 0.7722222222222223 0.56953125 0.7736111111111111 0.57890625 0.7763888888888889 0.58671875 0.7861111111111111 0.59765625 0.85 0.6 0.9 0.5984375 0.9513888888888888 0.5921875 0.9333333333333333 0.578125 0.925 0.56015625 0.9208333333333333 0.56015625 0.9166666666666666 0.55703125 0.9125 0.53125 0.9222222222222223 0.50234375 0.9236111111111112 0.50078125 0.9138888888888889 0.5015625 0.8875 0.503125 0.8833333333333333 0.50234375 0.8430555555555556 0.50546875 0.8208333333333333 0.503125 0.8125 0.49453125 0.8069444444444445 0.49375 0.8 0.49765625 0.7944444444444444 0.50625 0.7958333333333333 0.51875 0.775 0.53515625 0.7722222222222223
1 0.64921875 0.38333333333333336 0.65625 0.3861111111111111 0.6609375 0.4041666666666667 0.61953125 0.4041666666666667 0.61875 0.39444444444444443 0.62578125 0.38333333333333336 0.6484375 0.38333333333333336
1 0.58671875 0.4097222222222222 0.590625 0.41388888888888886 0.5953125 0.44027777777777777 0.5953125 0.4777777777777778 0.59296875 0.49444444444444446 0.58828125 0.49166666666666664 0.58828125 0.4638888888888889 0.57890625 0.4388888888888889 0.5515625 0.43194444444444446 0.553125 0.4166666666666667 0.55625 0.4083333333333333 0.5859375 0.4097222222222222
1 0.51484375 0.23194444444444445 0.51953125 0.2375 0.51953125 0.24722222222222223 0.515625 0.25277777777777777 0.51171875 0.2513888888888889 0.50703125 0.23472222222222222 0.5140625 0.23194444444444445
1 0.37421875 0.24444444444444444 0.37734375 0.25416666666666665 0.3765625 0.26666666666666666 0.3734375 0.2791666666666667 0.36796875 0.28194444444444444 0.36171875 0.2791666666666667 0.35546875 0.25 0.359375 0.24444444444444444 0.3734375 0.24444444444444444