3 0.86640625 0.6777777777777778 0.89921875 0.6847222222222222 0.95078125 0.6888888888888889 0.99921875 0.7 0.99921875 0.7736111111111111 0.996875 0.775 0.99921875 0.7791666666666667 0.9953125 0.7861111111111111 0.996875 0.7958333333333333 0.99921875 0.7972222222222223 0.99921875 0.9819444444444444 0.996875 0.9833333333333333 0.99453125 0.9944444444444445 0.95234375 0.9944444444444445 0.93828125 0.9986111111111111 0.82734375 0.9986111111111111 0.8265625 0.9958333333333333 0.82734375 0.9430555555555555 0.82578125 0.9138888888888889 0.83046875 0.8611111111111112 0.83046875 0.8319444444444445 0.8296875 0.8236111111111111 0.825 0.8166666666666667 0.8171875 0.7888888888888889 0.8171875 0.7583333333333333 0.82109375 0.7569444444444444 0.82109375 0.7625 0.82421875 0.7666666666666667 0.82734375 0.7625 0.8265625 0.7472222222222222 0.825 0.7444444444444445 0.8203125 0.7472222222222222 0.82109375 0.7319444444444444 0.82421875 0.7402777777777778 0.83203125 0.7319444444444444 0.83359375 0.7263888888888889 0.828125 0.725 0.8265625 0.7208333333333333 0.8296875 0.7166666666666667 0.8375 0.7152777777777778 0.84140625 0.7097222222222223 0.8453125 0.6833333333333333 0.85078125 0.6777777777777778 0.865625 0.6777777777777778
3 0.33125 0.48055555555555557 0.340625 0.49444444444444446 0.3453125 0.49583333333333335 0.34765625 0.5 0.34921875 0.5166666666666667 0.34765625 0.5263888888888889 0.3484375 0.5638888888888889 0.34453125 0.5694444444444444 0.3375 0.5708333333333333 0.334375 0.575 0.3328125 0.5986111111111111 0.33046875 0.6013888888888889 0.32578125 0.6013888888888889 0.31796875 0.5902777777777778 0.31015625 0.5944444444444444 0.290625 0.5916666666666667 0.275 0.6013888888888889 0.26640625 0.5930555555555556 0.26171875 0.5694444444444444 0.2625 0.5388888888888889 0.26484375 0.5263888888888889 0.27421875 0.5125 0.2765625 0.49722222222222223 0.28125 0.4861111111111111 0.29375 0.4777777777777778 0.32734375 0.4777777777777778 0.33046875 0.48055555555555557
3 0.62265625 0.2847222222222222 0.64375 0.2861111111111111 0.6546875 0.29583333333333334 0.6578125 0.3055555555555556 0.65546875 0.32222222222222224 0.65546875 0.3680555555555556 0.65390625 0.37083333333333335 0.64609375 0.36666666666666664 0.634375 0.36666666666666664 0.62421875 0.37083333333333335 0.61328125 0.40694444444444444 0.60859375 0.39861111111111114 0.60390625 0.35138888888888886 0.60625 0.34305555555555556 0.6078125 0.31666666666666665 0.60703125 0.29444444444444445 0.6109375 0.2861111111111111 0.621875 0.2847222222222222
3 0.36875 0.1763888888888889 0.37578125 0.18472222222222223 0.37265625 0.19305555555555556 0.37578125 0.19583333333333333 0.378125 0.20694444444444443 0.359375 0.23055555555555557 0.3546875 0.22916666666666666 0.34453125 0.21666666666666667 0.34375 0.18472222222222223 0.34609375 0.18055555555555555 0.35703125 0.175 0.36796875 0.1763888888888889
3 0.16953125 0.25833333333333336 0.17421875 0.2611111111111111 0.17578125 0.2763888888888889 0.1734375 0.2847222222222222 0.16015625 0.3055555555555556 0.1578125 0.325 0.1390625 0.325 0.1328125 0.31527777777777777 0.13125 0.30277777777777776 0.13671875 0.28194444444444444 0.13671875 0.26666666666666666 0.1421875 0.2611111111111111 0.16875 0.25833333333333336
3 0.534375 0.2222222222222222 0.53671875 0.2388888888888889 0.5359375 0.25277777777777777 0.5328125 0.25972222222222224 0.52578125 0.25555555555555554 0.5140625 0.25555555555555554 0.5125 0.225 0.51640625 0.22083333333333333 0.53359375 0.2222222222222222
2 0.40078125 0.46805555555555556 0.40234375 0.4722222222222222 0.4015625 0.49444444444444446 0.39765625 0.5055555555555555 0.39375 0.5097222222222222 0.390625 0.5055555555555555 0.39140625 0.48194444444444445 0.3890625 0.46944444444444444 0.4 0.46805555555555556
2 0.36640625 0.5444444444444444 0.37265625 0.5541666666666667 0.371875 0.5777777777777777 0.365625 0.5916666666666667 0.35546875 0.6 0.35234375 0.6 0.3515625 0.5972222222222222 0.353125 0.5472222222222223 0.365625 0.5444444444444444
2 0.2515625 0.24444444444444444 0.2546875 0.23472222222222222 0.25859375 0.23472222222222222 0.26171875 0.24166666666666667 0.26171875 0.24722222222222223 0.25859375 0.2513888888888889 0.2546875 0.2513888888888889 0.25234375 0.24583333333333332
2 0.1609375 0.4263888888888889 0.16875 0.4263888888888889 0.171875 0.43333333333333335 0.175 0.43472222222222223 0.175 0.4527777777777778 0.1734375 0.4583333333333333 0.1671875 0.4638888888888889 0.1609375 0.4638888888888889 0.159375 0.45555555555555555 0.1609375 0.42777777777777776
2 0.0609375 0.3333333333333333 0.06484375 0.3375 0.065625 0.3486111111111111 0.053125 0.3625 0.05 0.3625 0.05 0.34305555555555556 0.053125 0.33611111111111114 0.06015625 0.3333333333333333
2 0.11328125 0.4625 0.1203125 0.46111111111111114 0.1265625 0.46805555555555556 0.13046875 0.49444444444444446 0.12890625 0.5069444444444444 0.121875 0.5083333333333333 0.115625 0.5166666666666667 0.1125 0.5166666666666667 0.11171875 0.4847222222222222 0.11328125 0.4638888888888889
2 0.1890625 0.45416666666666666 0.19609375 0.45416666666666666 0.2 0.4583333333333333 0.1984375 0.4930555555555556 0.19453125 0.4986111111111111 0.19140625 0.4986111111111111 0.1890625 0.49444444444444446 0.1890625 0.45555555555555555
2 0.38359375 0.5041666666666667 0.3890625 0.5097222222222222 0.390625 0.5180555555555556 0.3875 0.5375 0.38046875 0.5513888888888889 0.375 0.5472222222222223 0.375 0.525 0.37265625 0.5180555555555556 0.37265625 0.5055555555555555 0.375 0.5027777777777778 0.3828125 0.5041666666666667
2 0.7390625 0.42083333333333334 0.74765625 0.4166666666666667 0.75234375 0.42916666666666664 0.7515625 0.44166666666666665 0.73828125 0.44166666666666665 0.73671875 0.43472222222222223 0.7390625 0.4222222222222222
1 0.678125 0.32083333333333336 0.6921875 0.3236111111111111 0.69609375 0.3277777777777778 0.70234375 0.3458333333333333 0.69921875 0.35 0.68125 0.3472222222222222 0.67109375 0.3625 0.6640625 0.3625 0.66171875 0.36666666666666664 0.6609375 0.3611111111111111 0.66328125 0.35555555555555557 0.6609375 0.35138888888888886 0.66640625 0.325 0.66796875 0.32222222222222224 0.67734375 0.32083333333333336
1 0.284375 0.25416666666666665 0.28984375 0.2638888888888889 0.28984375 0.275 0.275 0.2902777777777778 0.2703125 0.3 0.259375 0.3 0.2578125 0.2972222222222222 0.25703125 0.275 0.2625 0.2611111111111111 0.2671875 0.25555555555555554 0.28359375 0.25416666666666665
1 0.509375 0.28055555555555556 0.51875 0.2916666666666667 0.51953125 0.3125 0.5109375 0.3277777777777778 0.50546875 0.33055555555555555 0.4953125 0.3277777777777778 0.48984375 0.31666666666666665 0.48984375 0.3055555555555556 0.49453125 0.2833333333333333 0.50859375 0.28055555555555556
1 0.828125 0 0.83125 0.005555555555555556 0.83046875 0.011111111111111112 0.8328125 0.016666666666666666 0.83125 0.043055555555555555 0.82421875 0.05138888888888889 0.8171875 0.05138888888888889 0.8078125 0.0625 0.803125 0.0625 0.79765625 0.05555555555555555 0.784375 0.05694444444444444 0.76875 0.05 0.7671875 0.03888888888888889 0.76953125 0.025 0.775 0.018055555555555554 0.79375 0.015277777777777777 0.79765625 0.008333333333333333 0.81015625 0.004166666666666667 0.8140625 0 0.82734375 0
1 0.64375 0.28194444444444444 0.6609375 0.28194444444444444 0.66484375 0.2875 0.66875 0.30277777777777776 0.66796875 0.32083333333333336 0.6640625 0.32916666666666666 0.65703125 0.32916666666666666 0.65546875 0.325 0.65703125 0.3125 0.65625 0.2986111111111111 0.65234375 0.2902777777777778 0.64375 0.2833333333333333
1 0.33828125 0.22361111111111112 0.34140625 0.2263888888888889 0.34296875 0.2388888888888889 0.34296875 0.24444444444444444 0.3390625 0.24861111111111112 0.33359375 0.24861111111111112 0.32890625 0.24166666666666667 0.33046875 0.22777777777777777 0.3375 0.22361111111111112
1 0.7546875 0.7708333333333334 0.78515625 0.7763888888888889 0.8109375 0.7888888888888889 0.821875 0.8069444444444445 0.82734375 0.825 0.82890625 0.8625 0.8265625 0.8888888888888888 0.82265625 0.9 0.82265625 0.9097222222222222 0.809375 0.9222222222222223 0.80390625 0.9416666666666667 0.80234375 0.9555555555555556 0.79765625 0.9638888888888889 0.79453125 0.9638888888888889 0.78828125 0.9555555555555556 0.75546875 0.9472222222222222 0.7171875 0.9388888888888889 0.70390625 0.9416666666666667 0.69921875 0.9333333333333333 0.69765625 0.9138888888888889 0.7 0.8597222222222223 0.703125 0.8486111111111111 0.73125 0.7819444444444444 0.740625 0.7722222222222223 0.75390625 0.7708333333333334
1 0.271875 0.2125 0.284375 0.20972222222222223 0.28984375 0.21805555555555556 0.28984375 0.23194444444444445 0.28828125 0.23472222222222222 0.2765625 0.2375 0.27265625 0.23333333333333334 0.271875 0.21388888888888888
1 0.65078125 0.36944444444444446 0.65546875 0.3763888888888889 0.65546875 0.3888888888888889 0.6328125 0.3875 0.62578125 0.39305555555555555 0.62109375 0.40694444444444444 0.61796875 0.4041666666666667 0.61796875 0.3875 0.62265625 0.37222222222222223 0.628125 0.3680555555555556 0.65 0.36944444444444446
1 0.76796875 0.4847222222222222 0.77890625 0.49166666666666664 0.78359375 0.5041666666666667 0.78671875 0.5333333333333333 0.790625 0.5444444444444444 0.78984375 0.5763888888888888 0.7875 0.5805555555555556 0.7703125 0.5819444444444445 0.75703125 0.5958333333333333 0.73984375 0.5930555555555556 0.73125 0.6069444444444444 0.72734375 0.6041666666666666 0.725 0.5875 0.71953125 0.5805555555555556 0.71796875 0.5736111111111111 0.71953125 0.525 0.7265625 0.49444444444444446 0.73046875 0.4861111111111111 0.734375 0.48333333333333334 0.7671875 0.4847222222222222
1 0.3546875 0.25555555555555554 0.35859375 0.26805555555555555 0.359375 0.2833333333333333 0.353125 0.29305555555555557 0.3515625 0.29305555555555557 0.3484375 0.2791666666666667 0.33828125 0.2763888888888889 0.334375 0.28055555555555556 0.3328125 0.26944444444444443 0.334375 0.25972222222222224 0.3375 0.25555555555555554 0.35390625 0.25555555555555554
1 0.56484375 0.925 0.5890625 0.9319444444444445 0.59609375 0.9430555555555555 0.5984375 0.9583333333333334 0.60703125 0.9597222222222223 0.6125 0.9652777777777778 0.6109375 0.9763888888888889 0.60390625 0.9777777777777777 0.60078125 0.9819444444444444 0.6046875 0.9944444444444445 0.6015625 0.9986111111111111 0.57890625 0.9986111111111111 0.578125 0.9958333333333333 0.56484375 0.9944444444444445 0.5609375 0.9902777777777778 0.55703125 0.9958333333333333 0.496875 0.9958333333333333 0.49296875 0.9944444444444445 0.49453125 0.9833333333333333 0.49140625 0.975 0.4796875 0.9694444444444444 0.47890625 0.9611111111111111 0.48046875 0.9569444444444445 0.49453125 0.9541666666666667 0.50078125 0.9319444444444445 0.50390625 0.9277777777777778 0.5296875 0.9236111111111112 0.5640625 0.925
1 0.3890625 0.4152777777777778 0.39375 0.41805555555555557 0.4015625 0.4305555555555556 0.4015625 0.4388888888888889 0.396875 0.44305555555555554 0.3890625 0.44305555555555554 0.384375 0.4597222222222222 0.3796875 0.4597222222222222 0.36875 0.48333333333333334 0.35625 0.49027777777777776 0.35078125 0.4888888888888889 0.3484375 0.48055555555555557 0.34921875 0.4513888888888889 0.35546875 0.4236111111111111 0.35859375 0.41805555555555557 0.3640625 0.4152777777777778 0.38828125 0.4152777777777778
1 0.44921875 0.44722222222222224 0.45703125 0.45555555555555555 0.46484375 0.4861111111111111 0.46328125 0.5263888888888889 0.46015625 0.5319444444444444 0.4578125 0.5486111111111112 0.45390625 0.5486111111111112 0.4515625 0.5444444444444444 0.45078125 0.5361111111111111 0.446875 0.5263888888888889 0.4359375 0.5180555555555556 0.4296875 0.5152777777777777 0.40390625 0.5152777777777777 0.40234375 0.5111111111111111 0.40625 0.4777777777777778 0.41796875 0.4486111111111111 0.4484375 0.44722222222222224
1 0.48359375 0.40694444444444444 0.49765625 0.4222222222222222 0.4953125 0.42916666666666664 0.49609375 0.46805555555555556 0.49296875 0.4791666666666667 0.4875 0.4791666666666667 0.47578125 0.4722222222222222 0.4640625 0.4736111111111111 0.4578125 0.45555555555555555 0.4484375 0.4444444444444444 0.45 0.4361111111111111 0.45 0.4263888888888889 0.44765625 0.4222222222222222 0.4484375 0.4166666666666667 0.453125 0.4152777777777778 0.46015625 0.40694444444444444 0.4828125 0.40694444444444444
1 0.5890625 0.4125 0.59765625 0.44166666666666665 0.59453125 0.46111111111111114 0.59453125 0.48194444444444445 0.58984375 0.4847222222222222 0.59140625 0.4888888888888889 0.59375 0.4888888888888889 0.59296875 0.49444444444444446 0.58828125 0.49166666666666664 0.5875 0.4625 0.5796875 0.4388888888888889 0.5515625 0.43194444444444446 0.553125 0.4166666666666667 0.55625 0.4097222222222222 0.58515625 0.4097222222222222 0.58828125 0.4125
1 0.52734375 0.2569444444444444 0.53359375 0.2708333333333333 0.53359375 0.2847222222222222 0.53125 0.2902777777777778 0.5234375 0.29305555555555557 0.51171875 0.28055555555555556 0.51015625 0.26944444444444443 0.51484375 0.2569444444444444 0.5265625 0.2569444444444444
1 0.68046875 0.5444444444444444 0.69921875 0.5666666666666667 0.7015625 0.6291666666666667 0.6578125 0.6291666666666667 0.65 0.6347222222222222 0.64375 0.6472222222222223 0.63671875 0.6527777777777778 0.62734375 0.6263888888888889 0.6265625 0.5875 0.6328125 0.5625 0.64140625 0.5458333333333333 0.6453125 0.5430555555555555 0.6765625 0.5416666666666666 0.6796875 0.5444444444444444
1 0 0.5361111111111111 0.0203125 0.5347222222222222 0.0421875 0.5388888888888889 0.0578125 0.5513888888888889 0.06015625 0.5555555555555556 0.0625 0.575 0.06171875 0.5902777777777778 0.05859375 0.6 0.05625 0.6194444444444445 0.04453125 0.6208333333333333 0.02734375 0.6347222222222222 0.02421875 0.6402777777777777 0.02265625 0.6527777777777778 0.01875 0.6583333333333333 0.01484375 0.6597222222222222 0.009375 0.6541666666666667 0.0015625 0.6527777777777778 0 0.6513888888888889 0 0.5375
1 0.40234375 0.3416666666666667 0.42265625 0.34305555555555556 0.42734375 0.3541666666666667 0.43203125 0.37777777777777777 0.43203125 0.4 0.43046875 0.4083333333333333 0.421875 0.4222222222222222 0.40703125 0.4152777777777778 0.4 0.4166666666666667 0.3828125 0.4125 0.3796875 0.4083333333333333 0.38359375 0.3527777777777778 0.38984375 0.34305555555555556 0.4015625 0.3416666666666667
1 0.30703125 0.2791666666666667 0.31171875 0.27361111111111114 0.325 0.27361111111111114 0.328125 0.2861111111111111 0.328125 0.2972222222222222 0.32421875 0.30416666666666664 0.315625 0.30277777777777776 0.31328125 0.2902777777777778 0.3078125 0.28055555555555556
1 0.134375 0.3875 0.12890625 0.3625 0.12734375 0.3402777777777778 0.13203125 0.33055555555555555 0.14296875 0.325 0.15703125 0.3263888888888889 0.15859375 0.33055555555555555 0.15859375 0.3861111111111111 0.13515625 0.3875
1 0.78515625 0.5833333333333334 0.8171875 0.5888888888888889 0.82421875 0.5916666666666667 0.8296875 0.5986111111111111 0.83515625 0.6166666666666667 0.84296875 0.6611111111111111 0.84140625 0.6972222222222222 0.83828125 0.7069444444444445 0.8359375 0.7083333333333334 0.83203125 0.7083333333333334 0.8171875 0.6958333333333333 0.78203125 0.6930555555555555 0.7734375 0.7013888888888888 0.76953125 0.7013888888888888 0.76640625 0.6958333333333333 0.76328125 0.6777777777777778 0.7515625 0.6569444444444444 0.75390625 0.6152777777777778 0.7671875 0.5875 0.77265625 0.5833333333333334 0.784375 0.5833333333333334
1 0.40546875 0.5958333333333333 0.4140625 0.6041666666666666 0.4234375 0.6402777777777777 0.42265625 0.6833333333333333 0.415625 0.6916666666666667 0.4125 0.7208333333333333 0.40859375 0.725 0.403125 0.7236111111111111 0.39765625 0.7152777777777778 0.38515625 0.7097222222222223 0.38203125 0.6986111111111111 0.37734375 0.6930555555555555 0.3453125 0.6930555555555555 0.33828125 0.6888888888888889 0.33984375 0.6583333333333333 0.35390625 0.6013888888888889 0.36796875 0.5930555555555556 0.38203125 0.5944444444444444 0.39140625 0.5916666666666667 0.4046875 0.5958333333333333
1 0.621875 0.24722222222222223 0.625 0.2513888888888889 0.62578125 0.2569444444444444 0.6203125 0.28055555555555556 0.61640625 0.2833333333333333 0.6078125 0.2833333333333333 0.60546875 0.2722222222222222 0.60625 0.25833333333333336 0.609375 0.24722222222222223 0.62109375 0.24722222222222223
1 0.6421875 0.24861111111111112 0.646875 0.25277777777777777 0.65078125 0.2611111111111111 0.64921875 0.2763888888888889 0.6453125 0.28055555555555556 0.64140625 0.28055555555555556 0.6375 0.2722222222222222 0.62578125 0.26805555555555555 0.62578125 0.2611111111111111 0.6296875 0.25 0.63359375 0.24722222222222223 0.64140625 0.24861111111111112
1 0.58046875 0.5763888888888888 0.5890625 0.5944444444444444 0.596875 0.5986111111111111 0.59375 0.6125 0.5953125 0.6222222222222222 0.59453125 0.6375 0.5921875 0.6402777777777777 0.55546875 0.6375 0.55 0.6416666666666667 0.53984375 0.6583333333333333 0.5328125 0.6583333333333333 0.528125 0.6625 0.52734375 0.6680555555555555 0.5328125 0.675 0.5328125 0.6819444444444445 0.5265625 0.6916666666666667 0.5296875 0.6986111111111111 0.52890625 0.7027777777777777 0.51875 0.7013888888888888 0.51796875 0.6333333333333333 0.5203125 0.6083333333333333 0.51484375 0.5986111111111111 0.51484375 0.5916666666666667 0.52734375 0.5875 0.53359375 0.5708333333333333 0.57109375 0.5722222222222222 0.5796875 0.5763888888888888
1 0.5546875 0.5263888888888889 0.57890625 0.5305555555555556 0.58828125 0.5472222222222223 0.59140625 0.5472222222222223 0.59453125 0.5527777777777778 0.59140625 0.5638888888888889 0.59140625 0.5805555555555556 0.5890625 0.5916666666666667 0.584375 0.5888888888888889 0.5828125 0.5805555555555556 0.5765625 0.5736111111111111 0.55703125 0.5708333333333333 0.53125 0.5722222222222222 0.5296875 0.5694444444444444 0.5390625 0.5333333333333333 0.54296875 0.5291666666666667 0.55390625 0.5263888888888889
1 0.38046875 0.25972222222222224 0.38671875 0.2638888888888889 0.38828125 0.2861111111111111 0.37265625 0.30416666666666664 0.3625 0.3111111111111111 0.36015625 0.3013888888888889 0.36171875 0.27361111111111114 0.36640625 0.2638888888888889 0.3796875 0.25972222222222224
1 0.50625 0.33611111111111114 0.5140625 0.32222222222222224 0.51953125 0.31805555555555554 0.54375 0.32083333333333336 0.54765625 0.3388888888888889 0.54375 0.3486111111111111 0.54296875 0.37916666666666665 0.53984375 0.38472222222222224 0.5328125 0.38333333333333336 0.53125 0.36527777777777776 0.521875 0.3388888888888889 0.50703125 0.33611111111111114
1 0.3109375 0.2861111111111111 0.3140625 0.29583333333333334 0.3140625 0.30277777777777776 0.3015625 0.3333333333333333 0.28203125 0.33194444444444443 0.27890625 0.32916666666666666 0.2765625 0.3236111111111111 0.278125 0.3055555555555556 0.28671875 0.2861111111111111 0.296875 0.2833333333333333 0.30703125 0.2833333333333333 0.31015625 0.2861111111111111
1 0.2546875 0.5875 0.26953125 0.6069444444444444 0.27421875 0.6180555555555556 0.2765625 0.6361111111111111 0.2765625 0.6680555555555555 0.27578125 0.6791666666666667 0.271875 0.6902777777777778 0.26015625 0.6916666666666667 0.25546875 0.6986111111111111 0.253125 0.7277777777777777 0.24921875 0.7333333333333333 0.24375 0.7333333333333333 0.23671875 0.7222222222222222 0.221875 0.7194444444444444 0.20546875 0.7208333333333333 0.19140625 0.725 0.1859375 0.7333333333333333 0.1796875 0.7361111111111112 0.17421875 0.7319444444444444 0.16796875 0.7097222222222223 0.1671875 0.6791666666666667 0.16875 0.6513888888888889 0.1796875 0.6166666666666667 0.1875 0.5986111111111111 0.20625 0.5819444444444445 0.2453125 0.5833333333333334 0.25390625 0.5875
1 0.65 0.4125 0.66171875 0.4125 0.66640625 0.4166666666666667 0.671875 0.44583333333333336 0.671875 0.46944444444444444 0.63203125 0.4666666666666667 0.62734375 0.4722222222222222 0.61796875 0.49444444444444446 0.6171875 0.5152777777777777 0.61328125 0.5180555555555556 0.61171875 0.5111111111111111 0.6125 0.4625 0.61796875 0.4152777777777778 0.62890625 0.4111111111111111 0.64921875 0.4125
1 0.59375 0.2375 0.596875 0.24722222222222223 0.5953125 0.2625 0.575 0.2638888888888889 0.57265625 0.2513888888888889 0.5765625 0.2375 0.58125 0.23472222222222222 0.59296875 0.2375
1 0.5890625 0.2791666666666667 0.59375 0.2861111111111111 0.59296875 0.28888888888888886 0.5828125 0.2972222222222222 0.57109375 0.29583333333333334 0.56953125 0.2916666666666667 0.56953125 0.2791666666666667 0.57421875 0.275 0.58828125 0.2791666666666667
1 0.32890625 0.3055555555555556 0.32890625 0.32916666666666666 0.33125 0.3416666666666667 0.3265625 0.3486111111111111 0.30703125 0.3638888888888889 0.30234375 0.3611111111111111 0.303125 0.3347222222222222 0.30703125 0.32222222222222224 0.31640625 0.3055555555555556 0.328125 0.3055555555555556
1 0.6140625 0.2263888888888889 0.615625 0.23055555555555557 0.60625 0.25972222222222224 0.603125 0.25972222222222224 0.59921875 0.25416666666666665 0.6 0.23333333333333334 0.60390625 0.225 0.61328125 0.2263888888888889
1 0.4828125 0.2569444444444444 0.48828125 0.26944444444444443 0.484375 0.2791666666666667 0.48515625 0.30416666666666664 0.47890625 0.3138888888888889 0.46796875 0.3055555555555556 0.46484375 0.2763888888888889 0.459375 0.26805555555555555 0.459375 0.2625 0.46328125 0.25555555555555554 0.48203125 0.2569444444444444
1 0.4296875 0.5166666666666667 0.4453125 0.525 0.45078125 0.5333333333333333 0.45234375 0.5611111111111111 0.4515625 0.5888888888888889 0.44609375 0.6166666666666667 0.44296875 0.6208333333333333 0.43828125 0.6194444444444445 0.43515625 0.6138888888888889 0.42734375 0.6152777777777778 0.42109375 0.6125 0.403125 0.5930555555555556 0.38671875 0.5916666666666667 0.38359375 0.5875 0.38359375 0.5666666666666667 0.3890625 0.55 0.38984375 0.5402777777777777 0.3984375 0.5194444444444445 0.4015625 0.5166666666666667 0.42890625 0.5166666666666667
1 0.2765625 0.3638888888888889 0.28359375 0.36944444444444446 0.2875 0.39861111111111114 0.2859375 0.4083333333333333 0.27890625 0.4152777777777778 0.26640625 0.41805555555555557 0.26171875 0.4236111111111111 0.24140625 0.43194444444444446 0.23671875 0.42777777777777776 0.2359375 0.40694444444444444 0.2375 0.3972222222222222 0.24609375 0.3736111111111111 0.25546875 0.3638888888888889 0.27578125 0.3638888888888889
1 0.15859375 0.7888888888888889 0.175 0.7916666666666666 0.18203125 0.7958333333333333 0.19453125 0.8111111111111111 0.20234375 0.8138888888888889 0.2046875 0.8180555555555555 0.20859375 0.8527777777777777 0.20703125 0.8986111111111111 0.20390625 0.9138888888888889 0.184375 0.9305555555555556 0.17421875 0.9486111111111111 0.171875 0.9805555555555555 0.16953125 0.9916666666666667 0.1671875 0.9944444444444445 0.153125 0.9944444444444445 0.125 0.9819444444444444 0.10859375 0.9875 0.10546875 0.9930555555555556 0.09453125 0.9875 0.08828125 0.9930555555555556 0.07265625 0.9986111111111111 0.0609375 0.9986111111111111 0.05703125 0.9916666666666667 0.0546875 0.9486111111111111 0.06015625 0.8930555555555556 0.0734375 0.8402777777777778 0.084375 0.8208333333333333 0.10078125 0.7986111111111112 0.11953125 0.7902777777777777 0.1578125 0.7888888888888889
1 0.62734375 0.26666666666666666 0.640625 0.27361111111111114 0.6421875 0.2763888888888889 0.640625 0.2861111111111111 0.62578125 0.2861111111111111 0.61953125 0.28194444444444444 0.62109375 0.2722222222222222 0.6265625 0.26666666666666666
1 0.23203125 0.20972222222222223 0.25078125 0.20972222222222223 0.25390625 0.2125 0.25625 0.22361111111111112 0.25546875 0.23333333333333334 0.25078125 0.24027777777777778 0.234375 0.24027777777777778 0.23125 0.23055555555555557 0.23203125 0.2111111111111111
1 0.8140625 0.7888888888888889 0.8140625 0.7611111111111111 0.8171875 0.7444444444444445 0.81875 0.7208333333333333 0.8234375 0.7152777777777778 0.840625 0.7083333333333334 0.8421875 0.7097222222222223 0.84296875 0.7194444444444444 0.84140625 0.7583333333333333 0.8375 0.7916666666666666 0.83828125 0.8 0.83203125 0.8013888888888889 0.8296875 0.8069444444444445 0.82734375 0.8069444444444445 0.82109375 0.8027777777777778 0.81484375 0.7888888888888889
1 0.54296875 0.4375 0.54609375 0.43472222222222223 0.571875 0.43472222222222223 0.57890625 0.4375 0.58359375 0.44305555555555554 0.59453125 0.4861111111111111 0.5921875 0.49583333333333335 0.5890625 0.49444444444444446 0.5875 0.49027777777777776 0.5875 0.47638888888888886 0.58515625 0.4722222222222222 0.57890625 0.46805555555555556 0.5609375 0.4652777777777778 0.54375 0.4666666666666667 0.53515625 0.48055555555555557 0.53203125 0.475 0.53359375 0.4625 0.53125 0.4527777777777778 0.5390625 0.4486111111111111 0.54296875 0.4388888888888889
1 0.7296875 0.40555555555555556 0.7359375 0.4166666666666667 0.73671875 0.42777777777777776 0.73515625 0.4375 0.72578125 0.45 0.725 0.45555555555555555 0.71328125 0.4777777777777778 0.7015625 0.4777777777777778 0.69609375 0.48194444444444445 0.6890625 0.48055555555555557 0.68515625 0.4736111111111111 0.68359375 0.4486111111111111 0.684375 0.43472222222222223 0.690625 0.4305555555555556 0.6953125 0.4041666666666667 0.6984375 0.4 0.7109375 0.39861111111111114 0.72421875 0.4 0.72890625 0.40555555555555556
1 0.56640625 0.35 0.57734375 0.3527777777777778 0.5796875 0.35833333333333334 0.578125 0.3625 0.56484375 0.3625 0.56015625 0.36944444444444446 0.5546875 0.4013888888888889 0.5546875 0.4111111111111111 0.55 0.4236111111111111 0.546875 0.4236111111111111 0.54609375 0.42083333333333334 0.54453125 0.37916666666666665 0.546875 0.3611111111111111 0.55390625 0.35 0.565625 0.35
1 0.7390625 0.44166666666666665 0.75859375 0.44305555555555554 0.76875 0.4486111111111111 0.7765625 0.46805555555555556 0.77890625 0.4888888888888889 0.75859375 0.48194444444444445 0.73359375 0.48333333333333334 0.725 0.49722222222222223 0.71796875 0.5263888888888889 0.71484375 0.5236111111111111 0.7140625 0.5069444444444444 0.715625 0.4722222222222222 0.72734375 0.4444444444444444 0.73203125 0.44027777777777777 0.73828125 0.44166666666666665
1 0.67265625 0.6305555555555555 0.703125 0.6347222222222222 0.7078125 0.6388888888888888 0.7125 0.6513888888888889 0.71953125 0.6611111111111111 0.71796875 0.675 0.721875 0.6986111111111111 0.72421875 0.7430555555555556 0.72421875 0.7597222222222222 0.7203125 0.7722222222222223 0.703125 0.7611111111111111 0.6828125 0.7569444444444444 0.6609375 0.7569444444444444 0.6515625 0.7638888888888888 0.646875 0.7597222222222222 0.64453125 0.7375 0.6390625 0.7208333333333333 0.6375 0.6611111111111111 0.65390625 0.6319444444444444 0.671875 0.6305555555555555
1 0.477734375 0.35208333333333336 0.03359375 0.06527777777777778
1 0.51015625 0.3375 0.52265625 0.3402777777777778 0.53046875 0.3625 0.53203125 0.3875 0.5296875 0.4013888888888889 0.5265625 0.4041666666666667 0.5234375 0.4041666666666667 0.51875 0.3972222222222222 0.51328125 0.39444444444444443 0.50546875 0.3958333333333333 0.49921875 0.4013888888888889 0.49375 0.4 0.49296875 0.3763888888888889 0.49609375 0.35138888888888886 0.5 0.3402777777777778 0.509375 0.3375
1 0.55859375 0.4666666666666667 0.57734375 0.46944444444444444 0.58671875 0.47638888888888886 0.5859375 0.4888888888888889 0.590625 0.5083333333333333 0.5921875 0.5430555555555555 0.58828125 0.5444444444444444 0.5828125 0.5333333333333333 0.5765625 0.5277777777777778 0.54765625 0.525 0.540625 0.5291666666666667 0.53671875 0.5361111111111111 0.53046875 0.5569444444444445 0.52890625 0.5569444444444445 0.52734375 0.5472222222222223 0.52734375 0.5319444444444444 0.52890625 0.5111111111111111 0.53203125 0.49722222222222223 0.52578125 0.4861111111111111 0.52890625 0.48055555555555557 0.5359375 0.48055555555555557 0.54140625 0.46944444444444444 0.5578125 0.4666666666666667
1 0.61015625 0.6444444444444445 0.6171875 0.6652777777777777 0.62421875 0.6652777777777777 0.628125 0.6708333333333333 0.6265625 0.675 0.6203125 0.6763888888888889 0.61796875 0.6819444444444445 0.6265625 0.7125 0.628125 0.7527777777777778 0.628125 0.7833333333333333 0.62578125 0.8125 0.6234375 0.8208333333333333 0.61953125 0.8222222222222222 0.609375 0.8166666666666667 0.6015625 0.8 0.5921875 0.8 0.58828125 0.7930555555555555 0.58671875 0.7819444444444444 0.5828125 0.7763888888888889 0.57265625 0.7722222222222223 0.5328125 0.7680555555555556 0.5359375 0.7152777777777778 0.53359375 0.6930555555555555 0.534375 0.6763888888888889 0.5296875 0.6694444444444444 0.53046875 0.6638888888888889 0.53984375 0.6611111111111111 0.54453125 0.65 0.55625 0.6402777777777777 0.58515625 0.6402777777777777 0.609375 0.6444444444444445
1 0.57890625 0.2625 0.59453125 0.2652777777777778 0.5984375 0.275 0.59765625 0.2875 0.58515625 0.29305555555555557 0.5890625 0.2875 0.58828125 0.2833333333333333 0.584375 0.2847222222222222 0.58125 0.28055555555555556 0.57734375 0.28055555555555556 0.57421875 0.2847222222222222 0.5703125 0.28055555555555556 0.57265625 0.2652777777777778 0.578125 0.2625
1 0.63515625 0.38472222222222224 0.6546875 0.3861111111111111 0.6578125 0.3888888888888889 0.6625 0.4041666666666667 0.66171875 0.4111111111111111 0.61953125 0.4111111111111111 0.61875 0.40555555555555556 0.6234375 0.39305555555555555 0.634375 0.38472222222222224
1 0.56796875 0.7736111111111111 0.584375 0.7805555555555556 0.59140625 0.8097222222222222 0.59765625 0.8513888888888889 0.6 0.9027777777777778 0.5984375 0.9375 0.5890625 0.9291666666666667 0.56640625 0.9222222222222223 0.53984375 0.9194444444444444 0.51015625 0.925 0.50390625 0.925 0.50234375 0.9222222222222223 0.50078125 0.9041666666666667 0.50390625 0.8875 0.503125 0.8472222222222222 0.50625 0.8208333333333333 0.503125 0.8138888888888889 0.49453125 0.8097222222222222 0.49453125 0.7958333333333333 0.5046875 0.7958333333333333 0.509375 0.7861111111111111 0.52109375 0.7736111111111111 0.5671875 0.7736111111111111
1 0.66875 0.4708333333333333 0.67578125 0.4861111111111111 0.68046875 0.49027777777777776 0.678125 0.5013888888888889 0.6828125 0.5194444444444445 0.68203125 0.5416666666666666 0.653125 0.5402777777777777 0.64296875 0.5430555555555555 0.6234375 0.5777777777777777 0.6203125 0.5708333333333333 0.61640625 0.5513888888888889 0.61640625 0.5277777777777778 0.6140625 0.5194444444444445 0.6171875 0.5111111111111111 0.61640625 0.5 0.621875 0.48194444444444445 0.62890625 0.46944444444444444 0.6359375 0.4652777777777778 0.64921875 0.4652777777777778 0.66796875 0.4708333333333333
1 0.5125 0.23055555555555557 0.5140625 0.24444444444444444 0.51171875 0.25277777777777777 0.5 0.25277777777777777 0.4984375 0.24861111111111112 0.4984375 0.2388888888888889 0.5015625 0.23194444444444445 0.51171875 0.23055555555555557
0 0.02578125 0.31805555555555554 0.02890625 0.32222222222222224 0.03046875 0.33194444444444443 0.0328125 0.3736111111111111 0.0203125 0.3972222222222222 0.01640625 0.39861111111111114 0.01015625 0.39444444444444443 0.00546875 0.4027777777777778 0 0.39861111111111114 0 0.3388888888888889 0.003125 0.3333333333333333 0.003125 0.325 0.025 0.31805555555555554
0 0.24921875 0.27361111111111114 0.25390625 0.2791666666666667 0.25703125 0.3347222222222222 0.2515625 0.35833333333333334 0.2390625 0.39166666666666666 0.21796875 0.4125 0.21484375 0.4097222222222222 0.21328125 0.39444444444444443 0.2125 0.34444444444444444 0.20390625 0.3333333333333333 0.203125 0.2791666666666667 0.2046875 0.275 0.2484375 0.27361111111111114