3 0.1921875 0.3236111111111111 0.20546875 0.3236111111111111 0.21640625 0.3277777777777778 0.22265625 0.3375 0.22421875 0.35 0.23125 0.35138888888888886 0.234375 0.3819444444444444 0.23125 0.37083333333333335 0.1953125 0.3736111111111111 0.1859375 0.37777777777777777 0.18203125 0.38472222222222224 0.18125 0.4027777777777778 0.1828125 0.4097222222222222 0.17890625 0.4236111111111111 0.175 0.3861111111111111 0.175 0.3402777777777778 0.178125 0.3277777777777778 0.19140625 0.325
3 0.8765625 0.5611111111111111 0.91484375 0.5930555555555556 0.9296875 0.6 0.9546875 0.6 0.9578125 0.5916666666666667 0.95859375 0.5722222222222222 0.96171875 0.5625 0.9703125 0.5652777777777778 0.996875 0.5875 0.99921875 0.5902777777777778 0.99921875 0.6791666666666667 0.96953125 0.6638888888888889 0.91796875 0.6652777777777777 0.9015625 0.6597222222222222 0.88984375 0.6638888888888889 0.87109375 0.6638888888888889 0.8703125 0.6375 0.87265625 0.5638888888888889 0.87578125 0.5611111111111111
3 0.90625 0.6625 0.9140625 0.6694444444444444 0.946875 0.6708333333333333 0.95390625 0.6666666666666666 0.96796875 0.6666666666666666 0.99921875 0.6861111111111111 0.99921875 0.7583333333333333 0.9875 0.7625 0.99609375 0.7833333333333333 0.996875 0.8013888888888889 0.99921875 0.8027777777777778 0.99921875 0.9347222222222222 0.996875 0.9388888888888889 0.98671875 0.9402777777777778 0.98515625 0.9430555555555555 0.9875 0.9472222222222222 0.99921875 0.9486111111111111 0.99921875 0.9638888888888889 0.996875 0.9652777777777778 0.99296875 0.9652777777777778 0.99140625 0.9611111111111111 0.98046875 0.9638888888888889 0.96484375 0.9430555555555555 0.95625 0.9402777777777778 0.92734375 0.9180555555555555 0.88046875 0.9125 0.8640625 0.9069444444444444 0.859375 0.9 0.859375 0.8888888888888888 0.85390625 0.8736111111111111 0.8515625 0.8513888888888889 0.8515625 0.8138888888888889 0.85390625 0.8 0.85390625 0.6916666666666667 0.85546875 0.6805555555555556 0.8578125 0.6708333333333333 0.8625 0.6680555555555555 0.90546875 0.6625
3 0.396875 0.14305555555555555 0.4140625 0.14444444444444443 0.42265625 0.15694444444444444 0.421875 0.1736111111111111 0.40390625 0.1736111111111111 0.39921875 0.17777777777777778 0.390625 0.175 0.38671875 0.15833333333333333 0.38828125 0.14444444444444443 0.39609375 0.14305555555555555
3 0.49375 0.15694444444444444 0.496875 0.1638888888888889 0.49765625 0.17777777777777778 0.4890625 0.18333333333333332 0.484375 0.19305555555555556 0.4734375 0.1875 0.4734375 0.1597222222222222 0.47734375 0.15555555555555556 0.49296875 0.15694444444444444
3 0.20703125 0.20277777777777778 0.23203125 0.2222222222222222 0.2328125 0.22916666666666666 0.23046875 0.2361111111111111 0.21796875 0.24166666666666667 0.20078125 0.2375 0.1921875 0.2388888888888889 0.1890625 0.2361111111111111 0.1859375 0.22361111111111112 0.18671875 0.20694444444444443 0.19140625 0.20277777777777778 0.20625 0.20277777777777778
3 0.76484375 0.8027777777777778 0.78125 0.8055555555555556 0.7953125 0.8180555555555555 0.8125 0.8513888888888889 0.82265625 0.8833333333333333 0.82734375 0.8916666666666667 0.83046875 0.8861111111111111 0.840625 0.8861111111111111 0.84375 0.8930555555555556 0.84375 0.9 0.83671875 0.9111111111111111 0.8390625 0.9236111111111112 0.82578125 0.9486111111111111 0.82109375 0.9708333333333333 0.81015625 0.9888888888888889 0.79296875 0.9930555555555556 0.7359375 0.9958333333333333 0.69609375 0.9958333333333333 0.67734375 0.9666666666666667 0.65859375 0.9541666666666667 0.653125 0.8875 0.65625 0.8416666666666667 0.6609375 0.8291666666666667 0.66484375 0.825 0.67578125 0.8319444444444445 0.68828125 0.8111111111111111 0.69921875 0.8055555555555556 0.7640625 0.8027777777777778
2 0.121875 0.46944444444444444 0.12578125 0.5097222222222222 0.12109375 0.5208333333333334 0.11328125 0.5291666666666667 0.10859375 0.525 0.1046875 0.5097222222222222 0.10703125 0.4722222222222222 0.11015625 0.4652777777777778 0.115625 0.4625 0.11875 0.4638888888888889 0.12109375 0.46944444444444444
2 0.8515625 0.6916666666666667 0.853125 0.6986111111111111 0.85234375 0.8 0.8515625 0.8083333333333333 0.8484375 0.8125 0.84453125 0.8111111111111111 0.840625 0.8 0.83828125 0.775 0.828125 0.7486111111111111 0.82265625 0.7194444444444444 0.82734375 0.7097222222222223 0.828125 0.6958333333333333 0.83125 0.6916666666666667 0.8375 0.6888888888888889 0.85078125 0.6916666666666667
2 0.07734375 0.7986111111111112 0.08203125 0.8027777777777778 0.0796875 0.8527777777777777 0.08203125 0.8680555555555556 0.07421875 0.9055555555555556 0.0703125 0.9111111111111111 0.06640625 0.9097222222222222 0.06328125 0.9041666666666667 0.05546875 0.8819444444444444 0.05546875 0.85 0.0515625 0.8069444444444445 0.05625 0.8013888888888889 0.0765625 0.7986111111111112
2 0.09453125 0.6916666666666667 0.0953125 0.6958333333333333 0.09375 0.6986111111111111 0.09921875 0.7055555555555556 0.0984375 0.7361111111111112 0.1 0.7611111111111111 0.096875 0.775 0.09609375 0.7902777777777777 0.09140625 0.7986111111111112 0.0875 0.7680555555555556 0.08046875 0.75 0.08046875 0.7319444444444444 0.0765625 0.7236111111111111 0.065625 0.7152777777777778 0.06328125 0.6986111111111111 0.07578125 0.6972222222222222 0.078125 0.6930555555555555 0.08046875 0.6986111111111111 0.0890625 0.6986111111111111 0.09140625 0.6916666666666667 0.09375 0.6916666666666667
2 0.1125 0.38333333333333336 0.12109375 0.39305555555555555 0.12421875 0.4152777777777778 0.1234375 0.42916666666666664 0.11953125 0.4361111111111111 0.11328125 0.42916666666666664 0.10625 0.42777777777777776 0.10546875 0.4027777777777778 0.1078125 0.39305555555555555 0.1125 0.38472222222222224
2 0.10546875 0.6270833333333333 0.0265625 0.07083333333333333
2 0.09296875 0.5291666666666667 0.0953125 0.5319444444444444 0.0953125 0.5486111111111112 0.0921875 0.575 0.090625 0.5833333333333334 0.08515625 0.5902777777777778 0.0796875 0.5888888888888889 0.075 0.5680555555555555 0.07734375 0.5319444444444444 0.08125 0.5277777777777778 0.0921875 0.5291666666666667
2 0.99921875 0.37222222222222223 0.99921875 0.4013888888888889 0.9890625 0.4083333333333333 0.9828125 0.40694444444444444 0.9828125 0.3875 0.99296875 0.37222222222222223 0.9984375 0.37222222222222223
2 0.69375 0.6125 0.69765625 0.6152777777777778 0.70078125 0.6222222222222222 0.703125 0.6402777777777777 0.703125 0.65 0.69453125 0.6527777777777778 0.6671875 0.6527777777777778 0.665625 0.65 0.665625 0.6291666666666667 0.66796875 0.6138888888888889 0.68046875 0.6166666666666667 0.69296875 0.6125
2 0.41484375 0.4736111111111111 0.42109375 0.47638888888888886 0.42421875 0.4861111111111111 0.42421875 0.4986111111111111 0.4203125 0.525 0.41875 0.5319444444444444 0.41640625 0.5333333333333333 0.41328125 0.5319444444444444 0.41015625 0.5111111111111111 0.40625 0.5 0.40625 0.48194444444444445 0.4078125 0.47638888888888886 0.4140625 0.4736111111111111
2 0.70625 0.5944444444444444 0.7140625 0.5944444444444444 0.72578125 0.6069444444444444 0.72734375 0.65 0.72734375 0.6611111111111111 0.725 0.6666666666666666 0.7203125 0.6680555555555555 0.71328125 0.6611111111111111 0.70625 0.6486111111111111 0.70390625 0.6263888888888889 0.70625 0.5958333333333333
1 0.296875 0.3125 0.30234375 0.3277777777777778 0.30078125 0.33055555555555555 0.28671875 0.33194444444444443 0.27890625 0.3472222222222222 0.2671875 0.3486111111111111 0.26328125 0.3486111111111111 0.26171875 0.34444444444444444 0.27265625 0.30972222222222223 0.29296875 0.30972222222222223 0.29609375 0.3125
1 0.26484375 0.5194444444444445 0.27265625 0.5236111111111111 0.27578125 0.5291666666666667 0.284375 0.5625 0.29375 0.5708333333333333 0.29296875 0.5777777777777777 0.2875 0.5861111111111111 0.2875 0.5916666666666667 0.2859375 0.5930555555555556 0.24453125 0.5902777777777778 0.23515625 0.5944444444444444 0.225 0.6083333333333333 0.2203125 0.6305555555555555 0.2203125 0.6416666666666667 0.2171875 0.6513888888888889 0.2140625 0.6430555555555556 0.2109375 0.5972222222222222 0.20546875 0.5861111111111111 0.20390625 0.575 0.21328125 0.5625 0.215625 0.5458333333333333 0.221875 0.5277777777777778 0.23046875 0.5222222222222223 0.2640625 0.5194444444444445
1 0.4875 0.25416666666666665 0.49375 0.2569444444444444 0.49609375 0.2611111111111111 0.496875 0.26944444444444443 0.49140625 0.2972222222222222 0.48671875 0.30416666666666664 0.47265625 0.30277777777777776 0.46875 0.29583333333333334 0.471875 0.25833333333333336 0.48046875 0.25277777777777777 0.48671875 0.25416666666666665
1 0.38984375 0.5111111111111111 0.4015625 0.5152777777777777 0.41796875 0.55 0.425 0.55 0.425 0.5569444444444445 0.41953125 0.5652777777777778 0.425 0.5875 0.4234375 0.6013888888888889 0.41953125 0.6055555555555555 0.4015625 0.6069444444444444 0.3859375 0.6138888888888889 0.37421875 0.6291666666666667 0.36875 0.6444444444444445 0.3609375 0.6541666666666667 0.3546875 0.6513888888888889 0.35390625 0.6375 0.3515625 0.6333333333333333 0.3453125 0.6333333333333333 0.34375 0.6305555555555555 0.34140625 0.5569444444444445 0.34765625 0.5291666666666667 0.353125 0.5180555555555556 0.359375 0.5138888888888888 0.36640625 0.5111111111111111 0.3890625 0.5125
1 0.15 0.3125 0.16796875 0.3194444444444444 0.1734375 0.3263888888888889 0.17578125 0.3347222222222222 0.17421875 0.3736111111111111 0.17265625 0.3763888888888889 0.16171875 0.37777777777777777 0.1328125 0.3736111111111111 0.1234375 0.3611111111111111 0.11171875 0.3625 0.109375 0.35694444444444445 0.1046875 0.36666666666666664 0.0984375 0.36666666666666664 0.096875 0.3638888888888889 0.0953125 0.3486111111111111 0.09609375 0.3347222222222222 0.10390625 0.31527777777777777 0.115625 0.30972222222222223 0.14921875 0.3125
1 0.451953125 0.3576388888888889 0.02421875 0.08194444444444444
1 0.44375 0.26805555555555555 0.453125 0.275 0.4609375 0.28888888888888886 0.4609375 0.29305555555555557 0.43984375 0.2902777777777778 0.43046875 0.3 0.425 0.3125 0.428125 0.2763888888888889 0.43203125 0.2708333333333333 0.44296875 0.26805555555555555
1 0.6796875 0.5 0.69375 0.5083333333333333 0.69765625 0.5222222222222223 0.703125 0.5319444444444444 0.709375 0.5347222222222222 0.7125 0.5402777777777777 0.70859375 0.5430555555555555 0.70859375 0.55 0.7109375 0.5527777777777778 0.71484375 0.5680555555555555 0.71640625 0.5875 0.7140625 0.5916666666666667 0.70546875 0.5930555555555556 0.70234375 0.6013888888888889 0.69140625 0.5833333333333334 0.6875 0.5680555555555555 0.68125 0.5569444444444445 0.678125 0.5555555555555556 0.67421875 0.5708333333333333 0.66796875 0.5819444444444445 0.66484375 0.6111111111111112 0.65625 0.6125 0.64921875 0.6194444444444445 0.64375 0.6180555555555556 0.63515625 0.5972222222222222 0.62578125 0.5916666666666667 0.62421875 0.5486111111111112 0.6265625 0.5291666666666667 0.63515625 0.5041666666666667 0.63984375 0.4986111111111111 0.66484375 0.49722222222222223 0.67890625 0.5
1 0.428125 0.24166666666666667 0.434375 0.24305555555555555 0.4375 0.24722222222222223 0.4375 0.2611111111111111 0.42109375 0.2625 0.41171875 0.2972222222222222 0.4078125 0.2916666666666667 0.40859375 0.2513888888888889 0.415625 0.24305555555555555 0.42734375 0.24166666666666667
1 0.4296875 0.37777777777777777 0.4390625 0.3902777777777778 0.44453125 0.40694444444444444 0.43671875 0.44305555555555554 0.42265625 0.44583333333333336 0.41796875 0.44305555555555554 0.415625 0.4375 0.40234375 0.44305555555555554 0.396875 0.4388888888888889 0.39609375 0.39305555555555555 0.3984375 0.3875 0.39765625 0.38333333333333336 0.403125 0.37777777777777777 0.42890625 0.37777777777777777
1 0.76328125 0.8027777777777778 0.77890625 0.8069444444444445 0.79453125 0.8180555555555555 0.80703125 0.8388888888888889 0.82734375 0.8930555555555556 0.8328125 0.8847222222222222 0.84140625 0.8861111111111111 0.84375 0.8902777777777777 0.84453125 0.9 0.8421875 0.9055555555555556 0.8359375 0.9111111111111111 0.8390625 0.9166666666666666 0.83984375 0.925 0.8296875 0.9430555555555555 0.82890625 0.9611111111111111 0.82109375 0.9680555555555556 0.815625 0.9777777777777777 0.8125 0.9847222222222223 0.81171875 0.9930555555555556 0.80390625 0.9944444444444445 0.79609375 0.9916666666666667 0.79375 0.9944444444444445 0.75859375 0.9958333333333333 0.725 0.9944444444444445 0.72578125 0.9902777777777778 0.7234375 0.9875 0.73046875 0.9805555555555555 0.7203125 0.9736111111111111 0.71328125 0.9736111111111111 0.7109375 0.9777777777777777 0.7125 0.9916666666666667 0.70390625 0.9958333333333333 0.69609375 0.9944444444444445 0.68203125 0.9694444444444444 0.67265625 0.9597222222222223 0.6609375 0.9555555555555556 0.6578125 0.95 0.65234375 0.8861111111111111 0.65703125 0.8388888888888889 0.6640625 0.825 0.67578125 0.8319444444444445 0.6875 0.8125 0.7015625 0.8055555555555556 0.7625 0.8027777777777778
1 0.7328125 0.45555555555555555 0.76015625 0.45555555555555555 0.77109375 0.4597222222222222 0.78828125 0.4722222222222222 0.8 0.49444444444444446 0.8015625 0.5041666666666667 0.79453125 0.5097222222222222 0.79140625 0.5166666666666667 0.78828125 0.5291666666666667 0.78671875 0.5472222222222223 0.76484375 0.5472222222222223 0.76015625 0.5402777777777777 0.76015625 0.525 0.75859375 0.5222222222222223 0.74921875 0.5263888888888889 0.74609375 0.5319444444444444 0.74453125 0.5597222222222222 0.740625 0.5763888888888888 0.73515625 0.5819444444444445 0.72734375 0.5833333333333334 0.72265625 0.5833333333333334 0.71953125 0.5777777777777777 0.71484375 0.5375 0.71171875 0.5305555555555556 0.71171875 0.5152777777777777 0.71640625 0.49027777777777776 0.71796875 0.4638888888888889 0.72265625 0.4583333333333333 0.73203125 0.45555555555555555
1 0.35859375 0.41805555555555557 0.3625 0.4236111111111111 0.36953125 0.44583333333333336 0.36640625 0.45 0.34375 0.45416666666666666 0.33359375 0.48194444444444445 0.3328125 0.5083333333333333 0.3171875 0.5194444444444445 0.3109375 0.5083333333333333 0.30859375 0.4736111111111111 0.30859375 0.4486111111111111 0.3171875 0.4222222222222222 0.32421875 0.4166666666666667 0.33515625 0.4152777777777778 0.35390625 0.41388888888888886 0.3578125 0.41805555555555557
1 0.375 0.8180555555555555 0.384375 0.8347222222222223 0.3953125 0.8638888888888889 0.40546875 0.9055555555555556 0.40859375 0.9097222222222222 0.4140625 0.9041666666666667 0.4234375 0.9027777777777778 0.42890625 0.9097222222222222 0.42890625 0.9180555555555555 0.4125 0.9319444444444445 0.4125 0.9388888888888889 0.41640625 0.9472222222222222 0.4171875 0.9541666666666667 0.4125 0.9597222222222223 0.40546875 0.9611111111111111 0.4046875 0.9666666666666667 0.4015625 0.9666666666666667 0.403125 0.9638888888888889 0.4015625 0.9611111111111111 0.39296875 0.9611111111111111 0.35234375 0.9708333333333333 0.34375 0.9763888888888889 0.3390625 0.9847222222222223 0.3375 0.9944444444444445 0.328125 0.9986111111111111 0.3171875 0.9986111111111111 0.31484375 0.9958333333333333 0.31015625 0.9986111111111111 0.3078125 0.9958333333333333 0.30390625 0.9986111111111111 0.296875 0.9986111111111111 0.2953125 0.9958333333333333 0.2828125 0.9986111111111111 0.2734375 0.9944444444444445 0.2703125 0.9652777777777778 0.2703125 0.925 0.27421875 0.9097222222222222 0.27578125 0.8847222222222222 0.284375 0.8652777777777778 0.2921875 0.8277777777777777 0.29609375 0.8236111111111111 0.31171875 0.8166666666666667 0.3359375 0.8180555555555555 0.34921875 0.8138888888888889 0.3640625 0.8138888888888889 0.37421875 0.8180555555555555
1 0.50234375 0.27361111111111114 0.50390625 0.275 0.5 0.2777777777777778 0.5 0.28055555555555556 0.51796875 0.2875 0.52265625 0.29583333333333334 0.51875 0.32222222222222224 0.515625 0.3263888888888889 0.490625 0.3138888888888889 0.48984375 0.3013888888888889 0.49453125 0.2847222222222222 0.5015625 0.27361111111111114
1 0.02578125 0.3055555555555556 0.03125 0.3111111111111111 0.0390625 0.30694444444444446 0.0546875 0.30833333333333335 0.0796875 0.3263888888888889 0.09140625 0.3277777777777778 0.09453125 0.33611111111111114 0.09453125 0.3527777777777778 0.09140625 0.3611111111111111 0.084375 0.36666666666666664 0.0671875 0.36666666666666664 0.06484375 0.3638888888888889 0.04140625 0.3611111111111111 0.0359375 0.3527777777777778 0.0328125 0.3333333333333333 0.03046875 0.3333333333333333 0.02890625 0.3416666666666667 0.0265625 0.34444444444444444 0.00859375 0.3416666666666667 0.00390625 0.3375 0 0.3333333333333333 0 0.30972222222222223 0.01015625 0.3055555555555556 0.025 0.3055555555555556
1 0.3078125 0.33055555555555555 0.31796875 0.3388888888888889 0.32734375 0.3541666666666667 0.325 0.3625 0.32734375 0.4111111111111111 0.321875 0.4166666666666667 0.31796875 0.41388888888888886 0.31640625 0.4 0.31328125 0.39166666666666666 0.31328125 0.3763888888888889 0.30390625 0.3527777777777778 0.2953125 0.3472222222222222 0.28125 0.3458333333333333 0.2828125 0.33611111111111114 0.2859375 0.33194444444444443 0.30703125 0.33055555555555555
1 0.24765625 0.48194444444444445 0.2578125 0.48194444444444445 0.26484375 0.5 0.26875 0.5180555555555556 0.23828125 0.5194444444444445 0.22578125 0.5236111111111111 0.21875 0.5347222222222222 0.21328125 0.5638888888888889 0.21015625 0.5694444444444444 0.20546875 0.5708333333333333 0.203125 0.5208333333333334 0.20859375 0.49444444444444446 0.21328125 0.4888888888888889 0.22265625 0.4847222222222222 0.246875 0.48333333333333334
1 0.38671875 0.45 0.39921875 0.46805555555555556 0.40234375 0.4930555555555556 0.41015625 0.5138888888888888 0.409375 0.5208333333333334 0.40703125 0.5222222222222223 0.40234375 0.5152777777777777 0.39453125 0.5111111111111111 0.365625 0.5097222222222222 0.35546875 0.5138888888888888 0.34375 0.5388888888888889 0.33984375 0.5638888888888889 0.33671875 0.5638888888888889 0.334375 0.5583333333333333 0.33203125 0.5111111111111111 0.334375 0.47638888888888886 0.3390625 0.46944444444444444 0.34140625 0.4583333333333333 0.35078125 0.4513888888888889 0.3859375 0.45
1 0.351171875 0.24722222222222223 0.02578125 0.044444444444444446
1 0.38515625 0.2652777777777778 0.3921875 0.2763888888888889 0.39453125 0.2916666666666667 0.375 0.29305555555555557 0.36796875 0.3 0.365625 0.3 0.3640625 0.29583333333333334 0.365625 0.26944444444444443 0.3703125 0.2638888888888889 0.384375 0.2652777777777778
1 0.7140625 0.25972222222222224 0.72109375 0.2638888888888889 0.72578125 0.2763888888888889 0.72421875 0.28888888888888886 0.71953125 0.2972222222222222 0.70859375 0.2972222222222222 0.6984375 0.29305555555555557 0.7015625 0.2652777777777778 0.70546875 0.2611111111111111 0.71328125 0.25972222222222224
1 0.2328125 0.275 0.2328125 0.2652777777777778 0.2359375 0.25972222222222224 0.25859375 0.25972222222222224 0.2640625 0.2722222222222222 0.26328125 0.30694444444444446 0.26171875 0.3138888888888889 0.2515625 0.3138888888888889 0.24765625 0.30972222222222223 0.246875 0.30416666666666664 0.24921875 0.3 0.246875 0.2861111111111111 0.2421875 0.2791666666666667 0.23359375 0.275
1 0.69921875 0.6541666666666667 0.71015625 0.6583333333333333 0.725 0.6777777777777778 0.7375 0.7013888888888888 0.7421875 0.7027777777777777 0.7421875 0.7166666666666667 0.759375 0.7527777777777778 0.76328125 0.7833333333333333 0.75859375 0.8 0.70234375 0.8013888888888889 0.68046875 0.8055555555555556 0.66953125 0.8138888888888889 0.6640625 0.8138888888888889 0.6609375 0.8083333333333333 0.6578125 0.7861111111111111 0.64375 0.7763888888888889 0.6296875 0.7763888888888889 0.6265625 0.7722222222222223 0.625 0.7638888888888888 0.62578125 0.7 0.6296875 0.6819444444444445 0.64921875 0.6583333333333333 0.66953125 0.6541666666666667 0.6984375 0.6541666666666667
1 0.284375 0.2861111111111111 0.2875 0.26805555555555555 0.29375 0.2638888888888889 0.3109375 0.2652777777777778 0.3171875 0.2833333333333333 0.3171875 0.29305555555555557 0.28828125 0.28888888888888886 0.28515625 0.2861111111111111
1 0.3671875 0.31805555555555554 0.36953125 0.31666666666666665 0.37265625 0.32222222222222224 0.37734375 0.3236111111111111 0.39375 0.3236111111111111 0.39296875 0.3277777777777778 0.38828125 0.33194444444444443 0.38046875 0.3527777777777778 0.37734375 0.3888888888888889 0.3703125 0.3875 0.36484375 0.39166666666666666 0.35859375 0.39166666666666666 0.35703125 0.3888888888888889 0.3578125 0.3680555555555556 0.35625 0.3472222222222222 0.36171875 0.3277777777777778 0.3671875 0.3194444444444444
1 0.80546875 0.5708333333333333 0.8203125 0.5847222222222223 0.8296875 0.6055555555555555 0.83046875 0.6125 0.83671875 0.6236111111111111 0.8359375 0.6527777777777778 0.83046875 0.6597222222222222 0.82578125 0.6777777777777778 0.825 0.7041666666666667 0.821875 0.7083333333333334 0.78125 0.7055555555555556 0.771875 0.7125 0.7671875 0.7125 0.76171875 0.7069444444444445 0.75625 0.6888888888888889 0.7375 0.6819444444444445 0.72890625 0.6736111111111112 0.7296875 0.6138888888888889 0.74453125 0.5736111111111111 0.74765625 0.5694444444444444 0.79765625 0.5666666666666667 0.8046875 0.5708333333333333
1 0.5015625 0.26805555555555555 0.5171875 0.2708333333333333 0.52265625 0.275 0.52578125 0.2833333333333333 0.52578125 0.2916666666666667 0.521875 0.2986111111111111 0.51171875 0.2916666666666667 0.5015625 0.2902777777777778 0.496875 0.29305555555555557 0.4953125 0.2902777777777778 0.49609375 0.28055555555555556 0.50078125 0.26944444444444443
1 0.59453125 0.525 0.60625 0.5444444444444444 0.621875 0.5902777777777778 0.621875 0.6111111111111112 0.61953125 0.6319444444444444 0.6171875 0.6347222222222222 0.59765625 0.6319444444444444 0.56328125 0.6333333333333333 0.55859375 0.6361111111111111 0.55234375 0.6361111111111111 0.54609375 0.6208333333333333 0.53984375 0.6152777777777778 0.53515625 0.6152777777777778 0.5328125 0.6083333333333333 0.53125 0.5611111111111111 0.534375 0.5444444444444444 0.54375 0.5263888888888889 0.55234375 0.5194444444444445 0.5796875 0.5194444444444445 0.59375 0.525
1 0.2515625 0.5902777777777778 0.25625 0.5930555555555556 0.2828125 0.5930555555555556 0.28671875 0.5958333333333333 0.29609375 0.6166666666666667 0.3015625 0.6388888888888888 0.30625 0.6458333333333334 0.31328125 0.6458333333333334 0.31484375 0.6527777777777778 0.3078125 0.6625 0.30859375 0.6819444444444445 0.30703125 0.6847222222222222 0.28125 0.6791666666666667 0.27265625 0.6847222222222222 0.25703125 0.6819444444444445 0.24765625 0.6861111111111111 0.23515625 0.7208333333333333 0.23125 0.7444444444444445 0.22734375 0.75 0.22421875 0.75 0.2171875 0.7333333333333333 0.2140625 0.6555555555555556 0.21953125 0.6472222222222223 0.2203125 0.6333333333333333 0.21875 0.6291666666666667 0.22109375 0.6194444444444445 0.22890625 0.6027777777777777 0.23671875 0.5930555555555556 0.25078125 0.5902777777777778
1 0.38125 0.28888888888888886 0.39375 0.2902777777777778 0.4 0.30694444444444446 0.4046875 0.3125 0.40390625 0.3236111111111111 0.39921875 0.3263888888888889 0.365625 0.32222222222222224 0.3640625 0.3138888888888889 0.3671875 0.2986111111111111 0.3765625 0.28888888888888886 0.38046875 0.28888888888888886
1 0.44375 0.28888888888888886 0.45859375 0.29444444444444445 0.46171875 0.3 0.46328125 0.3111111111111111 0.459375 0.32083333333333336 0.4484375 0.32222222222222224 0.44453125 0.33055555555555555 0.44140625 0.3486111111111111 0.4390625 0.35138888888888886 0.43203125 0.35138888888888886 0.428125 0.3458333333333333 0.425 0.31666666666666665 0.43515625 0.2916666666666667 0.44296875 0.28888888888888886
1 0.23515625 0.275 0.25625 0.2861111111111111 0.25625 0.29305555555555557 0.25390625 0.2972222222222222 0.25546875 0.30694444444444446 0.24921875 0.3111111111111111 0.2359375 0.29444444444444445 0.22265625 0.29305555555555557 0.21796875 0.30277777777777776 0.20625 0.30277777777777776 0.2078125 0.29583333333333334 0.2140625 0.29444444444444445 0.22265625 0.2763888888888889 0.234375 0.275
1 0.47265625 0.23472222222222222 0.47734375 0.2388888888888889 0.4796875 0.24583333333333332 0.47265625 0.25416666666666665 0.4703125 0.2611111111111111 0.4671875 0.25277777777777777 0.4578125 0.24861111111111112 0.45703125 0.24305555555555555 0.4625 0.2361111111111111 0.471875 0.23472222222222222
1 0.2375 0.29444444444444445 0.24609375 0.3055555555555556 0.25234375 0.3263888888888889 0.253125 0.3680555555555556 0.2515625 0.375 0.24609375 0.3763888888888889 0.23671875 0.3736111111111111 0.2359375 0.35555555555555557 0.23359375 0.3486111111111111 0.2328125 0.30972222222222223 0.22890625 0.30416666666666664 0.21640625 0.30277777777777776 0.2171875 0.2972222222222222 0.22109375 0.29444444444444445 0.23671875 0.29444444444444445
1 0.56484375 0.3958333333333333 0.57890625 0.41388888888888886 0.584375 0.42777777777777776 0.58515625 0.4444444444444444 0.57890625 0.4625 0.57421875 0.4930555555555556 0.57109375 0.4986111111111111 0.5578125 0.4986111111111111 0.55390625 0.5027777777777778 0.54453125 0.4861111111111111 0.5375 0.4666666666666667 0.53125 0.45555555555555555 0.52421875 0.4486111111111111 0.5203125 0.4361111111111111 0.52890625 0.39861111111111114 0.5359375 0.39444444444444443 0.5640625 0.3958333333333333
1 0.3015625 0.2902777777777778 0.31015625 0.2916666666666667 0.31640625 0.2972222222222222 0.32109375 0.31527777777777777 0.3203125 0.3333333333333333 0.31796875 0.33611111111111114 0.31171875 0.32916666666666666 0.30078125 0.3263888888888889 0.2984375 0.31666666666666665 0.29296875 0.30972222222222223 0.28125 0.30972222222222223 0.27734375 0.30694444444444446 0.27890625 0.29583333333333334 0.28203125 0.28888888888888886 0.30078125 0.2902777777777778
1 0.43046875 0.25833333333333336 0.4359375 0.25972222222222224 0.4421875 0.2652777777777778 0.4421875 0.26805555555555555 0.4296875 0.2763888888888889 0.4265625 0.2875 0.42734375 0.30277777777777776 0.421875 0.3138888888888889 0.4171875 0.3138888888888889 0.41484375 0.30972222222222223 0.4125 0.2972222222222222 0.41328125 0.2833333333333333 0.4203125 0.2625 0.4296875 0.25833333333333336
1 0.24765625 0.43472222222222223 0.25390625 0.45416666666666666 0.2578125 0.46111111111111114 0.26484375 0.4625 0.26484375 0.46805555555555556 0.25859375 0.4777777777777778 0.2578125 0.4847222222222222 0.2421875 0.48194444444444445 0.22265625 0.48333333333333334 0.21171875 0.4888888888888889 0.20703125 0.49722222222222223 0.20234375 0.5208333333333334 0.20390625 0.5333333333333333 0.203125 0.5555555555555556 0.19765625 0.5541666666666667 0.1953125 0.5472222222222223 0.19296875 0.5111111111111111 0.19375 0.48055555555555557 0.1890625 0.4666666666666667 0.19609375 0.4388888888888889 0.1984375 0.43472222222222223 0.209375 0.4305555555555556 0.23984375 0.4305555555555556 0.246875 0.43472222222222223
1 0.73828125 0.27361111111111114 0.746875 0.28194444444444444 0.75078125 0.29583333333333334 0.75078125 0.30972222222222223 0.746875 0.32083333333333336 0.73828125 0.325 0.728125 0.325 0.721875 0.30694444444444446 0.721875 0.29583333333333334 0.72734375 0.28194444444444444 0.73203125 0.275 0.7375 0.27361111111111114
1 0.47890625 0.4097222222222222 0.49453125 0.42777777777777776 0.496875 0.43472222222222223 0.48203125 0.4388888888888889 0.47890625 0.44305555555555554 0.471875 0.4708333333333333 0.46875 0.5125 0.46640625 0.5166666666666667 0.45859375 0.5194444444444445 0.45625 0.525 0.45234375 0.525 0.44921875 0.5166666666666667 0.4421875 0.5152777777777777 0.4390625 0.5069444444444444 0.43828125 0.44305555555555554 0.44375 0.41388888888888886 0.44921875 0.40694444444444444 0.4734375 0.40694444444444444 0.478125 0.4097222222222222
1 0.43984375 0.9597222222222223 0.4546875 0.9625 0.4609375 0.9666666666666667 0.46796875 0.9763888888888889 0.47265625 0.9875 0.4734375 0.9944444444444445 0.4703125 0.9972222222222222 0.46015625 0.9944444444444445 0.42890625 0.9944444444444445 0.41875 0.9986111111111111 0.39296875 0.9986111111111111 0.3875 0.9944444444444445 0.38203125 0.9986111111111111 0.3390625 0.9986111111111111 0.33828125 0.9875 0.340625 0.9805555555555555 0.35 0.9736111111111111 0.39375 0.9611111111111111 0.40390625 0.9638888888888889 0.41953125 0.9597222222222223 0.4390625 0.9597222222222223
1 0.5265625 0.3736111111111111 0.53515625 0.3902777777777778 0.52734375 0.4 0.52265625 0.425 0.51953125 0.43472222222222223 0.51640625 0.4375 0.496875 0.43472222222222223 0.49609375 0.42916666666666664 0.484375 0.4083333333333333 0.48671875 0.3958333333333333 0.49453125 0.375 0.49921875 0.37222222222222223 0.52578125 0.3736111111111111
1 0.3546875 0.25416666666666665 0.3625 0.26666666666666666 0.3640625 0.28194444444444444 0.359375 0.2916666666666667 0.3484375 0.29305555555555557 0.3375 0.29305555555555557 0.33515625 0.28888888888888886 0.33671875 0.25833333333333336 0.34140625 0.25277777777777777 0.35390625 0.25416666666666665
1 0.8453125 0.5125 0.8671875 0.5222222222222223 0.88359375 0.5347222222222222 0.890625 0.5444444444444444 0.90234375 0.5736111111111111 0.90234375 0.5777777777777777 0.89609375 0.5777777777777777 0.8828125 0.5694444444444444 0.8765625 0.5611111111111111 0.87265625 0.5638888888888889 0.86953125 0.6569444444444444 0.86640625 0.6638888888888889 0.8625 0.6652777777777777 0.8578125 0.6638888888888889 0.85546875 0.6583333333333333 0.85234375 0.6430555555555556 0.85234375 0.6319444444444444 0.84609375 0.6194444444444445 0.834375 0.6152777777777778 0.83359375 0.6083333333333333 0.82890625 0.6027777777777777 0.82578125 0.5916666666666667 0.8171875 0.5791666666666667 0.79140625 0.5611111111111111 0.7875 0.5513888888888889 0.7890625 0.5263888888888889 0.796875 0.5097222222222222 0.8140625 0.5083333333333333 0.84453125 0.5125
1 0.51953125 0.44305555555555554 0.5375 0.46944444444444444 0.55078125 0.5055555555555555 0.55078125 0.5180555555555556 0.5453125 0.5222222222222223 0.53671875 0.5361111111111111 0.5296875 0.5583333333333333 0.50390625 0.5583333333333333 0.49296875 0.5777777777777777 0.4875 0.5777777777777777 0.484375 0.5625 0.48046875 0.5541666666666667 0.47734375 0.5597222222222222 0.4734375 0.5597222222222222 0.4703125 0.5513888888888889 0.46953125 0.5055555555555555 0.4734375 0.4652777777777778 0.47890625 0.45 0.47890625 0.4444444444444444 0.484375 0.4388888888888889 0.51875 0.44305555555555554
1 0.6671875 0.9611111111111111 0.68046875 0.9722222222222222 0.69375 0.9986111111111111 0.63046875 0.9986111111111111 0.628125 0.9958333333333333 0.62265625 0.9986111111111111 0.56484375 0.9986111111111111 0.55859375 0.9958333333333333 0.5578125 0.9916666666666667 0.5609375 0.9875 0.5625 0.9777777777777777 0.5671875 0.9708333333333333 0.5859375 0.9625 0.6265625 0.9583333333333334 0.66171875 0.9583333333333334 0.66640625 0.9611111111111111
1 0.4125 0.33055555555555555 0.421875 0.3388888888888889 0.42890625 0.3736111111111111 0.39765625 0.37777777777777777 0.3953125 0.3819444444444444 0.39453125 0.4083333333333333 0.3921875 0.4152777777777778 0.384375 0.41388888888888886 0.38046875 0.40555555555555556 0.3796875 0.35694444444444445 0.390625 0.33055555555555555 0.41171875 0.33055555555555555
1 0.4359375 0.6083333333333333 0.44609375 0.6208333333333333 0.4578125 0.65 0.4484375 0.6555555555555556 0.42578125 0.6597222222222222 0.4171875 0.6652777777777777 0.4140625 0.6722222222222223 0.4140625 0.6791666666666667 0.415625 0.6847222222222222 0.415625 0.7013888888888888 0.41875 0.7152777777777778 0.41796875 0.7444444444444445 0.41171875 0.7486111111111111 0.4015625 0.7486111111111111 0.39140625 0.7569444444444444 0.3859375 0.7527777777777778 0.38203125 0.7375 0.3734375 0.7208333333333333 0.371875 0.6736111111111112 0.375 0.6319444444444444 0.39140625 0.6125 0.41953125 0.6069444444444444 0.43515625 0.6083333333333333
1 0.0875 0.2611111111111111 0.090625 0.25833333333333336 0.1 0.25972222222222224 0.115625 0.26805555555555555 0.11953125 0.28888888888888886 0.11640625 0.30416666666666664 0.11171875 0.30694444444444446 0.1125 0.29305555555555557 0.11015625 0.2861111111111111 0.1078125 0.2861111111111111 0.10546875 0.2902777777777778 0.10703125 0.30972222222222223 0.09921875 0.31805555555555554 0.0796875 0.31527777777777777 0.07734375 0.3111111111111111 0.07734375 0.2902777777777778 0.08046875 0.2763888888888889 0.0875 0.2625
1 0.46484375 0.25 0.46953125 0.25555555555555554 0.47109375 0.2625 0.4703125 0.28194444444444444 0.4671875 0.2972222222222222 0.46328125 0.29583333333333334 0.45625 0.28194444444444444 0.44453125 0.26666666666666666 0.4453125 0.2569444444444444 0.45078125 0.25 0.4640625 0.25
1 0.2796875 0.6805555555555556 0.30703125 0.6861111111111111 0.31796875 0.7111111111111111 0.3265625 0.7458333333333333 0.328125 0.7486111111111111 0.33359375 0.7458333333333333 0.34140625 0.7472222222222222 0.3421875 0.7597222222222222 0.3328125 0.7666666666666667 0.33125 0.7708333333333334 0.34140625 0.8111111111111111 0.3359375 0.8138888888888889 0.3109375 0.8138888888888889 0.29609375 0.8208333333333333 0.290625 0.8277777777777777 0.28203125 0.8652777777777778 0.27578125 0.8777777777777778 0.25625 0.8833333333333333 0.24453125 0.8972222222222223 0.2375 0.8972222222222223 0.23515625 0.8930555555555556 0.2328125 0.8472222222222222 0.22890625 0.8347222222222223 0.22734375 0.7833333333333333 0.22421875 0.7722222222222223 0.225 0.7611111111111111 0.234375 0.7375 0.23515625 0.7263888888888889 0.24609375 0.6888888888888889 0.25078125 0.6847222222222222 0.27890625 0.6819444444444445
1 0.64296875 0.3972222222222222 0.6515625 0.4041666666666667 0.6546875 0.4152777777777778 0.6546875 0.4236111111111111 0.63984375 0.46111111111111114 0.634375 0.4597222222222222 0.61640625 0.44583333333333336 0.60078125 0.44305555555555554 0.59921875 0.43472222222222223 0.6046875 0.41805555555555557 0.6078125 0.4 0.61171875 0.3958333333333333 0.6421875 0.3972222222222222
1 0.628125 0.45416666666666666 0.63828125 0.4666666666666667 0.64296875 0.4930555555555556 0.63515625 0.5027777777777778 0.634375 0.5097222222222222 0.62890625 0.5194444444444445 0.62421875 0.5388888888888889 0.62265625 0.5569444444444445 0.6203125 0.5583333333333333 0.6140625 0.5569444444444445 0.5953125 0.5236111111111111 0.578125 0.5152777777777777 0.57578125 0.5111111111111111 0.575 0.49583333333333335 0.58046875 0.46111111111111114 0.5828125 0.4527777777777778 0.5875 0.44583333333333336 0.61171875 0.44583333333333336 0.62734375 0.45416666666666666
1 0.67578125 0.425 0.696875 0.43194444444444446 0.71015625 0.44722222222222224 0.715625 0.4597222222222222 0.7171875 0.4791666666666667 0.71484375 0.5013888888888889 0.709375 0.5277777777777778 0.70859375 0.525 0.69921875 0.5208333333333334 0.6953125 0.5097222222222222 0.68828125 0.5013888888888889 0.66015625 0.4930555555555556 0.65 0.4930555555555556 0.646875 0.49166666666666664 0.64375 0.4847222222222222 0.640625 0.4583333333333333 0.64765625 0.43472222222222223 0.65546875 0.425 0.675 0.425
1 0.3234375 0.23333333333333334 0.32734375 0.2361111111111111 0.325 0.24166666666666667 0.334375 0.24583333333333332 0.33671875 0.2513888888888889 0.334375 0.28194444444444444 0.3203125 0.29444444444444445 0.31640625 0.275 0.31875 0.26944444444444443 0.31875 0.24861111111111112 0.32421875 0.24166666666666667 0.3234375 0.23472222222222222
0 0.40078125 0.19583333333333333 0.403125 0.20277777777777778 0.40546875 0.22916666666666666 0.403125 0.24166666666666667 0.4015625 0.2777777777777778 0.39921875 0.28194444444444444 0.39375 0.28055555555555556 0.3875 0.26666666666666666 0.38359375 0.2638888888888889 0.365625 0.2625 0.36328125 0.2222222222222222 0.36484375 0.20416666666666666 0.3703125 0.19583333333333333 0.39140625 0.19305555555555556 0.4 0.19583333333333333