3 0.071875 0.17916666666666667 0.08125 0.18888888888888888 0.0859375 0.2111111111111111 0.0875 0.24722222222222223 0.08046875 0.25833333333333336 0.0625 0.25555555555555554 0.06015625 0.25277777777777777 0.05859375 0.24444444444444444 0.06015625 0.22083333333333333 0.05859375 0.17777777777777778 0.06484375 0.1763888888888889 0.07109375 0.17916666666666667
3 0.94921875 0.8166666666666667 0.96171875 0.825 0.9703125 0.8208333333333333 0.98125 0.8208333333333333 0.9953125 0.8236111111111111 0.99921875 0.8277777777777777 0.99921875 0.9375 0.9953125 0.9416666666666667 0.99921875 0.9458333333333333 0.99921875 0.9736111111111111 0.99296875 0.9833333333333333 0.996875 0.9902777777777778 0.9953125 0.9986111111111111 0.96953125 0.9986111111111111 0.96953125 0.9819444444444444 0.94921875 0.9819444444444444 0.9390625 0.9611111111111111 0.93671875 0.9527777777777777 0.94375 0.95 0.94609375 0.9444444444444444 0.9265625 0.9430555555555555 0.91875 0.9388888888888889 0.89765625 0.9166666666666666 0.884375 0.9125 0.87421875 0.9 0.87265625 0.8833333333333333 0.87890625 0.8527777777777777 0.8828125 0.8430555555555556 0.91953125 0.8402777777777778 0.93046875 0.8236111111111111 0.94140625 0.8166666666666667 0.9484375 0.8166666666666667
3 0.23203125 0.17916666666666667 0.24140625 0.18333333333333332 0.2453125 0.19722222222222222 0.2453125 0.2152777777777778 0.2390625 0.2263888888888889 0.225 0.2152777777777778 0.22109375 0.20694444444444443 0.22109375 0.18194444444444444 0.23125 0.17916666666666667
3 0.1921875 0.18194444444444444 0.203125 0.18611111111111112 0.2078125 0.20277777777777778 0.20390625 0.2125 0.20234375 0.2375 0.196875 0.2388888888888889 0.18984375 0.2388888888888889 0.178125 0.23333333333333334 0.184375 0.18472222222222223 0.1859375 0.18194444444444444 0.19140625 0.18194444444444444
3 0.1921875 0.18194444444444444 0.203125 0.18611111111111112 0.2109375 0.20416666666666666 0.2203125 0.20833333333333334 0.23125 0.22083333333333333 0.23046875 0.2388888888888889 0.221875 0.24444444444444444 0.209375 0.24444444444444444 0.20234375 0.2388888888888889 0.1890625 0.2388888888888889 0.178125 0.23333333333333334 0.184375 0.18611111111111112 0.1859375 0.18194444444444444 0.19140625 0.18194444444444444
2 0.5171875 0.2625 0.51953125 0.2652777777777778 0.5203125 0.27361111111111114 0.5203125 0.2861111111111111 0.51875 0.2902777777777778 0.51484375 0.2902777777777778 0.5109375 0.2833333333333333 0.5109375 0.26666666666666666 0.51484375 0.2611111111111111 0.51640625 0.2625
2 0.85234375 0.6930555555555555 0.8546875 0.7083333333333334 0.8546875 0.7208333333333333 0.853125 0.7236111111111111 0.828125 0.725 0.81796875 0.7291666666666666 0.8140625 0.7263888888888889 0.81328125 0.7152777777777778 0.8171875 0.6972222222222222 0.84140625 0.6902777777777778 0.8515625 0.6930555555555555
2 0.2546875 0.21944444444444444 0.25859375 0.225 0.25859375 0.2388888888888889 0.2546875 0.24444444444444444 0.25078125 0.24444444444444444 0.25 0.24166666666666667 0.24921875 0.22916666666666666 0.25390625 0.22083333333333333
2 0.82421875 0.6361111111111111 0.83203125 0.6402777777777777 0.83203125 0.6555555555555556 0.83125 0.6611111111111111 0.8234375 0.6583333333333333 0.82265625 0.6680555555555555 0.82421875 0.6708333333333333 0.81953125 0.6805555555555556 0.82265625 0.6847222222222222 0.82734375 0.6833333333333333 0.8296875 0.6902777777777778 0.834375 0.6902777777777778 0.8375 0.6847222222222222 0.8484375 0.6805555555555556 0.853125 0.6916666666666667 0.8546875 0.7069444444444445 0.8546875 0.7194444444444444 0.85234375 0.7236111111111111 0.81484375 0.7277777777777777 0.8125 0.7125 0.8125 0.6944444444444444 0.81015625 0.6861111111111111 0.81015625 0.6708333333333333 0.8171875 0.6513888888888889 0.8265625 0.6472222222222223 0.82421875 0.6430555555555556 0.82421875 0.6375
2 0.2609375 0.41805555555555557 0.0171875 0.05277777777777778
2 0.3421875 0.2222222222222222 0.34453125 0.22777777777777777 0.34453125 0.2375 0.3421875 0.24166666666666667 0.33828125 0.2375 0.3359375 0.22361111111111112 0.33828125 0.22083333333333333 0.34140625 0.2222222222222222
2 0.60390625 0.3680555555555556 0.60625 0.375 0.60625 0.39166666666666666 0.60390625 0.4041666666666667 0.60078125 0.4041666666666667 0.59765625 0.39861111111111114 0.59296875 0.3763888888888889 0.5953125 0.36666666666666664 0.603125 0.3680555555555556
1 0.5375 0.30972222222222223 0.55546875 0.31666666666666665 0.56875 0.34444444444444444 0.56796875 0.3486111111111111 0.56328125 0.35138888888888886 0.54296875 0.3541666666666667 0.5234375 0.35138888888888886 0.51796875 0.34444444444444444 0.51953125 0.32916666666666666 0.5265625 0.31666666666666665 0.53671875 0.30972222222222223
1 0.4984375 0.275 0.50625 0.2791666666666667 0.509375 0.2861111111111111 0.51015625 0.29444444444444445 0.50625 0.3013888888888889 0.49765625 0.3013888888888889 0.4921875 0.3055555555555556 0.48828125 0.3138888888888889 0.4875 0.325 0.48359375 0.33055555555555555 0.478125 0.32916666666666666 0.4765625 0.325 0.475 0.29583333333333334 0.48203125 0.2777777777777778 0.4859375 0.275 0.49765625 0.275
1 0.5 0.3527777777777778 0.503125 0.35555555555555557 0.503125 0.3625 0.4984375 0.39166666666666666 0.4984375 0.40694444444444444 0.496875 0.4097222222222222 0.48671875 0.4083333333333333 0.48359375 0.4041666666666667 0.4828125 0.38333333333333336 0.484375 0.38055555555555554 0.48515625 0.3541666666666667 0.48671875 0.35138888888888886 0.49921875 0.3527777777777778
1 0.459375 0.3111111111111111 0.47265625 0.31805555555555554 0.478125 0.3416666666666667 0.46796875 0.35 0.46171875 0.36944444444444446 0.45546875 0.3763888888888889 0.4421875 0.375 0.43828125 0.37083333333333335 0.43515625 0.3611111111111111 0.43515625 0.3347222222222222 0.43984375 0.32916666666666666 0.44296875 0.3194444444444444 0.45859375 0.3125
1 0.6328125 0.39861111111111114 0.65625 0.4 0.665625 0.4041666666666667 0.6703125 0.4097222222222222 0.67578125 0.41944444444444445 0.6796875 0.43333333333333335 0.67109375 0.4583333333333333 0.66171875 0.45416666666666666 0.62578125 0.4527777777777778 0.609375 0.4486111111111111 0.61171875 0.44027777777777777 0.61171875 0.4236111111111111 0.61796875 0.40694444444444444 0.621875 0.4013888888888889 0.63203125 0.39861111111111114
1 0.38125 0.25277777777777777 0.3890625 0.25833333333333336 0.38984375 0.26666666666666666 0.38828125 0.2708333333333333 0.3625 0.2708333333333333 0.36796875 0.25555555555555554 0.38046875 0.25277777777777777
1 0.35234375 0.4013888888888889 0.38046875 0.4041666666666667 0.3875 0.4166666666666667 0.39375 0.44027777777777777 0.3984375 0.45 0.3578125 0.45555555555555555 0.35 0.46944444444444444 0.3453125 0.4888888888888889 0.34765625 0.49722222222222223 0.3453125 0.4986111111111111 0.3375 0.49722222222222223 0.33515625 0.49166666666666664 0.33515625 0.4375 0.34296875 0.40694444444444444 0.3515625 0.4013888888888889
1 0.42578125 0.38055555555555554 0.440625 0.4013888888888889 0.440625 0.40694444444444444 0.43828125 0.4111111111111111 0.440625 0.4444444444444444 0.43671875 0.4527777777777778 0.434375 0.4527777777777778 0.43125 0.44722222222222224 0.428125 0.42916666666666664 0.4140625 0.40555555555555556 0.3921875 0.3875 0.3984375 0.3763888888888889 0.41640625 0.3763888888888889 0.425 0.38055555555555554
1 0.88125 0.7236111111111111 0.90234375 0.7333333333333333 0.91328125 0.7472222222222222 0.93671875 0.7972222222222223 0.9453125 0.8097222222222222 0.94609375 0.8152777777777778 0.9296875 0.8236111111111111 0.92109375 0.8388888888888889 0.890625 0.8388888888888889 0.8828125 0.8416666666666667 0.87734375 0.8569444444444444 0.87734375 0.8638888888888889 0.87109375 0.8888888888888888 0.87265625 0.8972222222222223 0.85703125 0.8972222222222223 0.846875 0.9027777777777778 0.8421875 0.9027777777777778 0.83828125 0.8972222222222223 0.83671875 0.8847222222222222 0.8296875 0.8736111111111111 0.82734375 0.8652777777777778 0.8140625 0.8541666666666666 0.80078125 0.8125 0.7921875 0.7958333333333333 0.79140625 0.7861111111111111 0.79453125 0.7736111111111111 0.79375 0.7527777777777778 0.81171875 0.7333333333333333 0.8265625 0.7263888888888889 0.88046875 0.7236111111111111
1 0.41640625 0.2222222222222222 0.42265625 0.225 0.425 0.23055555555555557 0.425 0.24444444444444444 0.41875 0.25555555555555554 0.4078125 0.25555555555555554 0.40546875 0.2513888888888889 0.4046875 0.2375 0.40703125 0.22777777777777777 0.4109375 0.2222222222222222 0.415625 0.2222222222222222
1 0.203125 0.4027777777777778 0.21171875 0.40555555555555556 0.21953125 0.4041666666666667 0.2265625 0.4111111111111111 0.2296875 0.42083333333333334 0.228125 0.4236111111111111 0.2078125 0.425 0.203125 0.43194444444444446 0.19453125 0.45694444444444443 0.19296875 0.4708333333333333 0.19453125 0.49444444444444446 0.1890625 0.5083333333333333 0.18515625 0.5055555555555555 0.18203125 0.49444444444444446 0.18046875 0.4527777777777778 0.178125 0.44166666666666665 0.18359375 0.43333333333333335 0.1890625 0.4097222222222222 0.19921875 0.4013888888888889 0.20234375 0.4027777777777778
1 0.75625 0.7569444444444444 0.77265625 0.775 0.7828125 0.7916666666666666 0.7953125 0.8041666666666667 0.81328125 0.8583333333333333 0.82109375 0.8902777777777777 0.82890625 0.9027777777777778 0.82890625 0.9083333333333333 0.825 0.9138888888888889 0.809375 0.9194444444444444 0.80546875 0.925 0.80390625 0.9375 0.80078125 0.9458333333333333 0.78984375 0.9597222222222223 0.79453125 0.9666666666666667 0.79453125 0.9763888888888889 0.78984375 0.9875 0.77734375 0.9930555555555556 0.759375 0.9944444444444445 0.7265625 0.9916666666666667 0.72734375 0.9708333333333333 0.7390625 0.9625 0.73203125 0.9569444444444445 0.7296875 0.9402777777777778 0.72109375 0.9388888888888889 0.715625 0.9319444444444445 0.7140625 0.9041666666666667 0.709375 0.8986111111111111 0.70625 0.8972222222222223 0.703125 0.9013888888888889 0.703125 0.9111111111111111 0.70078125 0.9152777777777777 0.70078125 0.9291666666666667 0.6984375 0.9347222222222222 0.6921875 0.9416666666666667 0.68671875 0.9416666666666667 0.68515625 0.9472222222222222 0.68203125 0.9472222222222222 0.6796875 0.9527777777777777 0.67109375 0.9513888888888888 0.6734375 0.9375 0.66796875 0.8527777777777777 0.6703125 0.825 0.68046875 0.7875 0.68125 0.7736111111111111 0.68515625 0.7625 0.69375 0.7583333333333333 0.71796875 0.7555555555555555 0.75546875 0.7569444444444444
1 0.32421875 0.2569444444444444 0.32890625 0.2708333333333333 0.328125 0.28194444444444444 0.31796875 0.28888888888888886 0.3140625 0.3013888888888889 0.31015625 0.30694444444444446 0.30546875 0.30833333333333335 0.30078125 0.30416666666666664 0.296875 0.28194444444444444 0.30234375 0.2611111111111111 0.30703125 0.25555555555555554 0.3171875 0.25416666666666665 0.3234375 0.2569444444444444
1 0.3921875 0.29444444444444445 0.39453125 0.29583333333333334 0.38671875 0.30416666666666664 0.38203125 0.3236111111111111 0.3796875 0.34305555555555556 0.38046875 0.36944444444444446 0.37578125 0.35694444444444445 0.3703125 0.3527777777777778 0.36875 0.32083333333333336 0.3765625 0.2972222222222222 0.39140625 0.29444444444444445
1 0.09296875 0.25833333333333336 0.11796875 0.26944444444444443 0.1203125 0.2833333333333333 0.11953125 0.3111111111111111 0.11640625 0.32083333333333336 0.11328125 0.3236111111111111 0.09375 0.3138888888888889 0.08671875 0.31666666666666665 0.078125 0.3138888888888889 0.07890625 0.2861111111111111 0.0875 0.2638888888888889 0.0921875 0.25833333333333336
1 0.9296875 0.6305555555555555 0.96953125 0.6375 0.99921875 0.6555555555555556 0.99921875 0.8194444444444444 0.9734375 0.8166666666666667 0.96015625 0.8194444444444444 0.95546875 0.8166666666666667 0.94609375 0.8 0.946875 0.7847222222222222 0.9453125 0.7819444444444444 0.93125 0.7722222222222223 0.9078125 0.7361111111111112 0.89296875 0.7236111111111111 0.8890625 0.7166666666666667 0.88984375 0.6930555555555555 0.90234375 0.6458333333333334 0.91328125 0.6347222222222222 0.92890625 0.6305555555555555
1 0.359375 0.5097222222222222 0.3671875 0.5333333333333333 0.3734375 0.5666666666666667 0.3734375 0.5930555555555556 0.37578125 0.6069444444444444 0.3765625 0.6375 0.37265625 0.6472222222222223 0.365625 0.6430555555555556 0.359375 0.6319444444444444 0.3515625 0.6319444444444444 0.33515625 0.6388888888888888 0.30703125 0.6388888888888888 0.30234375 0.6305555555555555 0.29921875 0.6166666666666667 0.29921875 0.5666666666666667 0.29296875 0.5569444444444445 0.3 0.5486111111111112 0.303125 0.5263888888888889 0.30703125 0.5125 0.31171875 0.5069444444444444 0.3515625 0.5027777777777778 0.35546875 0.5041666666666667 0.35859375 0.5097222222222222
1 0.48828125 0.4097222222222222 0.4984375 0.4166666666666667 0.509375 0.44583333333333336 0.5140625 0.47638888888888886 0.5140625 0.5027777777777778 0.51171875 0.5111111111111111 0.50859375 0.5111111111111111 0.50078125 0.5027777777777778 0.46953125 0.5013888888888889 0.46015625 0.4847222222222222 0.45 0.47638888888888886 0.446875 0.46944444444444444 0.45 0.42916666666666664 0.45703125 0.41388888888888886 0.46484375 0.4097222222222222 0.4875 0.4097222222222222
1 0.43984375 0.5277777777777778 0.44609375 0.5291666666666667 0.45625 0.5430555555555555 0.46796875 0.5652777777777778 0.471875 0.5791666666666667 0.48359375 0.5916666666666667 0.478125 0.6 0.484375 0.6263888888888889 0.48359375 0.6555555555555556 0.48046875 0.6555555555555556 0.47109375 0.6458333333333334 0.43046875 0.6472222222222223 0.41796875 0.6541666666666667 0.39765625 0.6527777777777778 0.39296875 0.6472222222222223 0.3875 0.6055555555555555 0.38671875 0.5680555555555555 0.39140625 0.5625 0.3953125 0.5472222222222223 0.40234375 0.5430555555555555 0.40390625 0.5375 0.41171875 0.5375 0.4125 0.5319444444444444 0.4234375 0.5319444444444444 0.425 0.5291666666666667 0.425 0.5347222222222222 0.421875 0.5333333333333333 0.42109375 0.5375 0.4328125 0.5402777777777777 0.43515625 0.5333333333333333 0.42890625 0.5291666666666667 0.4390625 0.5277777777777778
1 0.66015625 0.7263888888888889 0.678125 0.7319444444444444 0.69296875 0.7513888888888889 0.6921875 0.7569444444444444 0.6875 0.7583333333333333 0.68046875 0.7708333333333334 0.67890625 0.7861111111111111 0.66796875 0.8319444444444445 0.66875 0.9111111111111111 0.6328125 0.9111111111111111 0.62578125 0.9166666666666666 0.621875 0.9166666666666666 0.61875 0.9125 0.6125 0.8847222222222222 0.60859375 0.8833333333333333 0.60234375 0.8736111111111111 0.59140625 0.8694444444444445 0.58671875 0.8555555555555555 0.5875 0.8472222222222222 0.584375 0.8291666666666667 0.58359375 0.8111111111111111 0.58671875 0.775 0.590625 0.7625 0.60546875 0.7361111111111112 0.63671875 0.7263888888888889 0.659375 0.7263888888888889
1 0.3515625 0.2847222222222222 0.35625 0.29444444444444445 0.3578125 0.31666666666666665 0.35703125 0.35138888888888886 0.35546875 0.35694444444444445 0.3375 0.3527777777777778 0.328125 0.3541666666666667 0.321875 0.3416666666666667 0.31484375 0.31666666666666665 0.31484375 0.3 0.3171875 0.2902777777777778 0.328125 0.2847222222222222 0.35078125 0.2847222222222222
1 0.38671875 0.2652777777777778 0.390625 0.2777777777777778 0.39140625 0.2902777777777778 0.38671875 0.29583333333333334 0.37734375 0.2972222222222222 0.3703125 0.31666666666666665 0.36875 0.32916666666666666 0.3625 0.33055555555555555 0.35859375 0.32083333333333336 0.3578125 0.2916666666666667 0.36171875 0.275 0.365625 0.26944444444444443 0.37890625 0.2708333333333333 0.3859375 0.26666666666666666
1 0.446875 0.28888888888888886 0.46015625 0.29305555555555557 0.46328125 0.30416666666666664 0.46328125 0.3138888888888889 0.44609375 0.3194444444444444 0.43828125 0.33611111111111114 0.43515625 0.33611111111111114 0.43203125 0.33055555555555555 0.42734375 0.2986111111111111 0.43125 0.2902777777777778 0.44609375 0.28888888888888886
1 0.2421875 0.3263888888888889 0.246875 0.34444444444444444 0.2515625 0.37777777777777777 0.24765625 0.40555555555555556 0.24296875 0.4027777777777778 0.2390625 0.3875 0.2328125 0.37916666666666665 0.23203125 0.37083333333333335 0.228125 0.3638888888888889 0.21953125 0.3597222222222222 0.2046875 0.35833333333333334 0.20546875 0.34305555555555556 0.2125 0.32916666666666666 0.22734375 0.325 0.24140625 0.3263888888888889
1 0.29609375 0.36527777777777776 0.31875 0.36666666666666664 0.32890625 0.37916666666666665 0.33359375 0.39861111111111114 0.334375 0.42777777777777776 0.3328125 0.45 0.33203125 0.45555555555555555 0.31875 0.45 0.29375 0.45 0.2875 0.4597222222222222 0.2828125 0.4583333333333333 0.28203125 0.45416666666666666 0.28125 0.41805555555555557 0.28359375 0.4041666666666667 0.27890625 0.39861111111111114 0.278125 0.39305555555555555 0.28515625 0.38472222222222224 0.2859375 0.37916666666666665 0.29296875 0.36527777777777776 0.2953125 0.36527777777777776
1 0.88046875 0.9111111111111111 0.90234375 0.9208333333333333 0.9171875 0.9375 0.9265625 0.9416666666666667 0.92578125 0.9458333333333333 0.9296875 0.9513888888888888 0.946875 0.9569444444444445 0.9484375 0.9625 0.9421875 0.9652777777777778 0.9453125 0.9736111111111111 0.94296875 0.9819444444444444 0.93203125 0.9805555555555555 0.925 0.9708333333333333 0.91875 0.9666666666666667 0.91484375 0.9652777777777778 0.9109375 0.9680555555555556 0.909375 0.9819444444444444 0.91328125 0.9944444444444445 0.909375 0.9958333333333333 0.7984375 0.9944444444444445 0.79375 0.9888888888888889 0.796875 0.9708333333333333 0.79609375 0.9625 0.80546875 0.9388888888888889 0.8078125 0.9236111111111112 0.82890625 0.9138888888888889 0.8671875 0.9097222222222222 0.8796875 0.9111111111111111
1 0.753125 0.48055555555555557 0.77578125 0.48333333333333334 0.7859375 0.4888888888888889 0.796875 0.5 0.80546875 0.5194444444444445 0.81640625 0.5291666666666667 0.81328125 0.5361111111111111 0.8171875 0.5541666666666667 0.815625 0.5694444444444444 0.80859375 0.5791666666666667 0.80546875 0.5916666666666667 0.80625 0.5986111111111111 0.8 0.6069444444444444 0.77265625 0.6027777777777777 0.7703125 0.5972222222222222 0.775 0.5916666666666667 0.77421875 0.5847222222222223 0.7703125 0.5805555555555556 0.765625 0.5819444444444445 0.7625 0.5777777777777777 0.75 0.5513888888888889 0.7390625 0.5430555555555555 0.7265625 0.5430555555555555 0.71640625 0.5388888888888889 0.71484375 0.5319444444444444 0.71640625 0.5222222222222223 0.728125 0.4847222222222222 0.7390625 0.48055555555555557 0.75234375 0.48055555555555557
1 0.473046875 0.2520833333333333 0.03203125 0.0375
1 0.31015625 0.31666666666666665 0.3140625 0.3194444444444444 0.32109375 0.34444444444444444 0.29453125 0.3472222222222222 0.28984375 0.3541666666666667 0.28671875 0.3736111111111111 0.28203125 0.37777777777777777 0.28203125 0.34444444444444444 0.28515625 0.3263888888888889 0.29296875 0.3194444444444444 0.309375 0.31805555555555554
1 0.50859375 0.3 0.5125 0.3055555555555556 0.5125 0.31666666666666665 0.509375 0.33055555555555555 0.51015625 0.3472222222222222 0.50234375 0.35 0.49453125 0.3486111111111111 0.4875 0.34444444444444444 0.48359375 0.3375 0.49140625 0.30833333333333335 0.496875 0.30277777777777776 0.5078125 0.3013888888888889
1 0.525 0.29583333333333334 0.53671875 0.30694444444444446 0.52109375 0.33194444444444443 0.51875 0.3486111111111111 0.5015625 0.3472222222222222 0.50625 0.34305555555555556 0.51171875 0.30972222222222223 0.5109375 0.3013888888888889 0.52421875 0.29583333333333334
1 0.26328125 0.2652777777777778 0.0296875 0.03888888888888889
1 0.43828125 0.25 0.4453125 0.2611111111111111 0.44765625 0.2833333333333333 0.4453125 0.2875 0.43515625 0.2861111111111111 0.42578125 0.29305555555555557 0.41796875 0.2847222222222222 0.41640625 0.26805555555555555 0.42109375 0.25555555555555554 0.4265625 0.24861111111111112 0.4375 0.25
1 0.40546875 0.45416666666666666 0.4109375 0.4625 0.4109375 0.46805555555555556 0.39140625 0.4722222222222222 0.38515625 0.48055555555555557 0.38203125 0.5208333333333334 0.38203125 0.5625 0.38046875 0.5708333333333333 0.378125 0.5722222222222222 0.37421875 0.5652777777777778 0.3640625 0.5180555555555556 0.35546875 0.5013888888888889 0.34765625 0.4986111111111111 0.34609375 0.4861111111111111 0.35 0.4708333333333333 0.35859375 0.45555555555555555 0.3921875 0.4527777777777778 0.396875 0.45 0.4046875 0.45416666666666666
1 0.2328125 0.38333333333333336 0.23828125 0.3888888888888889 0.2453125 0.4111111111111111 0.24453125 0.41805555555555557 0.240625 0.425 0.23125 0.42083333333333334 0.2203125 0.4041666666666667 0.2 0.4041666666666667 0.2015625 0.39444444444444443 0.20625 0.3861111111111111 0.21796875 0.3819444444444444 0.23203125 0.38333333333333336
1 0.22421875 0.3625 0.23125 0.36944444444444446 0.2328125 0.3819444444444444 0.21875 0.38055555555555554 0.20859375 0.38333333333333336 0.196875 0.4041666666666667 0.1890625 0.4111111111111111 0.18203125 0.3958333333333333 0.18203125 0.3902777777777778 0.18828125 0.38472222222222224 0.19375 0.36527777777777776 0.2015625 0.3611111111111111 0.2234375 0.3625
1 0.71875 0.4361111111111111 0.7328125 0.4486111111111111 0.74453125 0.47638888888888886 0.7296875 0.48055555555555557 0.721875 0.4986111111111111 0.71328125 0.5291666666666667 0.69921875 0.5319444444444444 0.6890625 0.5319444444444444 0.68515625 0.5236111111111111 0.68125 0.4986111111111111 0.67265625 0.46805555555555556 0.67265625 0.4583333333333333 0.6828125 0.43472222222222223 0.70703125 0.43333333333333335 0.71796875 0.4361111111111111
1 0.47890625 0.3458333333333333 0.48671875 0.35138888888888886 0.48671875 0.36527777777777776 0.484375 0.37916666666666665 0.48515625 0.40694444444444444 0.475 0.4083333333333333 0.46015625 0.40694444444444444 0.46015625 0.37083333333333335 0.46484375 0.3611111111111111 0.46796875 0.3472222222222222 0.478125 0.3458333333333333
1 0.39375 0.22777777777777777 0.3984375 0.2388888888888889 0.40234375 0.25972222222222224 0.4015625 0.2791666666666667 0.3984375 0.2833333333333333 0.3953125 0.2833333333333333 0.39140625 0.2777777777777778 0.38828125 0.2625 0.384375 0.25555555555555554 0.37421875 0.2513888888888889 0.37421875 0.24722222222222223 0.3796875 0.23472222222222222 0.39296875 0.22777777777777777
1 0.834375 0.5513888888888889 0.8375 0.5541666666666667 0.87890625 0.5583333333333333 0.8890625 0.5625 0.89765625 0.5708333333333333 0.91875 0.6097222222222223 0.92109375 0.6291666666666667 0.9078125 0.6375 0.90234375 0.6444444444444445 0.88984375 0.6888888888888889 0.88515625 0.6958333333333333 0.8625 0.6958333333333333 0.85625 0.6916666666666667 0.85234375 0.6861111111111111 0.85 0.6708333333333333 0.84453125 0.6611111111111111 0.84609375 0.6541666666666667 0.8390625 0.6458333333333334 0.83515625 0.6347222222222222 0.828125 0.6277777777777778 0.8234375 0.6277777777777778 0.8203125 0.6361111111111111 0.81953125 0.6472222222222223 0.8125 0.6555555555555556 0.81015625 0.6625 0.80703125 0.6611111111111111 0.80546875 0.6555555555555556 0.8046875 0.5888888888888889 0.80703125 0.5805555555555556 0.82421875 0.5541666666666667 0.83359375 0.5513888888888889
1 0.4359375 0.2111111111111111 0.440625 0.21388888888888888 0.4390625 0.24722222222222223 0.42734375 0.24583333333333332 0.42578125 0.24166666666666667 0.425 0.2263888888888889 0.42734375 0.21666666666666667 0.43125 0.2111111111111111 0.43515625 0.2111111111111111
1 0.22734375 0.42083333333333334 0.24453125 0.4263888888888889 0.2515625 0.45 0.20546875 0.45555555555555555 0.20078125 0.46805555555555556 0.2 0.49583333333333335 0.19453125 0.5055555555555555 0.190625 0.5055555555555555 0.190625 0.4638888888888889 0.20078125 0.43472222222222223 0.20546875 0.4263888888888889 0.21171875 0.4222222222222222 0.2265625 0.4222222222222222
1 0.390625 0.3888888888888889 0.4125 0.4027777777777778 0.43046875 0.43194444444444446 0.43359375 0.4486111111111111 0.4328125 0.4625 0.41875 0.4666666666666667 0.4140625 0.4666666666666667 0.40625 0.4527777777777778 0.396875 0.44583333333333336 0.39375 0.44027777777777777 0.38828125 0.41805555555555557 0.38046875 0.4041666666666667 0.3515625 0.4 0.35234375 0.39305555555555555 0.35859375 0.3902777777777778 0.38984375 0.3888888888888889
1 0.46875 0.6472222222222223 0.478125 0.6527777777777778 0.490625 0.6791666666666667 0.50078125 0.7263888888888889 0.50078125 0.7361111111111112 0.4984375 0.7402777777777778 0.48984375 0.7375 0.44296875 0.6736111111111112 0.4203125 0.6569444444444444 0.42421875 0.65 0.46796875 0.6472222222222223
1 0.4890625 0.25972222222222224 0.49453125 0.2625 0.496875 0.2722222222222222 0.4953125 0.275 0.48515625 0.2763888888888889 0.48203125 0.28055555555555556 0.47578125 0.3138888888888889 0.4734375 0.3138888888888889 0.46796875 0.3055555555555556 0.465625 0.2972222222222222 0.46796875 0.275 0.46328125 0.2722222222222222 0.465625 0.2722222222222222 0.46796875 0.2652777777777778 0.4734375 0.25972222222222224 0.48828125 0.25972222222222224
1 0.56484375 0.4375 0.590625 0.4444444444444444 0.60234375 0.4527777777777778 0.5953125 0.5361111111111111 0.55859375 0.5361111111111111 0.55546875 0.5291666666666667 0.5484375 0.5236111111111111 0.546875 0.5180555555555556 0.54765625 0.48055555555555557 0.55703125 0.44583333333333336 0.5640625 0.4375
1 0.28984375 0.6277777777777778 0.30078125 0.6333333333333333 0.30859375 0.65 0.31015625 0.6611111111111111 0.28125 0.6722222222222223 0.259375 0.6916666666666667 0.253125 0.7027777777777777 0.2515625 0.7138888888888889 0.2484375 0.7152777777777778 0.24453125 0.7263888888888889 0.2453125 0.7375 0.25 0.7402777777777778 0.2484375 0.7430555555555556 0.25 0.75 0.2484375 0.7597222222222222 0.2515625 0.7638888888888888 0.2546875 0.7611111111111111 0.2546875 0.7638888888888888 0.24765625 0.7638888888888888 0.24609375 0.7666666666666667 0.23984375 0.7666666666666667 0.23515625 0.7541666666666667 0.23203125 0.7083333333333334 0.23203125 0.6972222222222222 0.23515625 0.6819444444444445 0.234375 0.65 0.24140625 0.6375 0.2515625 0.6319444444444444 0.2890625 0.6277777777777778
1 0.5765625 0.35555555555555557 0.59140625 0.36944444444444446 0.59609375 0.39305555555555555 0.603125 0.40694444444444444 0.60390625 0.44583333333333336 0.60234375 0.4486111111111111 0.56953125 0.4361111111111111 0.56953125 0.4152777777777778 0.5625 0.3736111111111111 0.5578125 0.3625 0.55234375 0.35694444444444445 0.56015625 0.3541666666666667 0.57578125 0.35555555555555557
1 0.31796875 0.34305555555555556 0.3234375 0.3472222222222222 0.328125 0.3597222222222222 0.33828125 0.3736111111111111 0.33828125 0.39305555555555555 0.3359375 0.3972222222222222 0.33125 0.39166666666666666 0.33046875 0.38472222222222224 0.325 0.37222222222222223 0.31875 0.3680555555555556 0.30546875 0.36666666666666664 0.29609375 0.36944444444444446 0.2859375 0.38055555555555554 0.284375 0.37916666666666665 0.28515625 0.37222222222222223 0.28828125 0.3680555555555556 0.2890625 0.35555555555555557 0.29296875 0.3472222222222222 0.3171875 0.34305555555555556
1 0.69453125 0.5402777777777777 0.73828125 0.5458333333333333 0.75234375 0.5583333333333333 0.75625 0.5708333333333333 0.76640625 0.5888888888888889 0.76953125 0.6027777777777777 0.7796875 0.6263888888888889 0.7796875 0.6833333333333333 0.7765625 0.6888888888888889 0.77109375 0.6888888888888889 0.7609375 0.6791666666666667 0.7546875 0.6777777777777778 0.7234375 0.6777777777777778 0.69296875 0.6875 0.68984375 0.6819444444444445 0.6859375 0.6638888888888889 0.6734375 0.6611111111111111 0.6703125 0.6569444444444444 0.66796875 0.5972222222222222 0.684375 0.5458333333333333 0.68828125 0.5402777777777777 0.69375 0.5402777777777777
1 0.3953125 0.2 0.4015625 0.20694444444444443 0.403125 0.21805555555555556 0.39453125 0.23194444444444445 0.3796875 0.22916666666666666 0.3796875 0.22083333333333333 0.38359375 0.20972222222222223 0.38671875 0.20416666666666666 0.39453125 0.2
0 0.4234375 0.6625 0.43515625 0.6680555555555555 0.459375 0.6958333333333333 0.48828125 0.7388888888888889 0.49296875 0.7402777777777778 0.50078125 0.75 0.50859375 0.7666666666666667 0.51953125 0.7777777777777778 0.5390625 0.8097222222222222 0.5421875 0.8097222222222222 0.56171875 0.8333333333333334 0.5984375 0.8916666666666667 0.615625 0.9125 0.63203125 0.9555555555555556 0.63046875 0.9708333333333333 0.634375 0.9902777777777778 0.63203125 0.9986111111111111 0.51875 0.9986111111111111 0.515625 0.9916666666666667 0.5125 0.9958333333333333 0.4734375 0.9930555555555556 0.4421875 0.9958333333333333 0.4390625 0.9986111111111111 0.4109375 0.9944444444444445 0.3953125 0.9986111111111111 0.3578125 0.9986111111111111 0.35625 0.9958333333333333 0.3484375 0.9958333333333333 0.346875 0.9986111111111111 0.315625 0.9986111111111111 0.309375 0.9958333333333333 0.2609375 0.9986111111111111 0.25546875 0.9944444444444445 0.25625 0.9875 0.2546875 0.9833333333333333 0.2515625 0.9888888888888889 0.2484375 0.9875 0.24609375 0.9694444444444444 0.24609375 0.9347222222222222 0.24765625 0.9319444444444445 0.24609375 0.9111111111111111 0.2484375 0.9055555555555556 0.2515625 0.9041666666666667 0.24765625 0.8986111111111111 0.24765625 0.8944444444444445 0.25234375 0.8902777777777777 0.24453125 0.8736111111111111 0.24296875 0.8611111111111112 0.25234375 0.8430555555555556 0.25390625 0.8347222222222223 0.25546875 0.8166666666666667 0.25390625 0.8097222222222222 0.2546875 0.7888888888888889 0.24921875 0.7819444444444444 0.25625 0.7638888888888888 0.25625 0.7333333333333333 0.26015625 0.6958333333333333 0.2640625 0.6888888888888889 0.2828125 0.6736111111111112 0.32421875 0.6611111111111111 0.39765625 0.6569444444444444 0.42265625 0.6625