3 0.5921875 0.16666666666666666 0.5953125 0.19166666666666668 0.58828125 0.19027777777777777 0.58125 0.19583333333333333 0.57578125 0.19166666666666668 0.5734375 0.16805555555555557 0.584375 0.1638888888888889 0.59140625 0.16666666666666666
3 0.34296875 0.48194444444444445 0.375 0.48333333333333334 0.38828125 0.5 0.39609375 0.5013888888888889 0.396875 0.5069444444444444 0.39375 0.5208333333333334 0.3921875 0.5430555555555555 0.3921875 0.5694444444444444 0.384375 0.5875 0.38046875 0.6125 0.37265625 0.6111111111111112 0.36015625 0.6027777777777777 0.35546875 0.6055555555555555 0.34296875 0.6027777777777777 0.3375 0.6041666666666666 0.33125 0.6125 0.321875 0.6166666666666667 0.3171875 0.6166666666666667 0.3140625 0.6111111111111112 0.31171875 0.5875 0.31171875 0.5458333333333333 0.31953125 0.525 0.32109375 0.5013888888888889 0.33125 0.4875 0.3421875 0.48194444444444445
3 0 0.9361111111111111 0.03046875 0.9347222222222222 0.0390625 0.9444444444444444 0.06484375 0.9444444444444444 0.08671875 0.9569444444444445 0.10390625 0.9569444444444445 0.10859375 0.9625 0.109375 0.975 0.11328125 0.9916666666666667 0.11328125 0.9986111111111111 0.08671875 0.9986111111111111 0.08515625 0.9958333333333333 0.00234375 0.9986111111111111 0 0.9972222222222222 0 0.9375
3 0.56875 0.3472222222222222 0.5796875 0.3486111111111111 0.5859375 0.35555555555555557 0.5921875 0.38472222222222224 0.590625 0.42083333333333334 0.58828125 0.4263888888888889 0.58359375 0.4263888888888889 0.58125 0.4222222222222222 0.5625 0.42083333333333334 0.55390625 0.425 0.54921875 0.4236111111111111 0.54921875 0.3861111111111111 0.5515625 0.37083333333333335 0.55 0.3611111111111111 0.5578125 0.3486111111111111 0.56796875 0.3472222222222222
2 0.3625 0.6555555555555556 0.36484375 0.6611111111111111 0.38046875 0.6638888888888889 0.38515625 0.6791666666666667 0.384375 0.6875 0.3890625 0.7111111111111111 0.3859375 0.7305555555555555 0.384375 0.7347222222222223 0.3796875 0.7375 0.37578125 0.7486111111111111 0.36875 0.7513888888888889 0.36640625 0.7472222222222222 0.3578125 0.7125 0.359375 0.7013888888888888 0.3625 0.6972222222222222 0.3609375 0.6875 0.3625 0.6569444444444444
2 0.675 0.3458333333333333 0.68125 0.35555555555555557 0.68125 0.37083333333333335 0.68046875 0.3763888888888889 0.678125 0.37777777777777777 0.66796875 0.3763888888888889 0.66796875 0.3486111111111111 0.67421875 0.3458333333333333
2 0.70234375 0.6694444444444444 0.70625 0.6708333333333333 0.70703125 0.7041666666666667 0.70859375 0.7097222222222223 0.703125 0.7194444444444444 0.70234375 0.7263888888888889 0.70390625 0.7486111111111111 0.70703125 0.7555555555555555 0.70625 0.7611111111111111 0.69921875 0.7694444444444445 0.69765625 0.7847222222222222 0.69296875 0.7861111111111111 0.68203125 0.7694444444444445 0.68125 0.7569444444444444 0.67890625 0.75 0.6875 0.7194444444444444 0.69609375 0.7152777777777778 0.69921875 0.7097222222222223 0.69921875 0.6888888888888889 0.70625 0.6819444444444445 0.70234375 0.6708333333333333
2 0.3484375 0.2777777777777778 0.35234375 0.2791666666666667 0.3546875 0.2875 0.353125 0.30694444444444446 0.34765625 0.30833333333333335 0.34453125 0.29583333333333334 0.3484375 0.2791666666666667
2 0.9234375 0.7930555555555555 0.93046875 0.7847222222222222 0.93515625 0.7833333333333333 0.94921875 0.7847222222222222 0.9515625 0.7888888888888889 0.953125 0.8138888888888889 0.9578125 0.8222222222222222 0.959375 0.8333333333333334 0.95078125 0.8486111111111111 0.95 0.8597222222222223 0.94609375 0.8652777777777778 0.94140625 0.8638888888888889 0.92265625 0.8347222222222223 0.921875 0.8194444444444444 0.9265625 0.7972222222222223 0.92421875 0.7930555555555555
2 0.86875 0.5805555555555556 0.87109375 0.6013888888888889 0.86875 0.6083333333333333 0.86875 0.6166666666666667 0.871875 0.6416666666666667 0.86953125 0.6583333333333333 0.865625 0.6638888888888889 0.86015625 0.6638888888888889 0.85078125 0.6555555555555556 0.84453125 0.6444444444444445 0.8421875 0.6319444444444444 0.84453125 0.6263888888888889 0.84453125 0.6055555555555555 0.8453125 0.6027777777777777 0.84765625 0.6055555555555555 0.85078125 0.6027777777777777 0.853125 0.5847222222222223 0.8609375 0.5777777777777777 0.86796875 0.5805555555555556
2 0.21640625 0.35694444444444445 0.21640625 0.38333333333333336 0.209375 0.3902777777777778 0.2046875 0.3875 0.203125 0.36527777777777776 0.215625 0.35694444444444445
2 0.64921875 0.2861111111111111 0.6515625 0.29444444444444445 0.64765625 0.3055555555555556 0.64296875 0.30277777777777776 0.63984375 0.2902777777777778 0.64296875 0.2861111111111111 0.6484375 0.2861111111111111
2 0.15390625 0.3611111111111111 0.1640625 0.36527777777777776 0.16640625 0.3763888888888889 0.16484375 0.3875 0.15390625 0.39444444444444443 0.15390625 0.3625
2 0.35234375 0.24444444444444444 0.353125 0.2625 0.3515625 0.26666666666666666 0.34765625 0.26666666666666666 0.34609375 0.2625 0.34765625 0.24444444444444444 0.3515625 0.24444444444444444
2 0.8140625 0.6180555555555556 0.81796875 0.6152777777777778 0.821875 0.6222222222222222 0.82109375 0.6263888888888889 0.82265625 0.6291666666666667 0.83125 0.6361111111111111 0.834375 0.6333333333333333 0.83671875 0.6361111111111111 0.83515625 0.6388888888888888 0.834375 0.6541666666666667 0.81953125 0.6513888888888889 0.81796875 0.6472222222222223 0.82109375 0.6263888888888889 0.8140625 0.6222222222222222 0.8140625 0.6194444444444445
2 0.19140625 0.2986111111111111 0.19296875 0.30277777777777776 0.19296875 0.31666666666666665 0.18671875 0.32222222222222224 0.18359375 0.3194444444444444 0.1828125 0.3 0.184375 0.2972222222222222 0.190625 0.2986111111111111
2 0.08125 0.3333333333333333 0.09140625 0.3388888888888889 0.09140625 0.3611111111111111 0.08828125 0.3638888888888889 0.07890625 0.3638888888888889 0.07734375 0.3375 0.08046875 0.3347222222222222
2 0.8671875 0.6097222222222223 0.8703125 0.6222222222222222 0.87109375 0.6458333333333334 0.86953125 0.6569444444444444 0.86640625 0.6638888888888889 0.85546875 0.6611111111111111 0.84765625 0.65 0.84375 0.6375 0.84453125 0.6291666666666667 0.85 0.6208333333333333 0.84921875 0.6125 0.85703125 0.6083333333333333 0.86640625 0.6097222222222223
2 0.2515625 0.8361111111111111 0.2734375 0.8388888888888889 0.2765625 0.8597222222222223 0.27265625 0.8958333333333334 0.2671875 0.9013888888888889 0.2578125 0.9208333333333333 0.25234375 0.9208333333333333 0.2453125 0.8986111111111111 0.24609375 0.875 0.2515625 0.8375
2 0.45625 0.7847222222222222 0.46953125 0.7916666666666666 0.4703125 0.8166666666666667 0.46953125 0.825 0.46640625 0.8236111111111111 0.4640625 0.8263888888888888 0.46796875 0.8319444444444445 0.46640625 0.8347222222222223 0.4625 0.8319444444444445 0.459375 0.8375 0.4625 0.8458333333333333 0.46171875 0.8694444444444445 0.4640625 0.8763888888888889 0.45859375 0.8902777777777777 0.45703125 0.9027777777777778 0.45390625 0.9069444444444444 0.45078125 0.9055555555555556 0.44140625 0.8847222222222222 0.4390625 0.8625 0.44140625 0.8555555555555555 0.440625 0.8444444444444444 0.4421875 0.8416666666666667 0.440625 0.8305555555555556 0.44296875 0.825 0.43828125 0.8180555555555555 0.43828125 0.7916666666666666 0.453125 0.7902777777777777 0.45546875 0.7861111111111111
2 0.07109375 0.4388888888888889 0.075 0.4388888888888889 0.07734375 0.4444444444444444 0.0875 0.4486111111111111 0.08828125 0.4597222222222222 0.09296875 0.46944444444444444 0.0921875 0.48333333333333334 0.08515625 0.48333333333333334 0.078125 0.49166666666666664 0.07421875 0.49166666666666664 0.0734375 0.4888888888888889 0.075 0.4486111111111111 0.071875 0.4388888888888889
2 0.18046875 0.39166666666666666 0.184375 0.40555555555555556 0.1875 0.40555555555555556 0.18828125 0.4013888888888889 0.1875 0.4111111111111111 0.184375 0.42083333333333334 0.175 0.42777777777777776 0.17109375 0.4263888888888889 0.16875 0.4 0.171875 0.3861111111111111 0.178125 0.3875 0.1796875 0.39166666666666666
2 0.69453125 0.35833333333333334 0.6953125 0.3763888888888889 0.69375 0.37916666666666665 0.684375 0.3763888888888889 0.6828125 0.36666666666666664 0.684375 0.35694444444444445 0.690625 0.35555555555555557 0.69375 0.35833333333333334
2 0.6609375 0.3194444444444444 0.66796875 0.3194444444444444 0.66953125 0.3236111111111111 0.66953125 0.34305555555555556 0.66796875 0.3458333333333333 0.6609375 0.3458333333333333 0.659375 0.3402777777777778 0.6609375 0.32083333333333336
2 0.221875 0.2875 0.22421875 0.28888888888888886 0.22578125 0.29583333333333334 0.225 0.30277777777777776 0.221875 0.30833333333333335 0.2171875 0.30694444444444446 0.215625 0.29583333333333334 0.2171875 0.28888888888888886 0.22109375 0.2875
2 0.10546875 0.37777777777777777 0.11015625 0.3819444444444444 0.1109375 0.3972222222222222 0.109375 0.40555555555555556 0.10078125 0.4111111111111111 0.09609375 0.4083333333333333 0.0984375 0.38333333333333336 0.1046875 0.37916666666666665
2 0.6265625 0.43194444444444446 0.63203125 0.4388888888888889 0.640625 0.4388888888888889 0.64375 0.475 0.6390625 0.47638888888888886 0.63671875 0.4736111111111111 0.63359375 0.4597222222222222 0.62578125 0.45694444444444443 0.62578125 0.43333333333333335
2 0.70078125 0.7180555555555556 0.70234375 0.7222222222222222 0.703125 0.7486111111111111 0.70625 0.7583333333333333 0.7 0.7666666666666667 0.69921875 0.7791666666666667 0.696875 0.7861111111111111 0.69140625 0.7847222222222222 0.6828125 0.7680555555555556 0.68203125 0.7638888888888888 0.68359375 0.7611111111111111 0.68046875 0.7486111111111111 0.684375 0.7444444444444445 0.6875 0.7208333333333333 0.7 0.7180555555555556
2 0.2609375 0.3333333333333333 0.2640625 0.3416666666666667 0.26328125 0.35555555555555557 0.25546875 0.35833333333333334 0.253125 0.35555555555555557 0.253125 0.3402777777777778 0.2546875 0.3347222222222222 0.26015625 0.3333333333333333
2 0.19609375 0.3416666666666667 0.20234375 0.3486111111111111 0.2015625 0.36666666666666664 0.19921875 0.37222222222222223 0.19140625 0.37222222222222223 0.190625 0.3680555555555556 0.18984375 0.35138888888888886 0.19140625 0.34444444444444444 0.1953125 0.3416666666666667
2 0.2578125 0.8319444444444445 0.27421875 0.8375 0.27734375 0.8458333333333333 0.27734375 0.8638888888888889 0.2734375 0.8944444444444445 0.25703125 0.9222222222222223 0.2515625 0.9208333333333333 0.24609375 0.9083333333333333 0.24453125 0.8902777777777777 0.25078125 0.8361111111111111 0.2515625 0.8333333333333334 0.25703125 0.8319444444444445
1 0.65234375 0.20833333333333334 0.6546875 0.2125 0.6546875 0.2263888888888889 0.64296875 0.23333333333333334 0.6375 0.23055555555555557 0.63671875 0.22083333333333333 0.63828125 0.2111111111111111 0.64140625 0.20833333333333334 0.6515625 0.20833333333333334
1 0.371875 0.4083333333333333 0.3796875 0.4111111111111111 0.39140625 0.425 0.3921875 0.46111111111111114 0.3796875 0.4847222222222222 0.37265625 0.4791666666666667 0.33984375 0.4791666666666667 0.3375 0.4708333333333333 0.33828125 0.4444444444444444 0.3453125 0.41944444444444445 0.34921875 0.4125 0.35390625 0.4097222222222222 0.37109375 0.4083333333333333
1 0.575 0.25 0.58203125 0.25555555555555554 0.5828125 0.26805555555555555 0.56796875 0.26805555555555555 0.56484375 0.2708333333333333 0.5625 0.26805555555555555 0.5640625 0.25277777777777777 0.57421875 0.25
1 0.2265625 0.20833333333333334 0.2296875 0.2125 0.228125 0.2152777777777778 0.2265625 0.2375 0.2234375 0.24583333333333332 0.21171875 0.24166666666666667 0.209375 0.21944444444444444 0.2140625 0.2111111111111111 0.22578125 0.20833333333333334
1 0.5296875 0.20694444444444443 0.53359375 0.21666666666666667 0.53359375 0.22916666666666666 0.53046875 0.23472222222222222 0.52734375 0.23472222222222222 0.51875 0.21944444444444444 0.5203125 0.20833333333333334 0.52265625 0.20555555555555555 0.52890625 0.20694444444444443
1 0.6078125 0.2388888888888889 0.6125 0.24166666666666667 0.615625 0.25 0.60625 0.25833333333333336 0.6015625 0.27361111111111114 0.596875 0.2708333333333333 0.59609375 0.25555555555555554 0.59765625 0.24305555555555555 0.6 0.2388888888888889 0.60703125 0.2388888888888889
1 0.728125 0.05694444444444444 0.7296875 0.04027777777777778 0.73203125 0.034722222222222224 0.740625 0.029166666666666667 0.76328125 0.025 0.771875 0.015277777777777777 0.78046875 0.018055555555555554 0.784375 0.02638888888888889 0.78515625 0.043055555555555555 0.77890625 0.06111111111111111 0.77265625 0.06111111111111111 0.759375 0.06805555555555555 0.75234375 0.06388888888888888 0.7375 0.0625 0.72890625 0.05694444444444444
1 0.296875 0.19722222222222222 0.303125 0.20555555555555555 0.30078125 0.21388888888888888 0.296875 0.21805555555555556 0.2890625 0.2152777777777778 0.27890625 0.20277777777777778 0.28046875 0.1986111111111111 0.28515625 0.19583333333333333 0.29609375 0.19722222222222222
1 0.70234375 0.49027777777777776 0.71171875 0.49444444444444446 0.73828125 0.49722222222222223 0.7484375 0.5111111111111111 0.74921875 0.5291666666666667 0.753125 0.5444444444444444 0.7546875 0.5625 0.753125 0.5958333333333333 0.7515625 0.6097222222222223 0.74921875 0.6152777777777778 0.74375 0.6138888888888889 0.73515625 0.6013888888888889 0.715625 0.5958333333333333 0.70390625 0.6 0.69375 0.6097222222222223 0.6875 0.6097222222222223 0.6859375 0.6069444444444444 0.684375 0.5875 0.67890625 0.5722222222222222 0.678125 0.5458333333333333 0.68046875 0.5166666666666667 0.678125 0.5069444444444444 0.68515625 0.5041666666666667 0.69453125 0.49166666666666664 0.7015625 0.49027777777777776
1 0.81328125 0.65 0.8296875 0.6541666666666667 0.8375 0.6597222222222222 0.846875 0.6791666666666667 0.85625 0.7125 0.8625 0.7277777777777777 0.865625 0.75 0.865625 0.7819444444444444 0.859375 0.7958333333333333 0.7953125 0.7861111111111111 0.78359375 0.7861111111111111 0.7796875 0.7902777777777777 0.775 0.7902777777777777 0.77109375 0.7805555555555556 0.76796875 0.7583333333333333 0.75859375 0.7402777777777778 0.7515625 0.7347222222222223 0.75 0.6930555555555555 0.75390625 0.6638888888888889 0.7625 0.6625 0.77734375 0.65 0.8125 0.65
1 0.596875 0.2125 0.6046875 0.21388888888888888 0.60703125 0.22361111111111112 0.60625 0.2361111111111111 0.5984375 0.24444444444444444 0.59140625 0.24444444444444444 0.5875 0.2375 0.590625 0.2152777777777778 0.59453125 0.2111111111111111 0.59609375 0.2125
1 0.296875 0.2847222222222222 0.3046875 0.2972222222222222 0.30546875 0.30694444444444446 0.3015625 0.3194444444444444 0.29296875 0.32916666666666666 0.26796875 0.32916666666666666 0.26640625 0.3263888888888889 0.26640625 0.3111111111111111 0.26796875 0.3013888888888889 0.27734375 0.2875 0.28125 0.2847222222222222 0.29609375 0.2847222222222222
1 0.48671875 0.30416666666666664 0.49609375 0.3194444444444444 0.4953125 0.3527777777777778 0.49140625 0.3611111111111111 0.47421875 0.35694444444444445 0.46328125 0.3611111111111111 0.459375 0.35138888888888886 0.46328125 0.31805555555555554 0.46640625 0.30833333333333335 0.47265625 0.30416666666666664 0.4859375 0.30416666666666664
1 0.58125 0.26805555555555555 0.58671875 0.28194444444444444 0.58671875 0.30277777777777776 0.58515625 0.30972222222222223 0.58359375 0.30277777777777776 0.57890625 0.2972222222222222 0.56171875 0.2972222222222222 0.5640625 0.2708333333333333 0.5671875 0.26805555555555555 0.58046875 0.26805555555555555
1 0.60234375 0.3236111111111111 0.60625 0.33194444444444443 0.61015625 0.35555555555555557 0.60859375 0.3888888888888889 0.60625 0.3902777777777778 0.5984375 0.3861111111111111 0.5953125 0.3875 0.59140625 0.37916666666666665 0.5859375 0.3541666666666667 0.58125 0.3458333333333333 0.58515625 0.3236111111111111 0.58828125 0.32083333333333336 0.6015625 0.3236111111111111
1 0.25625 0.1986111111111111 0.271875 0.19722222222222222 0.278125 0.2 0.28125 0.20833333333333334 0.28125 0.22083333333333333 0.2796875 0.22361111111111112 0.27109375 0.22361111111111112 0.26875 0.21388888888888888 0.2625 0.20277777777777778 0.25703125 0.2
1 0 0.44305555555555554 0.01171875 0.45 0.01640625 0.4652777777777778 0.01640625 0.4875 0.0125 0.5013888888888889 0.00703125 0.5069444444444444 0 0.5055555555555555 0 0.4444444444444444
1 0.2984375 0.2222222222222222 0.30546875 0.2361111111111111 0.30546875 0.25277777777777777 0.29921875 0.2569444444444444 0.28359375 0.25833333333333336 0.27890625 0.25833333333333336 0.278125 0.25555555555555554 0.278125 0.2375 0.28046875 0.22916666666666666 0.2859375 0.2222222222222222 0.29765625 0.2222222222222222
1 0.640625 0.5111111111111111 0.6359375 0.5027777777777778 0.625 0.49583333333333335 0.590625 0.49166666666666664 0.58984375 0.4777777777777778 0.5859375 0.46944444444444444 0.59296875 0.4652777777777778 0.60078125 0.45555555555555555 0.6171875 0.45555555555555555 0.63359375 0.4597222222222222 0.6421875 0.49583333333333335 0.64140625 0.5097222222222222
1 0.27578125 0.35833333333333334 0.2796875 0.3611111111111111 0.2859375 0.3763888888888889 0.284375 0.39305555555555555 0.28125 0.39861111111111114 0.26796875 0.40555555555555556 0.25859375 0.4166666666666667 0.2421875 0.42083333333333334 0.2375 0.41805555555555557 0.2375 0.4041666666666667 0.2421875 0.39166666666666666 0.24375 0.3638888888888889 0.25390625 0.35833333333333334 0.275 0.35833333333333334
1 0.521875 0.22083333333333333 0.525 0.22361111111111112 0.52734375 0.2361111111111111 0.5265625 0.24583333333333332 0.52421875 0.24861111111111112 0.51875 0.24722222222222223 0.51015625 0.23333333333333334 0.51328125 0.22361111111111112 0.52109375 0.22083333333333333
1 0.23984375 0.20555555555555555 0.246875 0.2013888888888889 0.26015625 0.2013888888888889 0.26640625 0.20555555555555555 0.27265625 0.22083333333333333 0.271875 0.225 0.265625 0.2263888888888889 0.26171875 0.23194444444444445 0.25 0.23055555555555557 0.24609375 0.225 0.24375 0.21388888888888888 0.23984375 0.20694444444444443
1 0.43671875 0.3527777777777778 0.44375 0.3763888888888889 0.44375 0.39861111111111114 0.440625 0.4097222222222222 0.4328125 0.40694444444444444 0.4078125 0.4097222222222222 0.40546875 0.4041666666666667 0.4078125 0.3611111111111111 0.4171875 0.35138888888888886 0.4359375 0.3527777777777778
1 0.56015625 0.17916666666666667 0.5671875 0.17916666666666667 0.57109375 0.19444444444444445 0.5703125 0.2013888888888889 0.55703125 0.2 0.55703125 0.19027777777777777 0.56015625 0.18055555555555555
1 0.5140625 0.24027777777777778 0.51953125 0.25 0.5203125 0.2652777777777778 0.51875 0.2708333333333333 0.50078125 0.2708333333333333 0.49921875 0.26805555555555555 0.50078125 0.24722222222222223 0.50625 0.24027777777777778 0.51328125 0.24027777777777778
1 0.62421875 0.2861111111111111 0.63671875 0.29444444444444445 0.6390625 0.31805555555555554 0.6328125 0.32222222222222224 0.6265625 0.33611111111111114 0.62265625 0.3388888888888889 0.609375 0.3375 0.60703125 0.31805555555555554 0.61171875 0.2916666666666667 0.61640625 0.2861111111111111 0.6234375 0.2861111111111111
1 0.3328125 0.2847222222222222 0.3375 0.2875 0.3421875 0.2986111111111111 0.3421875 0.3194444444444444 0.3375 0.32083333333333336 0.3203125 0.34305555555555556 0.31640625 0.3416666666666667 0.30703125 0.3472222222222222 0.30234375 0.34305555555555556 0.30234375 0.32083333333333336 0.30859375 0.29444444444444445 0.31796875 0.2861111111111111 0.33203125 0.2847222222222222
1 0.46640625 0.2569444444444444 0.471875 0.25972222222222224 0.47734375 0.2722222222222222 0.47734375 0.3 0.4734375 0.30277777777777776 0.46484375 0.2986111111111111 0.45859375 0.2986111111111111 0.453125 0.30277777777777776 0.44921875 0.3013888888888889 0.4484375 0.2763888888888889 0.45234375 0.2611111111111111 0.45859375 0.2569444444444444 0.465625 0.2569444444444444
1 0.59375 0.19305555555555556 0.5953125 0.20277777777777778 0.58828125 0.21805555555555556 0.5828125 0.21805555555555556 0.58125 0.2152777777777778 0.58046875 0.2 0.58359375 0.19305555555555556 0.59296875 0.19305555555555556
1 0.32421875 0.2222222222222222 0.3296875 0.23055555555555557 0.33046875 0.24027777777777778 0.32890625 0.24583333333333332 0.32265625 0.25277777777777777 0.3109375 0.25555555555555554 0.30703125 0.25416666666666665 0.3078125 0.23055555555555557 0.31640625 0.2222222222222222 0.3234375 0.2222222222222222
1 0.9765625 0.8958333333333334 0.99921875 0.9041666666666667 0.99921875 0.9944444444444445 0.97578125 0.9958333333333333 0.975 0.9986111111111111 0.94921875 0.9986111111111111 0.946875 0.9958333333333333 0.9375 0.9958333333333333 0.9359375 0.9986111111111111 0.92734375 0.9986111111111111 0.925 0.9958333333333333 0.9234375 0.9986111111111111 0.88828125 0.9986111111111111 0.8859375 0.9958333333333333 0.865625 0.9986111111111111 0.86015625 0.9944444444444445 0.8578125 0.9805555555555555 0.86171875 0.9305555555555556 0.86484375 0.9194444444444444 0.86875 0.9138888888888889 0.90546875 0.8916666666666667 0.94375 0.8916666666666667 0.97578125 0.8958333333333334
1 0.58125 0.3 0.584375 0.30694444444444446 0.58515625 0.32083333333333336 0.5796875 0.34444444444444444 0.559375 0.34305555555555556 0.5578125 0.3416666666666667 0.5578125 0.3277777777777778 0.56015625 0.30694444444444446 0.5640625 0.2986111111111111 0.57578125 0.2972222222222222 0.58046875 0.3
1 0.57890625 0.23055555555555557 0.58203125 0.23333333333333334 0.58359375 0.2513888888888889 0.58125 0.25416666666666665 0.57109375 0.25 0.565625 0.25277777777777777 0.5640625 0.2569444444444444 0.56171875 0.25277777777777777 0.56328125 0.23194444444444445 0.5671875 0.22916666666666666 0.578125 0.23055555555555557
1 0.65390625 0.7291666666666666 0.6703125 0.7333333333333333 0.67578125 0.7402777777777778 0.67890625 0.75 0.68359375 0.7847222222222222 0.68984375 0.8125 0.69296875 0.8444444444444444 0.69296875 0.8875 0.690625 0.925 0.68671875 0.9361111111111111 0.6828125 0.9361111111111111 0.6734375 0.9222222222222223 0.66796875 0.9194444444444444 0.61484375 0.9138888888888889 0.60546875 0.9166666666666666 0.5984375 0.925 0.5953125 0.925 0.59140625 0.9166666666666666 0.59140625 0.8597222222222223 0.58828125 0.8513888888888889 0.58671875 0.8375 0.5875 0.7680555555555556 0.58984375 0.7652777777777777 0.58125 0.7569444444444444 0.58125 0.7486111111111111 0.59375 0.7458333333333333 0.6015625 0.7333333333333333 0.60859375 0.7277777777777777 0.6359375 0.7263888888888889 0.653125 0.7291666666666666
1 0.56015625 0.23333333333333334 0.55625 0.2263888888888889 0.55546875 0.2125 0.55703125 0.20416666666666666 0.56953125 0.2013888888888889 0.57421875 0.2125 0.5734375 0.2263888888888889 0.5609375 0.23194444444444445
1 0.328125 0.25416666666666665 0.33359375 0.2652777777777778 0.33359375 0.2791666666666667 0.32890625 0.2847222222222222 0.3171875 0.2861111111111111 0.31015625 0.2902777777777778 0.3 0.28194444444444444 0.3015625 0.26805555555555555 0.3125 0.25555555555555554 0.32734375 0.25416666666666665
1 0.4515625 0.2125 0.45390625 0.2152777777777778 0.453125 0.22361111111111112 0.44609375 0.22777777777777777 0.44140625 0.22777777777777777 0.43984375 0.21666666666666667 0.4421875 0.2125 0.45078125 0.2125
1 0.63984375 0.32222222222222224 0.65078125 0.3263888888888889 0.65703125 0.3388888888888889 0.6578125 0.36944444444444446 0.65546875 0.37916666666666665 0.64140625 0.375 0.63359375 0.375 0.62578125 0.37916666666666665 0.62265625 0.375 0.62265625 0.34444444444444444 0.63203125 0.3236111111111111 0.6390625 0.32222222222222224