3 0.41640625 0.2916666666666667 0.43046875 0.29444444444444445 0.43671875 0.30277777777777776 0.43671875 0.35555555555555557 0.4359375 0.35833333333333334 0.4125 0.35833333333333334 0.40390625 0.3625 0.39609375 0.3888888888888889 0.39375 0.4111111111111111 0.38984375 0.4013888888888889 0.3875 0.37083333333333335 0.38671875 0.33611111111111114 0.38828125 0.3 0.3921875 0.29305555555555557 0.415625 0.2916666666666667
3 0.19765625 0.29305555555555557 0.19921875 0.3055555555555556 0.19765625 0.33194444444444443 0.2 0.34305555555555556 0.19140625 0.3625 0.18984375 0.37222222222222223 0.190625 0.38472222222222224 0.18828125 0.3902777777777778 0.17265625 0.3958333333333333 0.16796875 0.39444444444444443 0.165625 0.3138888888888889 0.175 0.2986111111111111 0.196875 0.29305555555555557
3 0.4890625 0.6597222222222222 0.50390625 0.6638888888888889 0.515625 0.6777777777777778 0.546875 0.725 0.5578125 0.7361111111111112 0.56640625 0.7527777777777778 0.5859375 0.775 0.60703125 0.8083333333333333 0.6203125 0.8236111111111111 0.63515625 0.85 0.6875 0.9152777777777777 0.69296875 0.9347222222222222 0.69140625 0.9708333333333333 0.69375 0.9944444444444445 0.69140625 0.9986111111111111 0.58125 0.9986111111111111 0.57421875 0.9944444444444445 0.54375 0.9986111111111111 0.5171875 0.9944444444444445 0.51171875 0.9944444444444445 0.509375 0.9986111111111111 0.47890625 0.9986111111111111 0.475 0.9944444444444445 0.4734375 0.9875 0.465625 0.9888888888888889 0.46015625 0.9958333333333333 0.42109375 0.9958333333333333 0.4171875 0.9986111111111111 0.34375 0.9986111111111111 0.34140625 0.9958333333333333 0.30859375 0.9986111111111111 0.30546875 0.9958333333333333 0.30390625 0.9819444444444444 0.30390625 0.9083333333333333 0.3015625 0.8555555555555555 0.30234375 0.7541666666666667 0.30078125 0.7402777777777778 0.30234375 0.6847222222222222 0.309375 0.6777777777777778 0.328125 0.6777777777777778 0.35390625 0.6708333333333333 0.40078125 0.6680555555555555 0.440625 0.6611111111111111 0.4640625 0.6625 0.48828125 0.6597222222222222
3 0.29296875 0.3611111111111111 0.296875 0.36527777777777776 0.296875 0.36944444444444446 0.3 0.37222222222222223 0.3015625 0.37916666666666665 0.30859375 0.3819444444444444 0.31484375 0.3888888888888889 0.31953125 0.3972222222222222 0.32265625 0.4111111111111111 0.32578125 0.4486111111111111 0.32734375 0.5222222222222223 0.33046875 0.5291666666666667 0.33515625 0.5319444444444444 0.33984375 0.5444444444444444 0.34765625 0.5555555555555556 0.34453125 0.5611111111111111 0.34453125 0.5680555555555555 0.3453125 0.5902777777777778 0.3484375 0.6027777777777777 0.34921875 0.6638888888888889 0.346875 0.6694444444444444 0.31640625 0.6722222222222223 0.303125 0.6763888888888889 0.30078125 0.6805555555555556 0.2984375 0.6875 0.29921875 0.7847222222222222 0.296875 0.7930555555555555 0.27890625 0.7972222222222223 0.24140625 0.7986111111111112 0.234375 0.8041666666666667 0.22421875 0.8236111111111111 0.21953125 0.8236111111111111 0.21640625 0.8138888888888889 0.21640625 0.8027777777777778 0.21015625 0.7819444444444444 0.20625 0.7555555555555555 0.20625 0.7208333333333333 0.2046875 0.7166666666666667 0.20234375 0.6777777777777778 0.203125 0.6527777777777778 0.20234375 0.6430555555555556 0.19921875 0.6388888888888888 0.1984375 0.6319444444444444 0.1953125 0.5638888888888889 0.19609375 0.5361111111111111 0.1921875 0.5125 0.1921875 0.3680555555555556 0.1953125 0.3638888888888889 0.2921875 0.3611111111111111
3 0.45 0.23333333333333334 0.4578125 0.2361111111111111 0.46015625 0.24027777777777778 0.46015625 0.2916666666666667 0.459375 0.2986111111111111 0.45703125 0.3013888888888889 0.44375 0.30416666666666664 0.43828125 0.30277777777777776 0.4328125 0.29305555555555557 0.4203125 0.28888888888888886 0.4171875 0.2388888888888889 0.42109375 0.23194444444444445 0.44921875 0.23333333333333334
2 0.38203125 0.39305555555555555 0.384375 0.4 0.384375 0.41944444444444445 0.38046875 0.43194444444444446 0.37734375 0.43472222222222223 0.37421875 0.43333333333333335 0.36875 0.42083333333333334 0.365625 0.4083333333333333 0.365625 0.39305555555555555 0.36796875 0.3902777777777778 0.38125 0.39305555555555555
2 0.165625 0.2763888888888889 0.17109375 0.28194444444444444 0.171875 0.2916666666666667 0.16875 0.3055555555555556 0.1640625 0.3125 0.159375 0.30694444444444446 0.15859375 0.2875 0.16484375 0.2763888888888889
2 0.11015625 0.36527777777777776 0.1140625 0.37222222222222223 0.1140625 0.3763888888888889 0.10546875 0.4013888888888889 0.1015625 0.3972222222222222 0.0984375 0.3875 0.0984375 0.3736111111111111 0.1015625 0.3638888888888889 0.109375 0.36527777777777776
2 0.128125 0.3590277777777778 0.015625 0.0375
2 0.61953125 0.7236111111111111 0.640625 0.7277777777777777 0.6421875 0.7305555555555555 0.6421875 0.7416666666666667 0.640625 0.7444444444444445 0.60546875 0.7402777777777778 0.60390625 0.7319444444444444 0.60625 0.7263888888888889 0.61875 0.7236111111111111
2 0.2046875 0.2673611111111111 0.009375 0.020833333333333332
2 0.140625 0.3055555555555556 0.14609375 0.30972222222222223 0.14921875 0.3236111111111111 0.1453125 0.34444444444444444 0.1390625 0.3458333333333333 0.13359375 0.33194444444444443 0.13984375 0.30694444444444446
2 0.1625 0.4673611111111111 0.01875 0.0625
2 0.12109375 0.4125 0.1296875 0.41805555555555557 0.1265625 0.44583333333333336 0.121875 0.45555555555555555 0.115625 0.4527777777777778 0.1109375 0.44166666666666665 0.11171875 0.425 0.115625 0.4152777777777778 0.1203125 0.4125
2 0.1765625 0.27361111111111114 0.1828125 0.2791666666666667 0.1828125 0.29305555555555557 0.1765625 0.2986111111111111 0.17265625 0.2986111111111111 0.17109375 0.29444444444444445 0.171875 0.28055555555555556 0.17578125 0.27361111111111114
2 0.12265625 0.4708333333333333 0.1328125 0.4722222222222222 0.1375 0.47638888888888886 0.140625 0.49722222222222223 0.13984375 0.525 0.134375 0.5305555555555556 0.1234375 0.5291666666666667 0.11953125 0.5 0.12265625 0.4722222222222222
2 0.1609375 0.29305555555555557 0.16875 0.29444444444444445 0.16875 0.30416666666666664 0.1640625 0.3125 0.159375 0.30694444444444446 0.1609375 0.29444444444444445
1 0.5734375 0.35555555555555557 0.58125 0.36666666666666664 0.5734375 0.3861111111111111 0.5734375 0.40555555555555556 0.57109375 0.41805555555555557 0.56328125 0.41388888888888886 0.56328125 0.4 0.559375 0.3888888888888889 0.5546875 0.38055555555555554 0.54296875 0.37222222222222223 0.5421875 0.36527777777777776 0.54375 0.35555555555555557 0.5484375 0.35 0.5671875 0.35138888888888886 0.57265625 0.35555555555555557
1 0.5015625 0.3138888888888889 0.5046875 0.3194444444444444 0.51328125 0.3138888888888889 0.52890625 0.3138888888888889 0.53203125 0.31666666666666665 0.53984375 0.33194444444444443 0.54375 0.3527777777777778 0.54375 0.3638888888888889 0.53984375 0.37222222222222223 0.52578125 0.37222222222222223 0.51640625 0.35694444444444445 0.5078125 0.3527777777777778 0.5015625 0.31527777777777777
1 0.10078125 0.25833333333333336 0.1140625 0.2611111111111111 0.11953125 0.2708333333333333 0.12265625 0.28194444444444444 0.1203125 0.3013888888888889 0.11328125 0.32222222222222224 0.09140625 0.31527777777777777 0.08046875 0.31527777777777777 0.07734375 0.30833333333333335 0.078125 0.2875 0.0828125 0.2722222222222222 0.0921875 0.2569444444444444 0.1 0.25833333333333336
1 0.50859375 0.3541666666666667 0.51796875 0.35833333333333334 0.52265625 0.37222222222222223 0.515625 0.38472222222222224 0.5078125 0.4125 0.503125 0.4166666666666667 0.49140625 0.41388888888888886 0.48359375 0.4 0.47890625 0.3875 0.47890625 0.37222222222222223 0.48203125 0.3597222222222222 0.48515625 0.35555555555555557 0.5078125 0.3541666666666667
1 0.675 0.8083333333333333 0.6953125 0.8152777777777778 0.70859375 0.8305555555555556 0.72421875 0.8597222222222223 0.73046875 0.875 0.73671875 0.8986111111111111 0.740625 0.9055555555555556 0.746875 0.9 0.75625 0.9027777777777778 0.7578125 0.9152777777777777 0.7546875 0.9222222222222223 0.75078125 0.9236111111111112 0.74921875 0.9291666666666667 0.76640625 0.9708333333333333 0.76796875 0.9791666666666666 0.7671875 0.9888888888888889 0.7625 0.9986111111111111 0.740625 0.9972222222222222 0.73046875 0.9930555555555556 0.69453125 0.9944444444444445 0.69296875 0.9236111111111112 0.675 0.8958333333333334 0.66484375 0.8861111111111111 0.6328125 0.8430555555555556 0.62265625 0.8208333333333333 0.6265625 0.8166666666666667 0.6578125 0.8125 0.66640625 0.8069444444444445 0.67421875 0.8083333333333333
1 0.640625 0.3819444444444444 0.6515625 0.3888888888888889 0.6609375 0.4083333333333333 0.66484375 0.4111111111111111 0.66484375 0.43472222222222223 0.66015625 0.4388888888888889 0.6546875 0.45 0.63671875 0.44305555555555554 0.62578125 0.44305555555555554 0.61953125 0.4527777777777778 0.60390625 0.4486111111111111 0.5984375 0.4388888888888889 0.5984375 0.425 0.603125 0.4083333333333333 0.60546875 0.3902777777777778 0.6125 0.3819444444444444 0.63984375 0.3819444444444444
1 0.22578125 0.34444444444444444 0.22890625 0.3486111111111111 0.23203125 0.3611111111111111 0.22265625 0.3625 0.19140625 0.3625 0.19140625 0.35555555555555557 0.19296875 0.3486111111111111 0.1984375 0.3458333333333333 0.209375 0.34305555555555556 0.225 0.34444444444444444
1 0.534375 0.3763888888888889 0.5484375 0.37777777777777777 0.55625 0.38333333333333336 0.56171875 0.3958333333333333 0.56328125 0.4166666666666667 0.56015625 0.42083333333333334 0.54921875 0.4222222222222222 0.54375 0.42916666666666664 0.53671875 0.44305555555555554 0.5359375 0.4597222222222222 0.5328125 0.4736111111111111 0.528125 0.4736111111111111 0.528125 0.4652777777777778 0.5203125 0.4513888888888889 0.51796875 0.44027777777777777 0.5109375 0.4263888888888889 0.5078125 0.41388888888888886 0.5140625 0.39444444444444443 0.51484375 0.3861111111111111 0.51875 0.37916666666666665 0.521875 0.3763888888888889 0.53359375 0.3763888888888889
1 0.603125 0.4513888888888889 0.61875 0.45555555555555555 0.621875 0.46111111111111114 0.61640625 0.5083333333333333 0.609375 0.5208333333333334 0.60078125 0.5055555555555555 0.59609375 0.5013888888888889 0.5828125 0.49444444444444446 0.57109375 0.49444444444444446 0.56796875 0.49027777777777776 0.56796875 0.48194444444444445 0.57734375 0.45555555555555555 0.5875 0.4513888888888889 0.60234375 0.4513888888888889
1 0.478125 0.39444444444444443 0.4859375 0.4041666666666667 0.4890625 0.4166666666666667 0.453125 0.42083333333333334 0.44921875 0.4236111111111111 0.44296875 0.43472222222222223 0.4390625 0.48333333333333334 0.4359375 0.4361111111111111 0.4421875 0.4041666666666667 0.44765625 0.3958333333333333 0.45625 0.39166666666666666 0.47734375 0.39444444444444443
1 0.0421875 0.4083333333333333 0.06640625 0.41388888888888886 0.07890625 0.4236111111111111 0.0875 0.4361111111111111 0.1078125 0.44305555555555554 0.11640625 0.45555555555555555 0.1171875 0.46805555555555556 0.11640625 0.48055555555555557 0.11328125 0.49166666666666664 0.10703125 0.4986111111111111 0.1015625 0.4986111111111111 0.09296875 0.49027777777777776 0.078125 0.49166666666666664 0.07109375 0.49722222222222223 0.0671875 0.49722222222222223 0.06171875 0.49027777777777776 0.04921875 0.49027777777777776 0.03671875 0.5055555555555555 0.02578125 0.5055555555555555 0.01875 0.49166666666666664 0.01015625 0.49166666666666664 0.0046875 0.49583333333333335 0 0.4875 0 0.41805555555555557 0.021875 0.4083333333333333 0.04140625 0.4083333333333333
1 0.3515625 0.6152777777777778 0.3484375 0.5944444444444444 0.34765625 0.5625 0.353125 0.5555555555555556 0.34140625 0.5388888888888889 0.340625 0.5319444444444444 0.35390625 0.4930555555555556 0.36796875 0.49166666666666664 0.4 0.4930555555555556 0.4046875 0.5013888888888889 0.415625 0.5444444444444444 0.421875 0.5597222222222222 0.421875 0.5652777777777778 0.40234375 0.5680555555555555 0.3921875 0.5736111111111111 0.37578125 0.6125 0.3625 0.6166666666666667 0.35234375 0.6152777777777778
1 0.43203125 0.3597222222222222 0.43984375 0.36666666666666664 0.4484375 0.3861111111111111 0.4484375 0.39305555555555555 0.440625 0.40555555555555556 0.434375 0.44166666666666665 0.41328125 0.4444444444444444 0.40703125 0.4513888888888889 0.40390625 0.4513888888888889 0.39765625 0.44027777777777777 0.39765625 0.425 0.39453125 0.4013888888888889 0.40234375 0.36527777777777776 0.40859375 0.3597222222222222 0.43125 0.3597222222222222
1 0.39765625 0.4625 0.40234375 0.46805555555555556 0.4140625 0.4736111111111111 0.425 0.4986111111111111 0.43046875 0.5375 0.43046875 0.5583333333333333 0.428125 0.5638888888888889 0.425 0.5638888888888889 0.4171875 0.5458333333333333 0.40546875 0.5013888888888889 0.4015625 0.4930555555555556 0.39765625 0.49027777777777776 0.371875 0.49027777777777776 0.3703125 0.4875 0.371875 0.47638888888888886 0.37421875 0.4722222222222222 0.38984375 0.4625 0.396875 0.4625
1 0.28671875 0.28888888888888886 0.290625 0.29444444444444445 0.29296875 0.31527777777777777 0.290625 0.31805555555555554 0.26484375 0.32083333333333336 0.26171875 0.3277777777777778 0.26015625 0.34305555555555556 0.2546875 0.35 0.25078125 0.3347222222222222 0.25078125 0.30972222222222223 0.25546875 0.29583333333333334 0.2609375 0.28888888888888886 0.2859375 0.28888888888888886
1 0.35 0.3763888888888889 0.3578125 0.38472222222222224 0.3671875 0.41805555555555557 0.36953125 0.4666666666666667 0.36640625 0.4736111111111111 0.3515625 0.4708333333333333 0.3390625 0.4444444444444444 0.328125 0.44166666666666665 0.325 0.43472222222222223 0.3234375 0.4111111111111111 0.3171875 0.3861111111111111 0.3203125 0.38055555555555554 0.328125 0.3763888888888889 0.34921875 0.3763888888888889
1 0.65859375 0.45416666666666666 0.66875 0.4583333333333333 0.68515625 0.4708333333333333 0.6875 0.4777777777777778 0.6859375 0.49166666666666664 0.6828125 0.49444444444444446 0.671875 0.49166666666666664 0.63984375 0.49166666666666664 0.63359375 0.4986111111111111 0.6296875 0.5152777777777777 0.62265625 0.5305555555555556 0.61484375 0.5291666666666667 0.61328125 0.525 0.61328125 0.5138888888888888 0.61796875 0.49444444444444446 0.621875 0.4583333333333333 0.63125 0.4527777777777778 0.6578125 0.45416666666666666
1 0.33046875 0.44166666666666665 0.3390625 0.4444444444444444 0.34296875 0.4513888888888889 0.34921875 0.46944444444444444 0.35078125 0.48194444444444445 0.35078125 0.49583333333333335 0.3484375 0.5069444444444444 0.33828125 0.5291666666666667 0.33046875 0.5222222222222223 0.328125 0.5152777777777777 0.32578125 0.44583333333333336 0.32734375 0.44166666666666665 0.3296875 0.44166666666666665
1 0.58828125 0.3638888888888889 0.61328125 0.36527777777777776 0.6203125 0.37083333333333335 0.61953125 0.37916666666666665 0.6125 0.38055555555555554 0.60546875 0.3902777777777778 0.596875 0.43472222222222223 0.5953125 0.4375 0.5859375 0.425 0.5765625 0.42083333333333334 0.57421875 0.4166666666666667 0.57421875 0.38472222222222224 0.58359375 0.36527777777777776 0.5875 0.36527777777777776
1 0.66796875 0.4305555555555556 0.69921875 0.44166666666666665 0.71328125 0.46944444444444444 0.71953125 0.47638888888888886 0.690625 0.4791666666666667 0.6828125 0.4666666666666667 0.6578125 0.4527777777777778 0.6578125 0.44583333333333336 0.66796875 0.43194444444444446
1 0.57421875 0.4222222222222222 0.5859375 0.42916666666666664 0.5921875 0.4388888888888889 0.59375 0.4486111111111111 0.57734375 0.45416666666666666 0.5671875 0.48194444444444445 0.56796875 0.49166666666666664 0.546875 0.49166666666666664 0.53984375 0.4986111111111111 0.5375 0.49444444444444446 0.5359375 0.47638888888888886 0.5359375 0.45555555555555555 0.53828125 0.44305555555555554 0.54921875 0.4236111111111111 0.559375 0.42083333333333334 0.5734375 0.4222222222222222
1 0.63203125 0.6055555555555555 0.62265625 0.5569444444444445 0.62578125 0.525 0.63125 0.5138888888888888 0.63515625 0.49583333333333335 0.63828125 0.4930555555555556 0.67890625 0.49444444444444446 0.684375 0.4986111111111111 0.684375 0.5069444444444444 0.678125 0.5375 0.67578125 0.6 0.671875 0.6222222222222222 0.6609375 0.625 0.6546875 0.6333333333333333 0.65078125 0.6347222222222222 0.64375 0.6236111111111111 0.6390625 0.6097222222222223 0.6328125 0.6055555555555555
1 0.61640625 0.7402777777777778 0.63359375 0.7430555555555556 0.64296875 0.75 0.6578125 0.7777777777777778 0.665625 0.8 0.66484375 0.8041666666666667 0.65859375 0.8083333333333333 0.625 0.8166666666666667 0.61640625 0.8152777777777778 0.609375 0.8069444444444445 0.58984375 0.7763888888888889 0.58203125 0.7694444444444445 0.56953125 0.75 0.57109375 0.7458333333333333 0.57890625 0.7430555555555556 0.615625 0.7402777777777778
1 0.440625 0.5666666666666667 0.453125 0.5791666666666667 0.4578125 0.5916666666666667 0.45703125 0.5944444444444444 0.4421875 0.5986111111111111 0.43984375 0.6027777777777777 0.43828125 0.6111111111111112 0.4390625 0.6402777777777777 0.4375 0.6569444444444444 0.43203125 0.6611111111111111 0.4 0.6638888888888889 0.3796875 0.6638888888888889 0.37890625 0.6597222222222222 0.37890625 0.6097222222222223 0.38984375 0.5805555555555556 0.39453125 0.5736111111111111 0.40390625 0.5694444444444444 0.43984375 0.5666666666666667
1 0.5859375 0.4986111111111111 0.60234375 0.5125 0.60546875 0.5291666666666667 0.62109375 0.5652777777777778 0.6265625 0.6027777777777777 0.625 0.6194444444444445 0.6265625 0.6402777777777777 0.6234375 0.6458333333333334 0.6140625 0.6444444444444445 0.609375 0.6361111111111111 0.575 0.6347222222222222 0.57109375 0.6319444444444444 0.559375 0.6361111111111111 0.55 0.6458333333333334 0.54453125 0.6333333333333333 0.54296875 0.6194444444444445 0.525 0.5972222222222222 0.5234375 0.5347222222222222 0.52578125 0.5208333333333334 0.53359375 0.5166666666666667 0.53828125 0.5041666666666667 0.54609375 0.49722222222222223 0.58515625 0.4986111111111111
0 0.071875 0.17916666666666667 0.0796875 0.18611111111111112 0.08515625 0.20555555555555555 0.0859375 0.24722222222222223 0.0828125 0.25555555555555554 0.07890625 0.25833333333333336 0.06640625 0.2569444444444444 0.0625 0.25416666666666665 0.059375 0.24722222222222223 0.059375 0.17916666666666667 0.07109375 0.17916666666666667
0 0.696875 0.48194444444444445 0.79765625 0.4888888888888889 0.825 0.5 0.83828125 0.5 0.92109375 0.5416666666666666 0.93515625 0.5611111111111111 0.9734375 0.5819444444444445 0.98828125 0.6027777777777777 0.99296875 0.6111111111111112 0.99609375 0.625 0.996875 0.6722222222222223 0.99921875 0.675 0.99921875 0.7236111111111111 0.996875 0.7319444444444444 0.996875 0.7458333333333333 0.99921875 0.75 0.99921875 0.9069444444444444 0.99609375 0.9111111111111111 0.98671875 0.9375 0.98046875 0.9458333333333333 0.96875 0.9416666666666667 0.9109375 0.9430555555555555 0.90078125 0.9416666666666667 0.89375 0.9361111111111111 0.8796875 0.9444444444444444 0.8515625 0.9458333333333333 0.84609375 0.9444444444444444 0.8296875 0.9291666666666667 0.82421875 0.9291666666666667 0.81484375 0.9416666666666667 0.80546875 0.9444444444444444 0.79921875 0.9388888888888889 0.79453125 0.9277777777777778 0.79453125 0.9166666666666666 0.79140625 0.9069444444444444 0.7953125 0.9013888888888889 0.7890625 0.8944444444444445 0.79140625 0.8902777777777777 0.78984375 0.8875 0.734375 0.8319444444444445 0.71328125 0.8347222222222223 0.70859375 0.8236111111111111 0.7046875 0.7958333333333333 0.678125 0.7722222222222223 0.671875 0.7597222222222222 0.66875 0.7430555555555556 0.67109375 0.6986111111111111 0.6734375 0.6944444444444444 0.67265625 0.6791666666666667 0.67421875 0.6625 0.67265625 0.6319444444444444 0.67734375 0.6027777777777777 0.67734375 0.5666666666666667 0.6796875 0.5388888888888889 0.68671875 0.4930555555555556 0.69140625 0.48333333333333334 0.69609375 0.48194444444444445
0 0.77109375 0.4444444444444444 0.79609375 0.44583333333333336 0.82578125 0.4666666666666667 0.83125 0.47638888888888886 0.8328125 0.4930555555555556 0.83125 0.49583333333333335 0.8203125 0.49583333333333335 0.79765625 0.4861111111111111 0.73828125 0.48194444444444445 0.73515625 0.4708333333333333 0.73828125 0.44583333333333336 0.7703125 0.4444444444444444
0 0.30390625 0.18055555555555555 0.3140625 0.18611111111111112 0.31953125 0.2 0.31875 0.20833333333333334 0.31015625 0.2222222222222222 0.30703125 0.23194444444444445 0.29765625 0.2263888888888889 0.28203125 0.2263888888888889 0.278125 0.22083333333333333 0.278125 0.2013888888888889 0.2859375 0.18472222222222223 0.29296875 0.18055555555555555 0.303125 0.18055555555555555
0 0.38671875 0.21944444444444444 0.4015625 0.2263888888888889 0.4109375 0.2375 0.41640625 0.27361111111111114 0.41640625 0.2861111111111111 0.41328125 0.28888888888888886 0.390625 0.2916666666666667 0.38203125 0.30694444444444446 0.36875 0.30694444444444446 0.365625 0.30277777777777776 0.3640625 0.23055555555555557 0.36875 0.22361111111111112 0.3859375 0.22083333333333333