3 0.63046875 0.3611111111111111 0.65859375 0.37777777777777777 0.66328125 0.3819444444444444 0.665625 0.3888888888888889 0.6671875 0.4027777777777778 0.66640625 0.4361111111111111 0.6734375 0.49583333333333335 0.6734375 0.5194444444444445 0.65859375 0.525 0.65234375 0.5375 0.64375 0.5708333333333333 0.63359375 0.5763888888888888 0.61015625 0.5763888888888888 0.6 0.5916666666666667 0.59375 0.5861111111111111 0.58828125 0.5694444444444444 0.578125 0.5694444444444444 0.57421875 0.5652777777777778 0.571875 0.5569444444444445 0.56875 0.5222222222222223 0.56328125 0.5166666666666667 0.5609375 0.5097222222222222 0.5625 0.37777777777777777 0.56640625 0.3638888888888889 0.5703125 0.3638888888888889 0.5734375 0.3597222222222222 0.6296875 0.3611111111111111
3 0.07578125 0.18194444444444444 0.08125 0.19027777777777777 0.084375 0.20416666666666666 0.08515625 0.25 0.0796875 0.25833333333333336 0.06328125 0.25555555555555554 0.059375 0.24444444444444444 0.06015625 0.20972222222222223 0.05859375 0.17916666666666667 0.0640625 0.1763888888888889 0.075 0.18194444444444444
3 0.2859375 0.3055555555555556 0.315625 0.30833333333333335 0.31953125 0.3138888888888889 0.321875 0.35 0.33046875 0.37222222222222223 0.33125 0.39305555555555555 0.3265625 0.3972222222222222 0.32578125 0.40694444444444444 0.32734375 0.4152777777777778 0.334375 0.425 0.334375 0.4513888888888889 0.33125 0.48194444444444445 0.32421875 0.49444444444444446 0.32109375 0.49583333333333335 0.30703125 0.48055555555555557 0.30390625 0.4666666666666667 0.2984375 0.45555555555555555 0.29453125 0.425 0.28984375 0.4083333333333333 0.28515625 0.37916666666666665 0.28046875 0.36944444444444446 0.2515625 0.36666666666666664 0.24609375 0.3611111111111111 0.24609375 0.3416666666666667 0.2546875 0.30833333333333335 0.2578125 0.3055555555555556 0.2625 0.30833333333333335 0.28515625 0.30694444444444446
3 0.3046875 0.2388888888888889 0.321875 0.24027777777777778 0.33046875 0.24444444444444444 0.33359375 0.2513888888888889 0.33515625 0.2638888888888889 0.3453125 0.2902777777777778 0.34609375 0.3138888888888889 0.3484375 0.3194444444444444 0.34453125 0.33194444444444443 0.34375 0.34444444444444444 0.3453125 0.3888888888888889 0.34296875 0.3958333333333333 0.33515625 0.4 0.334375 0.4222222222222222 0.33125 0.4222222222222222 0.328125 0.4152777777777778 0.32734375 0.39861111111111114 0.32890625 0.39444444444444443 0.334375 0.39166666666666666 0.33515625 0.3875 0.3328125 0.3736111111111111 0.3234375 0.3527777777777778 0.3203125 0.3125 0.31796875 0.30833333333333335 0.30390625 0.3055555555555556 0.2640625 0.30833333333333335 0.2546875 0.3055555555555556 0.25625 0.29444444444444445 0.2546875 0.26666666666666666 0.25546875 0.25555555555555554 0.2578125 0.25 0.26875 0.24027777777777778 0.30390625 0.2388888888888889
3 0.2078125 0.20277777777777778 0.2296875 0.21805555555555556 0.23203125 0.2222222222222222 0.2328125 0.23333333333333334 0.23125 0.2361111111111111 0.21875 0.24166666666666667 0.20625 0.2388888888888889 0.1921875 0.24027777777777778 0.190625 0.2375 0.18828125 0.22361111111111112 0.18984375 0.20555555555555555 0.1921875 0.20277777777777778 0.20703125 0.20277777777777778
3 0.21640625 0.3472222222222222 0.22265625 0.35694444444444445 0.22265625 0.36527777777777776 0.2 0.37083333333333335 0.19453125 0.3819444444444444 0.1859375 0.4666666666666667 0.1796875 0.475 0.17578125 0.4875 0.17421875 0.5222222222222223 0.16640625 0.5180555555555556 0.16015625 0.49583333333333335 0.15703125 0.45555555555555555 0.15390625 0.44166666666666665 0.15546875 0.40555555555555556 0.153125 0.3611111111111111 0.1578125 0.35138888888888886 0.1640625 0.3472222222222222 0.20546875 0.34444444444444444 0.215625 0.3472222222222222
2 0.40390625 0.41944444444444445 0.40859375 0.4166666666666667 0.4140625 0.4222222222222222 0.415625 0.4444444444444444 0.4140625 0.45694444444444443 0.409375 0.4708333333333333 0.40390625 0.4722222222222222 0.39921875 0.4638888888888889 0.39609375 0.44166666666666665 0.40390625 0.42083333333333334
2 0.35859375 0.31527777777777777 0.36015625 0.3333333333333333 0.359375 0.3388888888888889 0.35546875 0.34444444444444444 0.34765625 0.3402777777777778 0.346875 0.3277777777777778 0.34921875 0.3125 0.35390625 0.3111111111111111 0.3578125 0.31527777777777777
2 0.0921875 0.7833333333333333 0.09296875 0.7875 0.08671875 0.7944444444444444 0.07421875 0.8166666666666667 0.078125 0.8430555555555556 0.078125 0.8625 0.0796875 0.8652777777777778 0.07578125 0.8708333333333333 0.07265625 0.8916666666666667 0.06953125 0.8986111111111111 0.06484375 0.8972222222222223 0.059375 0.8791666666666667 0.053125 0.8708333333333333 0.05546875 0.85 0.0546875 0.8402777777777778 0.0578125 0.8277777777777777 0.0578125 0.8097222222222222 0.04296875 0.7986111111111112 0.040625 0.7916666666666666 0.04453125 0.7888888888888889 0.0546875 0.7972222222222223 0.07109375 0.7930555555555555 0.078125 0.7986111111111112 0.084375 0.7861111111111111 0.09140625 0.7833333333333333
2 0.4234375 0.27361111111111114 0.42734375 0.28194444444444444 0.42734375 0.2916666666666667 0.425 0.29583333333333334 0.41640625 0.29583333333333334 0.4140625 0.2916666666666667 0.41484375 0.2763888888888889 0.41796875 0.2722222222222222 0.42265625 0.27361111111111114
2 0.369140625 0.3909722222222222 0.01328125 0.04027777777777778
2 0.0328125 0.48333333333333334 0.0359375 0.4875 0.0359375 0.5069444444444444 0.034375 0.5125 0.03828125 0.5263888888888889 0.0359375 0.5291666666666667 0.0328125 0.5277777777777778 0.02734375 0.5347222222222222 0.01796875 0.5194444444444445 0.01796875 0.5083333333333333 0.015625 0.5013888888888889 0.0171875 0.4888888888888889 0.03203125 0.4847222222222222
2 0.45 0.4388888888888889 0.4546875 0.44166666666666665 0.46328125 0.4388888888888889 0.46640625 0.45555555555555555 0.4640625 0.4597222222222222 0.4546875 0.4625 0.44921875 0.4708333333333333 0.44609375 0.46944444444444444 0.4453125 0.45694444444444443 0.44609375 0.44166666666666665 0.44921875 0.4388888888888889
2 0.380078125 0.325 0.01171875 0.03888888888888889
2 0.084375 0.9972222222222222 0.09296875 0.9958333333333333 0.1 0.9819444444444444 0.10546875 0.9805555555555555 0.10703125 0.9833333333333333 0.10625 0.9916666666666667 0.103125 0.9958333333333333 0.084375 0.9986111111111111
1 0.73828125 0.25972222222222224 0.74140625 0.2625 0.7546875 0.2611111111111111 0.759375 0.2652777777777778 0.76171875 0.2722222222222222 0.76328125 0.29305555555555557 0.75546875 0.3013888888888889 0.7484375 0.30416666666666664 0.71328125 0.30416666666666664 0.7078125 0.29583333333333334 0.709375 0.2861111111111111 0.7203125 0.2652777777777778 0.728125 0.26666666666666666 0.7375 0.25972222222222224
1 0.1046875 0.2625 0.11484375 0.26805555555555555 0.12109375 0.28888888888888886 0.11796875 0.31527777777777777 0.1140625 0.3236111111111111 0.1078125 0.3236111111111111 0.0953125 0.31527777777777777 0.0828125 0.31666666666666665 0.0765625 0.3111111111111111 0.078125 0.2861111111111111 0.08671875 0.2638888888888889 0.08984375 0.2611111111111111 0.10390625 0.2625
1 0.4765625 0.19444444444444445 0.4859375 0.19305555555555556 0.4921875 0.20694444444444443 0.484375 0.2361111111111111 0.48046875 0.2375 0.4765625 0.23333333333333334 0.4765625 0.21944444444444444 0.47421875 0.20833333333333334 0.47421875 0.2 0.4765625 0.19583333333333333
1 0.51875 0.30277777777777776 0.53984375 0.3055555555555556 0.546875 0.3138888888888889 0.55078125 0.3263888888888889 0.55546875 0.33055555555555555 0.5484375 0.325 0.52890625 0.3263888888888889 0.52578125 0.3416666666666667 0.51875 0.35555555555555557 0.51875 0.3638888888888889 0.5140625 0.36944444444444446 0.50859375 0.35555555555555557 0.50859375 0.34444444444444444 0.5140625 0.3277777777777778 0.5140625 0.3125 0.51796875 0.30416666666666664
1 0.38125 0.1875 0.384375 0.19444444444444445 0.384375 0.20277777777777778 0.38203125 0.20833333333333334 0.3796875 0.2125 0.36953125 0.21388888888888888 0.365625 0.21388888888888888 0.3625 0.20833333333333334 0.3640625 0.19027777777777777 0.36796875 0.18472222222222223 0.37265625 0.18333333333333332 0.38046875 0.1875
1 0.50078125 0.29305555555555557 0.50859375 0.2986111111111111 0.5125 0.30972222222222223 0.5125 0.325 0.50625 0.3416666666666667 0.5046875 0.3541666666666667 0.4953125 0.3458333333333333 0.48125 0.3402777777777778 0.478125 0.325 0.47890625 0.30972222222222223 0.48203125 0.2972222222222222 0.4890625 0.2916666666666667 0.5 0.29305555555555557
1 0.503125 0.2722222222222222 0.51328125 0.2777777777777778 0.51640625 0.2833333333333333 0.51796875 0.2986111111111111 0.515625 0.3055555555555556 0.5125 0.3055555555555556 0.509375 0.2972222222222222 0.5046875 0.29305555555555557 0.4890625 0.28888888888888886 0.49375 0.275 0.50234375 0.2722222222222222
1 0.82265625 0.5416666666666666 0.83359375 0.5458333333333333 0.84453125 0.5555555555555556 0.853125 0.5736111111111111 0.86328125 0.5833333333333334 0.86328125 0.6 0.859375 0.6055555555555555 0.83515625 0.6041666666666666 0.8234375 0.6097222222222223 0.80234375 0.6125 0.79765625 0.6180555555555556 0.796875 0.6263888888888889 0.7890625 0.6388888888888888 0.7859375 0.6388888888888888 0.765625 0.6138888888888889 0.76796875 0.5680555555555555 0.7828125 0.5458333333333333 0.809375 0.5402777777777777 0.821875 0.5416666666666666
1 0.39296875 0.21944444444444444 0.39609375 0.22083333333333333 0.40078125 0.23333333333333334 0.40390625 0.23333333333333334 0.40546875 0.25416666666666665 0.403125 0.2569444444444444 0.39140625 0.25416666666666665 0.39140625 0.24583333333333332 0.3875 0.2375 0.375 0.23333333333333334 0.38125 0.22083333333333333 0.3921875 0.21944444444444444
1 0.209375 0.29583333333333334 0.221875 0.2902777777777778 0.23515625 0.2902777777777778 0.2390625 0.29444444444444445 0.24765625 0.31805555555555554 0.24453125 0.35138888888888886 0.2390625 0.35833333333333334 0.22890625 0.35833333333333334 0.2265625 0.35555555555555557 0.22421875 0.3416666666666667 0.21484375 0.33055555555555555 0.21328125 0.3138888888888889 0.20859375 0.30416666666666664 0.209375 0.2972222222222222
1 0.38984375 0.17222222222222222 0.39375 0.17222222222222222 0.39375 0.17777777777777778 0.3875 0.19444444444444445 0.38359375 0.19444444444444445 0.38046875 0.19027777777777777 0.3765625 0.17916666666666667 0.38125 0.17083333333333334 0.3890625 0.17222222222222222
1 0.396875 0.2569444444444444 0.4046875 0.2638888888888889 0.40859375 0.2791666666666667 0.409375 0.3125 0.40703125 0.3194444444444444 0.39921875 0.31805555555555554 0.3921875 0.30277777777777776 0.38359375 0.3013888888888889 0.37578125 0.2833333333333333 0.3796875 0.2611111111111111 0.39609375 0.2569444444444444
1 0.43828125 0.16805555555555557 0.44296875 0.1625 0.4515625 0.1625 0.45234375 0.17222222222222222 0.44921875 0.18055555555555555 0.440625 0.175 0.4390625 0.16944444444444445
1 0.92890625 0.5722222222222222 0.95625 0.5888888888888889 0.9703125 0.6083333333333333 0.98046875 0.6305555555555555 0.9921875 0.6361111111111111 0.99296875 0.6444444444444445 0.98984375 0.6472222222222223 0.9890625 0.6555555555555556 0.99453125 0.6736111111111112 0.99296875 0.6847222222222222 0.99609375 0.6944444444444444 0.99609375 0.7055555555555556 0.99453125 0.7166666666666667 0.990625 0.7208333333333333 0.99375 0.7375 0.98828125 0.7458333333333333 0.97890625 0.7430555555555556 0.965625 0.7444444444444445 0.94296875 0.7375 0.93671875 0.7111111111111111 0.9265625 0.6930555555555555 0.928125 0.6763888888888889 0.92578125 0.6722222222222223 0.91875 0.6680555555555555 0.9046875 0.6402777777777777 0.89375 0.625 0.865625 0.6069444444444444 0.86796875 0.5888888888888889 0.8734375 0.5722222222222222 0.928125 0.5722222222222222
1 0.66484375 0.24305555555555555 0.671875 0.24861111111111112 0.67109375 0.2652777777777778 0.65703125 0.2652777777777778 0.65390625 0.26944444444444443 0.65078125 0.25972222222222224 0.646875 0.27361111111111114 0.64296875 0.27361111111111114 0.63984375 0.26805555555555555 0.64375 0.24861111111111112 0.6609375 0.24166666666666667 0.6640625 0.24305555555555555
1 0.47109375 0.6194444444444445 0.48125 0.625 0.49453125 0.6513888888888889 0.5078125 0.6847222222222222 0.515625 0.6847222222222222 0.51953125 0.6888888888888889 0.51953125 0.6986111111111111 0.51328125 0.7041666666666667 0.51171875 0.7097222222222223 0.5171875 0.725 0.51875 0.7388888888888889 0.52265625 0.7513888888888889 0.525 0.7861111111111111 0.52109375 0.7875 0.51796875 0.7847222222222222 0.51328125 0.7736111111111111 0.50546875 0.7652777777777777 0.44921875 0.7694444444444445 0.43515625 0.775 0.43046875 0.7833333333333333 0.42734375 0.8 0.421875 0.8055555555555556 0.4125 0.7972222222222223 0.4046875 0.7958333333333333 0.4015625 0.7902777777777777 0.39921875 0.7583333333333333 0.4 0.7388888888888889 0.3984375 0.7305555555555555 0.4 0.7263888888888889 0.40234375 0.6819444444444445 0.4078125 0.6680555555555555 0.4078125 0.6597222222222222 0.4125 0.6458333333333334 0.41328125 0.6361111111111111 0.4203125 0.6263888888888889 0.428125 0.6236111111111111 0.44921875 0.6194444444444445 0.4703125 0.6194444444444445
1 0.5453125 0.3902777777777778 0.55859375 0.39166666666666666 0.56171875 0.39861111111111114 0.5609375 0.475 0.55703125 0.48055555555555557 0.54296875 0.48333333333333334 0.5328125 0.49444444444444446 0.528125 0.49444444444444446 0.52421875 0.48333333333333334 0.5171875 0.4791666666666667 0.5140625 0.4638888888888889 0.51484375 0.43472222222222223 0.51953125 0.41388888888888886 0.52890625 0.39166666666666666 0.54453125 0.3902777777777778
1 0.38671875 0.21666666666666667 0.38671875 0.20833333333333334 0.39140625 0.19444444444444445 0.40703125 0.19027777777777777 0.4109375 0.19583333333333333 0.41484375 0.2152777777777778 0.4109375 0.21805555555555556 0.40703125 0.22777777777777777 0.40390625 0.2263888888888889 0.4 0.21666666666666667 0.3875 0.21666666666666667
1 0.4 0.20277777777777778 0.40546875 0.20555555555555555 0.40703125 0.2111111111111111 0.4046875 0.25416666666666665 0.403125 0.25416666666666665 0.40390625 0.24722222222222223 0.3984375 0.2375 0.396875 0.2263888888888889 0.39140625 0.22083333333333333 0.38515625 0.21944444444444444 0.38828125 0.20555555555555555 0.39296875 0.2013888888888889 0.39921875 0.20277777777777778
1 0.40546875 0.5569444444444445 0.415625 0.5708333333333333 0.42421875 0.5972222222222222 0.42890625 0.6055555555555555 0.4390625 0.6055555555555555 0.43984375 0.6152777777777778 0.43671875 0.6194444444444445 0.4203125 0.6236111111111111 0.4125 0.6361111111111111 0.4078125 0.6597222222222222 0.40234375 0.675 0.4 0.7027777777777777 0.39765625 0.7111111111111111 0.3859375 0.7083333333333334 0.3703125 0.7152777777777778 0.36484375 0.7222222222222222 0.3609375 0.7333333333333333 0.35625 0.7375 0.35078125 0.7347222222222223 0.346875 0.7125 0.33984375 0.7 0.33828125 0.6847222222222222 0.340625 0.6125 0.34375 0.6041666666666666 0.34765625 0.5736111111111111 0.35078125 0.5638888888888889 0.35546875 0.5583333333333333 0.38671875 0.5541666666666667 0.4 0.5541666666666667 0.4046875 0.5569444444444445
1 0.478125 0.2375 0.48203125 0.24583333333333332 0.48203125 0.25555555555555554 0.47421875 0.2722222222222222 0.459375 0.2708333333333333 0.45859375 0.25416666666666665 0.46328125 0.24027777777777778 0.47734375 0.2375
1 0.32890625 0.225 0.33203125 0.2361111111111111 0.32890625 0.24166666666666667 0.30234375 0.2375 0.30234375 0.23472222222222222 0.3140625 0.22361111111111112 0.328125 0.225
1 0.41171875 0.3277777777777778 0.421875 0.3347222222222222 0.4265625 0.3458333333333333 0.43359375 0.38472222222222224 0.43359375 0.41388888888888886 0.43203125 0.41805555555555557 0.42265625 0.41805555555555557 0.4203125 0.4152777777777778 0.41953125 0.3902777777777778 0.41640625 0.3763888888888889 0.4109375 0.36944444444444446 0.4078125 0.375 0.40859375 0.3902777777777778 0.4046875 0.39305555555555555 0.39765625 0.40555555555555556 0.39375 0.42083333333333334 0.3890625 0.41805555555555557 0.3859375 0.40555555555555556 0.38515625 0.36944444444444446 0.38671875 0.35833333333333334 0.3921875 0.33611111111111114 0.3953125 0.33055555555555555 0.4109375 0.3277777777777778
1 0.38203125 0.4527777777777778 0.3890625 0.45416666666666666 0.39375 0.46111111111111114 0.40078125 0.4791666666666667 0.40390625 0.49583333333333335 0.4109375 0.5055555555555555 0.4109375 0.5111111111111111 0.3953125 0.5152777777777777 0.375 0.5152777777777777 0.36484375 0.5194444444444445 0.346875 0.5680555555555555 0.34453125 0.5652777777777778 0.3453125 0.5208333333333334 0.34375 0.5069444444444444 0.3484375 0.5 0.35546875 0.45694444444444443 0.36328125 0.4527777777777778 0.38125 0.4527777777777778
1 0.76171875 0.8375 0.77265625 0.8402777777777778 0.77890625 0.8472222222222222 0.8078125 0.9097222222222222 0.8109375 0.9125 0.81875 0.9083333333333333 0.82421875 0.9138888888888889 0.82421875 0.9208333333333333 0.81796875 0.9263888888888889 0.81640625 0.9319444444444445 0.8265625 0.9638888888888889 0.82890625 0.975 0.82890625 0.9875 0.81328125 0.9902777777777778 0.80703125 0.9944444444444445 0.70625 0.9972222222222222 0.66875 0.9944444444444445 0.6703125 0.9777777777777777 0.6671875 0.95 0.6671875 0.9263888888888889 0.671875 0.8736111111111111 0.684375 0.8527777777777777 0.70078125 0.8402777777777778 0.72734375 0.8361111111111111 0.7609375 0.8375
1 0.3828125 0.23472222222222222 0.3921875 0.24027777777777778 0.39375 0.24722222222222223 0.3921875 0.25416666666666665 0.38125 0.25972222222222224 0.3765625 0.275 0.3734375 0.2791666666666667 0.36875 0.2791666666666667 0.36640625 0.2708333333333333 0.36875 0.24444444444444444 0.37265625 0.2361111111111111 0.38203125 0.23472222222222222
1 0.43984375 0.25 0.44921875 0.26805555555555555 0.44921875 0.2833333333333333 0.44609375 0.2847222222222222 0.4265625 0.2833333333333333 0.41484375 0.2777777777777778 0.4140625 0.2638888888888889 0.41953125 0.25 0.42421875 0.24722222222222223 0.4390625 0.25
1 0.85625 0.6083333333333333 0.8921875 0.625 0.9046875 0.6430555555555556 0.921875 0.6763888888888889 0.92578125 0.675 0.9234375 0.6763888888888889 0.92578125 0.6972222222222222 0.934375 0.7125 0.9390625 0.7277777777777777 0.94140625 0.7611111111111111 0.9390625 0.7861111111111111 0.93515625 0.8 0.93203125 0.8041666666666667 0.925 0.8027777777777778 0.9140625 0.7916666666666666 0.90234375 0.7888888888888889 0.8765625 0.7902777777777777 0.86015625 0.7875 0.8515625 0.7902777777777777 0.84453125 0.7986111111111112 0.83984375 0.8 0.8328125 0.7916666666666666 0.83125 0.775 0.828125 0.7666666666666667 0.8109375 0.7583333333333333 0.80703125 0.7527777777777778 0.803125 0.6986111111111111 0.80703125 0.6958333333333333 0.8078125 0.6916666666666667 0.8 0.6888888888888889 0.79296875 0.6652777777777777 0.79140625 0.6527777777777778 0.79296875 0.6361111111111111 0.79765625 0.6333333333333333 0.79921875 0.6236111111111111 0.803125 0.6166666666666667 0.82421875 0.6138888888888889 0.83125 0.6083333333333333 0.85546875 0.6083333333333333
1 0.41875 0.5208333333333334 0.43125 0.5513888888888889 0.43828125 0.5541666666666667 0.440625 0.5583333333333333 0.4390625 0.5638888888888889 0.43359375 0.5680555555555555 0.4390625 0.5888888888888889 0.43984375 0.6027777777777777 0.43046875 0.6041666666666666 0.428125 0.6041666666666666 0.425 0.5972222222222222 0.4171875 0.5722222222222222 0.4046875 0.5541666666666667 0.3796875 0.5527777777777778 0.3609375 0.5569444444444445 0.35703125 0.55 0.3640625 0.5236111111111111 0.37109375 0.5180555555555556 0.41171875 0.5152777777777777 0.41796875 0.5208333333333334
1 0.35703125 0.2222222222222222 0.3609375 0.23194444444444445 0.36171875 0.25 0.35625 0.25416666666666665 0.33984375 0.25416666666666665 0.33828125 0.2513888888888889 0.33828125 0.2375 0.34375 0.2222222222222222 0.35625 0.2222222222222222
1 0.7625 0.3013888888888889 0.771875 0.30972222222222223 0.77578125 0.31666666666666665 0.77734375 0.3263888888888889 0.775 0.3375 0.76640625 0.34305555555555556 0.7328125 0.3263888888888889 0.73359375 0.30694444444444446 0.76171875 0.3013888888888889
1 0.48203125 0.34305555555555556 0.49609375 0.3486111111111111 0.50078125 0.35694444444444445 0.5015625 0.3625 0.49765625 0.36527777777777776 0.478125 0.36527777777777776 0.47421875 0.37222222222222223 0.4734375 0.38333333333333336 0.4640625 0.4 0.459375 0.3972222222222222 0.4578125 0.39305555555555555 0.459375 0.3625 0.4671875 0.3472222222222222 0.4765625 0.3416666666666667 0.48125 0.34305555555555556
1 0.9265625 0.3680555555555556 0.928125 0.36944444444444446 0.9296875 0.3875 0.9328125 0.39861111111111114 0.9328125 0.4111111111111111 0.92734375 0.4152777777777778 0.90859375 0.4125 0.90078125 0.39305555555555555 0.89140625 0.39444444444444443 0.88984375 0.4041666666666667 0.89140625 0.39305555555555555 0.90234375 0.38472222222222224 0.91640625 0.38472222222222224 0.92109375 0.3763888888888889 0.92109375 0.37222222222222223 0.92421875 0.36666666666666664 0.92578125 0.3680555555555556
1 0.709375 0.525 0.71875 0.5402777777777777 0.72578125 0.5680555555555555 0.73515625 0.5708333333333333 0.7359375 0.5777777777777777 0.734375 0.5819444444444445 0.73125 0.5833333333333334 0.728125 0.5902777777777778 0.72265625 0.5916666666666667 0.6609375 0.5930555555555556 0.65234375 0.6013888888888889 0.646875 0.6291666666666667 0.64375 0.6291666666666667 0.6421875 0.6194444444444445 0.64296875 0.5777777777777777 0.65 0.5555555555555556 0.65390625 0.5347222222222222 0.6578125 0.5277777777777778 0.6640625 0.5236111111111111 0.6890625 0.5222222222222223 0.70546875 0.5222222222222223 0.70859375 0.525
1 0.484375 0.4597222222222222 0.496875 0.4652777777777778 0.50625 0.48194444444444445 0.5125 0.5111111111111111 0.51328125 0.5569444444444445 0.5078125 0.5597222222222222 0.496875 0.5527777777777778 0.465625 0.5555555555555556 0.45625 0.5638888888888889 0.44609375 0.5444444444444444 0.44375 0.5333333333333333 0.44296875 0.5138888888888888 0.4484375 0.4708333333333333 0.45390625 0.4638888888888889 0.46640625 0.4583333333333333 0.48359375 0.4597222222222222
1 0.45390625 0.30277777777777776 0.4640625 0.3055555555555556 0.46796875 0.30972222222222223 0.4734375 0.325 0.47421875 0.3402777777777778 0.46640625 0.3472222222222222 0.45625 0.36944444444444446 0.44140625 0.37222222222222223 0.43359375 0.36944444444444446 0.43125 0.35833333333333334 0.43125 0.34444444444444444 0.42890625 0.3347222222222222 0.42578125 0.3333333333333333 0.42578125 0.33055555555555555 0.42890625 0.3263888888888889 0.428125 0.32083333333333336 0.43515625 0.31666666666666665 0.43984375 0.3055555555555556 0.453125 0.30277777777777776
1 0.48671875 0.36527777777777776 0.5046875 0.36666666666666664 0.51171875 0.38055555555555554 0.515625 0.39444444444444443 0.51640625 0.40555555555555556 0.515625 0.42083333333333334 0.51171875 0.4361111111111111 0.4734375 0.4361111111111111 0.4671875 0.42777777777777776 0.46640625 0.40694444444444444 0.46875 0.4013888888888889 0.46875 0.39444444444444443 0.47578125 0.37777777777777777 0.4765625 0.3680555555555556 0.4859375 0.36527777777777776
1 0.4734375 0.20833333333333334 0.47578125 0.23333333333333334 0.46484375 0.2375 0.45625 0.24861111111111112 0.45234375 0.24722222222222223 0.45078125 0.24305555555555555 0.4515625 0.21805555555555556 0.45390625 0.20972222222222223 0.459375 0.20555555555555555 0.47265625 0.20833333333333334
1 0.4734375 0.175 0.47734375 0.17916666666666667 0.47734375 0.18888888888888888 0.471875 0.1986111111111111 0.4625 0.19722222222222222 0.4609375 0.18194444444444444 0.4640625 0.1763888888888889 0.47265625 0.175
1 0.28359375 0.6888888888888889 0.30859375 0.6916666666666667 0.31796875 0.7111111111111111 0.3265625 0.7444444444444445 0.32421875 0.7472222222222222 0.26484375 0.7541666666666667 0.25546875 0.7583333333333333 0.25 0.7666666666666667 0.24609375 0.7791666666666667 0.24296875 0.8069444444444445 0.24375 0.8125 0.240625 0.8236111111111111 0.24140625 0.8305555555555556 0.2375 0.8430555555555556 0.23671875 0.8722222222222222 0.2390625 0.8916666666666667 0.2375 0.9416666666666667 0.23671875 0.9347222222222222 0.23359375 0.9305555555555556 0.2328125 0.9041666666666667 0.228125 0.8777777777777778 0.2265625 0.8111111111111111 0.228125 0.7986111111111112 0.22578125 0.7930555555555555 0.225 0.7805555555555556 0.2296875 0.7736111111111111 0.234375 0.7430555555555556 0.24453125 0.7041666666666667 0.25234375 0.6944444444444444 0.2828125 0.6888888888888889
1 0.49453125 0.25833333333333336 0.5 0.2625 0.5015625 0.26944444444444443 0.49375 0.275 0.4890625 0.28888888888888886 0.4828125 0.29444444444444445 0.47734375 0.30833333333333335 0.47421875 0.3055555555555556 0.4734375 0.3 0.475 0.2708333333333333 0.4828125 0.2569444444444444 0.49375 0.25833333333333336
1 0.54921875 0.32916666666666666 0.55703125 0.33194444444444443 0.5625 0.34305555555555556 0.5640625 0.3611111111111111 0.5609375 0.3819444444444444 0.55703125 0.3875 0.53203125 0.3875 0.52578125 0.39166666666666666 0.521875 0.39166666666666666 0.51875 0.38333333333333336 0.5171875 0.3736111111111111 0.51875 0.3541666666666667 0.53046875 0.3333333333333333 0.5421875 0.33194444444444443 0.5453125 0.3277777777777778 0.5484375 0.32916666666666666
1 0.50703125 0.7722222222222223 0.5234375 0.7986111111111112 0.53671875 0.8444444444444444 0.5390625 0.8444444444444444 0.54296875 0.8375 0.553125 0.8375 0.55703125 0.8444444444444444 0.55546875 0.8527777777777777 0.54296875 0.8611111111111112 0.54375 0.8708333333333333 0.5484375 0.8875 0.5546875 0.9 0.55703125 0.9138888888888889 0.5578125 0.9569444444444445 0.55625 0.9736111111111111 0.546875 0.9805555555555555 0.52578125 0.9791666666666666 0.503125 0.9847222222222223 0.48671875 0.9861111111111112 0.48359375 0.9833333333333333 0.46015625 0.9888888888888889 0.4421875 0.9888888888888889 0.4359375 0.9861111111111112 0.428125 0.9625 0.42421875 0.9569444444444445 0.42421875 0.9527777777777777 0.41796875 0.9486111111111111 0.41640625 0.9388888888888889 0.4078125 0.9375 0.4078125 0.9222222222222223 0.41640625 0.9111111111111111 0.41328125 0.8805555555555555 0.41328125 0.8541666666666666 0.41640625 0.8458333333333333 0.41796875 0.8263888888888888 0.4265625 0.8069444444444445 0.4359375 0.7777777777777778 0.4515625 0.7722222222222223 0.49375 0.7680555555555556 0.50625 0.7722222222222223
1 0.42578125 0.1736111111111111 0.42890625 0.18055555555555555 0.428125 0.19583333333333333 0.42578125 0.2 0.41796875 0.2 0.41328125 0.19027777777777777 0.41484375 0.1736111111111111 0.425 0.1736111111111111
1 0.47734375 0.15138888888888888 0.4796875 0.15694444444444444 0.47734375 0.16527777777777777 0.46796875 0.16527777777777777 0.465625 0.16111111111111112 0.46875 0.15138888888888888 0.4765625 0.15138888888888888
1 0.675 0.41805555555555557 0.68125 0.4236111111111111 0.6875 0.4375 0.69375 0.44166666666666665 0.69140625 0.4513888888888889 0.69375 0.4583333333333333 0.6953125 0.47638888888888886 0.69453125 0.4888888888888889 0.68203125 0.4861111111111111 0.6765625 0.49027777777777776 0.6734375 0.4875 0.671875 0.48055555555555557 0.67109375 0.4625 0.6671875 0.44305555555555554 0.66796875 0.41944444444444445 0.67109375 0.4166666666666667 0.67421875 0.41805555555555557
1 0.46171875 0.15 0.46328125 0.15694444444444444 0.46015625 0.16527777777777777 0.4515625 0.16527777777777777 0.45078125 0.15694444444444444 0.4546875 0.1486111111111111 0.4609375 0.15
0 0.24609375 0.36666666666666664 0.27890625 0.36944444444444446 0.28515625 0.3819444444444444 0.29453125 0.42777777777777776 0.2984375 0.4583333333333333 0.3046875 0.4708333333333333 0.3078125 0.4888888888888889 0.30703125 0.5194444444444445 0.3015625 0.5263888888888889 0.303125 0.6111111111111112 0.3 0.625 0.2921875 0.6125 0.2875 0.5958333333333333 0.2828125 0.5875 0.27734375 0.5833333333333334 0.22734375 0.5847222222222223 0.2203125 0.5888888888888889 0.2140625 0.6013888888888889 0.21328125 0.6166666666666667 0.20859375 0.6430555555555556 0.20859375 0.6611111111111111 0.2046875 0.6694444444444444 0.19609375 0.6694444444444444 0.1921875 0.6611111111111111 0.1859375 0.5736111111111111 0.1859375 0.5416666666666666 0.18515625 0.5347222222222222 0.178125 0.5277777777777778 0.1765625 0.5208333333333334 0.1765625 0.49027777777777776 0.18046875 0.475 0.1875 0.4625 0.1921875 0.4041666666666667 0.196875 0.37777777777777777 0.20078125 0.37222222222222223 0.20625 0.37083333333333335 0.2453125 0.36666666666666664