3 0.74453125 0.5361111111111111 0.7453125 0.5444444444444444 0.75234375 0.55 0.82265625 0.5541666666666667 0.84140625 0.5597222222222222 0.85234375 0.5708333333333333 0.85390625 0.5819444444444445 0.8515625 0.5902777777777778 0.853125 0.5986111111111111 0.8515625 0.6083333333333333 0.85234375 0.6180555555555556 0.859375 0.6333333333333333 0.86328125 0.65 0.8640625 0.6652777777777777 0.87421875 0.7041666666666667 0.8921875 0.7944444444444444 0.89296875 0.8194444444444444 0.88828125 0.8486111111111111 0.884375 0.8611111111111112 0.884375 0.8694444444444445 0.88984375 0.8861111111111111 0.896875 0.9208333333333333 0.896875 0.9833333333333333 0.8984375 0.9930555555555556 0.8953125 0.9972222222222222 0.88828125 0.9986111111111111 0.878125 0.9958333333333333 0.86484375 0.9986111111111111 0.8625 0.9944444444444445 0.85703125 0.9986111111111111 0.8546875 0.9958333333333333 0.8390625 0.9958333333333333 0.82734375 0.9875 0.80703125 0.9819444444444444 0.71640625 0.9722222222222222 0.715625 0.925 0.7140625 0.9152777777777777 0.7140625 0.8652777777777778 0.715625 0.8513888888888889 0.7125 0.8416666666666667 0.7109375 0.8097222222222222 0.7125 0.7680555555555556 0.71171875 0.7208333333333333 0.71484375 0.6625 0.71328125 0.6472222222222223 0.7140625 0.6194444444444445 0.7109375 0.6152777777777778 0.7125 0.6125 0.71015625 0.6083333333333333 0.70703125 0.6125 0.70859375 0.6152777777777778 0.70625 0.6152777777777778 0.70625 0.5875 0.709375 0.5930555555555556 0.71328125 0.5916666666666667 0.715625 0.5708333333333333 0.7140625 0.5680555555555555 0.71640625 0.5680555555555555 0.725 0.5555555555555556 0.7421875 0.5486111111111112 0.74453125 0.5375
3 0.12421875 0.9138888888888889 0.1375 0.9138888888888889 0.140625 0.9180555555555555 0.1453125 0.9347222222222222 0.14296875 0.9444444444444444 0.14921875 0.9513888888888888 0.1484375 0.9583333333333334 0.153125 0.9722222222222222 0.15234375 0.9805555555555555 0.15625 0.9930555555555556 0.15234375 0.9986111111111111 0.0578125 0.9986111111111111 0.04375 0.9958333333333333 0.03984375 0.9986111111111111 0.00390625 0.9986111111111111 0 0.9944444444444445 0 0.9736111111111111 0.00234375 0.9694444444444444 0 0.9583333333333334 0.003125 0.9458333333333333 0.003125 0.9361111111111111 0 0.9291666666666667 0.0046875 0.925 0.0125 0.925 0.02890625 0.9180555555555555 0.05078125 0.9180555555555555 0.06015625 0.9138888888888889 0.09609375 0.9166666666666666 0.1234375 0.9138888888888889
3 0.284375 0.6055555555555555 0.2953125 0.6069444444444444 0.3015625 0.6125 0.31640625 0.65 0.31875 0.6652777777777777 0.31875 0.6708333333333333 0.31015625 0.6958333333333333 0.3078125 0.7291666666666666 0.303125 0.7416666666666667 0.29921875 0.7680555555555556 0.296875 0.7722222222222223 0.290625 0.7722222222222223 0.2859375 0.7597222222222222 0.2828125 0.7569444444444444 0.2734375 0.7569444444444444 0.26875 0.7597222222222222 0.234375 0.7597222222222222 0.225 0.7638888888888888 0.215625 0.7736111111111111 0.21015625 0.7736111111111111 0.20703125 0.7680555555555556 0.2015625 0.7305555555555555 0.2 0.6902777777777778 0.20234375 0.6805555555555556 0.2125 0.6638888888888889 0.21796875 0.6277777777777778 0.22578125 0.6152777777777778 0.234375 0.6083333333333333 0.28359375 0.6055555555555555
3 0.8015625 0.3 0.84921875 0.30277777777777776 0.853125 0.3055555555555556 0.85546875 0.3125 0.85703125 0.3388888888888889 0.86171875 0.36666666666666664 0.8609375 0.4111111111111111 0.8578125 0.4263888888888889 0.85859375 0.4583333333333333 0.85546875 0.5680555555555555 0.8390625 0.5569444444444445 0.82421875 0.5513888888888889 0.76015625 0.5486111111111112 0.7515625 0.5472222222222223 0.7484375 0.5416666666666666 0.746875 0.5319444444444444 0.74921875 0.45555555555555555 0.74765625 0.4166666666666667 0.74921875 0.4027777777777778 0.7484375 0.3638888888888889 0.75703125 0.3138888888888889 0.76015625 0.30277777777777776 0.7640625 0.3 0.80078125 0.3
3 0.63984375 0.16944444444444445 0.64609375 0.1736111111111111 0.6546875 0.18611111111111112 0.6578125 0.19722222222222222 0.6578125 0.21666666666666667 0.65390625 0.21388888888888888 0.640625 0.21388888888888888 0.6375 0.21805555555555556 0.634375 0.23472222222222222 0.6296875 0.23472222222222222 0.62734375 0.2013888888888889 0.628125 0.18333333333333332 0.63203125 0.17222222222222222 0.6390625 0.17083333333333334
2 0.44140625 0.5638888888888889 0.446875 0.5722222222222222 0.44609375 0.5986111111111111 0.44921875 0.6125 0.44921875 0.6291666666666667 0.4390625 0.6472222222222223 0.434375 0.6472222222222223 0.42734375 0.6291666666666667 0.4265625 0.6180555555555556 0.42890625 0.6013888888888889 0.42421875 0.5736111111111111 0.428125 0.5625 0.440625 0.5638888888888889
2 0.67890625 0.2777777777777778 0.68125 0.2847222222222222 0.68125 0.29444444444444445 0.67890625 0.3055555555555556 0.6765625 0.30694444444444446 0.6734375 0.30694444444444446 0.67109375 0.30277777777777776 0.66953125 0.2861111111111111 0.67109375 0.2791666666666667 0.678125 0.2777777777777778
2 0.475 0.4930555555555556 0.484375 0.5027777777777778 0.48515625 0.5194444444444445 0.484375 0.5319444444444444 0.47421875 0.5458333333333333 0.46875 0.5388888888888889 0.46640625 0.5291666666666667 0.46796875 0.4986111111111111 0.4703125 0.4930555555555556 0.47421875 0.4930555555555556
2 0.1015625 0.41944444444444445 0.1046875 0.42777777777777776 0.1046875 0.44027777777777777 0.10234375 0.44305555555555554 0.08984375 0.43472222222222223 0.08203125 0.43333333333333335 0.08125 0.4236111111111111 0.08671875 0.42083333333333334 0.08828125 0.4263888888888889 0.09140625 0.4263888888888889 0.10078125 0.42083333333333334
2 0.159375 0.2722222222222222 0.0109375 0.030555555555555555
2 0.8640625 0.46111111111111114 0.86640625 0.49166666666666664 0.86171875 0.5041666666666667 0.85859375 0.5041666666666667 0.8578125 0.5013888888888889 0.85703125 0.4861111111111111 0.8578125 0.4652777777777778 0.859375 0.46111111111111114 0.86328125 0.46111111111111114
2 0.11875 0.4125 0.121875 0.41805555555555557 0.12421875 0.44583333333333336 0.1203125 0.4597222222222222 0.11640625 0.4638888888888889 0.109375 0.46111111111111114 0.1046875 0.43472222222222223 0.1046875 0.4236111111111111 0.10546875 0.41805555555555557 0.10859375 0.41388888888888886 0.11796875 0.4125
2 0.43515625 0.5 0.44453125 0.5027777777777778 0.44921875 0.5111111111111111 0.45078125 0.5430555555555555 0.44921875 0.5486111111111112 0.4421875 0.5333333333333333 0.4375 0.5319444444444444 0.43359375 0.5361111111111111 0.43203125 0.55 0.42890625 0.5513888888888889 0.43125 0.5222222222222223 0.4296875 0.5083333333333333 0.43046875 0.5027777777777778 0.434375 0.5
2 0.1484375 0.3861111111111111 0.1484375 0.39444444444444443 0.1453125 0.4041666666666667 0.1453125 0.4263888888888889 0.14375 0.4305555555555556 0.146875 0.44166666666666665 0.14375 0.44166666666666665 0.14375 0.43472222222222223 0.13984375 0.42777777777777776 0.13671875 0.3902777777777778 0.1390625 0.3861111111111111 0.14765625 0.3861111111111111
2 0.55 0.38472222222222224 0.559375 0.3888888888888889 0.5625 0.39861111111111114 0.5625 0.40694444444444444 0.559375 0.4166666666666667 0.55703125 0.41944444444444445 0.55390625 0.41805555555555557 0.5484375 0.40694444444444444 0.55 0.3861111111111111
2 0.565625 0.3416666666666667 0.5671875 0.37083333333333335 0.5609375 0.36944444444444446 0.55625 0.3486111111111111 0.559375 0.3416666666666667 0.56484375 0.3416666666666667
2 0.559375 0.5597222222222222 0.5640625 0.5611111111111111 0.565625 0.5861111111111111 0.56328125 0.6041666666666666 0.5625 0.6361111111111111 0.55859375 0.6638888888888889 0.55390625 0.6680555555555555 0.55 0.6625 0.54609375 0.6472222222222223 0.54765625 0.5930555555555556 0.54453125 0.5722222222222222 0.54609375 0.5666666666666667 0.5546875 0.5597222222222222 0.55859375 0.5597222222222222
2 0.36953125 0.9166666666666666 0.37421875 0.9208333333333333 0.3984375 0.9208333333333333 0.40390625 0.9236111111111112 0.4078125 0.9305555555555556 0.409375 0.9416666666666667 0.4078125 0.9472222222222222 0.40625 0.9986111111111111 0.375 0.9986111111111111 0.36953125 0.9861111111111112 0.36796875 0.9763888888888889 0.3671875 0.9319444444444445 0.36875 0.9180555555555555
1 0.01875 0.24305555555555555 0.03359375 0.24722222222222223 0.03984375 0.2638888888888889 0.0421875 0.2847222222222222 0.0359375 0.2972222222222222 0.02578125 0.29583333333333334 0.02265625 0.2833333333333333 0.01875 0.2763888888888889 0 0.25972222222222224 0 0.24444444444444444 0.01796875 0.24305555555555555
1 0.49609375 0.2902777777777778 0.49921875 0.29305555555555557 0.4984375 0.30277777777777776 0.5015625 0.31666666666666665 0.5015625 0.33194444444444443 0.49765625 0.3375 0.49296875 0.3347222222222222 0.48828125 0.31666666666666665 0.48359375 0.3125 0.47734375 0.3 0.46875 0.29583333333333334 0.475 0.28888888888888886 0.490625 0.2875 0.4953125 0.2902777777777778
1 0.0046875 0.2652777777777778 0.0203125 0.2777777777777778 0.025 0.29444444444444445 0.02265625 0.30277777777777776 0.009375 0.30416666666666664 0.0078125 0.30833333333333335 0.0046875 0.3055555555555556 0.00234375 0.29583333333333334 0.00234375 0.28194444444444444 0 0.28055555555555556 0 0.26666666666666666 0.00390625 0.2652777777777778
1 0.65859375 0.31666666666666665 0.6640625 0.32083333333333336 0.6640625 0.33194444444444443 0.66796875 0.33194444444444443 0.67890625 0.3458333333333333 0.6796875 0.35555555555555557 0.67578125 0.35555555555555557 0.67578125 0.3486111111111111 0.671875 0.34444444444444444 0.66953125 0.3472222222222222 0.6734375 0.35138888888888886 0.67265625 0.3541666666666667 0.665625 0.35138888888888886 0.6671875 0.3486111111111111 0.6640625 0.34444444444444444 0.66328125 0.35 0.64296875 0.35138888888888886 0.63671875 0.35694444444444445 0.63359375 0.35138888888888886 0.63359375 0.34444444444444444 0.6359375 0.3347222222222222 0.63984375 0.33055555555555555 0.63984375 0.32083333333333336 0.64296875 0.31666666666666665 0.6578125 0.31666666666666665
1 0.99296875 0.6972222222222222 0.99921875 0.6986111111111111 0.99921875 0.7916666666666666 0.9640625 0.7902777777777777 0.94921875 0.8013888888888889 0.94140625 0.8208333333333333 0.940625 0.8402777777777778 0.94296875 0.8444444444444444 0.94140625 0.8486111111111111 0.94296875 0.8597222222222223 0.9390625 0.8652777777777778 0.93515625 0.8638888888888889 0.92890625 0.8541666666666666 0.91796875 0.8527777777777777 0.915625 0.8444444444444444 0.915625 0.7888888888888889 0.91796875 0.75 0.9203125 0.7416666666666667 0.93125 0.7375 0.93671875 0.7138888888888889 0.9421875 0.7027777777777777 0.946875 0.6986111111111111 0.9921875 0.6972222222222222
1 0.93203125 0.5791666666666667 0.9609375 0.5819444444444445 0.971875 0.5916666666666667 0.97890625 0.6111111111111112 0.98203125 0.6388888888888888 0.9921875 0.675 0.98984375 0.6916666666666667 0.984375 0.6944444444444444 0.95234375 0.6944444444444444 0.9484375 0.6916666666666667 0.95234375 0.6819444444444445 0.95078125 0.6694444444444444 0.946875 0.6597222222222222 0.93828125 0.6527777777777778 0.93046875 0.6527777777777778 0.91953125 0.6625 0.90703125 0.6513888888888889 0.88984375 0.6458333333333334 0.89140625 0.6291666666666667 0.88671875 0.6208333333333333 0.88671875 0.6138888888888889 0.89609375 0.6111111111111112 0.90234375 0.5958333333333333 0.9125 0.5805555555555556 0.93125 0.5791666666666667
1 0.315625 0.3375 0.31796875 0.3402777777777778 0.31875 0.3472222222222222 0.3171875 0.36944444444444446 0.30234375 0.3819444444444444 0.29375 0.39444444444444443 0.2890625 0.39444444444444443 0.2828125 0.3763888888888889 0.28046875 0.3625 0.28203125 0.35555555555555557 0.2859375 0.3472222222222222 0.29375 0.3388888888888889 0.31484375 0.3375
1 0.072265625 0.33125 0.04453125 0.07916666666666666
1 0.3140625 0.20416666666666666 0.3171875 0.2152777777777778 0.31953125 0.20555555555555555 0.325 0.20555555555555555 0.33046875 0.225 0.32890625 0.23333333333333334 0.325 0.2375 0.3171875 0.2375 0.31328125 0.24444444444444444 0.309375 0.24583333333333332 0.3015625 0.24583333333333332 0.3 0.23472222222222222 0.3046875 0.20694444444444443 0.31328125 0.20416666666666666
1 0.4109375 0.37777777777777777 0.4359375 0.3819444444444444 0.44296875 0.3972222222222222 0.44765625 0.4166666666666667 0.44765625 0.4486111111111111 0.44609375 0.4666666666666667 0.4421875 0.4708333333333333 0.434375 0.4708333333333333 0.428125 0.4638888888888889 0.40390625 0.4652777777777778 0.39765625 0.4597222222222222 0.39296875 0.44722222222222224 0.38359375 0.44166666666666665 0.38359375 0.41805555555555557 0.390625 0.3902777777777778 0.3984375 0.37916666666666665 0.41015625 0.37777777777777777
1 0.48359375 0.31527777777777777 0.4875 0.3194444444444444 0.490625 0.33194444444444443 0.496875 0.34444444444444444 0.496875 0.37916666666666665 0.4953125 0.3875 0.49140625 0.39166666666666666 0.4859375 0.3902777777777778 0.48125 0.3819444444444444 0.4765625 0.38055555555555554 0.46953125 0.3861111111111111 0.46640625 0.38055555555555554 0.46640625 0.3236111111111111 0.46953125 0.31805555555555554 0.4828125 0.31527777777777777
1 0.05625 0.2375 0.0703125 0.24166666666666667 0.075 0.25277777777777777 0.078125 0.26944444444444443 0.078125 0.2791666666666667 0.07578125 0.2833333333333333 0.06640625 0.2875 0.0609375 0.29444444444444445 0.0515625 0.29444444444444445 0.0453125 0.2875 0.0421875 0.28194444444444444 0.04140625 0.26666666666666666 0.03515625 0.25 0.03515625 0.24305555555555555 0.0375 0.2375 0.05546875 0.2375
1 0 0.4486111111111111 0.00546875 0.4513888888888889 0.01171875 0.4597222222222222 0.015625 0.4722222222222222 0.015625 0.4777777777777778 0.0015625 0.5083333333333333 0 0.5083333333333333 0 0.45
1 0.58515625 0.6458333333333334 0.62890625 0.65 0.63515625 0.6583333333333333 0.63984375 0.6722222222222223 0.653125 0.6777777777777778 0.65625 0.6819444444444445 0.65625 0.6902777777777778 0.64921875 0.6986111111111111 0.6515625 0.7138888888888889 0.65 0.7277777777777777 0.65 0.7875 0.64609375 0.8041666666666667 0.6453125 0.8263888888888888 0.6421875 0.8333333333333334 0.63359375 0.8333333333333334 0.6234375 0.8055555555555556 0.609375 0.8 0.58671875 0.8013888888888889 0.58046875 0.7986111111111112 0.5703125 0.8041666666666667 0.56171875 0.8208333333333333 0.54921875 0.8194444444444444 0.546875 0.8 0.5484375 0.7388888888888889 0.5515625 0.7152777777777778 0.5546875 0.7097222222222223 0.55625 0.6916666666666667 0.5484375 0.6847222222222222 0.5484375 0.675 0.55078125 0.6708333333333333 0.5640625 0.6666666666666666 0.57265625 0.6527777777777778 0.584375 0.6458333333333334
1 0.29296875 0.29305555555555557 0.29765625 0.2972222222222222 0.30234375 0.31527777777777777 0.303125 0.3263888888888889 0.3015625 0.3347222222222222 0.2890625 0.3416666666666667 0.28203125 0.3541666666666667 0.26953125 0.35694444444444445 0.26328125 0.35694444444444445 0.2609375 0.35 0.26171875 0.32222222222222224 0.2640625 0.3125 0.271875 0.2972222222222222 0.2921875 0.29305555555555557
1 0.3625 0.3138888888888889 0.3671875 0.32083333333333336 0.365625 0.3375 0.3625 0.3416666666666667 0.34375 0.3416666666666667 0.3296875 0.3486111111111111 0.32421875 0.3472222222222222 0.32265625 0.3347222222222222 0.32421875 0.3194444444444444 0.32734375 0.31527777777777777 0.3421875 0.31527777777777777 0.35234375 0.32083333333333336 0.36171875 0.31527777777777777
1 0.65078125 0.225 0.65625 0.23055555555555557 0.65546875 0.23472222222222222 0.64296875 0.2375 0.6375 0.24305555555555555 0.634375 0.24166666666666667 0.63671875 0.22777777777777777 0.65 0.225
1 0.5078125 0.3958333333333333 0.51796875 0.4013888888888889 0.5265625 0.42083333333333334 0.521875 0.42777777777777776 0.521875 0.43472222222222223 0.51875 0.4444444444444444 0.51484375 0.44166666666666665 0.5125 0.4263888888888889 0.5078125 0.4263888888888889 0.50546875 0.4305555555555556 0.5046875 0.4388888888888889 0.49921875 0.4486111111111111 0.49609375 0.4652777777777778 0.49140625 0.4722222222222222 0.48671875 0.4722222222222222 0.48125 0.4638888888888889 0.47734375 0.45 0.47265625 0.4513888888888889 0.4703125 0.4625 0.465625 0.4652777777777778 0.465625 0.45 0.46328125 0.43472222222222223 0.46640625 0.4263888888888889 0.4671875 0.4027777777777778 0.46953125 0.3972222222222222 0.484375 0.39305555555555555 0.50703125 0.3958333333333333
1 0.575 0.8236111111111111 0.596875 0.8263888888888888 0.61171875 0.8319444444444445 0.6171875 0.8402777777777778 0.625 0.8666666666666667 0.6390625 0.875 0.63984375 0.8805555555555555 0.63828125 0.8861111111111111 0.63125 0.8930555555555556 0.62890625 0.9 0.6265625 0.9458333333333333 0.628125 0.9944444444444445 0.625 0.9986111111111111 0.6078125 0.9986111111111111 0.60703125 0.9958333333333333 0.6 0.9944444444444445 0.56640625 0.9944444444444445 0.5640625 0.9902777777777778 0.5625 0.9944444444444445 0.52265625 0.9944444444444445 0.5125 0.9972222222222222 0.50078125 0.9944444444444445 0.5 0.9486111111111111 0.5109375 0.8916666666666667 0.4984375 0.8805555555555555 0.4953125 0.8708333333333333 0.49609375 0.8652777777777778 0.5046875 0.8597222222222223 0.51328125 0.8597222222222223 0.52109375 0.8361111111111111 0.528125 0.8277777777777777 0.55234375 0.8222222222222222 0.57421875 0.8236111111111111
1 0.65 0.5347222222222222 0.6609375 0.5388888888888889 0.66640625 0.5527777777777778 0.67109375 0.5527777777777778 0.675 0.5597222222222222 0.67109375 0.5722222222222222 0.66953125 0.6361111111111111 0.66796875 0.6444444444444445 0.66484375 0.6472222222222223 0.6578125 0.6402777777777777 0.65078125 0.6388888888888888 0.64765625 0.6333333333333333 0.64609375 0.5916666666666667 0.64296875 0.5708333333333333 0.63984375 0.5638888888888889 0.63671875 0.5611111111111111 0.6109375 0.5597222222222222 0.60703125 0.5569444444444445 0.60625 0.5527777777777778 0.609375 0.5430555555555555 0.615625 0.5347222222222222 0.64921875 0.5347222222222222
1 0.09453125 0.4388888888888889 0.103125 0.4486111111111111 0.10703125 0.46111111111111114 0.109375 0.4791666666666667 0.10703125 0.5291666666666667 0.10234375 0.5472222222222223 0.09453125 0.5486111111111112 0.08828125 0.5388888888888889 0.08046875 0.5416666666666666 0.07578125 0.5597222222222222 0.07109375 0.5652777777777778 0.06484375 0.5652777777777778 0.0546875 0.5555555555555556 0.021875 0.5541666666666667 0.01328125 0.5680555555555555 0.00703125 0.5680555555555555 0.003125 0.5597222222222222 0.00234375 0.5402777777777777 0 0.5361111111111111 0 0.5111111111111111 0.00703125 0.5 0.00859375 0.49166666666666664 0.01640625 0.4791666666666667 0.01796875 0.46944444444444444 0.02265625 0.46111111111111114 0.03046875 0.4486111111111111 0.04765625 0.4375 0.08359375 0.43472222222222223 0.09375 0.4388888888888889
1 0.378125 0.28055555555555556 0.3828125 0.29305555555555557 0.38671875 0.28888888888888886 0.390625 0.30694444444444446 0.37734375 0.32083333333333336 0.36640625 0.31805555555555554 0.36328125 0.3125 0.36171875 0.3013888888888889 0.36171875 0.2861111111111111 0.36328125 0.28194444444444444 0.37734375 0.28055555555555556
1 0.4734375 0.2986111111111111 0.4796875 0.3013888888888889 0.48515625 0.3138888888888889 0.4734375 0.31666666666666665 0.4671875 0.31666666666666665 0.4546875 0.30972222222222223 0.45703125 0.3013888888888889 0.47265625 0.2986111111111111
1 0.20625 0.4166666666666667 0.21015625 0.4236111111111111 0.209375 0.43472222222222223 0.2109375 0.44166666666666665 0.20859375 0.4513888888888889 0.20859375 0.4736111111111111 0.20546875 0.48333333333333334 0.18515625 0.4986111111111111 0.17734375 0.49722222222222223 0.1765625 0.4777777777777778 0.178125 0.46111111111111114 0.1875 0.42916666666666664 0.1921875 0.42083333333333334 0.196875 0.4166666666666667 0.20546875 0.4166666666666667
1 0.51953125 0.2916666666666667 0.5234375 0.29444444444444445 0.528125 0.30972222222222223 0.52734375 0.33611111111111114 0.52578125 0.3388888888888889 0.52109375 0.3388888888888889 0.5171875 0.3347222222222222 0.5046875 0.3375 0.503125 0.33055555555555555 0.5 0.30416666666666664 0.50078125 0.2972222222222222 0.50703125 0.2916666666666667 0.51875 0.2916666666666667
1 0.1265625 0.2388888888888889 0.13671875 0.24444444444444444 0.140625 0.2638888888888889 0.13984375 0.2833333333333333 0.1375 0.2875 0.1265625 0.28888888888888886 0.1109375 0.2847222222222222 0.10703125 0.25833333333333336 0.1078125 0.24861111111111112 0.1109375 0.24166666666666667 0.12578125 0.2388888888888889
1 0.384375 0.44583333333333336 0.390625 0.44722222222222224 0.39375 0.4513888888888889 0.40625 0.4861111111111111 0.4046875 0.5333333333333333 0.4 0.5361111111111111 0.39765625 0.5458333333333333 0.39375 0.55 0.3890625 0.55 0.3859375 0.5458333333333333 0.38671875 0.5277777777777778 0.37421875 0.49166666666666664 0.36484375 0.4875 0.33671875 0.4847222222222222 0.3390625 0.4666666666666667 0.34921875 0.44722222222222224 0.38359375 0.44583333333333336
1 0.50859375 0.275 0.5140625 0.2777777777777778 0.51328125 0.2875 0.50390625 0.2902777777777778 0.49765625 0.3 0.496875 0.29444444444444445 0.49375 0.28888888888888886 0.48828125 0.2861111111111111 0.4875 0.28194444444444444 0.48984375 0.2777777777777778 0.49609375 0.275 0.5078125 0.275
1 0.27421875 0.3611111111111111 0.2796875 0.3680555555555556 0.28125 0.37777777777777777 0.2859375 0.3888888888888889 0.2859375 0.40555555555555556 0.271875 0.42777777777777776 0.2625 0.4361111111111111 0.2515625 0.44027777777777777 0.240625 0.4375 0.2359375 0.4236111111111111 0.23125 0.4152777777777778 0.22578125 0.4111111111111111 0.2265625 0.3972222222222222 0.23671875 0.36944444444444446 0.24140625 0.3625 0.2734375 0.3611111111111111
1 0.70546875 0.9805555555555555 0.71171875 0.9763888888888889 0.72734375 0.9763888888888889 0.796875 0.9819444444444444 0.82578125 0.9888888888888889 0.83671875 0.9944444444444445 0.83671875 0.9986111111111111 0.7015625 0.9986111111111111 0.69921875 0.9944444444444445 0.703125 0.9916666666666667 0.70546875 0.9819444444444444
1 0.7234375 0.4236111111111111 0.74453125 0.42916666666666664 0.74765625 0.43472222222222223 0.746875 0.5069444444444444 0.74453125 0.5152777777777777 0.709375 0.5166666666666667 0.70625 0.525 0.7 0.5277777777777778 0.68359375 0.5055555555555555 0.68203125 0.49583333333333335 0.68203125 0.46111111111111114 0.6875 0.4486111111111111 0.68984375 0.4375 0.6953125 0.42777777777777776 0.7078125 0.4236111111111111 0.72265625 0.4236111111111111
1 0.075 0.24166666666666667 0.0921875 0.24861111111111112 0.09453125 0.25555555555555554 0.09921875 0.25972222222222224 0.10078125 0.26805555555555555 0.1 0.28194444444444444 0.09765625 0.2875 0.0921875 0.2902777777777778 0.07734375 0.2833333333333333 0.0765625 0.2611111111111111 0.0703125 0.24444444444444444 0.07421875 0.24166666666666667
1 0.1734375 0.35694444444444445 0.196875 0.3611111111111111 0.20546875 0.38333333333333336 0.20703125 0.39305555555555555 0.20625 0.41388888888888886 0.19296875 0.41805555555555557 0.184375 0.4361111111111111 0.17890625 0.44166666666666665 0.1640625 0.4375 0.14765625 0.4444444444444444 0.14375 0.44305555555555554 0.1421875 0.4388888888888889 0.1421875 0.40694444444444444 0.1484375 0.39305555555555555 0.153125 0.3736111111111111 0.15859375 0.3638888888888889 0.16484375 0.35833333333333334 0.17265625 0.35694444444444445
1 0.65625 0.2861111111111111 0.66171875 0.2875 0.6640625 0.2916666666666667 0.66796875 0.30694444444444446 0.66796875 0.3138888888888889 0.66484375 0.31666666666666665 0.64296875 0.3138888888888889 0.6390625 0.3194444444444444 0.6375 0.32916666666666666 0.63203125 0.34305555555555556 0.6296875 0.3416666666666667 0.62890625 0.325 0.63125 0.3013888888888889 0.634375 0.2916666666666667 0.6390625 0.2861111111111111 0.65546875 0.2861111111111111
1 0.63828125 0.2152777777777778 0.65078125 0.2125 0.6546875 0.21388888888888888 0.6578125 0.22083333333333333 0.6546875 0.23194444444444445 0.65 0.22777777777777777 0.63671875 0.22916666666666666 0.63671875 0.21944444444444444 0.63828125 0.21666666666666667
1 0.6859375 0.225 0.69140625 0.22916666666666666 0.6921875 0.23333333333333334 0.690625 0.24027777777777778 0.690625 0.2652777777777778 0.68828125 0.2722222222222222 0.68515625 0.27361111111111114 0.68046875 0.27361111111111114 0.675 0.2652777777777778 0.671875 0.26944444444444443 0.66953125 0.25416666666666665 0.67421875 0.23055555555555557 0.678125 0.2263888888888889 0.68515625 0.225
1 0.42109375 0.26944444444444443 0.43046875 0.275 0.43046875 0.28194444444444444 0.41796875 0.2916666666666667 0.4078125 0.29444444444444445 0.403125 0.3 0.39921875 0.3 0.39921875 0.2875 0.4015625 0.275 0.40625 0.26944444444444443 0.4203125 0.26944444444444443
1 0.79765625 0.29583333333333334 0.7984375 0.2777777777777778 0.80234375 0.26666666666666666 0.821875 0.25833333333333336 0.82734375 0.2611111111111111 0.828125 0.2875 0.82578125 0.2972222222222222 0.80625 0.3 0.7984375 0.29583333333333334
1 0.89921875 0.6513888888888889 0.9125 0.6569444444444444 0.91875 0.6652777777777777 0.93359375 0.7138888888888889 0.93125 0.7319444444444444 0.91953125 0.7416666666666667 0.915625 0.7736111111111111 0.91171875 0.7791666666666667 0.89296875 0.7777777777777778 0.88984375 0.775 0.86484375 0.6638888888888889 0.865625 0.65 0.8984375 0.6513888888888889
1 0.55625 0.2861111111111111 0.5625 0.28888888888888886 0.5671875 0.29583333333333334 0.57109375 0.32083333333333336 0.5703125 0.3375 0.5640625 0.33194444444444443 0.56015625 0.33194444444444443 0.55 0.35555555555555557 0.54296875 0.3527777777777778 0.5328125 0.35833333333333334 0.53125 0.35694444444444445 0.52890625 0.3388888888888889 0.52890625 0.32222222222222224 0.5328125 0.2986111111111111 0.53515625 0.29305555555555557 0.540625 0.28888888888888886 0.55546875 0.2861111111111111
1 0.265625 0.19305555555555556 0.26875 0.19444444444444445 0.2734375 0.20694444444444443 0.27265625 0.23055555555555557 0.265625 0.2361111111111111 0.2453125 0.23472222222222222 0.2421875 0.22777777777777777 0.240625 0.21666666666666667 0.24921875 0.19583333333333333 0.26484375 0.19305555555555556
1 0.52265625 0.44722222222222224 0.54921875 0.45 0.55703125 0.45555555555555555 0.56171875 0.4652777777777778 0.5640625 0.48333333333333334 0.57109375 0.49027777777777776 0.57109375 0.5013888888888889 0.56328125 0.5097222222222222 0.56484375 0.5319444444444444 0.56328125 0.5444444444444444 0.55859375 0.5458333333333333 0.55546875 0.5569444444444445 0.54453125 0.5708333333333333 0.5453125 0.5916666666666667 0.54296875 0.5958333333333333 0.5390625 0.5986111111111111 0.53515625 0.5958333333333333 0.51484375 0.5986111111111111 0.50625 0.6069444444444444 0.503125 0.6138888888888889 0.49453125 0.6180555555555556 0.490625 0.6125 0.4890625 0.5958333333333333 0.4890625 0.5 0.49296875 0.4875 0.49296875 0.4777777777777778 0.49921875 0.4625 0.50546875 0.45555555555555555 0.521875 0.44722222222222224
1 0.703125 0.2722222222222222 0.709375 0.275 0.7078125 0.2861111111111111 0.703125 0.3055555555555556 0.69296875 0.32222222222222224 0.684375 0.3194444444444444 0.68203125 0.3 0.684375 0.28888888888888886 0.69140625 0.27361111111111114 0.70234375 0.2722222222222222
1 0.6546875 0.3138888888888889 0.665625 0.31666666666666665 0.6703125 0.3333333333333333 0.66875 0.3375 0.63671875 0.33611111111111114 0.6359375 0.33194444444444443 0.63984375 0.31666666666666665 0.65390625 0.3138888888888889
1 0.315625 0.28194444444444444 0.3171875 0.29444444444444445 0.31875 0.29305555555555557 0.31953125 0.28194444444444444 0.32890625 0.28055555555555556 0.33203125 0.2833333333333333 0.3296875 0.30972222222222223 0.321875 0.3277777777777778 0.31640625 0.3347222222222222 0.3015625 0.3333333333333333 0.30234375 0.31666666666666665 0.3 0.3111111111111111 0.3 0.3 0.30234375 0.2902777777777778 0.3078125 0.28194444444444444 0.31484375 0.28194444444444444
1 0.1421875 0.8111111111111111 0.16015625 0.8194444444444444 0.17265625 0.8458333333333333 0.1859375 0.8486111111111111 0.18984375 0.8583333333333333 0.1890625 0.8763888888888889 0.19375 0.8972222222222223 0.19453125 0.9097222222222222 0.19296875 0.9847222222222223 0.19140625 0.9944444444444445 0.18359375 0.9972222222222222 0.153125 0.9930555555555556 0.1515625 0.9763888888888889 0.146875 0.9680555555555556 0.1484375 0.95 0.146875 0.9472222222222222 0.13359375 0.9444444444444444 0.1453125 0.9361111111111111 0.140625 0.9263888888888889 0.13046875 0.9222222222222223 0.125 0.9263888888888889 0.12421875 0.9347222222222222 0.12734375 0.9388888888888889 0.12265625 0.9430555555555555 0.12265625 0.9333333333333333 0.1203125 0.9263888888888889 0.115625 0.9388888888888889 0.1140625 0.9236111111111112 0.11953125 0.9208333333333333 0.1125 0.9138888888888889 0.109375 0.9138888888888889 0.10546875 0.9194444444444444 0.096875 0.9194444444444444 0.09296875 0.9152777777777777 0.07421875 0.9166666666666666 0.071875 0.9125 0.0671875 0.9125 0.0640625 0.9166666666666666 0.06640625 0.9291666666666667 0.06484375 0.9458333333333333 0.0671875 0.9527777777777777 0.0734375 0.9486111111111111 0.0734375 0.9319444444444445 0.08046875 0.9291666666666667 0.08125 0.9236111111111112 0.084375 0.9222222222222223 0.0875 0.9263888888888889 0.0984375 0.9236111111111112 0.09609375 0.9277777777777778 0.09765625 0.9319444444444445 0.09453125 0.9472222222222222 0.096875 0.95 0.1015625 0.9458333333333333 0.11484375 0.9472222222222222 0.11875 0.9513888888888888 0.121875 0.9472222222222222 0.12890625 0.95 0.134375 0.9569444444444445 0.13359375 0.9666666666666667 0.1296875 0.9638888888888889 0.1234375 0.9694444444444444 0.128125 0.9777777777777777 0.13359375 0.9805555555555555 0.12265625 0.9833333333333333 0.1078125 0.9791666666666666 0.10546875 0.9847222222222223 0.10234375 0.9694444444444444 0.10390625 0.9597222222222223 0.10078125 0.9569444444444445 0.09921875 0.9597222222222223 0.1015625 0.9638888888888889 0.1 0.9722222222222222 0.10078125 0.9805555555555555 0.096875 0.9833333333333333 0.10703125 0.9902777777777778 0.10546875 0.9930555555555556 0.07734375 0.9958333333333333 0.0453125 0.9944444444444445 0.04375 0.9902777777777778 0.053125 0.9819444444444444 0.05546875 0.9888888888888889 0.059375 0.9888888888888889 0.06171875 0.9861111111111112 0.0578125 0.9805555555555555 0.0546875 0.9805555555555555 0.065625 0.9763888888888889 0.06171875 0.9736111111111111 0.06328125 0.9694444444444444 0.06015625 0.9638888888888889 0.05390625 0.9708333333333333 0.0484375 0.9666666666666667 0.0515625 0.9625 0.05 0.9597222222222223 0.05234375 0.9597222222222223 0.05390625 0.9555555555555556 0.05703125 0.9652777777777778 0.06484375 0.9625 0.05859375 0.9541666666666667 0.06328125 0.9416666666666667 0.0625 0.9361111111111111 0.06015625 0.9333333333333333 0.05625 0.9388888888888889 0.04921875 0.9402777777777778 0.04921875 0.9458333333333333 0.04609375 0.95 0.04453125 0.9486111111111111 0.04453125 0.9416666666666667 0.03984375 0.9347222222222222 0.03984375 0.9277777777777778 0.02734375 0.925 0.0203125 0.9277777777777778 0.01796875 0.9236111111111112 0.01875 0.9041666666666667 0.025 0.8902777777777777 0.02578125 0.8791666666666667 0.03046875 0.8625 0.0421875 0.8430555555555556 0.05546875 0.8277777777777777 0.0703125 0.8166666666666667 0.13359375 0.8138888888888889 0.14140625 0.8111111111111111
1 0.395703125 0.2916666666666667 0.01484375 0.03333333333333333
1 0.675 0.3888888888888889 0.69921875 0.39166666666666666 0.70546875 0.4041666666666667 0.70859375 0.42083333333333334 0.70546875 0.425 0.69609375 0.4263888888888889 0.68828125 0.44583333333333336 0.68203125 0.4527777777777778 0.678125 0.4527777777777778 0.66875 0.43333333333333335 0.65703125 0.4263888888888889 0.6578125 0.4125 0.66328125 0.39305555555555555 0.67421875 0.3902777777777778
0 0.18515625 0.17916666666666667 0.20703125 0.18194444444444444 0.2078125 0.19166666666666668 0.20625 0.19722222222222222 0.2 0.19444444444444445 0.16640625 0.19722222222222222 0.16484375 0.19583333333333333 0.16640625 0.18472222222222223 0.17578125 0.17916666666666667 0.184375 0.17916666666666667
0 0.765625 0.2611111111111111 0.7828125 0.2791666666666667 0.7859375 0.2861111111111111 0.78671875 0.29583333333333334 0.7609375 0.3 0.75703125 0.30972222222222223 0.7515625 0.3402777777777778 0.7484375 0.34305555555555556 0.7484375 0.35138888888888886 0.74375 0.35138888888888886 0.74609375 0.3472222222222222 0.74453125 0.3416666666666667 0.73671875 0.3472222222222222 0.73984375 0.3527777777777778 0.73828125 0.35833333333333334 0.73984375 0.38055555555555554 0.73671875 0.4166666666666667 0.734375 0.41944444444444445 0.7171875 0.41805555555555557 0.71015625 0.4111111111111111 0.70234375 0.39166666666666666 0.69921875 0.35833333333333334 0.70625 0.3333333333333333 0.70546875 0.30972222222222223 0.70390625 0.30694444444444446 0.70546875 0.29305555555555557 0.709375 0.2833333333333333 0.7125 0.2652777777777778 0.71640625 0.2625 0.73046875 0.2569444444444444 0.753125 0.2569444444444444 0.76484375 0.2611111111111111
0 0.20625 0.19722222222222222 0.2078125 0.2013888888888889 0.20703125 0.225 0.20859375 0.24305555555555555 0.2046875 0.25 0.2015625 0.25 0.1953125 0.24305555555555555 0.17734375 0.24166666666666667 0.1671875 0.24583333333333332 0.16484375 0.24027777777777778 0.16328125 0.22083333333333333 0.16484375 0.2013888888888889 0.16796875 0.19722222222222222 0.20546875 0.19722222222222222