3 0.15859375 0.2916666666666667 0.1671875 0.30416666666666664 0.16796875 0.32083333333333336 0.1609375 0.3138888888888889 0.1359375 0.31805555555555554 0.1296875 0.325 0.121875 0.3416666666666667 0.11953125 0.35138888888888886 0.115625 0.35138888888888886 0.1140625 0.3236111111111111 0.121875 0.3013888888888889 0.1265625 0.29583333333333334 0.1359375 0.2916666666666667 0.15078125 0.28888888888888886 0.1578125 0.2916666666666667
3 0.1625 0.31527777777777777 0.17421875 0.33055555555555555 0.17578125 0.3486111111111111 0.17421875 0.3680555555555556 0.171875 0.37222222222222223 0.1640625 0.37083333333333335 0.1578125 0.3819444444444444 0.13125 0.37916666666666665 0.12734375 0.38333333333333336 0.12109375 0.38333333333333336 0.11953125 0.38055555555555554 0.11875 0.3527777777777778 0.1296875 0.325 0.13359375 0.3194444444444444 0.13984375 0.31666666666666665 0.16171875 0.31527777777777777
3 0.51875 0.24027777777777778 0.52265625 0.25 0.521875 0.2833333333333333 0.5171875 0.28888888888888886 0.50390625 0.28888888888888886 0.50234375 0.2861111111111111 0.49921875 0.25416666666666665 0.50234375 0.24583333333333332 0.5078125 0.24027777777777778 0.51796875 0.24027777777777778
3 0.4703125 0.26805555555555555 0.4734375 0.2722222222222222 0.47578125 0.28194444444444444 0.47578125 0.30972222222222223 0.47109375 0.31805555555555554 0.4671875 0.31527777777777777 0.44765625 0.31805555555555554 0.44609375 0.3013888888888889 0.44609375 0.28888888888888886 0.44921875 0.2763888888888889 0.453125 0.26944444444444443 0.46953125 0.26805555555555555
2 0.6125 0.30972222222222223 0.6125 0.3277777777777778 0.61015625 0.33611111111111114 0.60625 0.33194444444444443 0.603125 0.3125 0.60703125 0.30833333333333335 0.61171875 0.30972222222222223
2 0.75546875 0.4708333333333333 0.76484375 0.4736111111111111 0.76796875 0.4875 0.76640625 0.4986111111111111 0.76171875 0.5083333333333333 0.75703125 0.5083333333333333 0.753125 0.5 0.75234375 0.4736111111111111 0.7546875 0.4708333333333333
2 0.86328125 0.5888888888888889 0.86640625 0.5916666666666667 0.86640625 0.5958333333333333 0.86953125 0.6013888888888889 0.86875 0.6194444444444445 0.8703125 0.6236111111111111 0.86953125 0.6555555555555556 0.86796875 0.6611111111111111 0.8640625 0.6638888888888889 0.859375 0.6638888888888889 0.85234375 0.6583333333333333 0.84140625 0.6402777777777777 0.84140625 0.6319444444444444 0.846875 0.625 0.8484375 0.6083333333333333 0.85859375 0.5888888888888889 0.8625 0.5888888888888889
2 0.5015625 0.2902777777777778 0.50390625 0.29583333333333334 0.50390625 0.30277777777777776 0.5 0.31527777777777777 0.49609375 0.3125 0.49453125 0.29444444444444445 0.49765625 0.28888888888888886 0.50078125 0.2902777777777778
2 0.015625 0.5347222222222222 0.028125 0.5388888888888889 0.03515625 0.5458333333333333 0.0359375 0.5569444444444445 0.040625 0.5680555555555555 0.04140625 0.5847222222222223 0.03984375 0.5944444444444444 0.03046875 0.5916666666666667 0.02265625 0.6083333333333333 0.01875 0.6083333333333333 0.01640625 0.5722222222222222 0.01796875 0.5458333333333333 0.015625 0.5430555555555555 0.01484375 0.5361111111111111
2 0.488671875 0.3194444444444444 0.01328125 0.027777777777777776
2 0.49140625 0.34375 0.0109375 0.034722222222222224
2 0.3 0.2902777777777778 0.30703125 0.29305555555555557 0.30703125 0.3138888888888889 0.29453125 0.30972222222222223 0.29453125 0.29583333333333334 0.29921875 0.2902777777777778
2 0.69140625 0.3736111111111111 0.69609375 0.37222222222222223 0.70078125 0.3763888888888889 0.69921875 0.3958333333333333 0.690625 0.3861111111111111 0.69140625 0.375
2 0.2609375 0.32222222222222224 0.26171875 0.35 0.25625 0.3541666666666667 0.25234375 0.3527777777777778 0.25234375 0.32916666666666666 0.25390625 0.32222222222222224 0.26015625 0.32222222222222224
2 0.79375 0.5263888888888889 0.79921875 0.5319444444444444 0.79765625 0.5472222222222223 0.79921875 0.5777777777777777 0.79296875 0.5930555555555556 0.78359375 0.5861111111111111 0.78125 0.5652777777777778 0.78125 0.5513888888888889 0.784375 0.5458333333333333 0.78359375 0.5333333333333333 0.7875 0.5277777777777778 0.79296875 0.5263888888888889
2 0.523828125 0.40069444444444446 0.01171875 0.03194444444444444
2 0.73046875 0.42083333333333334 0.73515625 0.42777777777777776 0.7359375 0.4486111111111111 0.73359375 0.45 0.73125 0.44722222222222224 0.7234375 0.43333333333333335 0.7234375 0.4263888888888889 0.7296875 0.4222222222222222
2 0.709375 0.3875 0.7171875 0.39305555555555555 0.71640625 0.4152777777777778 0.715625 0.41805555555555557 0.71015625 0.41805555555555557 0.70859375 0.4097222222222222 0.709375 0.3888888888888889
1 0.35625 0.24861111111111112 0.36640625 0.25277777777777777 0.3671875 0.26944444444444443 0.365625 0.2722222222222222 0.3578125 0.26944444444444443 0.346875 0.2708333333333333 0.3484375 0.25 0.35546875 0.24861111111111112
1 0.59453125 0.20555555555555555 0.596875 0.20972222222222223 0.596875 0.2152777777777778 0.59296875 0.2222222222222222 0.59375 0.22916666666666666 0.5890625 0.23472222222222222 0.5828125 0.23194444444444445 0.58359375 0.2111111111111111 0.5859375 0.20416666666666666 0.59375 0.20555555555555555
1 0.15390625 0.28888888888888886 0.16640625 0.3013888888888889 0.16796875 0.31805555555555554 0.1625 0.3138888888888889 0.15390625 0.3138888888888889 0.13359375 0.3194444444444444 0.12109375 0.34305555555555556 0.11953125 0.35138888888888886 0.115625 0.3527777777777778 0.1140625 0.325 0.11953125 0.3055555555555556 0.13203125 0.29305555555555557 0.153125 0.2902777777777778
1 0.48515625 0.23333333333333334 0.490625 0.24027777777777778 0.49140625 0.25416666666666665 0.4890625 0.2625 0.475 0.2625 0.4703125 0.25416666666666665 0.47109375 0.24305555555555555 0.475 0.23472222222222222 0.484375 0.23333333333333334
1 0.53203125 0.21944444444444444 0.534375 0.23055555555555557 0.53046875 0.2361111111111111 0.521875 0.23472222222222222 0.51953125 0.2222222222222222 0.5234375 0.2152777777777778 0.53125 0.21944444444444444
1 0.575 0.24722222222222223 0.58125 0.25277777777777777 0.58125 0.25972222222222224 0.57265625 0.2652777777777778 0.56796875 0.2791666666666667 0.5625 0.2777777777777778 0.56328125 0.25416666666666665 0.56640625 0.24861111111111112 0.57421875 0.24722222222222223
1 0.78125 0.018055555555555554 0.7859375 0.02361111111111111 0.78515625 0.04583333333333333 0.7796875 0.058333333333333334 0.771875 0.06111111111111111 0.76328125 0.06944444444444445 0.75859375 0.06944444444444445 0.7546875 0.06388888888888888 0.73125 0.059722222222222225 0.728125 0.05555555555555555 0.72890625 0.03888888888888889 0.73359375 0.03194444444444444 0.7640625 0.025 0.77109375 0.016666666666666666 0.78046875 0.018055555555555554
1 0.70234375 0.4263888888888889 0.70703125 0.43472222222222223 0.72421875 0.4375 0.72890625 0.44166666666666665 0.73515625 0.45555555555555555 0.7375 0.48333333333333334 0.734375 0.5152777777777777 0.73046875 0.5166666666666667 0.72109375 0.5083333333333333 0.68515625 0.5041666666666667 0.678125 0.49444444444444446 0.67734375 0.4652777777777778 0.6796875 0.4597222222222222 0.68046875 0.44583333333333336 0.69140625 0.42777777777777776 0.7015625 0.42777777777777776
1 0.51171875 0.21944444444444444 0.5171875 0.2222222222222222 0.5203125 0.23333333333333334 0.515625 0.2375 0.50859375 0.2375 0.50703125 0.22777777777777777 0.5109375 0.22083333333333333
1 0.26953125 0.19583333333333333 0.2859375 0.1986111111111111 0.2921875 0.20694444444444443 0.2953125 0.21666666666666667 0.29296875 0.22361111111111112 0.2875 0.225 0.284375 0.2222222222222222 0.27890625 0.20833333333333334 0.27109375 0.20416666666666666 0.25546875 0.20277777777777778 0.25703125 0.1986111111111111 0.26875 0.19583333333333333
1 0.0640625 0.36527777777777776 0.06953125 0.37222222222222223 0.07421875 0.3875 0.07578125 0.40694444444444444 0.07265625 0.42916666666666664 0.06796875 0.4361111111111111 0.0609375 0.43194444444444446 0.04609375 0.4361111111111111 0.040625 0.4486111111111111 0.0328125 0.44583333333333336 0 0.44583333333333336 0 0.39444444444444443 0.00859375 0.37916666666666665 0.01953125 0.36944444444444446 0.03984375 0.3638888888888889 0.06328125 0.36527777777777776
1 0.22734375 0.2111111111111111 0.2265625 0.24166666666666667 0.22421875 0.24583333333333332 0.21328125 0.24305555555555555 0.209375 0.23472222222222222 0.20859375 0.21805555555555556 0.21015625 0.21388888888888888 0.2171875 0.20972222222222223 0.2234375 0.20833333333333334 0.2265625 0.2111111111111111
1 0.33828125 0.4777777777777778 0.35078125 0.48194444444444445 0.3609375 0.49444444444444446 0.3625 0.5 0.3625 0.5361111111111111 0.35390625 0.5513888888888889 0.35234375 0.5597222222222222 0.35 0.5638888888888889 0.34296875 0.5611111111111111 0.32109375 0.5611111111111111 0.29921875 0.5652777777777778 0.29609375 0.5625 0.29375 0.5527777777777778 0.2953125 0.5236111111111111 0.30234375 0.5069444444444444 0.3046875 0.49444444444444446 0.3109375 0.48333333333333334 0.31796875 0.4791666666666667 0.3375 0.4791666666666667
1 0.0984375 0.8472222222222222 0.11015625 0.85 0.13125 0.8486111111111111 0.17109375 0.8569444444444444 0.178125 0.8611111111111112 0.1828125 0.8722222222222222 0.184375 0.8819444444444444 0.184375 0.9152777777777777 0.18125 0.9458333333333333 0.178125 0.9527777777777777 0.165625 0.9611111111111111 0.153125 0.9847222222222223 0.15078125 0.9944444444444445 0.1390625 0.9958333333333333 0.1375 0.9986111111111111 0.121875 0.9958333333333333 0.11640625 0.9986111111111111 0.1125 0.9958333333333333 0.11015625 0.9986111111111111 0.05234375 0.9986111111111111 0.05 0.9958333333333333 0.04765625 0.9986111111111111 0.0234375 0.9986111111111111 0.021875 0.9958333333333333 0.0203125 0.9986111111111111 0.015625 0.9958333333333333 0.01171875 0.9986111111111111 0.00703125 0.9958333333333333 0.0046875 0.9986111111111111 0 0.9944444444444445 0 0.9861111111111112 0.00234375 0.9833333333333333 0 0.9819444444444444 0 0.9527777777777777 0.003125 0.9486111111111111 0.00546875 0.9388888888888889 0.003125 0.9277777777777778 0.0046875 0.9194444444444444 0.01171875 0.9194444444444444 0.01328125 0.9138888888888889 0.02265625 0.9041666666666667 0.0375 0.8763888888888889 0.05625 0.8527777777777777 0.08125 0.8472222222222222 0.09765625 0.8472222222222222
1 0.36640625 0.23055555555555557 0.371875 0.2375 0.371875 0.24722222222222223 0.36640625 0.2569444444444444 0.36171875 0.25 0.3484375 0.2513888888888889 0.3484375 0.24583333333333332 0.35234375 0.23472222222222222 0.35859375 0.23055555555555557 0.365625 0.23055555555555557
1 0.28125 0.20694444444444443 0.28359375 0.20972222222222223 0.284375 0.225 0.27578125 0.23472222222222222 0.26640625 0.23055555555555557 0.25 0.23055555555555557 0.2484375 0.2125 0.25859375 0.20277777777777778 0.2703125 0.20277777777777778 0.28046875 0.20694444444444443
1 0.4046875 0.34305555555555556 0.4140625 0.3486111111111111 0.425 0.36527777777777776 0.4234375 0.37222222222222223 0.4234375 0.40694444444444444 0.4171875 0.41805555555555557 0.4046875 0.41388888888888886 0.38359375 0.4166666666666667 0.38203125 0.4111111111111111 0.38125 0.39166666666666666 0.384375 0.3625 0.3921875 0.3458333333333333 0.40390625 0.34305555555555556
1 0.29296875 0.30972222222222223 0.30546875 0.3138888888888889 0.3140625 0.3277777777777778 0.3125 0.35833333333333334 0.30703125 0.3638888888888889 0.3015625 0.3763888888888889 0.27734375 0.37222222222222223 0.27265625 0.37916666666666665 0.26796875 0.37777777777777777 0.26640625 0.36944444444444446 0.26640625 0.32083333333333336 0.27265625 0.31527777777777777 0.2921875 0.3111111111111111
1 0.46875 0.25277777777777777 0.471875 0.2611111111111111 0.46953125 0.26805555555555555 0.453125 0.26944444444444443 0.4515625 0.2652777777777778 0.4546875 0.25416666666666665 0.46796875 0.25277777777777777
1 0.64609375 0.3263888888888889 0.6625 0.33055555555555555 0.66875 0.3388888888888889 0.67109375 0.3541666666666667 0.67109375 0.3763888888888889 0.66875 0.38472222222222224 0.659375 0.39166666666666666 0.65234375 0.3888888888888889 0.6359375 0.3902777777777778 0.62890625 0.37916666666666665 0.6296875 0.3486111111111111 0.63984375 0.3277777777777778 0.6453125 0.3263888888888889
1 0.609375 0.24861111111111112 0.6125 0.25 0.6171875 0.2611111111111111 0.61875 0.2777777777777778 0.615625 0.2875 0.59765625 0.2875 0.59453125 0.2833333333333333 0.59375 0.26805555555555555 0.596875 0.2569444444444444 0.60078125 0.25 0.60859375 0.24861111111111112
1 0.3890625 0.24722222222222223 0.38984375 0.2652777777777778 0.37734375 0.2833333333333333 0.37265625 0.28194444444444444 0.36875 0.2722222222222222 0.36875 0.25555555555555554 0.37578125 0.24583333333333332 0.38828125 0.24722222222222223
1 0.36640625 0.26805555555555555 0.36796875 0.26944444444444443 0.3671875 0.2986111111111111 0.36328125 0.3055555555555556 0.35703125 0.30833333333333335 0.3484375 0.30833333333333335 0.346875 0.3055555555555556 0.34453125 0.29444444444444445 0.3453125 0.2763888888888889 0.3515625 0.26944444444444443 0.365625 0.26805555555555555
1 0.571875 0.28055555555555556 0.5828125 0.2833333333333333 0.58828125 0.2986111111111111 0.58828125 0.3125 0.58359375 0.3236111111111111 0.575 0.31805555555555554 0.559375 0.31805555555555554 0.55703125 0.31527777777777777 0.55859375 0.29583333333333334 0.56171875 0.2847222222222222 0.57109375 0.28055555555555556
1 0.50234375 0.2111111111111111 0.50703125 0.21944444444444444 0.50703125 0.23055555555555557 0.503125 0.2375 0.49453125 0.2388888888888889 0.48984375 0.23472222222222222 0.490625 0.22083333333333333 0.49375 0.2125 0.5015625 0.2111111111111111
1 0.6921875 0.3888888888888889 0.69921875 0.39444444444444443 0.70078125 0.4 0.70390625 0.41944444444444445 0.703125 0.42916666666666664 0.6921875 0.42777777777777776 0.6796875 0.44722222222222224 0.6671875 0.45 0.6609375 0.4486111111111111 0.65625 0.4361111111111111 0.65546875 0.4111111111111111 0.65703125 0.4013888888888889 0.66796875 0.3875 0.69140625 0.3888888888888889
1 0.58828125 0.3875 0.60234375 0.39305555555555555 0.609375 0.40694444444444444 0.60859375 0.45416666666666666 0.60546875 0.46805555555555556 0.5953125 0.46111111111111114 0.584375 0.4597222222222222 0.57578125 0.46111111111111114 0.56796875 0.4666666666666667 0.565625 0.4638888888888889 0.5640625 0.44027777777777777 0.56875 0.4125 0.5625 0.4041666666666667 0.56953125 0.4 0.57578125 0.3888888888888889 0.5875 0.3875
1 0.3671875 0.18888888888888888 0.36953125 0.19166666666666668 0.371875 0.20694444444444443 0.36953125 0.2125 0.359375 0.2125 0.35625 0.20555555555555555 0.35859375 0.19027777777777777 0.36640625 0.18888888888888888
1 0.459375 0.4388888888888889 0.465625 0.4444444444444444 0.4703125 0.45416666666666666 0.475 0.45694444444444443 0.475 0.4625 0.47265625 0.4666666666666667 0.47265625 0.5097222222222222 0.46875 0.5222222222222223 0.46640625 0.5402777777777777 0.46171875 0.5402777777777777 0.45625 0.5291666666666667 0.44375 0.5277777777777778 0.428125 0.5291666666666667 0.42265625 0.5375 0.4171875 0.5402777777777777 0.4140625 0.5375 0.4125 0.5291666666666667 0.4125 0.49166666666666664 0.415625 0.4652777777777778 0.4140625 0.45555555555555555 0.4234375 0.44166666666666665 0.428125 0.4388888888888889 0.45859375 0.4388888888888889
1 0.571875 0.21944444444444444 0.57421875 0.22916666666666666 0.56015625 0.23333333333333334 0.5578125 0.23055555555555557 0.56015625 0.21805555555555556 0.56640625 0.21666666666666667 0.57109375 0.21944444444444444
1 0.61640625 0.5055555555555555 0.621875 0.5111111111111111 0.61796875 0.5194444444444445 0.62265625 0.5388888888888889 0.6234375 0.5625 0.621875 0.6055555555555555 0.6171875 0.6138888888888889 0.61328125 0.6125 0.60703125 0.5972222222222222 0.60078125 0.5944444444444444 0.578125 0.5930555555555556 0.57109375 0.5958333333333333 0.5625 0.6069444444444444 0.55703125 0.6069444444444444 0.55546875 0.6027777777777777 0.55546875 0.5138888888888888 0.55234375 0.5083333333333333 0.55390625 0.5013888888888889 0.56015625 0.5013888888888889 0.56953125 0.4888888888888889 0.60859375 0.49027777777777776 0.615625 0.5055555555555555
1 0.584375 0.3263888888888889 0.603125 0.3263888888888889 0.6078125 0.33611111111111114 0.61171875 0.3541666666666667 0.609375 0.3736111111111111 0.58515625 0.37083333333333335 0.58359375 0.3638888888888889 0.584375 0.3277777777777778
1 0.6 0.23333333333333334 0.60859375 0.2375 0.609375 0.24722222222222223 0.6 0.2513888888888889 0.59453125 0.26944444444444443 0.58984375 0.26666666666666666 0.58828125 0.24722222222222223 0.5921875 0.2361111111111111 0.59921875 0.23333333333333334
1 0.58359375 0.2625 0.590625 0.275 0.590625 0.2902777777777778 0.58828125 0.30416666666666664 0.58203125 0.2833333333333333 0.578125 0.28055555555555556 0.56328125 0.28194444444444444 0.57265625 0.2638888888888889 0.5828125 0.2625
1 0.5546875 0.6791666666666667 0.58046875 0.6847222222222222 0.590625 0.7027777777777777 0.603125 0.7111111111111111 0.603125 0.7166666666666667 0.5953125 0.7236111111111111 0.5984375 0.7611111111111111 0.59765625 0.8458333333333333 0.5953125 0.8597222222222223 0.59140625 0.8625 0.5859375 0.8597222222222223 0.5828125 0.8486111111111111 0.57890625 0.8430555555555556 0.559375 0.8375 0.52109375 0.8375 0.51640625 0.8402777777777778 0.50859375 0.8541666666666666 0.50234375 0.8541666666666666 0.49921875 0.8472222222222222 0.5 0.7680555555555556 0.50390625 0.7277777777777777 0.50703125 0.7166666666666667 0.49921875 0.7111111111111111 0.49765625 0.7013888888888888 0.5046875 0.6972222222222222 0.51171875 0.6986111111111111 0.5234375 0.6791666666666667 0.55390625 0.6791666666666667
1 0.571875 0.2013888888888889 0.5765625 0.2111111111111111 0.5765625 0.22083333333333333 0.57421875 0.22777777777777777 0.5703125 0.21944444444444444 0.56015625 0.2152777777777778 0.56171875 0.20416666666666666 0.57109375 0.2013888888888889