3 0.671875 0.21666666666666667 0.6859375 0.23194444444444445 0.68984375 0.24444444444444444 0.6890625 0.2875 0.68359375 0.3138888888888889 0.678125 0.32916666666666666 0.66796875 0.325 0.646875 0.3236111111111111 0.640625 0.33194444444444443 0.63671875 0.3333333333333333 0.628125 0.3277777777777778 0.625 0.31527777777777777 0.625 0.26805555555555555 0.628125 0.21666666666666667 0.6328125 0.2111111111111111 0.6640625 0.2125 0.67109375 0.21666666666666667
3 0.43984375 0.25 0.46328125 0.2513888888888889 0.46796875 0.2569444444444444 0.4703125 0.2833333333333333 0.46796875 0.29583333333333334 0.4671875 0.31805555555555554 0.46328125 0.325 0.45625 0.3277777777777778 0.440625 0.3263888888888889 0.4375 0.32083333333333336 0.43125 0.27361111111111114 0.4328125 0.25416666666666665 0.4390625 0.25
2 0.4171875 0.49722222222222223 0.42890625 0.49722222222222223 0.43046875 0.5 0.43046875 0.5180555555555556 0.42890625 0.5194444444444445 0.41171875 0.5125 0.41328125 0.4986111111111111 0.41640625 0.49722222222222223
2 0.2421875 0.2916666666666667 0.24765625 0.29444444444444445 0.25 0.30972222222222223 0.2484375 0.3125 0.2390625 0.3125 0.2375 0.30972222222222223 0.2375 0.2972222222222222 0.24140625 0.2916666666666667
2 0.09140625 0.38333333333333336 0.0921875 0.4013888888888889 0.08984375 0.41388888888888886 0.08828125 0.41805555555555557 0.08203125 0.41944444444444445 0.0765625 0.41805555555555557 0.07578125 0.38333333333333336 0.07734375 0.38055555555555554 0.090625 0.38333333333333336
2 0.28984375 0.33402777777777776 0.0125 0.029166666666666667
2 0.403125 0.42777777777777776 0.40703125 0.43472222222222223 0.40625 0.44583333333333336 0.38984375 0.44305555555555554 0.390625 0.42777777777777776 0.39296875 0.4236111111111111 0.3984375 0.4236111111111111 0.40234375 0.42777777777777776
2 0.49453125 0.3138888888888889 0.49296875 0.3 0.4953125 0.29305555555555557 0.49921875 0.29305555555555557 0.5015625 0.2972222222222222 0.5015625 0.30694444444444446 0.49765625 0.31527777777777777 0.4953125 0.3138888888888889
2 0.2703125 0.2611111111111111 0.27109375 0.2722222222222222 0.26875 0.2777777777777778 0.2640625 0.2763888888888889 0.26328125 0.2638888888888889 0.26484375 0.25972222222222224 0.26953125 0.2611111111111111
2 0 0.5388888888888889 0.00546875 0.5388888888888889 0.00859375 0.5486111111111112 0.01484375 0.5430555555555555 0.0171875 0.55 0.01484375 0.5777777777777777 0.01171875 0.5888888888888889 0 0.5930555555555556 0 0.5402777777777777
2 0.97421875 0.7569444444444444 0.97734375 0.7680555555555556 0.975 0.7916666666666666 0.98046875 0.8166666666666667 0.98046875 0.8263888888888888 0.9734375 0.8388888888888889 0.97265625 0.8541666666666666 0.9703125 0.8597222222222223 0.96640625 0.8583333333333333 0.9625 0.8513888888888889 0.95625 0.8333333333333334 0.9515625 0.8138888888888889 0.9515625 0.8027777777777778 0.953125 0.8 0.95390625 0.7847222222222222 0.95625 0.7791666666666667 0.95546875 0.7694444444444445 0.95703125 0.7611111111111111 0.96328125 0.7569444444444444 0.9734375 0.7569444444444444
2 0.35234375 0.5013888888888889 0.3625 0.5013888888888889 0.36328125 0.5055555555555555 0.36953125 0.5111111111111111 0.371875 0.5236111111111111 0.36953125 0.5486111111111112 0.359375 0.5666666666666667 0.35703125 0.5652777777777778 0.35234375 0.5444444444444444 0.35234375 0.5027777777777778
2 0.453125 0.4847222222222222 0.4578125 0.49027777777777776 0.46015625 0.5041666666666667 0.459375 0.5138888888888888 0.453125 0.525 0.44921875 0.5222222222222223 0.4453125 0.49722222222222223 0.4484375 0.4875 0.45234375 0.4861111111111111
2 0.51875 0.5972222222222222 0.515625 0.5777777777777777 0.515625 0.5486111111111112 0.51875 0.5430555555555555 0.52578125 0.5430555555555555 0.52734375 0.5458333333333333 0.528125 0.5611111111111111 0.5265625 0.5902777777777778 0.5234375 0.5972222222222222 0.51953125 0.5972222222222222
2 0.272265625 0.35694444444444445 0.01953125 0.044444444444444446
2 0.2765625 0.2791666666666667 0.278125 0.26805555555555555 0.2828125 0.26666666666666666 0.28515625 0.2763888888888889 0.284375 0.2833333333333333 0.27890625 0.2847222222222222 0.27734375 0.28055555555555556
2 0.39140625 0.4736111111111111 0.4046875 0.4722222222222222 0.40703125 0.48194444444444445 0.40546875 0.5027777777777778 0.39921875 0.5125 0.39375 0.5138888888888888 0.38984375 0.5 0.39140625 0.475
2 0.50625 0.37083333333333335 0.5078125 0.3861111111111111 0.4984375 0.39861111111111114 0.49609375 0.3972222222222222 0.4953125 0.375 0.496875 0.37083333333333335 0.50546875 0.37083333333333335
2 0.41875 0.4083333333333333 0.42265625 0.41388888888888886 0.421875 0.4263888888888889 0.41953125 0.4375 0.4140625 0.44583333333333336 0.4109375 0.44583333333333336 0.409375 0.44166666666666665 0.40859375 0.42083333333333334 0.4109375 0.4111111111111111 0.41796875 0.4083333333333333
2 0.48125 0.5402777777777777 0.4859375 0.5430555555555555 0.48828125 0.55 0.48984375 0.5888888888888889 0.484375 0.6055555555555555 0.48046875 0.6097222222222223 0.4765625 0.6083333333333333 0.4734375 0.5972222222222222 0.47265625 0.5638888888888889 0.47109375 0.5583333333333333 0.47265625 0.5444444444444444 0.48046875 0.5402777777777777
2 0.50859375 0.2861111111111111 0.5125 0.2902777777777778 0.51171875 0.30277777777777776 0.509375 0.3055555555555556 0.50625 0.30416666666666664 0.50546875 0.2902777777777778 0.5078125 0.2875
2 0.70234375 0.37222222222222223 0.6953125 0.3486111111111111 0.6953125 0.34305555555555556 0.7015625 0.3375 0.70625 0.3388888888888889 0.7078125 0.3486111111111111 0.70703125 0.37222222222222223 0.703125 0.37222222222222223
2 0.30703125 0.2916666666666667 0.31171875 0.29444444444444445 0.31015625 0.31527777777777777 0.30625 0.31527777777777777 0.3046875 0.30833333333333335 0.30390625 0.2972222222222222 0.30625 0.29305555555555557
2 0.73515625 0.4111111111111111 0.7375 0.41388888888888886 0.7390625 0.4236111111111111 0.7390625 0.43194444444444446 0.73515625 0.4375 0.728125 0.4375 0.7265625 0.43194444444444446 0.72734375 0.4152777777777778 0.73046875 0.4111111111111111 0.734375 0.4111111111111111
1 0.38671875 0.19166666666666668 0.390625 0.20416666666666666 0.38984375 0.20972222222222223 0.38515625 0.21666666666666667 0.3765625 0.21666666666666667 0.37265625 0.1986111111111111 0.375 0.19166666666666668 0.3859375 0.19166666666666668
1 0.66796875 0.34444444444444444 0.6703125 0.3472222222222222 0.69453125 0.35 0.7 0.35833333333333334 0.7015625 0.37222222222222223 0.6828125 0.37083333333333335 0.67578125 0.3736111111111111 0.66640625 0.3875 0.66484375 0.4027777777777778 0.6609375 0.4013888888888889 0.6578125 0.39305555555555555 0.659375 0.3638888888888889 0.665625 0.35555555555555557 0.6671875 0.3458333333333333
1 0.2671875 0.5263888888888889 0.28359375 0.5277777777777778 0.29296875 0.5319444444444444 0.29609375 0.5361111111111111 0.3 0.5513888888888889 0.30625 0.5597222222222222 0.30703125 0.6236111111111111 0.3046875 0.6486111111111111 0.29609375 0.6555555555555556 0.290625 0.6638888888888889 0.2859375 0.6736111111111112 0.28359375 0.6916666666666667 0.2765625 0.6986111111111111 0.26875 0.6958333333333333 0.2625 0.6888888888888889 0.2328125 0.6861111111111111 0.2171875 0.6888888888888889 0.21015625 0.6930555555555555 0.20625 0.7 0.203125 0.7 0.19921875 0.6944444444444444 0.19296875 0.6777777777777778 0.190625 0.6652777777777777 0.19140625 0.6 0.1953125 0.5625 0.1984375 0.5555555555555556 0.21796875 0.5319444444444444 0.22734375 0.5277777777777778 0.26640625 0.5263888888888889
1 0.5890625 0.2375 0.59609375 0.24027777777777778 0.6015625 0.25555555555555554 0.60234375 0.2611111111111111 0.596875 0.27361111111111114 0.59296875 0.27361111111111114 0.590625 0.2625 0.5859375 0.25555555555555554 0.57890625 0.25416666666666665 0.58046875 0.24166666666666667 0.58828125 0.2375
1 0.6734375 0.7194444444444444 0.67890625 0.7166666666666667 0.703125 0.7166666666666667 0.7421875 0.7222222222222222 0.75859375 0.7263888888888889 0.765625 0.7319444444444444 0.78046875 0.7694444444444445 0.79140625 0.8055555555555556 0.79609375 0.8402777777777778 0.796875 0.8819444444444444 0.79921875 0.9069444444444444 0.796875 0.925 0.796875 0.9541666666666667 0.79296875 0.9736111111111111 0.75859375 0.9680555555555556 0.734375 0.9680555555555556 0.7296875 0.9722222222222222 0.7203125 0.9736111111111111 0.7125 0.9805555555555555 0.68203125 0.9819444444444444 0.68125 0.9861111111111112 0.6859375 0.9902777777777778 0.68359375 0.9958333333333333 0.66484375 0.9944444444444445 0.66328125 0.9694444444444444 0.66171875 0.9666666666666667 0.6640625 0.9527777777777777 0.6625 0.9208333333333333 0.65703125 0.9138888888888889 0.6546875 0.8944444444444445 0.65625 0.8722222222222222 0.6546875 0.8611111111111112 0.65703125 0.8347222222222223 0.65546875 0.8097222222222222 0.65703125 0.8069444444444445 0.6578125 0.775 0.65 0.7666666666666667 0.64921875 0.7583333333333333 0.65234375 0.7527777777777778 0.65625 0.7527777777777778 0.6609375 0.7652777777777777 0.66484375 0.7652777777777777 0.6703125 0.7263888888888889 0.6734375 0.7208333333333333
1 0.2484375 0.2361111111111111 0.2578125 0.24444444444444444 0.26015625 0.25416666666666665 0.259375 0.2611111111111111 0.253125 0.26666666666666666 0.24375 0.2638888888888889 0.2390625 0.26805555555555555 0.22421875 0.26805555555555555 0.22265625 0.2611111111111111 0.2234375 0.2513888888888889 0.23046875 0.2375 0.24765625 0.2361111111111111
1 0.596875 0.3125 0.60078125 0.32222222222222224 0.603125 0.3375 0.5984375 0.3625 0.5953125 0.3680555555555556 0.5890625 0.3597222222222222 0.5765625 0.35555555555555557 0.5765625 0.3333333333333333 0.57421875 0.32222222222222224 0.58046875 0.3111111111111111 0.58984375 0.30972222222222223 0.59609375 0.3125
1 0.53046875 0.23055555555555557 0.534375 0.23472222222222222 0.53828125 0.24722222222222223 0.53671875 0.2625 0.53515625 0.2638888888888889 0.53125 0.2638888888888889 0.5234375 0.25416666666666665 0.51640625 0.25 0.51640625 0.2375 0.51796875 0.23333333333333334 0.5296875 0.23055555555555557
1 0.81640625 0 0.82734375 0 0.83046875 0.004166666666666667 0.8328125 0.030555555555555555 0.83125 0.04027777777777778 0.82578125 0.05 0.8171875 0.05277777777777778 0.8125 0.06111111111111111 0.80625 0.06388888888888888 0.7984375 0.05694444444444444 0.7859375 0.05694444444444444 0.77265625 0.05138888888888889 0.76796875 0.04583333333333333 0.76953125 0.03194444444444444 0.77421875 0.02361111111111111 0.7984375 0.016666666666666666 0.80546875 0.008333333333333333 0.81015625 0.008333333333333333 0.81640625 0.001388888888888889
1 0.6484375 0.5444444444444444 0.6890625 0.5486111111111112 0.696875 0.5555555555555556 0.709375 0.6083333333333333 0.71015625 0.6611111111111111 0.7078125 0.6680555555555555 0.68359375 0.6638888888888889 0.67265625 0.6652777777777777 0.66796875 0.675 0.65078125 0.6777777777777778 0.640625 0.6875 0.6328125 0.6847222222222222 0.63125 0.6597222222222222 0.62734375 0.6430555555555556 0.62890625 0.5833333333333334 0.63125 0.5736111111111111 0.6265625 0.5638888888888889 0.6375 0.5597222222222222 0.64453125 0.5458333333333333 0.64765625 0.5444444444444444
1 0.9046875 0.775 0.91953125 0.7888888888888889 0.9328125 0.8111111111111111 0.94375 0.8555555555555555 0.95859375 0.8833333333333333 0.95859375 0.95 0.9390625 0.9569444444444445 0.8703125 0.9486111111111111 0.85078125 0.9527777777777777 0.846875 0.9444444444444444 0.846875 0.9347222222222222 0.84140625 0.9194444444444444 0.840625 0.9111111111111111 0.8265625 0.8875 0.8234375 0.8861111111111111 0.81796875 0.8722222222222222 0.8171875 0.8333333333333334 0.81953125 0.7986111111111112 0.821875 0.7916666666666666 0.83125 0.7888888888888889 0.85 0.775 0.90390625 0.775
1 0.346875 0.25 0.35 0.24722222222222223 0.36328125 0.24722222222222223 0.365625 0.25 0.36875 0.2638888888888889 0.36875 0.26805555555555555 0.36640625 0.2708333333333333 0.35546875 0.27361111111111114 0.35 0.2625 0.3453125 0.2611111111111111 0.34453125 0.25833333333333336 0.346875 0.2513888888888889
1 0.56171875 0.9111111111111111 0.5953125 0.9166666666666666 0.6 0.9222222222222223 0.60546875 0.9361111111111111 0.61875 0.9388888888888889 0.62421875 0.9444444444444444 0.625 0.9541666666666667 0.61484375 0.9611111111111111 0.61484375 0.9763888888888889 0.6125 0.9875 0.60625 0.9986111111111111 0.59921875 0.9958333333333333 0.57734375 0.9958333333333333 0.5734375 0.9986111111111111 0.571875 0.9958333333333333 0.55546875 0.9944444444444445 0.5453125 0.9986111111111111 0.53359375 0.9958333333333333 0.53046875 0.9986111111111111 0.49609375 0.9986111111111111 0.49296875 0.9944444444444445 0.5 0.9625 0.503125 0.9555555555555556 0.50078125 0.9513888888888888 0.4875 0.9458333333333333 0.48671875 0.9388888888888889 0.4890625 0.9347222222222222 0.5046875 0.9305555555555556 0.51875 0.9138888888888889 0.5609375 0.9111111111111111
1 0.60078125 0.26805555555555555 0.6046875 0.2652777777777778 0.615625 0.26666666666666666 0.62109375 0.28055555555555556 0.62109375 0.29583333333333334 0.61953125 0.3 0.6015625 0.3 0.5984375 0.29444444444444445 0.59765625 0.28055555555555556 0.60078125 0.26944444444444443
1 0.2390625 0.3125 0.24921875 0.3138888888888889 0.2546875 0.32083333333333336 0.25703125 0.34444444444444444 0.25625 0.35555555555555557 0.22578125 0.3625 0.21640625 0.3736111111111111 0.21328125 0.3736111111111111 0.2125 0.3680555555555556 0.2125 0.33611111111111114 0.2234375 0.31805555555555554 0.23828125 0.3125
1 0.25625 0.35833333333333334 0.26171875 0.36527777777777776 0.26640625 0.37916666666666665 0.2671875 0.41388888888888886 0.265625 0.42083333333333334 0.25859375 0.4263888888888889 0.2546875 0.4375 0.2515625 0.44027777777777777 0.21640625 0.44722222222222224 0.209375 0.44166666666666665 0.2125 0.43333333333333335 0.21171875 0.4013888888888889 0.2140625 0.37916666666666665 0.22421875 0.3638888888888889 0.25546875 0.35833333333333334
1 0.32265625 0.19444444444444445 0.328125 0.20416666666666666 0.328125 0.2111111111111111 0.32265625 0.21944444444444444 0.30234375 0.21666666666666667 0.30234375 0.20555555555555555 0.30546875 0.19722222222222222 0.31328125 0.19166666666666668 0.321875 0.19444444444444445
1 0.40625 0.5138888888888888 0.42734375 0.5180555555555556 0.4328125 0.5277777777777778 0.44609375 0.5375 0.44296875 0.55 0.4421875 0.5944444444444444 0.4359375 0.6152777777777778 0.43671875 0.6305555555555555 0.434375 0.6375 0.43125 0.6375 0.428125 0.6319444444444444 0.42265625 0.6055555555555555 0.4140625 0.5916666666666667 0.40859375 0.5888888888888889 0.365625 0.5888888888888889 0.36328125 0.5847222222222223 0.3640625 0.5708333333333333 0.37109375 0.5527777777777778 0.37578125 0.525 0.37890625 0.5194444444444445 0.38828125 0.5152777777777777 0.40546875 0.5138888888888888
1 0.507421875 0.24375 0.01640625 0.02361111111111111
1 0.31015625 0.2222222222222222 0.3140625 0.2375 0.3140625 0.2513888888888889 0.31015625 0.2569444444444444 0.2921875 0.2569444444444444 0.28984375 0.25 0.28984375 0.24027777777777778 0.296875 0.22361111111111112 0.309375 0.2222222222222222
1 0.26640625 0.20555555555555555 0.271875 0.2125 0.27265625 0.23472222222222222 0.26953125 0.2375 0.26171875 0.2375 0.259375 0.22361111111111112 0.2546875 0.21388888888888888 0.2546875 0.20972222222222223 0.25859375 0.20555555555555555 0.265625 0.20555555555555555
1 0.85078125 0.6333333333333333 0.878125 0.6402777777777777 0.89609375 0.6652777777777777 0.90625 0.7152777777777778 0.9046875 0.7625 0.90234375 0.7694444444444445 0.89375 0.7722222222222223 0.8328125 0.7722222222222223 0.828125 0.775 0.8234375 0.7833333333333333 0.8171875 0.7805555555555556 0.81328125 0.7541666666666667 0.809375 0.7444444444444445 0.80078125 0.7319444444444444 0.79375 0.7361111111111112 0.79140625 0.7319444444444444 0.78984375 0.7055555555555556 0.79296875 0.6666666666666666 0.79609375 0.6569444444444444 0.8 0.6569444444444444 0.81796875 0.6333333333333333 0.85 0.6333333333333333
1 0.41328125 0.5944444444444444 0.42265625 0.6097222222222223 0.4296875 0.6402777777777777 0.4296875 0.6708333333333333 0.42734375 0.7 0.42109375 0.7097222222222223 0.41875 0.7430555555555556 0.41484375 0.75 0.41015625 0.7486111111111111 0.40078125 0.7319444444444444 0.396875 0.7347222222222223 0.39453125 0.7305555555555555 0.3890625 0.7291666666666666 0.36171875 0.7291666666666666 0.3546875 0.7319444444444444 0.3484375 0.7402777777777778 0.34140625 0.7402777777777778 0.3328125 0.7208333333333333 0.33984375 0.6458333333333334 0.34765625 0.6138888888888889 0.35703125 0.5944444444444444 0.3640625 0.5902777777777778 0.39609375 0.5902777777777778 0.4125 0.5944444444444444
1 0.7546875 0.5458333333333333 0.7796875 0.5472222222222223 0.79453125 0.5527777777777778 0.7984375 0.5638888888888889 0.80625 0.5736111111111111 0.8046875 0.5791666666666667 0.80546875 0.5916666666666667 0.81171875 0.6041666666666666 0.8125 0.6319444444444444 0.8109375 0.6388888888888888 0.80078125 0.6527777777777778 0.75625 0.6527777777777778 0.74609375 0.6652777777777777 0.73828125 0.6638888888888889 0.734375 0.6361111111111111 0.72734375 0.6333333333333333 0.725 0.625 0.7265625 0.5722222222222222 0.728125 0.5666666666666667 0.73671875 0.5611111111111111 0.74453125 0.5486111111111112 0.75390625 0.5472222222222223
1 0.56953125 0.7402777777777778 0.584375 0.7430555555555556 0.5890625 0.7472222222222222 0.59765625 0.7638888888888888 0.603125 0.7652777777777777 0.60703125 0.7708333333333334 0.60546875 0.7791666666666667 0.6 0.7805555555555556 0.596875 0.7861111111111111 0.6 0.8055555555555556 0.60234375 0.8430555555555556 0.6 0.8625 0.60078125 0.8888888888888888 0.59921875 0.9111111111111111 0.59375 0.9138888888888889 0.5734375 0.9111111111111111 0.565625 0.9069444444444444 0.53515625 0.9069444444444444 0.5171875 0.9111111111111111 0.509375 0.9180555555555555 0.5046875 0.9125 0.50390625 0.9027777777777778 0.50625 0.8375 0.51171875 0.7791666666666667 0.50078125 0.7722222222222223 0.50078125 0.7638888888888888 0.51328125 0.7583333333333333 0.52421875 0.7402777777777778 0.56875 0.7402777777777778
1 0.140625 0.7402777777777778 0.15625 0.7458333333333333 0.16875 0.7611111111111111 0.18046875 0.7638888888888888 0.1890625 0.7791666666666667 0.1921875 0.8138888888888889 0.18984375 0.875 0.1875 0.8833333333333333 0.1796875 0.8916666666666667 0.17109375 0.8902777777777777 0.16796875 0.8930555555555556 0.15390625 0.9125 0.15234375 0.9180555555555555 0.14921875 0.9194444444444444 0.14609375 0.9333333333333333 0.14609375 0.9541666666666667 0.1421875 0.9666666666666667 0.13515625 0.9763888888888889 0.12734375 0.9763888888888889 0.11953125 0.9597222222222223 0.11171875 0.9513888888888888 0.0765625 0.9472222222222222 0.05859375 0.9513888888888888 0.0296875 0.9819444444444444 0.02109375 0.9805555555555555 0.0140625 0.9694444444444444 0.0046875 0.9444444444444444 0.003125 0.9277777777777778 0.00625 0.8652777777777778 0.028125 0.7986111111111112 0.06328125 0.75 0.06875 0.7458333333333333 0.09765625 0.7388888888888889 0.13984375 0.7402777777777778
1 0.4046875 0.25416666666666665 0.40703125 0.26805555555555555 0.40078125 0.275 0.390625 0.2791666666666667 0.38203125 0.2791666666666667 0.38125 0.2763888888888889 0.3828125 0.2638888888888889 0.38828125 0.2513888888888889 0.3921875 0.24722222222222223 0.40078125 0.24722222222222223 0.40390625 0.25416666666666665
1 0.52265625 0.25555555555555554 0.52890625 0.2652777777777778 0.5296875 0.2861111111111111 0.528125 0.28888888888888886 0.51484375 0.28888888888888886 0.51171875 0.2861111111111111 0.50859375 0.2638888888888889 0.5125 0.2569444444444444 0.521875 0.25555555555555554
1 0.4484375 0.4125 0.45703125 0.4166666666666667 0.465625 0.43194444444444446 0.46015625 0.4375 0.46015625 0.4486111111111111 0.45625 0.44583333333333336 0.453125 0.4486111111111111 0.4421875 0.46805555555555556 0.43203125 0.44583333333333336 0.43046875 0.4361111111111111 0.428125 0.43194444444444446 0.421875 0.43472222222222223 0.421875 0.43194444444444446 0.4234375 0.42083333333333334 0.4265625 0.41388888888888886 0.44765625 0.4125
1 0.7953125 0.9791666666666666 0.81171875 0.9875 0.815625 0.9930555555555556 0.81640625 0.9986111111111111 0.6875 0.9986111111111111 0.68984375 0.9930555555555556 0.703125 0.9930555555555556 0.715625 0.9791666666666666 0.72890625 0.9736111111111111 0.75859375 0.9708333333333333 0.78203125 0.9736111111111111 0.79453125 0.9791666666666666
1 0.2875 0.2125 0.28984375 0.22083333333333333 0.2890625 0.23194444444444445 0.28046875 0.2375 0.275 0.2375 0.271875 0.23333333333333334 0.2703125 0.22361111111111112 0.27109375 0.21388888888888888 0.278125 0.20972222222222223 0.28671875 0.2125
1 0.5328125 0.23055555555555557 0.540625 0.23333333333333334 0.54609375 0.24583333333333332 0.54453125 0.25 0.53828125 0.2513888888888889 0.5328125 0.23194444444444445
1 0.36953125 0.27361111111111114 0.37421875 0.2791666666666667 0.37734375 0.28888888888888886 0.37265625 0.30277777777777776 0.3671875 0.30694444444444446 0.36484375 0.30694444444444446 0.3546875 0.2791666666666667 0.36171875 0.27361111111111114 0.36875 0.27361111111111114
1 0.37109375 0.44166666666666665 0.38203125 0.45555555555555555 0.38125 0.4875 0.37734375 0.5041666666666667 0.37265625 0.5041666666666667 0.3640625 0.4791666666666667 0.36171875 0.475 0.35859375 0.475 0.35234375 0.4930555555555556 0.3484375 0.5125 0.3359375 0.5138888888888888 0.32734375 0.5208333333333334 0.321875 0.5180555555555556 0.31953125 0.49722222222222223 0.3203125 0.48194444444444445 0.32734375 0.45416666666666666 0.33515625 0.44166666666666665 0.34296875 0.4388888888888889 0.36171875 0.4375 0.3703125 0.44166666666666665
1 0.5921875 0.30972222222222223 0.59921875 0.31527777777777777 0.6015625 0.3236111111111111 0.6015625 0.3347222222222222 0.59296875 0.3277777777777778 0.584375 0.3277777777777778 0.57734375 0.3333333333333333 0.57421875 0.3263888888888889 0.578125 0.3125 0.59140625 0.30972222222222223
1 0.64765625 0.3972222222222222 0.65234375 0.4 0.65859375 0.4125 0.6625 0.43472222222222223 0.66171875 0.4513888888888889 0.634375 0.44722222222222224 0.62578125 0.45 0.61953125 0.46111111111111114 0.61484375 0.4597222222222222 0.615625 0.4388888888888889 0.625 0.4041666666666667 0.63515625 0.3972222222222222 0.646875 0.3972222222222222
1 0.49765625 0.23472222222222222 0.50234375 0.2513888888888889 0.50234375 0.2611111111111111 0.4984375 0.26666666666666666 0.4921875 0.25972222222222224 0.48671875 0.24027777777777778 0.48671875 0.2361111111111111 0.4890625 0.23333333333333334 0.496875 0.23472222222222222
1 0.44609375 0.23055555555555557 0.4484375 0.2375 0.4421875 0.24861111111111112 0.43125 0.24861111111111112 0.43046875 0.2388888888888889 0.43203125 0.23333333333333334 0.43671875 0.23055555555555557 0.4453125 0.23055555555555557
1 0.353125 0.28194444444444444 0.35859375 0.28888888888888886 0.36328125 0.3013888888888889 0.3625 0.31666666666666665 0.35390625 0.33055555555555555 0.33515625 0.3333333333333333 0.33203125 0.3263888888888889 0.3328125 0.3138888888888889 0.33125 0.30694444444444446 0.33359375 0.2875 0.33984375 0.2833333333333333 0.35234375 0.28194444444444444
1 0.97890625 0.9583333333333334 0.98359375 0.9611111111111111 0.9953125 0.9583333333333334 0.99921875 0.9611111111111111 0.99921875 0.9986111111111111 0.95390625 0.9944444444444445 0.92578125 0.9958333333333333 0.92421875 0.9986111111111111 0.88984375 0.9986111111111111 0.8875 0.9944444444444445 0.8890625 0.9791666666666666 0.896875 0.9722222222222222 0.93046875 0.9652777777777778 0.95234375 0.9555555555555556 0.971875 0.9555555555555556 0.978125 0.9583333333333334
1 0.625 0.3375 0.63046875 0.34305555555555556 0.6359375 0.3736111111111111 0.634375 0.3763888888888889 0.615625 0.37777777777777777 0.609375 0.39305555555555555 0.60546875 0.3958333333333333 0.6046875 0.38333333333333336 0.59921875 0.37083333333333335 0.5984375 0.3638888888888889 0.60234375 0.3402777777777778 0.6046875 0.3375 0.62421875 0.3375
1 0.5828125 0.48333333333333334 0.59375 0.4861111111111111 0.6015625 0.5 0.60546875 0.5 0.60859375 0.5041666666666667 0.6078125 0.5083333333333333 0.603125 0.5111111111111111 0.6015625 0.5222222222222223 0.59140625 0.5111111111111111 0.58671875 0.5097222222222222 0.55390625 0.5083333333333333 0.55703125 0.4930555555555556 0.5609375 0.4861111111111111 0.565625 0.48333333333333334 0.58203125 0.48333333333333334
1 0.59140625 0.325 0.5984375 0.3263888888888889 0.60234375 0.3347222222222222 0.5984375 0.3625 0.5953125 0.3680555555555556 0.58671875 0.3597222222222222 0.578125 0.35833333333333334 0.57578125 0.3527777777777778 0.57578125 0.33611111111111114 0.578125 0.3277777777777778 0.590625 0.325
1 0.5296875 0.39305555555555555 0.5359375 0.3958333333333333 0.53828125 0.4 0.53984375 0.42083333333333334 0.5328125 0.43194444444444446 0.521875 0.4388888888888889 0.51640625 0.4486111111111111 0.5078125 0.475 0.496875 0.4791666666666667 0.490625 0.4791666666666667 0.48828125 0.4736111111111111 0.4890625 0.43472222222222223 0.49296875 0.425 0.4953125 0.4041666666666667 0.503125 0.39305555555555555 0.52890625 0.39305555555555555
1 0.481640625 0.25972222222222224 0.02421875 0.03888888888888889
1 0.6890625 0.6680555555555555 0.7328125 0.6777777777777778 0.7421875 0.6986111111111111 0.74140625 0.7194444444444444 0.73203125 0.7208333333333333 0.696875 0.7152777777777778 0.675 0.7166666666666667 0.66953125 0.7263888888888889 0.6640625 0.7638888888888888 0.6609375 0.7638888888888888 0.65859375 0.7444444444444445 0.66640625 0.6847222222222222 0.67734375 0.6694444444444444 0.68828125 0.6680555555555555
1 0.55390625 0.5083333333333333 0.59296875 0.5111111111111111 0.59921875 0.5138888888888888 0.60078125 0.5236111111111111 0.60859375 0.5319444444444444 0.60859375 0.5375 0.6046875 0.5430555555555555 0.60703125 0.6055555555555555 0.60390625 0.6319444444444444 0.6015625 0.6361111111111111 0.596875 0.6333333333333333 0.5875 0.6069444444444444 0.584375 0.5875 0.58203125 0.5847222222222223 0.55078125 0.5847222222222223 0.53828125 0.5777777777777777 0.54453125 0.5277777777777778 0.5484375 0.5152777777777777 0.553125 0.5097222222222222
1 0.4890625 0.3486111111111111 0.48671875 0.3597222222222222 0.48671875 0.3902777777777778 0.48046875 0.4013888888888889 0.45234375 0.39861111111111114 0.44609375 0.4027777777777778 0.44453125 0.3875 0.44609375 0.3597222222222222 0.44921875 0.34444444444444444 0.453125 0.33611111111111114 0.48125 0.33194444444444443 0.484375 0.34444444444444444 0.48828125 0.3486111111111111
1 0.5640625 0.7180555555555556 0.55390625 0.7138888888888889 0.540625 0.7138888888888889 0.52578125 0.7263888888888889 0.52109375 0.7263888888888889 0.51796875 0.7208333333333333 0.51796875 0.6666666666666666 0.52109375 0.6472222222222223 0.52109375 0.6333333333333333 0.53203125 0.5916666666666667 0.5359375 0.5847222222222223 0.540625 0.5833333333333334 0.546875 0.5861111111111111 0.58125 0.5861111111111111 0.58515625 0.5930555555555556 0.58671875 0.6069444444444444 0.59609375 0.6347222222222222 0.59609375 0.7208333333333333 0.59375 0.7277777777777777 0.590625 0.7291666666666666 0.578125 0.7194444444444444 0.56484375 0.7166666666666667
1 0.5453125 0.43194444444444446 0.56484375 0.4375 0.57734375 0.4638888888888889 0.578125 0.4791666666666667 0.5671875 0.48055555555555557 0.5609375 0.4847222222222222 0.5578125 0.4888888888888889 0.55390625 0.5041666666666667 0.546875 0.5152777777777777 0.52890625 0.5152777777777777 0.5265625 0.5097222222222222 0.521875 0.5069444444444444 0.51328125 0.5208333333333334 0.5109375 0.5194444444444445 0.50859375 0.5055555555555555 0.50859375 0.48333333333333334 0.509375 0.4736111111111111 0.5171875 0.44583333333333336 0.5296875 0.43333333333333335 0.5390625 0.42916666666666664 0.54453125 0.43194444444444446
1 0.25 0.20972222222222223 0.25546875 0.21388888888888888 0.26015625 0.225 0.2609375 0.23333333333333334 0.25546875 0.2388888888888889 0.2328125 0.23472222222222222 0.23125 0.23194444444444445 0.23125 0.2152777777777778 0.2328125 0.20972222222222223 0.24921875 0.20972222222222223
1 0.58515625 0.25555555555555554 0.590625 0.2611111111111111 0.5921875 0.2763888888888889 0.5703125 0.275 0.57421875 0.2569444444444444 0.584375 0.25555555555555554
1 0.6421875 0.44722222222222224 0.65546875 0.45 0.66015625 0.45694444444444443 0.65234375 0.4666666666666667 0.6453125 0.4861111111111111 0.6453125 0.5138888888888888 0.64375 0.5222222222222223 0.6265625 0.5222222222222223 0.6234375 0.525 0.61953125 0.5236111111111111 0.615625 0.5111111111111111 0.615625 0.46944444444444444 0.61875 0.4597222222222222 0.62734375 0.4486111111111111 0.64140625 0.44722222222222224
1 0.58515625 0.275 0.59609375 0.28194444444444444 0.596875 0.30277777777777776 0.59375 0.30694444444444446 0.56953125 0.30833333333333335 0.56796875 0.3125 0.56796875 0.28888888888888886 0.57109375 0.2763888888888889 0.584375 0.275
1 0.65 0.3236111111111111 0.6703125 0.3263888888888889 0.675 0.3333333333333333 0.675 0.34305555555555556 0.6703125 0.3458333333333333 0.665625 0.35555555555555557 0.66015625 0.3597222222222222 0.65625 0.37916666666666665 0.65078125 0.38055555555555554 0.640625 0.3763888888888889 0.6390625 0.36527777777777776 0.63984375 0.3375 0.646875 0.3236111111111111 0.64921875 0.3236111111111111
1 0.634375 0.37777777777777777 0.64140625 0.3819444444444444 0.6453125 0.39444444444444443 0.62734375 0.4013888888888889 0.615625 0.4375 0.6125 0.4388888888888889 0.60625 0.4361111111111111 0.6046875 0.40694444444444444 0.60703125 0.39861111111111114 0.61484375 0.37916666666666665 0.63359375 0.37777777777777777
1 0.7 0.37083333333333335 0.7078125 0.3763888888888889 0.7109375 0.38333333333333336 0.7140625 0.4 0.715625 0.425 0.70859375 0.4375 0.7015625 0.44027777777777777 0.69921875 0.4444444444444444 0.69375 0.44166666666666665 0.69296875 0.44583333333333336 0.6890625 0.4486111111111111 0.67734375 0.4513888888888889 0.671875 0.4513888888888889 0.6671875 0.44305555555555554 0.6640625 0.4125 0.665625 0.3902777777777778 0.6734375 0.3763888888888889 0.67734375 0.3736111111111111 0.69921875 0.37083333333333335
1 0.41484375 0.35833333333333334 0.42421875 0.37222222222222223 0.4203125 0.39166666666666666 0.409375 0.40555555555555556 0.40546875 0.4041666666666667 0.4015625 0.39444444444444443 0.3984375 0.39444444444444443 0.39453125 0.40694444444444444 0.38671875 0.41805555555555557 0.38203125 0.41805555555555557 0.38046875 0.4125 0.38046875 0.3875 0.3828125 0.3680555555555556 0.390625 0.3597222222222222 0.4140625 0.35833333333333334
1 0.33984375 0.7430555555555556 0.36484375 0.7486111111111111 0.375 0.7625 0.38046875 0.7777777777777778 0.38828125 0.7791666666666667 0.39140625 0.7861111111111111 0.39140625 0.7972222222222223 0.38515625 0.8041666666666667 0.38515625 0.8111111111111111 0.38984375 0.8305555555555556 0.39140625 0.8583333333333333 0.3875 0.8944444444444445 0.38828125 0.9069444444444444 0.37421875 0.9277777777777778 0.37421875 0.9319444444444445 0.3671875 0.9472222222222222 0.3625 0.9861111111111112 0.359375 0.9819444444444444 0.35703125 0.9861111111111112 0.3578125 0.9944444444444445 0.34375 0.9986111111111111 0.3296875 0.9986111111111111 0.32265625 0.9944444444444445 0.31796875 0.9902777777777778 0.32265625 0.9875 0.32265625 0.9833333333333333 0.31953125 0.9805555555555555 0.3140625 0.9833333333333333 0.31640625 0.9902777777777778 0.31484375 0.9930555555555556 0.309375 0.9916666666666667 0.30703125 0.9944444444444445 0.2796875 0.9944444444444445 0.27578125 0.9916666666666667 0.27421875 0.9944444444444445 0.26875 0.9930555555555556 0.25078125 0.9986111111111111 0.22734375 0.9986111111111111 0.22421875 0.9944444444444445 0.23046875 0.8763888888888889 0.240625 0.8166666666666667 0.25 0.8041666666666667 0.27421875 0.7541666666666667 0.2796875 0.7472222222222222 0.28515625 0.7444444444444445 0.3234375 0.7416666666666667 0.3390625 0.7430555555555556