3 0.725 0.4777777777777778 0.790625 0.48055555555555557 0.83125 0.4875 0.86328125 0.4861111111111111 0.88359375 0.49027777777777776 0.89140625 0.5125 0.93046875 0.5930555555555556 0.9359375 0.6097222222222223 0.9484375 0.6333333333333333 0.9546875 0.6513888888888889 0.97109375 0.6819444444444445 0.97109375 0.7166666666666667 0.965625 0.7680555555555556 0.9671875 0.7958333333333333 0.9625 0.8208333333333333 0.96640625 0.8263888888888888 0.96796875 0.8430555555555556 0.965625 0.8861111111111111 0.965625 0.975 0.9671875 0.9888888888888889 0.97265625 0.9944444444444445 0.971875 0.9986111111111111 0.94140625 0.9986111111111111 0.9390625 0.9958333333333333 0.92578125 0.9986111111111111 0.9203125 0.9958333333333333 0.9109375 0.9986111111111111 0.90546875 0.9958333333333333 0.8828125 0.9958333333333333 0.88046875 0.9986111111111111 0.8359375 0.9986111111111111 0.82421875 0.9958333333333333 0.70859375 0.9986111111111111 0.70703125 0.9944444444444445 0.70703125 0.975 0.709375 0.9444444444444444 0.7046875 0.9277777777777778 0.7046875 0.9125 0.70625 0.8583333333333333 0.70859375 0.8430555555555556 0.70859375 0.7666666666666667 0.71171875 0.7444444444444445 0.709375 0.7222222222222222 0.71015625 0.6152777777777778 0.7140625 0.5597222222222222 0.71484375 0.4861111111111111 0.7171875 0.48055555555555557 0.72421875 0.4777777777777778
3 0.97734375 0.7069444444444445 0.98125 0.7111111111111111 0.9890625 0.7097222222222223 0.9890625 0.7138888888888889 0.99453125 0.7138888888888889 0.99921875 0.7180555555555556 0.99921875 0.9958333333333333 0.96875 0.9958333333333333 0.96875 0.8875 0.96953125 0.8791666666666667 0.97265625 0.875 0.9703125 0.8652777777777778 0.96796875 0.8222222222222222 0.96875 0.7652777777777777 0.97109375 0.7527777777777778 0.971875 0.7236111111111111 0.97421875 0.7097222222222223 0.9765625 0.7083333333333334
3 0.0921875 0.7875 0.1046875 0.7930555555555555 0.1265625 0.7944444444444444 0.14921875 0.7944444444444444 0.1671875 0.7888888888888889 0.178125 0.8013888888888889 0.1890625 0.825 0.1984375 0.8263888888888888 0.20390625 0.8319444444444445 0.20390625 0.8486111111111111 0.209375 0.8708333333333333 0.2078125 0.9027777777777778 0.2078125 0.9388888888888889 0.209375 0.9430555555555555 0.20546875 0.9569444444444445 0.18203125 0.9819444444444444 0.1796875 0.9861111111111112 0.17890625 0.9944444444444445 0.165625 0.9986111111111111 0.1296875 0.9986111111111111 0.12734375 0.9958333333333333 0.11328125 0.9944444444444445 0.02734375 0.9986111111111111 0.02578125 0.9319444444444445 0.0296875 0.9111111111111111 0.0375 0.8930555555555556 0.05546875 0.8708333333333333 0.0609375 0.8388888888888889 0.06875 0.8166666666666667 0.08359375 0.7916666666666666 0.09140625 0.7875
3 0.66484375 0.3402777777777778 0.675 0.3416666666666667 0.68671875 0.3486111111111111 0.6890625 0.3763888888888889 0.6859375 0.40694444444444444 0.6765625 0.3972222222222222 0.65 0.3972222222222222 0.64609375 0.4041666666666667 0.64296875 0.4222222222222222 0.63359375 0.43333333333333335 0.6265625 0.42083333333333334 0.628125 0.38333333333333336 0.62578125 0.37222222222222223 0.63046875 0.36666666666666664 0.6328125 0.3527777777777778 0.63671875 0.34444444444444444 0.6640625 0.3402777777777778
3 0.621875 0.7055555555555556 0.6546875 0.7097222222222223 0.6671875 0.7388888888888889 0.678125 0.7416666666666667 0.6828125 0.7472222222222222 0.6828125 0.7569444444444444 0.678125 0.7638888888888888 0.6796875 0.775 0.678125 0.8736111111111111 0.66875 0.8861111111111111 0.665625 0.9277777777777778 0.6625 0.9361111111111111 0.65234375 0.9347222222222222 0.63984375 0.9069444444444444 0.63671875 0.9069444444444444 0.6296875 0.8958333333333334 0.61953125 0.8958333333333334 0.6109375 0.8916666666666667 0.5734375 0.8902777777777777 0.56953125 0.8930555555555556 0.5640625 0.9236111111111112 0.55234375 0.9263888888888889 0.546875 0.9180555555555555 0.54453125 0.8625 0.54609375 0.8041666666666667 0.56328125 0.7541666666666667 0.56171875 0.7444444444444445 0.55703125 0.7458333333333333 0.55703125 0.7375 0.56171875 0.7402777777777778 0.56328125 0.7444444444444445 0.575 0.7166666666666667 0.5796875 0.7083333333333334 0.58515625 0.7041666666666667 0.62109375 0.7055555555555556
3 0.65390625 0.18611111111111112 0.6578125 0.19305555555555556 0.66171875 0.19444444444444445 0.66328125 0.24027777777777778 0.63671875 0.24166666666666667 0.63046875 0.24722222222222223 0.62734375 0.24305555555555555 0.62421875 0.22361111111111112 0.62578125 0.19305555555555556 0.6328125 0.18472222222222223 0.653125 0.18611111111111112
3 0.7546875 0.26805555555555555 0.75703125 0.275 0.75625 0.30416666666666664 0.75 0.3 0.72578125 0.2986111111111111 0.71640625 0.3013888888888889 0.7140625 0.2986111111111111 0.715625 0.2861111111111111 0.7140625 0.275 0.71875 0.26805555555555555 0.73359375 0.2638888888888889 0.75390625 0.26805555555555555
2 0.4546875 0.44166666666666665 0.4578125 0.44722222222222224 0.46015625 0.4861111111111111 0.4578125 0.49583333333333335 0.45 0.5083333333333333 0.4453125 0.5055555555555555 0.440625 0.4888888888888889 0.44140625 0.4666666666666667 0.4390625 0.44166666666666665 0.45390625 0.44166666666666665
2 0.27265625 0.7666666666666667 0.28046875 0.7680555555555556 0.284375 0.775 0.28359375 0.7986111111111112 0.28203125 0.8013888888888889 0.2828125 0.8180555555555555 0.28046875 0.8305555555555556 0.28359375 0.8472222222222222 0.28359375 0.8583333333333333 0.275 0.8708333333333333 0.27265625 0.8819444444444444 0.26875 0.8861111111111111 0.26484375 0.8847222222222222 0.2546875 0.8638888888888889 0.253125 0.8444444444444444 0.2546875 0.8361111111111111 0.25390625 0.7958333333333333 0.2515625 0.7847222222222222 0.2515625 0.7708333333333334 0.25546875 0.7666666666666667 0.271875 0.7666666666666667
2 0.46015625 0.36944444444444446 0.4640625 0.37222222222222223 0.465625 0.37777777777777777 0.465625 0.39166666666666666 0.4640625 0.39305555555555555 0.453125 0.3888888888888889 0.453125 0.375 0.45546875 0.36944444444444446 0.459375 0.36944444444444446
2 0.003125 0.5555555555555556 0.0109375 0.5555555555555556 0.015625 0.5597222222222222 0.01953125 0.5680555555555555 0.0203125 0.5958333333333333 0.02265625 0.6027777777777777 0.021875 0.6166666666666667 0.01953125 0.6236111111111111 0.01328125 0.6236111111111111 0.00625 0.6347222222222222 0 0.6291666666666667 0 0.5638888888888889 0.00234375 0.5625 0.003125 0.5569444444444445
2 0.25078125 0.3402777777777778 0.25234375 0.35833333333333334 0.25078125 0.36666666666666664 0.24765625 0.37083333333333335 0.24296875 0.3680555555555556 0.2375 0.3416666666666667 0.24140625 0.3375 0.2484375 0.3375 0.25 0.3402777777777778
2 0.23828125 0.7138888888888889 0.2421875 0.7194444444444444 0.25078125 0.7194444444444444 0.2515625 0.7305555555555555 0.25 0.7333333333333333 0.25234375 0.75 0.24921875 0.7625 0.25 0.7680555555555556 0.24453125 0.7847222222222222 0.23984375 0.7888888888888889 0.23046875 0.8055555555555556 0.22421875 0.8 0.21796875 0.7791666666666667 0.22265625 0.7375 0.22109375 0.7263888888888889 0.22265625 0.7194444444444444 0.22734375 0.7138888888888889 0.2375 0.7138888888888889
2 0.23515625 0.7125 0.24609375 0.7222222222222222 0.24765625 0.7305555555555555 0.24609375 0.7458333333333333 0.2484375 0.7569444444444444 0.2484375 0.7694444444444445 0.24453125 0.7833333333333333 0.23046875 0.8055555555555556 0.22421875 0.8 0.21953125 0.7847222222222222 0.21875 0.7722222222222223 0.221875 0.7555555555555555 0.2234375 0.7194444444444444 0.228125 0.7138888888888889 0.234375 0.7125
2 0.525 0.4263888888888889 0.5296875 0.4305555555555556 0.53125 0.45416666666666666 0.52421875 0.46944444444444444 0.521875 0.46944444444444444 0.51796875 0.4625 0.515625 0.4486111111111111 0.5171875 0.42916666666666664 0.51875 0.4263888888888889 0.52421875 0.4263888888888889
2 0.59140625 0.47638888888888886 0.5953125 0.48333333333333334 0.59765625 0.5111111111111111 0.58984375 0.525 0.58515625 0.5236111111111111 0.58125 0.5152777777777777 0.58046875 0.5 0.5828125 0.48055555555555557 0.590625 0.47638888888888886
1 0.25078125 0.37222222222222223 0.25703125 0.3763888888888889 0.26328125 0.39444444444444443 0.265625 0.41388888888888886 0.265625 0.43333333333333335 0.25390625 0.4527777777777778 0.2265625 0.4597222222222222 0.2203125 0.4638888888888889 0.21640625 0.46111111111111114 0.215625 0.4513888888888889 0.21640625 0.37916666666666665 0.22109375 0.375 0.25 0.37222222222222223
1 0.82421875 0.2569444444444444 0.82734375 0.2625 0.82734375 0.29305555555555557 0.82578125 0.2986111111111111 0.8125 0.3013888888888889 0.8046875 0.2916666666666667 0.796875 0.29583333333333334 0.79921875 0.2763888888888889 0.803125 0.26666666666666666 0.8125 0.25972222222222224 0.8234375 0.25833333333333336
1 0.19453125 0.24166666666666667 0.0265625 0.016666666666666666
1 0.72421875 0.24861111111111112 0.73125 0.2513888888888889 0.7390625 0.2625 0.72421875 0.2652777777777778 0.7125 0.27361111111111114 0.71484375 0.2833333333333333 0.71328125 0.3111111111111111 0.70703125 0.32222222222222224 0.703125 0.32083333333333336 0.69609375 0.30277777777777776 0.69765625 0.3 0.7015625 0.2569444444444444 0.7109375 0.25 0.7234375 0.24861111111111112
1 0.76875 0.3472222222222222 0.7828125 0.35 0.79296875 0.37916666666666665 0.7921875 0.38333333333333336 0.76484375 0.38333333333333336 0.74609375 0.375 0.74375 0.36944444444444446 0.746875 0.35555555555555557 0.75078125 0.3486111111111111 0.76796875 0.3472222222222222
1 0.390625 0.5277777777777778 0.39921875 0.5402777777777777 0.40390625 0.5541666666666667 0.41171875 0.5583333333333333 0.41171875 0.5652777777777778 0.40703125 0.5736111111111111 0.40859375 0.5861111111111111 0.40703125 0.6055555555555555 0.39921875 0.6097222222222223 0.38046875 0.6111111111111112 0.36953125 0.6083333333333333 0.35625 0.6125 0.353125 0.6166666666666667 0.346875 0.6361111111111111 0.34453125 0.6513888888888889 0.3375 0.6638888888888889 0.3328125 0.6652777777777777 0.32578125 0.6611111111111111 0.32578125 0.6069444444444444 0.3296875 0.5666666666666667 0.3390625 0.5333333333333333 0.3484375 0.5277777777777778 0.38984375 0.5277777777777778
1 0.20625 0.35138888888888886 0.20859375 0.35694444444444445 0.20859375 0.38055555555555554 0.2078125 0.3958333333333333 0.2046875 0.4097222222222222 0.2 0.4166666666666667 0.1953125 0.4166666666666667 0.19296875 0.4097222222222222 0.19296875 0.39444444444444443 0.19609375 0.37916666666666665 0.19609375 0.36944444444444446 0.20546875 0.3527777777777778
1 0.74609375 0.37777777777777777 0.76640625 0.3875 0.76328125 0.4027777777777778 0.76328125 0.4152777777777778 0.75625 0.425 0.75546875 0.44583333333333336 0.746875 0.4513888888888889 0.734375 0.4513888888888889 0.72890625 0.4388888888888889 0.7296875 0.41805555555555557 0.7375 0.38333333333333336 0.73984375 0.37916666666666665 0.7453125 0.37777777777777777
1 0.64375 0.2722222222222222 0.6609375 0.2722222222222222 0.6703125 0.28888888888888886 0.6703125 0.29305555555555557 0.66796875 0.3013888888888889 0.65546875 0.2986111111111111 0.64453125 0.3013888888888889 0.63828125 0.31527777777777777 0.63671875 0.3375 0.63359375 0.3416666666666667 0.6296875 0.3416666666666667 0.62734375 0.3347222222222222 0.628125 0.3125 0.6359375 0.2763888888888889 0.64296875 0.2722222222222222
1 0.50078125 0.2763888888888889 0.5046875 0.28055555555555556 0.5109375 0.30972222222222223 0.5109375 0.3277777777777778 0.50859375 0.3333333333333333 0.50546875 0.3347222222222222 0.496875 0.33055555555555555 0.484375 0.33194444444444443 0.47578125 0.31527777777777777 0.47578125 0.30277777777777776 0.48125 0.2791666666666667 0.49375 0.275 0.5 0.2763888888888889
1 0.13046875 0.24027777777777778 0.13828125 0.24861111111111112 0.140625 0.2611111111111111 0.13984375 0.2791666666666667 0.13828125 0.2833333333333333 0.13359375 0.2861111111111111 0.125 0.2847222222222222 0.11875 0.26666666666666666 0.10625 0.25555555555555554 0.1078125 0.24722222222222223 0.11328125 0.24027777777777778 0.1296875 0.24027777777777778
1 0.046875 0.32222222222222224 0.05625 0.3472222222222222 0.06015625 0.35138888888888886 0.05703125 0.3875 0.053125 0.3958333333333333 0.04296875 0.39166666666666666 0.0359375 0.4027777777777778 0.0171875 0.3958333333333333 0.0078125 0.3958333333333333 0 0.3902777777777778 0 0.3277777777777778 0.01015625 0.3263888888888889 0.0234375 0.3194444444444444 0.04609375 0.32222222222222224
1 0.33671875 0.3111111111111111 0.34609375 0.32083333333333336 0.3484375 0.3277777777777778 0.3484375 0.33611111111111114 0.346875 0.3416666666666667 0.32890625 0.35555555555555557 0.325 0.35555555555555557 0.321875 0.3486111111111111 0.321875 0.31666666666666665 0.32421875 0.3111111111111111 0.3359375 0.3111111111111111
1 0.69140625 0.23055555555555557 0.71015625 0.23055555555555557 0.7203125 0.23472222222222222 0.7234375 0.24027777777777778 0.7234375 0.24722222222222223 0.6984375 0.24861111111111112 0.69140625 0.2652777777777778 0.68984375 0.2763888888888889 0.6859375 0.2791666666666667 0.68203125 0.275 0.68046875 0.25972222222222224 0.68203125 0.25416666666666665 0.6859375 0.25416666666666665 0.68828125 0.25 0.69140625 0.23194444444444445
1 0.70546875 0.19166666666666668 0.71796875 0.19166666666666668 0.72109375 0.19583333333333333 0.71953125 0.20416666666666666 0.709375 0.2125 0.70546875 0.2111111111111111 0.703125 0.20555555555555555 0.70546875 0.19305555555555556
1 0.7828125 0.3819444444444444 0.80546875 0.3861111111111111 0.809375 0.3888888888888889 0.81171875 0.3972222222222222 0.80390625 0.4013888888888889 0.8 0.39861111111111114 0.7796875 0.39861111111111114 0.77265625 0.4027777777777778 0.76640625 0.41388888888888886 0.7640625 0.40694444444444444 0.7671875 0.38472222222222224 0.78203125 0.3819444444444444
1 0.64765625 0.5611111111111111 0.6546875 0.5736111111111111 0.65625 0.5805555555555556 0.6546875 0.5902777777777778 0.63046875 0.5930555555555556 0.625 0.6027777777777777 0.62265625 0.6138888888888889 0.60078125 0.6152777777777778 0.59296875 0.6152777777777778 0.59140625 0.6111111111111112 0.60390625 0.5638888888888889 0.615625 0.5597222222222222 0.646875 0.5611111111111111
1 0.37109375 0.2902777777777778 0.3765625 0.30972222222222223 0.3765625 0.32083333333333336 0.371875 0.33194444444444443 0.365625 0.3375 0.36015625 0.3333333333333333 0.36015625 0.3236111111111111 0.35859375 0.32083333333333336 0.35625 0.3263888888888889 0.3578125 0.3333333333333333 0.35625 0.33611111111111114 0.35390625 0.3347222222222222 0.353125 0.3236111111111111 0.35859375 0.31805555555555554 0.3609375 0.30694444444444446 0.3609375 0.2916666666666667 0.3625 0.28888888888888886 0.3703125 0.2902777777777778
1 0.3984375 0.275 0.4078125 0.2763888888888889 0.41171875 0.2861111111111111 0.41171875 0.29583333333333334 0.40078125 0.30694444444444446 0.38671875 0.31527777777777777 0.3828125 0.30833333333333335 0.3828125 0.29444444444444445 0.38515625 0.2833333333333333 0.390625 0.2763888888888889 0.39765625 0.275
1 0.11484375 0.2625 0.121875 0.2722222222222222 0.125 0.28194444444444444 0.125 0.2861111111111111 0.11640625 0.29583333333333334 0.1125 0.29305555555555557 0.109375 0.28194444444444444 0.084375 0.28194444444444444 0.0875 0.26805555555555555 0.0921875 0.2611111111111111 0.1109375 0.25972222222222224 0.1140625 0.2625
1 0.38515625 0.47638888888888886 0.39140625 0.48055555555555557 0.3984375 0.4930555555555556 0.40390625 0.49722222222222223 0.4015625 0.5083333333333333 0.40390625 0.5319444444444444 0.40234375 0.5416666666666666 0.40078125 0.5430555555555555 0.39609375 0.5319444444444444 0.38671875 0.5263888888888889 0.36484375 0.525 0.3453125 0.5277777777777778 0.33671875 0.5388888888888889 0.33203125 0.5541666666666667 0.33203125 0.5597222222222222 0.328125 0.5652777777777778 0.3265625 0.5569444444444445 0.3296875 0.5486111111111112 0.3296875 0.5277777777777778 0.33125 0.5152777777777777 0.334375 0.5069444444444444 0.3328125 0.49722222222222223 0.33515625 0.49166666666666664 0.3390625 0.4888888888888889 0.34296875 0.48055555555555557 0.3515625 0.475 0.384375 0.47638888888888886
1 0.68359375 0.5930555555555556 0.6921875 0.5972222222222222 0.696875 0.6125 0.69921875 0.6166666666666667 0.70625 0.6194444444444445 0.709375 0.6291666666666667 0.70625 0.6458333333333334 0.7078125 0.65 0.70703125 0.6611111111111111 0.70859375 0.6638888888888889 0.7015625 0.6680555555555555 0.70234375 0.6763888888888889 0.709375 0.6777777777777778 0.709375 0.6888888888888889 0.70703125 0.6972222222222222 0.7078125 0.7333333333333333 0.70625 0.7472222222222222 0.70234375 0.7527777777777778 0.6984375 0.7527777777777778 0.6953125 0.7486111111111111 0.69296875 0.7333333333333333 0.6796875 0.7388888888888889 0.675 0.7319444444444444 0.6765625 0.7041666666666667 0.67578125 0.675 0.67734375 0.6652777777777777 0.67421875 0.6263888888888889 0.66015625 0.6194444444444445 0.6265625 0.6166666666666667 0.6234375 0.6125 0.628125 0.5972222222222222 0.6328125 0.5930555555555556 0.6828125 0.5930555555555556
1 0.475 0.31666666666666665 0.48046875 0.3236111111111111 0.48671875 0.3458333333333333 0.48671875 0.37222222222222223 0.4828125 0.37916666666666665 0.4671875 0.3763888888888889 0.465625 0.3472222222222222 0.46015625 0.33611111111111114 0.45625 0.34444444444444444 0.45546875 0.37222222222222223 0.4515625 0.37916666666666665 0.44375 0.3763888888888889 0.44375 0.34444444444444444 0.44921875 0.3236111111111111 0.453125 0.31666666666666665 0.47421875 0.31666666666666665
1 0.7171875 0.325 0.7265625 0.3277777777777778 0.72890625 0.3333333333333333 0.725 0.37916666666666665 0.7234375 0.38333333333333336 0.709375 0.38333333333333336 0.70546875 0.3861111111111111 0.69921875 0.3861111111111111 0.69609375 0.3819444444444444 0.69765625 0.3472222222222222 0.703125 0.3277777777777778 0.71640625 0.325
1 0 0.26666666666666666 0.00546875 0.26666666666666666 0.01953125 0.2777777777777778 0.02265625 0.28194444444444444 0.02578125 0.29305555555555557 0.025 0.3 0.02265625 0.30277777777777776 0.00625 0.30277777777777776 0.003125 0.29583333333333334 0.00234375 0.2847222222222222 0 0.28194444444444444 0 0.26805555555555555
1 0.675 0.2013888888888889 0.678125 0.20416666666666666 0.68515625 0.2013888888888889 0.6875 0.20694444444444443 0.6921875 0.20694444444444443 0.69453125 0.2125 0.69453125 0.22361111111111112 0.684375 0.22916666666666666 0.67890625 0.2513888888888889 0.671875 0.2513888888888889 0.66796875 0.24583333333333332 0.66796875 0.23333333333333334 0.66953125 0.21666666666666667 0.675 0.20277777777777778
1 0.14375 0.2875 0.14765625 0.2902777777777778 0.15 0.30694444444444446 0.14921875 0.3388888888888889 0.146875 0.34305555555555556 0.14140625 0.3416666666666667 0.1390625 0.32083333333333336 0.13515625 0.3138888888888889 0.11484375 0.30833333333333335 0.115625 0.3 0.12109375 0.2916666666666667 0.13125 0.2875 0.14296875 0.2875
1 0.65546875 0.2986111111111111 0.66796875 0.3 0.67265625 0.31666666666666665 0.671875 0.325 0.66796875 0.3236111111111111 0.66484375 0.31805555555555554 0.6546875 0.31666666666666665 0.63984375 0.3236111111111111 0.6390625 0.31527777777777777 0.64296875 0.30277777777777776 0.6546875 0.2986111111111111
1 0.67890625 0.4 0.6859375 0.4111111111111111 0.6875 0.425 0.66640625 0.4263888888888889 0.6546875 0.43333333333333335 0.640625 0.43194444444444446 0.646875 0.40555555555555556 0.65 0.4 0.678125 0.4
1 0.69453125 0.22777777777777777 0.69609375 0.23055555555555557 0.690625 0.24027777777777778 0.690625 0.2611111111111111 0.68828125 0.2708333333333333 0.68515625 0.2722222222222222 0.6859375 0.275 0.68203125 0.27361111111111114 0.67890625 0.2625 0.68125 0.2388888888888889 0.68515625 0.22916666666666666 0.69375 0.22777777777777777
1 0.50625 0.2708333333333333 0.51484375 0.2722222222222222 0.51640625 0.2763888888888889 0.515625 0.3138888888888889 0.51171875 0.3194444444444444 0.5109375 0.30694444444444446 0.5046875 0.28194444444444444 0.49453125 0.275 0.49609375 0.2722222222222222 0.50546875 0.2708333333333333
1 0.740625 0.2986111111111111 0.75 0.3 0.75625 0.30694444444444446 0.73671875 0.3138888888888889 0.73046875 0.33055555555555555 0.71875 0.3236111111111111 0.71796875 0.31805555555555554 0.72109375 0.3125 0.721875 0.30416666666666664 0.728125 0.2986111111111111 0.73984375 0.2986111111111111
1 0.66796875 0.3138888888888889 0.67734375 0.33055555555555555 0.67734375 0.3388888888888889 0.67421875 0.34444444444444444 0.63671875 0.3416666666666667 0.63984375 0.32083333333333336 0.65234375 0.3138888888888889 0.6671875 0.3138888888888889
1 0.70625 0.24444444444444444 0.71953125 0.24861111111111112 0.7203125 0.2513888888888889 0.709375 0.2513888888888889 0.70234375 0.25972222222222224 0.69921875 0.275 0.69921875 0.30277777777777776 0.69765625 0.3055555555555556 0.6921875 0.30416666666666664 0.68984375 0.3 0.68828125 0.275 0.69296875 0.25416666666666665 0.6984375 0.24583333333333332 0.70546875 0.24444444444444444
1 0.63046875 0.5 0.659375 0.5027777777777778 0.66796875 0.5152777777777777 0.6703125 0.5361111111111111 0.6765625 0.5625 0.678125 0.5875 0.675 0.5902777777777778 0.65625 0.5875 0.65703125 0.5819444444444445 0.653125 0.5666666666666667 0.64609375 0.5597222222222222 0.60234375 0.5597222222222222 0.60546875 0.5388888888888889 0.603125 0.5333333333333333 0.59765625 0.5319444444444444 0.59765625 0.5222222222222223 0.6078125 0.5222222222222223 0.61953125 0.5013888888888889 0.6296875 0.5
1 0.67890625 0.4263888888888889 0.6765625 0.4361111111111111 0.68125 0.44722222222222224 0.68359375 0.4652777777777778 0.68828125 0.475 0.69140625 0.5027777777777778 0.6890625 0.5416666666666666 0.68515625 0.55 0.6796875 0.5486111111111112 0.6734375 0.5361111111111111 0.671875 0.5 0.675 0.49166666666666664 0.675 0.4847222222222222 0.67265625 0.45555555555555555 0.66796875 0.4513888888888889 0.653125 0.4527777777777778 0.63359375 0.44722222222222224 0.63359375 0.44305555555555554 0.63828125 0.43333333333333335 0.65546875 0.43333333333333335 0.66640625 0.4236111111111111 0.678125 0.4263888888888889
1 0.45234375 0.3902777777777778 0.46328125 0.39305555555555555 0.4765625 0.4083333333333333 0.47421875 0.4166666666666667 0.47578125 0.43194444444444446 0.47421875 0.4583333333333333 0.465625 0.46944444444444444 0.4609375 0.46805555555555556 0.45703125 0.4375 0.4453125 0.42916666666666664 0.44140625 0.4305555555555556 0.43828125 0.4375 0.43984375 0.46111111111111114 0.4375 0.4666666666666667 0.425 0.46944444444444444 0.42109375 0.4652777777777778 0.42265625 0.40694444444444444 0.4359375 0.39166666666666666 0.4515625 0.3902777777777778
1 0.82734375 0.2361111111111111 0.82734375 0.25416666666666665 0.81015625 0.25972222222222224 0.80390625 0.2652777777777778 0.8 0.2722222222222222 0.79765625 0.2861111111111111 0.79296875 0.2986111111111111 0.7890625 0.2986111111111111 0.7859375 0.2902777777777778 0.78515625 0.25416666666666665 0.78671875 0.24722222222222223 0.81875 0.23472222222222222 0.8265625 0.2361111111111111
1 0.4046875 0.6083333333333333 0.41875 0.6152777777777778 0.42421875 0.6236111111111111 0.428125 0.6375 0.43671875 0.6388888888888888 0.4390625 0.6430555555555556 0.4390625 0.65 0.43125 0.6541666666666667 0.4328125 0.6638888888888889 0.43359375 0.725 0.43203125 0.7458333333333333 0.4296875 0.7541666666666667 0.42890625 0.775 0.42578125 0.7777777777777778 0.41953125 0.7763888888888889 0.415625 0.7625 0.4125 0.7583333333333333 0.40390625 0.7638888888888888 0.39921875 0.7597222222222222 0.39375 0.7597222222222222 0.3890625 0.75 0.38046875 0.7555555555555555 0.365625 0.7527777777777778 0.36015625 0.7625 0.34609375 0.7777777777777778 0.34140625 0.7763888888888889 0.33828125 0.7680555555555556 0.3375 0.7347222222222223 0.340625 0.6666666666666666 0.353125 0.6180555555555556 0.35546875 0.6138888888888889 0.36171875 0.6111111111111112 0.39765625 0.6111111111111112 0.40390625 0.6083333333333333
1 0.02109375 0.24305555555555555 0.03515625 0.24722222222222223 0.040625 0.2638888888888889 0.0421875 0.28194444444444444 0.0359375 0.2972222222222222 0.02578125 0.29583333333333334 0.0203125 0.2791666666666667 0 0.2611111111111111 0 0.24444444444444444 0.0203125 0.24305555555555555
1 0.69375 0.42916666666666664 0.70390625 0.4652777777777778 0.703125 0.5027777777777778 0.70234375 0.5097222222222222 0.7 0.5125 0.6921875 0.5097222222222222 0.68828125 0.47638888888888886 0.684375 0.46805555555555556 0.68046875 0.4444444444444444 0.67421875 0.43194444444444446 0.678125 0.4263888888888889 0.68984375 0.4263888888888889 0.69296875 0.42916666666666664
1 0.39765625 0.8055555555555556 0.4171875 0.8097222222222222 0.42578125 0.8180555555555555 0.43203125 0.8333333333333334 0.43515625 0.8361111111111111 0.4453125 0.8361111111111111 0.44921875 0.8416666666666667 0.4484375 0.8472222222222222 0.4421875 0.8555555555555555 0.44375 0.8916666666666667 0.44140625 0.9361111111111111 0.43671875 0.9472222222222222 0.43359375 0.9916666666666667 0.43125 0.9958333333333333 0.4078125 0.9944444444444445 0.40625 0.9875 0.396875 0.9819444444444444 0.365625 0.9833333333333333 0.36328125 0.9791666666666666 0.3453125 0.9791666666666666 0.340625 0.9875 0.34140625 0.9916666666666667 0.33984375 0.9944444444444445 0.3265625 0.9958333333333333 0.32421875 0.9986111111111111 0.315625 0.9986111111111111 0.31328125 0.9958333333333333 0.3140625 0.9152777777777777 0.3171875 0.8847222222222222 0.32890625 0.8513888888888889 0.3171875 0.8472222222222222 0.3140625 0.8416666666666667 0.3140625 0.8375 0.32265625 0.8319444444444445 0.33515625 0.8333333333333334 0.34140625 0.8125 0.34765625 0.8069444444444445 0.396875 0.8055555555555556
0 0.89609375 0.44027777777777777 0.91484375 0.44583333333333336 0.93125 0.45555555555555555 0.94921875 0.4708333333333333 0.9703125 0.49444444444444446 0.9859375 0.5013888888888889 0.99921875 0.525 0.99921875 0.7069444444444445 0.97578125 0.6986111111111111 0.9734375 0.6791666666666667 0.95625 0.6486111111111111 0.9515625 0.6347222222222222 0.9421875 0.6180555555555556 0.93515625 0.5986111111111111 0.9125 0.5527777777777778 0.90703125 0.5375 0.8890625 0.5027777777777778 0.88359375 0.4861111111111111 0.8765625 0.48333333333333334 0.82734375 0.48055555555555557 0.82734375 0.4638888888888889 0.83125 0.4527777777777778 0.8453125 0.4513888888888889 0.86796875 0.44027777777777777 0.8953125 0.44027777777777777
0 0.11875 0.33611111111111114 0.13125 0.3402777777777778 0.13671875 0.3388888888888889 0.14296875 0.3527777777777778 0.14375 0.3819444444444444 0.14609375 0.3972222222222222 0.14609375 0.44305555555555554 0.13984375 0.4736111111111111 0.13671875 0.4791666666666667 0.12734375 0.4847222222222222 0.1203125 0.49583333333333335 0.11640625 0.49722222222222223 0.1125 0.49166666666666664 0.08203125 0.49166666666666664 0.07578125 0.4930555555555556 0.06953125 0.5 0.0671875 0.5 0.0578125 0.48333333333333334 0.05703125 0.43194444444444446 0.0515625 0.4152777777777778 0.0515625 0.40694444444444444 0.05625 0.39444444444444443 0.059375 0.37083333333333335 0.0671875 0.3611111111111111 0.07109375 0.3597222222222222 0.07578125 0.35138888888888886 0.08984375 0.3402777777777778 0.11796875 0.33611111111111114
0 0.21796875 0.18055555555555555 0.22109375 0.18194444444444444 0.22265625 0.19583333333333333 0.2265625 0.20555555555555555 0.2171875 0.21666666666666667 0.21796875 0.21944444444444444 0.21484375 0.22361111111111112 0.21328125 0.23194444444444445 0.20703125 0.23472222222222222 0.1921875 0.23333333333333334 0.1828125 0.2388888888888889 0.17890625 0.2388888888888889 0.171875 0.23055555555555557 0.16484375 0.23055555555555557 0.1640625 0.20277777777777778 0.16640625 0.18472222222222223 0.175 0.18055555555555555 0.20625 0.18194444444444444 0.2078125 0.18888888888888888 0.2078125 0.21805555555555556 0.21015625 0.225 0.21640625 0.21805555555555556 0.21484375 0.18333333333333332 0.2171875 0.18055555555555555
0 0.5328125 0.24722222222222223 0.53671875 0.24444444444444444 0.56015625 0.24583333333333332 0.56640625 0.25277777777777777 0.57265625 0.25416666666666665 0.575 0.25972222222222224 0.578125 0.29583333333333334 0.57578125 0.33194444444444443 0.57578125 0.37916666666666665 0.57421875 0.39305555555555555 0.571875 0.39861111111111114 0.56015625 0.4 0.53359375 0.39444444444444443 0.52890625 0.38472222222222224 0.51796875 0.38472222222222224 0.51484375 0.3625 0.5171875 0.3388888888888889 0.51484375 0.3277777777777778 0.51640625 0.275 0.52265625 0.25416666666666665 0.5328125 0.24861111111111112
0 0.659375 0.16111111111111112 0.66484375 0.1638888888888889 0.66875 0.175 0.6671875 0.18055555555555555 0.66796875 0.19583333333333333 0.66484375 0.20555555555555555 0.65390625 0.1875 0.63671875 0.19444444444444445 0.62578125 0.19166666666666668 0.628125 0.17222222222222222 0.63359375 0.16111111111111112 0.65859375 0.16111111111111112