3 0.7359375 0.45694444444444443 0.77109375 0.46111111111111114 0.809375 0.4597222222222222 0.815625 0.4625 0.8765625 0.4638888888888889 0.88046875 0.47638888888888886 0.89140625 0.49722222222222223 0.940625 0.6263888888888889 0.94609375 0.6347222222222222 0.94375 0.7180555555555556 0.9453125 0.7333333333333333 0.94375 0.7486111111111111 0.94375 0.8263888888888888 0.940625 0.8652777777777778 0.9421875 0.8875 0.9390625 0.9055555555555556 0.94140625 0.9208333333333333 0.94140625 0.9472222222222222 0.9390625 0.9694444444444444 0.94140625 0.9944444444444445 0.93984375 0.9986111111111111 0.925 0.9986111111111111 0.921875 0.9958333333333333 0.91796875 0.9986111111111111 0.85078125 0.9986111111111111 0.84921875 0.9958333333333333 0.828125 0.9986111111111111 0.8234375 0.9958333333333333 0.78828125 0.9944444444444445 0.7203125 0.9986111111111111 0.7171875 0.9930555555555556 0.7171875 0.9847222222222223 0.709375 0.9708333333333333 0.7078125 0.9305555555555556 0.7109375 0.8916666666666667 0.7109375 0.8583333333333333 0.7140625 0.8347222222222223 0.71328125 0.8027777777777778 0.71640625 0.7194444444444444 0.71328125 0.7069444444444445 0.71484375 0.7027777777777777 0.7140625 0.6847222222222222 0.71640625 0.6819444444444445 0.71484375 0.6708333333333333 0.7171875 0.6652777777777777 0.71015625 0.65 0.7125 0.6222222222222222 0.71796875 0.6152777777777778 0.71953125 0.6055555555555555 0.7171875 0.5902777777777778 0.71875 0.5597222222222222 0.7203125 0.5569444444444445 0.7203125 0.46111111111111114 0.725 0.45694444444444443 0.73515625 0.45694444444444443
3 0.971875 0.6416666666666667 0.99921875 0.6472222222222223 0.99921875 0.8847222222222222 0.99453125 0.8847222222222222 0.99140625 0.8888888888888888 0.98671875 0.8986111111111111 0.97734375 0.9319444444444445 0.9671875 0.9416666666666667 0.9625 0.9652777777777778 0.96171875 0.9805555555555555 0.95703125 0.9888888888888889 0.94609375 0.9861111111111112 0.94375 0.9708333333333333 0.94453125 0.9194444444444444 0.94296875 0.9166666666666666 0.94296875 0.8972222222222223 0.94453125 0.8902777777777777 0.94453125 0.8 0.946875 0.7680555555555556 0.946875 0.7319444444444444 0.9453125 0.7263888888888889 0.946875 0.7166666666666667 0.946875 0.6638888888888889 0.94921875 0.6416666666666667 0.97109375 0.6416666666666667
3 0.6625 0.3416666666666667 0.68203125 0.34444444444444444 0.68671875 0.3486111111111111 0.68984375 0.3763888888888889 0.6859375 0.4083333333333333 0.67734375 0.3972222222222222 0.64921875 0.3972222222222222 0.64140625 0.41388888888888886 0.640625 0.42083333333333334 0.63359375 0.43194444444444446 0.6296875 0.42777777777777776 0.6265625 0.41805555555555557 0.628125 0.3819444444444444 0.62578125 0.37083333333333335 0.63203125 0.3625 0.634375 0.3486111111111111 0.63984375 0.34305555555555556 0.66171875 0.3416666666666667
3 0.50078125 0.24444444444444444 0.50234375 0.24861111111111112 0.50234375 0.2972222222222222 0.5 0.35 0.4984375 0.35555555555555557 0.4765625 0.3527777777777778 0.47265625 0.3472222222222222 0.47109375 0.3375 0.4671875 0.32916666666666666 0.4546875 0.3236111111111111 0.45390625 0.2569444444444444 0.45546875 0.24722222222222223 0.45859375 0.24444444444444444 0.5 0.24444444444444444
3 0.6140625 0.6958333333333333 0.6515625 0.6986111111111111 0.65625 0.7027777777777777 0.659375 0.7166666666666667 0.66484375 0.7277777777777777 0.6671875 0.7305555555555555 0.67578125 0.7305555555555555 0.68203125 0.7361111111111112 0.68203125 0.7458333333333333 0.6765625 0.75 0.67734375 0.7763888888888889 0.675 0.8027777777777778 0.67578125 0.8597222222222223 0.6703125 0.8722222222222222 0.66875 0.9111111111111111 0.665625 0.9194444444444444 0.6609375 0.9180555555555555 0.6546875 0.9041666666666667 0.6578125 0.8944444444444445 0.6578125 0.8833333333333333 0.6515625 0.8666666666666667 0.64765625 0.8305555555555556 0.63984375 0.8097222222222222 0.6328125 0.7986111111111112 0.61953125 0.8 0.596875 0.7944444444444444 0.56796875 0.7972222222222223 0.55703125 0.7958333333333333 0.553125 0.7916666666666666 0.55390625 0.7819444444444444 0.565625 0.75 0.56484375 0.7416666666666667 0.55703125 0.7375 0.55625 0.7333333333333333 0.55859375 0.7236111111111111 0.57109375 0.7236111111111111 0.57734375 0.7069444444444445 0.584375 0.6958333333333333 0.61328125 0.6958333333333333
3 0.659375 0.18194444444444444 0.6625 0.19027777777777777 0.66484375 0.2388888888888889 0.63671875 0.24027777777777778 0.63125 0.25 0.6328125 0.2625 0.6296875 0.2625 0.62578125 0.24583333333333332 0.625 0.20277777777777778 0.62734375 0.1875 0.6328125 0.18055555555555555 0.6390625 0.17916666666666667 0.65546875 0.17916666666666667 0.65859375 0.18194444444444444
2 0.36953125 0.7430555555555556 0.38828125 0.7430555555555556 0.39375 0.7486111111111111 0.39609375 0.7777777777777778 0.39453125 0.7958333333333333 0.39609375 0.8069444444444445 0.4015625 0.8166666666666667 0.40078125 0.8347222222222223 0.38984375 0.8513888888888889 0.38671875 0.8652777777777778 0.3828125 0.8625 0.37890625 0.8402777777777778 0.37265625 0.8305555555555556 0.375 0.8236111111111111 0.375 0.8013888888888889 0.36953125 0.7805555555555556 0.36953125 0.7444444444444445
2 0.51875 0.33055555555555555 0.52578125 0.3347222222222222 0.52578125 0.3541666666666667 0.5234375 0.35694444444444445 0.51328125 0.35555555555555557 0.5125 0.3388888888888889 0.51484375 0.3333333333333333 0.51796875 0.33194444444444443
2 0.559375 0.3236111111111111 0.5640625 0.32083333333333336 0.5703125 0.3236111111111111 0.571875 0.33611111111111114 0.5703125 0.34444444444444444 0.56640625 0.33611111111111114 0.56015625 0.3388888888888889 0.559375 0.325
2 0.43828125 0.5041666666666667 0.4375 0.4791666666666667 0.4390625 0.4722222222222222 0.44375 0.46805555555555556 0.45625 0.46944444444444444 0.4578125 0.5 0.45625 0.5055555555555555 0.453125 0.5069444444444444 0.4390625 0.5041666666666667
2 0 0.6111111111111112 0.0046875 0.6125 0.01015625 0.6305555555555555 0.01953125 0.6361111111111111 0.021875 0.6416666666666667 0.015625 0.6888888888888889 0.01171875 0.6930555555555555 0 0.6888888888888889 0 0.6125
2 0.46640625 0.5041666666666667 0.48203125 0.5055555555555555 0.484375 0.5166666666666667 0.4875 0.5111111111111111 0.48515625 0.5375 0.48046875 0.5486111111111112 0.47734375 0.5486111111111112 0.46953125 0.5361111111111111 0.4671875 0.5277777777777778 0.46640625 0.5055555555555555
2 0.4796875 0.40694444444444444 0.48359375 0.41388888888888886 0.48125 0.44027777777777777 0.47890625 0.44583333333333336 0.4734375 0.45 0.46953125 0.44722222222222224 0.46796875 0.4388888888888889 0.46875 0.4152777777777778 0.471875 0.40694444444444444 0.47890625 0.40694444444444444
2 0.38125 0.6847222222222222 0.3875 0.6847222222222222 0.38515625 0.6958333333333333 0.38125 0.6958333333333333 0.38125 0.6861111111111111
2 0.2875 0.3597222222222222 0.290625 0.3611111111111111 0.2953125 0.3736111111111111 0.290625 0.39305555555555555 0.28671875 0.3972222222222222 0.28203125 0.39305555555555555 0.278125 0.375 0.27890625 0.3638888888888889 0.28671875 0.3597222222222222
2 0.484375 0.46944444444444444 0.49453125 0.46944444444444444 0.49765625 0.48194444444444445 0.49765625 0.5069444444444444 0.49140625 0.5180555555555556 0.4875 0.5180555555555556 0.48359375 0.49444444444444446 0.484375 0.4708333333333333
2 0.53671875 0.4388888888888889 0.54140625 0.44722222222222224 0.540625 0.45694444444444443 0.53125 0.4638888888888889 0.528125 0.4625 0.528125 0.4527777777777778 0.53046875 0.44166666666666665 0.5359375 0.4388888888888889
2 0.5671875 0.3527777777777778 0.5703125 0.3680555555555556 0.56484375 0.38055555555555554 0.55859375 0.3736111111111111 0.5578125 0.3597222222222222 0.5609375 0.3527777777777778 0.56640625 0.3527777777777778
2 0.546875 0.3236111111111111 0.553125 0.32083333333333336 0.55546875 0.325 0.55546875 0.34444444444444444 0.5515625 0.3527777777777778 0.54921875 0.3527777777777778 0.5453125 0.3458333333333333 0.546875 0.325
2 0.4640625 0.6597222222222222 0.4703125 0.6638888888888889 0.47421875 0.6791666666666667 0.47578125 0.7041666666666667 0.47421875 0.7194444444444444 0.465625 0.7361111111111112 0.46171875 0.7361111111111112 0.4546875 0.7222222222222222 0.4515625 0.6986111111111111 0.453125 0.6652777777777777 0.45625 0.6597222222222222 0.46328125 0.6597222222222222
1 0.14296875 0.30416666666666664 0.14609375 0.3055555555555556 0.1484375 0.3125 0.15078125 0.33055555555555555 0.14921875 0.35 0.14296875 0.35833333333333334 0.1140625 0.3736111111111111 0.10703125 0.3819444444444444 0.10234375 0.37916666666666665 0.1 0.3638888888888889 0.1015625 0.33055555555555555 0.11484375 0.30833333333333335 0.1421875 0.30416666666666664
1 0.715625 0.24722222222222223 0.728125 0.2513888888888889 0.73046875 0.25833333333333336 0.7125 0.2652777777777778 0.70859375 0.2708333333333333 0.70703125 0.30972222222222223 0.703125 0.3138888888888889 0.69140625 0.3013888888888889 0.690625 0.28055555555555556 0.6921875 0.26805555555555555 0.7 0.24861111111111112 0.71484375 0.24722222222222223
1 0.4453125 0.5083333333333333 0.46328125 0.5097222222222222 0.46875 0.5361111111111111 0.4765625 0.5513888888888889 0.47578125 0.6 0.4734375 0.6222222222222222 0.4703125 0.6194444444444445 0.46875 0.6027777777777777 0.4625 0.5958333333333333 0.45703125 0.6013888888888889 0.453125 0.6236111111111111 0.44296875 0.6375 0.43828125 0.6291666666666667 0.4328125 0.6277777777777778 0.42734375 0.6333333333333333 0.42109375 0.6319444444444444 0.41171875 0.6430555555555556 0.4046875 0.6458333333333334 0.4 0.6444444444444445 0.39765625 0.6375 0.39765625 0.5958333333333333 0.4 0.5638888888888889 0.40546875 0.5402777777777777 0.41015625 0.5291666666666667 0.4125 0.5138888888888888 0.41875 0.5083333333333333 0.44453125 0.5083333333333333
1 0.6671875 0.2972222222222222 0.67578125 0.32916666666666666 0.675 0.3416666666666667 0.65703125 0.3416666666666667 0.6515625 0.34444444444444444 0.6390625 0.3402777777777778 0.63671875 0.32083333333333336 0.63984375 0.30972222222222223 0.64375 0.3 0.64921875 0.29583333333333334 0.66640625 0.2972222222222222
1 0.0171875 0.24305555555555555 0.03359375 0.24722222222222223 0.04140625 0.26805555555555555 0.0421875 0.28194444444444444 0.0390625 0.29583333333333334 0.03125 0.3 0.025 0.2986111111111111 0.02421875 0.2875 0.0203125 0.2777777777777778 0 0.2611111111111111 0 0.24444444444444444 0.01640625 0.24305555555555555
1 0.5140625 0.2902777777777778 0.5171875 0.29583333333333334 0.51796875 0.3111111111111111 0.51171875 0.3236111111111111 0.5015625 0.3194444444444444 0.5015625 0.3013888888888889 0.50390625 0.2916666666666667 0.50703125 0.28888888888888886 0.51328125 0.2902777777777778
1 0.7875 0.24722222222222223 0.8140625 0.2388888888888889 0.82578125 0.2388888888888889 0.828125 0.24444444444444444 0.8265625 0.2569444444444444 0.80546875 0.2638888888888889 0.8 0.27361111111111114 0.79609375 0.29444444444444445 0.78984375 0.2916666666666667 0.7890625 0.2777777777777778 0.78515625 0.26805555555555555 0.7875 0.24861111111111112
1 0.77890625 0.3486111111111111 0.7828125 0.35 0.78984375 0.36666666666666664 0.79296875 0.37916666666666665 0.7875 0.3819444444444444 0.76484375 0.3819444444444444 0.7421875 0.375 0.74453125 0.3611111111111111 0.75078125 0.3486111111111111 0.778125 0.3486111111111111
1 0.38359375 0.2902777777777778 0.38828125 0.3013888888888889 0.38671875 0.3138888888888889 0.3734375 0.3236111111111111 0.36484375 0.32222222222222224 0.3609375 0.31805555555555554 0.36328125 0.29305555555555557 0.37578125 0.2875 0.3828125 0.2902777777777778
1 0.028125 0.3527777777777778 0.0359375 0.3597222222222222 0.0375 0.3736111111111111 0.04140625 0.38333333333333336 0.04140625 0.3958333333333333 0.02421875 0.3972222222222222 0.00625 0.40555555555555556 0 0.40555555555555556 0 0.35833333333333334 0.00546875 0.3541666666666667 0.02734375 0.3527777777777778
1 0.2859375 0.19583333333333333 0.28984375 0.2 0.290625 0.2125 0.28359375 0.2222222222222222 0.2796875 0.23472222222222222 0.26328125 0.24027777777777778 0.24609375 0.24027777777777778 0.24296875 0.2375 0.2390625 0.225 0.23984375 0.21388888888888888 0.25 0.19722222222222222 0.25390625 0.19444444444444445 0.28515625 0.19583333333333333
1 0.4640625 0.3277777777777778 0.47109375 0.3388888888888889 0.4765625 0.3625 0.47734375 0.375 0.4703125 0.375 0.46640625 0.3680555555555556 0.465625 0.35833333333333334 0.46015625 0.3541666666666667 0.4375 0.35555555555555557 0.4328125 0.35833333333333334 0.43203125 0.3680555555555556 0.428125 0.37083333333333335 0.43203125 0.3611111111111111 0.434375 0.3416666666666667 0.4390625 0.33055555555555555 0.45390625 0.3263888888888889 0.46328125 0.3277777777777778
1 0.7375 0.3819444444444444 0.73984375 0.37916666666666665 0.7515625 0.37916666666666665 0.7671875 0.38472222222222224 0.7625 0.4083333333333333 0.75625 0.4166666666666667 0.75546875 0.4486111111111111 0.7515625 0.4527777777777778 0.74453125 0.4527777777777778 0.73359375 0.4513888888888889 0.73046875 0.4486111111111111 0.7296875 0.44305555555555554 0.7296875 0.4222222222222222 0.73359375 0.3958333333333333 0.7375 0.38333333333333336
1 0.66328125 0.41180555555555554 0.0484375 0.029166666666666667
1 0.31484375 0.2833333333333333 0.3171875 0.3111111111111111 0.32265625 0.30416666666666664 0.31953125 0.2986111111111111 0.31953125 0.2861111111111111 0.325 0.2847222222222222 0.3265625 0.28888888888888886 0.32421875 0.32222222222222224 0.32109375 0.32083333333333336 0.31875 0.325 0.31796875 0.3347222222222222 0.31484375 0.3416666666666667 0.29921875 0.3416666666666667 0.29296875 0.3347222222222222 0.290625 0.325 0.2921875 0.30833333333333335 0.29765625 0.2902777777777778 0.30234375 0.2847222222222222 0.3140625 0.2833333333333333
1 0.29375 0.21666666666666667 0.30390625 0.2152777777777778 0.30859375 0.22083333333333333 0.3109375 0.23055555555555557 0.31015625 0.2375 0.30390625 0.2513888888888889 0.29453125 0.25833333333333336 0.27890625 0.2625 0.278125 0.2375 0.28359375 0.22083333333333333 0.2859375 0.21666666666666667 0.29375 0.21805555555555556
1 0.0625 0.2388888888888889 0.0703125 0.24166666666666667 0.0734375 0.24722222222222223 0.078125 0.26944444444444443 0.078125 0.28055555555555556 0.075 0.2847222222222222 0.06875 0.2861111111111111 0.06171875 0.29444444444444445 0.05234375 0.29444444444444445 0.04453125 0.2861111111111111 0.04140625 0.2791666666666667 0.04140625 0.2652777777777778 0.03515625 0.24861111111111112 0.03515625 0.24027777777777778 0.03828125 0.2375 0.06171875 0.2388888888888889
1 0.7734375 0.38333333333333336 0.80546875 0.3861111111111111 0.82265625 0.4041666666666667 0.825 0.4083333333333333 0.825 0.41388888888888886 0.82265625 0.4166666666666667 0.796875 0.4125 0.77734375 0.4152777777777778 0.77109375 0.425 0.77265625 0.4375 0.76796875 0.44166666666666665 0.77109375 0.4527777777777778 0.7625 0.45416666666666666 0.75625 0.4513888888888889 0.75703125 0.4152777777777778 0.76328125 0.40694444444444444 0.76796875 0.3875 0.77265625 0.38333333333333336
1 0.63046875 0.5555555555555556 0.65078125 0.5583333333333333 0.65625 0.5805555555555556 0.65546875 0.5847222222222223 0.6515625 0.5861111111111111 0.6296875 0.5875 0.62109375 0.6083333333333333 0.59453125 0.6083333333333333 0.59453125 0.5986111111111111 0.6015625 0.5666666666666667 0.60546875 0.5583333333333333 0.6296875 0.5555555555555556
1 0.45234375 0.3541666666666667 0.46484375 0.35694444444444445 0.4703125 0.37222222222222223 0.47109375 0.3875 0.46796875 0.40694444444444444 0.46796875 0.42083333333333334 0.46328125 0.42777777777777776 0.45546875 0.42777777777777776 0.45 0.41805555555555557 0.4421875 0.41805555555555557 0.43828125 0.4041666666666667 0.4375 0.38333333333333336 0.43125 0.3736111111111111 0.434375 0.35833333333333334 0.44296875 0.3541666666666667 0.4515625 0.3541666666666667
1 0.1296875 0.2388888888888889 0.1375 0.24444444444444444 0.14140625 0.25555555555555554 0.13984375 0.26805555555555555 0.13515625 0.2763888888888889 0.134375 0.28194444444444444 0.1296875 0.2875 0.1109375 0.2833333333333333 0.109375 0.26805555555555555 0.10546875 0.25972222222222224 0.11328125 0.24027777777777778 0.12890625 0.2388888888888889
1 0.38125 0.4597222222222222 0.4 0.4652777777777778 0.40859375 0.4986111111111111 0.41015625 0.5069444444444444 0.40859375 0.5291666666666667 0.40390625 0.5388888888888889 0.40078125 0.5569444444444445 0.39765625 0.5583333333333333 0.38671875 0.5486111111111112 0.35859375 0.5486111111111112 0.34921875 0.5611111111111111 0.3453125 0.5597222222222222 0.34375 0.5555555555555556 0.34296875 0.5263888888888889 0.34375 0.5097222222222222 0.3484375 0.4875 0.3546875 0.46944444444444444 0.36015625 0.4625 0.38046875 0.4597222222222222
1 0.68515625 0.5888888888888889 0.68984375 0.5916666666666667 0.696875 0.6111111111111112 0.70234375 0.6125 0.70625 0.6180555555555556 0.70625 0.6222222222222222 0.7 0.6291666666666667 0.70859375 0.6597222222222222 0.70625 0.7236111111111111 0.70390625 0.7416666666666667 0.7015625 0.7472222222222222 0.6953125 0.7472222222222222 0.68984375 0.7277777777777777 0.684375 0.7319444444444444 0.6765625 0.725 0.675 0.6819444444444445 0.67890625 0.6611111111111111 0.675 0.6222222222222222 0.66953125 0.6152777777777778 0.62421875 0.6083333333333333 0.6265625 0.5958333333333333 0.6359375 0.5875 0.684375 0.5888888888888889
1 0.72109375 0.325 0.72734375 0.32916666666666666 0.72890625 0.3347222222222222 0.7265625 0.37222222222222223 0.7234375 0.3861111111111111 0.70078125 0.3861111111111111 0.6953125 0.38055555555555554 0.6953125 0.3611111111111111 0.70234375 0.32916666666666666 0.70859375 0.325 0.7203125 0.325
1 0 0.26666666666666666 0.0046875 0.26666666666666666 0.01953125 0.2777777777777778 0.02265625 0.28194444444444444 0.02421875 0.29444444444444445 0.0234375 0.30277777777777776 0.0109375 0.30416666666666664 0.00859375 0.30694444444444446 0.00859375 0.3138888888888889 0.003125 0.31666666666666665 0.003125 0.30833333333333335 0 0.30416666666666664 0.003125 0.3 0.00234375 0.2902777777777778 0 0.2875 0 0.26805555555555555
1 0.07265625 0.24305555555555555 0.08046875 0.24305555555555555 0.0890625 0.25277777777777777 0.10234375 0.25972222222222224 0.109375 0.26944444444444443 0.10859375 0.2833333333333333 0.1015625 0.2833333333333333 0.0984375 0.2763888888888889 0.0890625 0.2861111111111111 0.0796875 0.2847222222222222 0.078125 0.2833333333333333 0.0765625 0.25555555555555554 0.07265625 0.24444444444444444
1 0.26875 0.3625 0.27578125 0.36944444444444446 0.28203125 0.4 0.2703125 0.425 0.2609375 0.4375 0.23671875 0.44305555555555554 0.23125 0.44722222222222224 0.22578125 0.44722222222222224 0.2234375 0.44305555555555554 0.22421875 0.3902777777777778 0.22734375 0.3888888888888889 0.240625 0.36666666666666664 0.26796875 0.3625
1 0.7453125 0.2986111111111111 0.75234375 0.3013888888888889 0.7546875 0.30694444444444446 0.7375 0.3138888888888889 0.73046875 0.3333333333333333 0.72890625 0.32916666666666666 0.71953125 0.32222222222222224 0.71953125 0.31666666666666665 0.725 0.3 0.74453125 0.2986111111111111
1 0.67109375 0.41944444444444445 0.675 0.42083333333333334 0.68359375 0.43472222222222223 0.6828125 0.44305555555555554 0.68984375 0.4652777777777778 0.6921875 0.49027777777777776 0.69140625 0.5055555555555555 0.6890625 0.5125 0.68828125 0.5333333333333333 0.68515625 0.5388888888888889 0.68046875 0.5375 0.67578125 0.5277777777777778 0.67578125 0.48333333333333334 0.67734375 0.4736111111111111 0.6734375 0.4527777777777778 0.66875 0.44722222222222224 0.634375 0.44166666666666665 0.6375 0.42777777777777776 0.65390625 0.425 0.66015625 0.41944444444444445 0.6703125 0.41944444444444445
1 0.8015625 0.4125 0.82109375 0.41805555555555557 0.8140625 0.42777777777777776 0.809375 0.45555555555555555 0.8 0.4583333333333333 0.7765625 0.45694444444444443 0.7640625 0.4513888888888889 0.76953125 0.41805555555555557 0.78125 0.4125 0.80078125 0.4125
1 0.65703125 0.25833333333333336 0.66171875 0.2638888888888889 0.6609375 0.2708333333333333 0.63828125 0.2708333333333333 0.63046875 0.2777777777777778 0.63046875 0.2652777777777778 0.634375 0.2569444444444444 0.6515625 0.25555555555555554 0.65625 0.25833333333333336
1 0.35625 0.18472222222222223 0.359375 0.20833333333333334 0.35546875 0.21944444444444444 0.3484375 0.22361111111111112 0.34140625 0.22361111111111112 0.3390625 0.22083333333333333 0.33671875 0.1986111111111111 0.3421875 0.18472222222222223 0.35546875 0.18472222222222223
1 0.396875 0.2791666666666667 0.40390625 0.2861111111111111 0.403125 0.30277777777777776 0.38984375 0.30694444444444446 0.3859375 0.2847222222222222 0.3890625 0.28055555555555556 0.39609375 0.28055555555555556
1 0.16640625 0.2625 0.17265625 0.26944444444444443 0.17734375 0.2847222222222222 0.178125 0.3111111111111111 0.175 0.3236111111111111 0.165625 0.3263888888888889 0.15625 0.3236111111111111 0.15078125 0.2763888888888889 0.14921875 0.2986111111111111 0.146875 0.3055555555555556 0.13359375 0.30277777777777776 0.1328125 0.2986111111111111 0.1359375 0.2763888888888889 0.140625 0.26805555555555555 0.1484375 0.2652777777777778 0.15078125 0.27361111111111114 0.1546875 0.2638888888888889 0.165625 0.2625
1 0.4328125 0.2625 0.43515625 0.2652777777777778 0.43671875 0.27361111111111114 0.43671875 0.2791666666666667 0.434375 0.2833333333333333 0.42578125 0.2861111111111111 0.4109375 0.2972222222222222 0.40625 0.2972222222222222 0.40390625 0.29305555555555557 0.4046875 0.275 0.40859375 0.2652777777777778 0.41796875 0.2611111111111111 0.43203125 0.2625
1 0.819921875 0.33055555555555555 0.01640625 0.05277777777777778
1 0.6375 0.49444444444444446 0.65703125 0.49722222222222223 0.671875 0.5263888888888889 0.6765625 0.5597222222222222 0.6765625 0.5805555555555556 0.675 0.5847222222222223 0.65546875 0.5833333333333334 0.6515625 0.5597222222222222 0.64375 0.5527777777777778 0.64140625 0.5555555555555556 0.615625 0.5541666666666667 0.6046875 0.5569444444444445 0.60390625 0.5402777777777777 0.60546875 0.5319444444444444 0.6 0.5291666666666667 0.5984375 0.5208333333333334 0.60234375 0.5166666666666667 0.609375 0.5180555555555556 0.61328125 0.5097222222222222 0.61484375 0.4986111111111111 0.61875 0.49444444444444446 0.63671875 0.49444444444444446
1 0.53671875 0.3597222222222222 0.5421875 0.37222222222222223 0.54765625 0.3763888888888889 0.54453125 0.38333333333333336 0.54453125 0.4083333333333333 0.54296875 0.4111111111111111 0.53984375 0.40694444444444444 0.534375 0.4083333333333333 0.53046875 0.41388888888888886 0.52578125 0.4305555555555556 0.51328125 0.43194444444444446 0.503125 0.4375 0.4984375 0.4361111111111111 0.49609375 0.42916666666666664 0.4953125 0.4111111111111111 0.49921875 0.38472222222222224 0.49609375 0.375 0.5015625 0.37083333333333335 0.5046875 0.3625 0.509375 0.35833333333333334 0.5359375 0.3597222222222222
1 0.6609375 0.2722222222222222 0.66484375 0.2777777777777778 0.66796875 0.28888888888888886 0.66796875 0.2972222222222222 0.64609375 0.29583333333333334 0.6375 0.31805555555555554 0.6359375 0.3347222222222222 0.63125 0.3388888888888889 0.62734375 0.3347222222222222 0.62734375 0.3138888888888889 0.6296875 0.2902777777777778 0.6328125 0.2791666666666667 0.6375 0.2722222222222222 0.66015625 0.2722222222222222
1 0.56328125 0.26666666666666666 0.56875 0.26805555555555555 0.57265625 0.2763888888888889 0.57734375 0.30277777777777776 0.57734375 0.31805555555555554 0.575 0.32222222222222224 0.5578125 0.3194444444444444 0.55625 0.31666666666666665 0.55546875 0.2986111111111111 0.5515625 0.2902777777777778 0.5515625 0.2763888888888889 0.55390625 0.2708333333333333 0.5625 0.26666666666666666
1 0.6859375 0.4166666666666667 0.69921875 0.4375 0.69921875 0.5041666666666667 0.6921875 0.5069444444444444 0.690625 0.5041666666666667 0.68984375 0.4777777777777778 0.68046875 0.4388888888888889 0.6734375 0.4305555555555556 0.6546875 0.425 0.66015625 0.41944444444444445 0.68515625 0.4166666666666667
1 0.665625 0.29583333333333334 0.6703125 0.30277777777777776 0.67109375 0.31527777777777777 0.66953125 0.31666666666666665 0.665625 0.3138888888888889 0.63984375 0.31666666666666665 0.63984375 0.30972222222222223 0.64609375 0.2972222222222222 0.66484375 0.29583333333333334
1 0.0578125 0.4 0.0609375 0.4041666666666667 0.0671875 0.425 0.06953125 0.4388888888888889 0.06953125 0.45555555555555555 0.0640625 0.46805555555555556 0.0578125 0.4736111111111111 0.05 0.4888888888888889 0.0421875 0.49583333333333335 0.0375 0.5097222222222222 0 0.5013888888888889 0 0.4111111111111111 0.00390625 0.40555555555555556 0.02734375 0.39861111111111114 0.04296875 0.3972222222222222 0.05703125 0.4
1 0.5953125 0.7888888888888889 0.59609375 0.7930555555555555 0.615625 0.8 0.63046875 0.7986111111111112 0.63984375 0.8083333333333333 0.64609375 0.8305555555555556 0.6515625 0.8680555555555556 0.65859375 0.8888888888888888 0.65390625 0.9083333333333333 0.65 0.9055555555555556 0.64296875 0.9069444444444444 0.63671875 0.8972222222222223 0.6359375 0.8777777777777778 0.6328125 0.8694444444444445 0.63359375 0.8652777777777778 0.6265625 0.8569444444444444 0.6 0.8486111111111111 0.553125 0.8430555555555556 0.51875 0.8444444444444444 0.521875 0.8347222222222223 0.5375 0.8319444444444445 0.54296875 0.8111111111111111 0.55078125 0.7930555555555555 0.56171875 0.7930555555555555 0.565625 0.7972222222222223 0.58515625 0.7972222222222223 0.59296875 0.7958333333333333 0.5953125 0.7902777777777777
1 0.81171875 0.28888888888888886 0.0328125 0.06111111111111111
1 0.2796875 0.30694444444444446 0.2828125 0.3263888888888889 0.27578125 0.3541666666666667 0.25859375 0.3638888888888889 0.24375 0.3638888888888889 0.2421875 0.3611111111111111 0.24375 0.33055555555555555 0.2546875 0.30833333333333335 0.26171875 0.3055555555555556 0.27890625 0.30694444444444446
1 0.19375 0.6708333333333333 0.1984375 0.6777777777777778 0.23828125 0.6777777777777778 0.25 0.6722222222222223 0.25546875 0.6736111111111112 0.265625 0.6847222222222222 0.27578125 0.7055555555555556 0.28671875 0.7083333333333334 0.28984375 0.7152777777777778 0.2890625 0.7305555555555555 0.2921875 0.7444444444444445 0.29453125 0.7847222222222222 0.2921875 0.8305555555555556 0.2875 0.8402777777777778 0.28046875 0.8416666666666667 0.2734375 0.8347222222222223 0.26953125 0.8388888888888889 0.265625 0.8777777777777778 0.26328125 0.8861111111111111 0.259375 0.8902777777777777 0.24609375 0.8875 0.24296875 0.8722222222222222 0.2375 0.8652777777777778 0.2234375 0.8652777777777778 0.2109375 0.8569444444444444 0.2 0.8555555555555555 0.1703125 0.8555555555555555 0.16640625 0.8625 0.1625 0.8847222222222222 0.1609375 0.8875 0.1578125 0.8805555555555555 0.15625 0.8680555555555556 0.15859375 0.8611111111111112 0.14921875 0.8472222222222222 0.14296875 0.8208333333333333 0.14140625 0.7763888888888889 0.14609375 0.7569444444444444 0.153125 0.7444444444444445 0.1640625 0.7333333333333333 0.16796875 0.7055555555555556 0.17421875 0.6916666666666667 0.1796875 0.6861111111111111 0.1859375 0.6736111111111112 0.19296875 0.6708333333333333
0 0.20703125 0.18194444444444444 0.2078125 0.19027777777777777 0.20625 0.1986111111111111 0.203125 0.19583333333333333 0.1640625 0.19583333333333333 0.16484375 0.18472222222222223 0.17734375 0.17916666666666667 0.20625 0.18194444444444444
0 0.88359375 0.4125 0.89375 0.41388888888888886 0.90546875 0.42083333333333334 0.921875 0.44027777777777777 0.9375 0.4527777777777778 0.94140625 0.46111111111111114 0.94921875 0.46805555555555556 0.971875 0.5 0.97890625 0.5444444444444444 0.9796875 0.6347222222222222 0.97734375 0.6402777777777777 0.9515625 0.6361111111111111 0.9421875 0.6263888888888889 0.8953125 0.5027777777777778 0.8765625 0.46111111111111114 0.83046875 0.4597222222222222 0.8125 0.45694444444444443 0.8109375 0.45416666666666666 0.81328125 0.42916666666666664 0.81875 0.42083333333333334 0.8484375 0.4111111111111111 0.8828125 0.4125
0 0.1328125 0.8041666666666667 0.140625 0.8166666666666667 0.146875 0.8513888888888889 0.15390625 0.8611111111111112 0.15 0.8666666666666667 0.1546875 0.8722222222222222 0.153125 0.8819444444444444 0.1546875 0.9486111111111111 0.1515625 0.9944444444444445 0.14765625 0.9986111111111111 0.13828125 0.9986111111111111 0.1375 0.9958333333333333 0.13515625 0.9986111111111111 0.07578125 0.9986111111111111 0.0703125 0.9944444444444445 0.01171875 0.9986111111111111 0 0.9930555555555556 0 0.8180555555555555 0.003125 0.8125 0.0078125 0.8083333333333333 0.02421875 0.8041666666666667 0.13203125 0.8041666666666667
0 0.203125 0.25 0.196875 0.24444444444444444 0.18515625 0.24305555555555555 0.1671875 0.24583333333333332 0.1640625 0.23333333333333334 0.16484375 0.2 0.178125 0.19444444444444445 0.19609375 0.19583333333333333 0.20546875 0.19305555555555556 0.2078125 0.2013888888888889 0.20703125 0.22361111111111112 0.20859375 0.2375 0.20703125 0.24722222222222223 0.20390625 0.24861111111111112