3 0.70703125 0.4125 0.7421875 0.4152777777777778 0.759375 0.42777777777777776 0.7625 0.43472222222222223 0.76328125 0.4444444444444444 0.76328125 0.4847222222222222 0.77109375 0.5027777777777778 0.7734375 0.5152777777777777 0.771875 0.5583333333333333 0.76875 0.5708333333333333 0.765625 0.5722222222222222 0.7609375 0.5666666666666667 0.7546875 0.5513888888888889 0.74453125 0.5472222222222223 0.7359375 0.525 0.7359375 0.5138888888888888 0.73125 0.5111111111111111 0.72890625 0.5152777777777777 0.72734375 0.5277777777777778 0.72109375 0.5416666666666666 0.7203125 0.5625 0.7171875 0.5708333333333333 0.7109375 0.5736111111111111 0.70625 0.5736111111111111 0.69296875 0.5638888888888889 0.68984375 0.5541666666666667 0.68984375 0.5458333333333333 0.68359375 0.5180555555555556 0.684375 0.4666666666666667 0.68125 0.44583333333333336 0.68125 0.4361111111111111 0.68515625 0.41388888888888886 0.70625 0.4125
3 0.3109375 0.43472222222222223 0.34609375 0.43472222222222223 0.35390625 0.4375 0.3671875 0.45416666666666666 0.38671875 0.46805555555555556 0.3984375 0.4875 0.43671875 0.5333333333333333 0.4421875 0.5513888888888889 0.44296875 0.5638888888888889 0.44921875 0.5680555555555555 0.453125 0.575 0.4578125 0.6666666666666666 0.4578125 0.6986111111111111 0.46171875 0.7125 0.4765625 0.7333333333333333 0.484375 0.7611111111111111 0.484375 0.7944444444444444 0.48203125 0.8263888888888888 0.484375 0.8847222222222222 0.484375 0.9597222222222223 0.48046875 0.9694444444444444 0.47734375 0.9861111111111112 0.4734375 0.9930555555555556 0.37109375 0.9944444444444445 0.3640625 0.9986111111111111 0.3375 0.9986111111111111 0.3359375 0.9958333333333333 0.32890625 0.9986111111111111 0.32265625 0.9958333333333333 0.3171875 0.9986111111111111 0.309375 0.9958333333333333 0.30390625 0.9986111111111111 0.2953125 0.9958333333333333 0.28125 0.9986111111111111 0.278125 0.9958333333333333 0.27578125 0.9694444444444444 0.2734375 0.9666666666666667 0.27265625 0.9097222222222222 0.2640625 0.8972222222222223 0.25859375 0.8805555555555555 0.2515625 0.8791666666666667 0.24609375 0.8722222222222222 0.23515625 0.825 0.23203125 0.7402777777777778 0.22890625 0.7333333333333333 0.2296875 0.7291666666666666 0.22578125 0.7055555555555556 0.228125 0.6791666666666667 0.2265625 0.6708333333333333 0.22734375 0.5763888888888888 0.22578125 0.5722222222222222 0.22578125 0.5319444444444444 0.228125 0.5208333333333334 0.22421875 0.49583333333333335 0.2234375 0.4486111111111111 0.22578125 0.4444444444444444 0.23984375 0.44166666666666665 0.28046875 0.44166666666666665 0.31015625 0.43472222222222223
3 0.06953125 0.17777777777777778 0.07890625 0.18472222222222223 0.0828125 0.19305555555555556 0.08515625 0.20694444444444443 0.08671875 0.24444444444444444 0.090625 0.24722222222222223 0.0796875 0.25972222222222224 0.065625 0.2569444444444444 0.059375 0.24444444444444444 0.06015625 0.2111111111111111 0.05859375 0.17916666666666667 0.0609375 0.1763888888888889 0.06875 0.17777777777777778
3 0.3609375 0.1625 0.36796875 0.1638888888888889 0.37265625 0.16944444444444445 0.37421875 0.175 0.37578125 0.2152777777777778 0.375 0.22361111111111112 0.36796875 0.24027777777777778 0.35703125 0.24444444444444444 0.34375 0.24444444444444444 0.3421875 0.24166666666666667 0.33984375 0.2263888888888889 0.33984375 0.2013888888888889 0.3421875 0.16805555555555557 0.34609375 0.1638888888888889 0.36015625 0.1625
3 0.46875 0.23055555555555557 0.4921875 0.23333333333333334 0.4984375 0.24444444444444444 0.49609375 0.30833333333333335 0.4921875 0.31666666666666665 0.47734375 0.31527777777777777 0.4703125 0.30833333333333335 0.46484375 0.3138888888888889 0.45859375 0.30972222222222223 0.45546875 0.2722222222222222 0.45625 0.24027777777777778 0.459375 0.23194444444444445 0.46796875 0.23055555555555557
2 0.84375 0.8444444444444444 0.85234375 0.8513888888888889 0.85546875 0.8722222222222222 0.85546875 0.9319444444444445 0.84921875 0.9527777777777777 0.84921875 0.9694444444444444 0.84453125 0.9763888888888889 0.8390625 0.975 0.83671875 0.9638888888888889 0.8296875 0.9541666666666667 0.825 0.95 0.8171875 0.9513888888888888 0.81328125 0.9486111111111111 0.8125 0.9347222222222222 0.809375 0.925 0.81015625 0.9138888888888889 0.8140625 0.9236111111111112 0.81640625 0.9152777777777777 0.8203125 0.9111111111111111 0.821875 0.8819444444444444 0.81796875 0.8694444444444445 0.81953125 0.8583333333333333 0.83125 0.8541666666666666 0.83828125 0.8430555555555556 0.84296875 0.8444444444444444
2 0.03984375 0.7444444444444445 0.04453125 0.7597222222222222 0.0578125 0.7597222222222222 0.07421875 0.7472222222222222 0.0703125 0.7597222222222222 0.07109375 0.8347222222222223 0.06796875 0.8513888888888889 0.05859375 0.8625 0.05390625 0.8625 0.0484375 0.8555555555555555 0.0421875 0.8305555555555556 0.0421875 0.8013888888888889 0.04453125 0.7944444444444444 0.0453125 0.7805555555555556 0.04375 0.7597222222222222 0.03984375 0.7569444444444444 0.03671875 0.7472222222222222 0.0390625 0.7444444444444445
2 0.287109375 0.2638888888888889 0.01015625 0.027777777777777776
2 0.29296875 0.3013888888888889 0.29453125 0.31805555555555554 0.29296875 0.325 0.2890625 0.33055555555555555 0.28515625 0.32916666666666666 0.28359375 0.325 0.2828125 0.30416666666666664 0.28515625 0.3013888888888889 0.2921875 0.3013888888888889
2 0.2734375 0.3958333333333333 0.2765625 0.4 0.27734375 0.40555555555555556 0.2765625 0.42777777777777776 0.27421875 0.4361111111111111 0.26953125 0.4388888888888889 0.26640625 0.4375 0.2640625 0.4305555555555556 0.26328125 0.4 0.265625 0.3958333333333333 0.27265625 0.3958333333333333
2 0.105859375 0.4222222222222222 0.01640625 0.058333333333333334
2 0.759375 0.5958333333333333 0.765625 0.6069444444444444 0.7671875 0.6263888888888889 0.7671875 0.6388888888888888 0.7640625 0.6513888888888889 0.765625 0.6722222222222223 0.76328125 0.6763888888888889 0.76015625 0.6763888888888889 0.75234375 0.6666666666666666 0.74453125 0.6680555555555555 0.74296875 0.6583333333333333 0.746875 0.6305555555555555 0.7484375 0.6 0.753125 0.5958333333333333 0.75859375 0.5958333333333333
2 0.1171875 0.425 0.12578125 0.42916666666666664 0.128125 0.44166666666666665 0.12734375 0.46111111111111114 0.12265625 0.4777777777777778 0.11953125 0.4777777777777778 0.115625 0.46805555555555556 0.11171875 0.44722222222222224 0.1140625 0.42777777777777776 0.11640625 0.425
2 0.06875 0.5027777777777778 0.07578125 0.5041666666666667 0.0796875 0.5111111111111111 0.07734375 0.5611111111111111 0.07421875 0.5680555555555555 0.06875 0.5722222222222222 0.0640625 0.5722222222222222 0.05859375 0.5555555555555556 0.06015625 0.5138888888888888 0.0625 0.5041666666666667 0.06796875 0.5027777777777778
2 0.83828125 0.5930555555555556 0.84609375 0.6027777777777777 0.8484375 0.6125 0.85 0.6263888888888889 0.85 0.6694444444444444 0.8484375 0.6791666666666667 0.84375 0.6791666666666667 0.83671875 0.6694444444444444 0.8296875 0.6680555555555555 0.8265625 0.6625 0.8265625 0.6513888888888889 0.83125 0.6472222222222223 0.8296875 0.6277777777777778 0.83203125 0.6236111111111111 0.828125 0.6097222222222223 0.83046875 0.5958333333333333 0.8375 0.5930555555555556
2 0.79765625 0.7805555555555556 0.8 0.7833333333333333 0.8015625 0.8027777777777778 0.8 0.8180555555555555 0.8 0.8680555555555556 0.79765625 0.8847222222222222 0.79375 0.8916666666666667 0.78359375 0.875 0.77890625 0.8736111111111111 0.775 0.8680555555555556 0.771875 0.8569444444444444 0.771875 0.8444444444444444 0.7796875 0.8347222222222223 0.778125 0.825 0.78203125 0.8055555555555556 0.78359375 0.7819444444444444 0.796875 0.7805555555555556
2 0.46484375 0.3277777777777778 0.47421875 0.33194444444444443 0.4765625 0.3375 0.47578125 0.3611111111111111 0.46953125 0.3638888888888889 0.46484375 0.35 0.46484375 0.32916666666666666
2 0.646875 0.975 0.6609375 0.9902777777777778 0.66328125 0.9986111111111111 0.6171875 0.9986111111111111 0.6171875 0.9916666666666667 0.62421875 0.9833333333333333 0.64296875 0.9736111111111111 0.64609375 0.975
2 0.73125 0.5638888888888889 0.7359375 0.5708333333333333 0.7359375 0.6013888888888889 0.73828125 0.6222222222222222 0.73515625 0.6305555555555555 0.728125 0.6305555555555555 0.7234375 0.6263888888888889 0.7203125 0.6013888888888889 0.721875 0.5875 0.71953125 0.5680555555555555 0.72265625 0.5625 0.73046875 0.5638888888888889
2 0.8046875 0.6569444444444444 0.8078125 0.6736111111111112 0.8078125 0.7027777777777777 0.80625 0.7291666666666666 0.803125 0.7444444444444445 0.8 0.7444444444444445 0.79609375 0.7361111111111112 0.79296875 0.7138888888888889 0.78515625 0.7041666666666667 0.78515625 0.675 0.7796875 0.6638888888888889 0.78828125 0.6555555555555556 0.80390625 0.6569444444444444
1 0.23046875 0.4125 0.23828125 0.41805555555555557 0.24140625 0.4236111111111111 0.24453125 0.43472222222222223 0.24296875 0.4388888888888889 0.21015625 0.44305555555555554 0.19765625 0.4513888888888889 0.19609375 0.4597222222222222 0.19765625 0.4486111111111111 0.1953125 0.44166666666666665 0.19765625 0.4375 0.19921875 0.425 0.20390625 0.4166666666666667 0.20703125 0.41388888888888886 0.2296875 0.4125
1 0.478125 0.18888888888888888 0.48359375 0.20416666666666666 0.48203125 0.22777777777777777 0.46953125 0.22777777777777777 0.46796875 0.225 0.46796875 0.20277777777777778 0.465625 0.19305555555555556 0.4671875 0.19027777777777777 0.47734375 0.18888888888888888
1 0.43203125 0.23055555555555557 0.43671875 0.2361111111111111 0.4390625 0.24583333333333332 0.4390625 0.25972222222222224 0.4359375 0.2708333333333333 0.4171875 0.2708333333333333 0.41328125 0.26805555555555555 0.4125 0.24305555555555555 0.4140625 0.2361111111111111 0.41875 0.23055555555555557 0.43125 0.23055555555555557
1 0.19921875 0.3138888888888889 0.21953125 0.31666666666666665 0.22421875 0.32083333333333336 0.228125 0.3277777777777778 0.22734375 0.33055555555555555 0.2109375 0.32916666666666666 0.1984375 0.33611111111111114 0.184375 0.3375 0.17109375 0.3375 0.171875 0.3277777777777778 0.17578125 0.31805555555555554 0.1984375 0.3138888888888889
1 0.49375 0.1763888888888889 0.49921875 0.18888888888888888 0.4984375 0.1986111111111111 0.49453125 0.2013888888888889 0.48359375 0.2 0.48203125 0.19305555555555556 0.48359375 0.18055555555555555 0.4875 0.1763888888888889 0.49296875 0.1763888888888889
1 0.5734375 0.5527777777777778 0.58125 0.5555555555555556 0.590625 0.5666666666666667 0.59765625 0.5805555555555556 0.60546875 0.6055555555555555 0.6140625 0.6041666666666666 0.61640625 0.6069444444444444 0.615625 0.6125 0.609375 0.6180555555555556 0.61484375 0.6444444444444445 0.615625 0.6680555555555555 0.57265625 0.6680555555555555 0.55 0.6722222222222223 0.5421875 0.6875 0.53984375 0.7027777777777777 0.5359375 0.7069444444444445 0.5328125 0.7013888888888888 0.53046875 0.6875 0.52265625 0.6819444444444445 0.51796875 0.6666666666666666 0.51875 0.6430555555555556 0.51640625 0.6222222222222222 0.5203125 0.5875 0.5234375 0.5819444444444445 0.525 0.5708333333333333 0.5328125 0.5541666666666667 0.57265625 0.5527777777777778
1 0.421875 0.26944444444444443 0.4359375 0.27361111111111114 0.4390625 0.2916666666666667 0.43984375 0.31527777777777777 0.4140625 0.31666666666666665 0.409375 0.30972222222222223 0.40859375 0.30277777777777776 0.41328125 0.27361111111111114 0.41484375 0.2708333333333333 0.42109375 0.2708333333333333
1 0.35234375 0.2625 0.35625 0.275 0.35625 0.3277777777777778 0.33828125 0.3277777777777778 0.328125 0.29444444444444445 0.321875 0.28888888888888886 0.3203125 0.28055555555555556 0.32109375 0.2722222222222222 0.32421875 0.2652777777777778 0.3359375 0.2611111111111111 0.3515625 0.2625
1 0.3171875 0.20833333333333334 0.3234375 0.2152777777777778 0.3265625 0.22916666666666666 0.3265625 0.24027777777777778 0.32265625 0.24444444444444444 0.30390625 0.24583333333333332 0.3015625 0.24444444444444444 0.3 0.23055555555555557 0.30234375 0.21388888888888888 0.30625 0.20972222222222223 0.31640625 0.20833333333333334
1 0.41484375 0.20694444444444443 0.41796875 0.2125 0.41875 0.2263888888888889 0.409375 0.24444444444444444 0.4 0.24444444444444444 0.39921875 0.21805555555555556 0.40390625 0.20694444444444443 0.4140625 0.20694444444444443
1 0.61015625 0.6722222222222223 0.61640625 0.6736111111111112 0.63359375 0.6861111111111111 0.64375 0.6986111111111111 0.6609375 0.7333333333333333 0.6734375 0.7388888888888889 0.6734375 0.7458333333333333 0.66875 0.7541666666666667 0.66875 0.7583333333333333 0.67578125 0.7722222222222223 0.68359375 0.8 0.68515625 0.8388888888888889 0.68203125 0.8597222222222223 0.678125 0.8708333333333333 0.675 0.8736111111111111 0.65234375 0.8680555555555556 0.64609375 0.8611111111111112 0.63671875 0.8597222222222223 0.6328125 0.8555555555555555 0.625 0.8333333333333334 0.609375 0.8013888888888889 0.59765625 0.7972222222222223 0.5359375 0.7972222222222223 0.5328125 0.7694444444444445 0.53203125 0.7361111111111112 0.546875 0.6833333333333333 0.5546875 0.675 0.56875 0.6708333333333333 0.609375 0.6722222222222223
1 0.0984375 0.25416666666666665 0.115625 0.25833333333333336 0.1203125 0.28888888888888886 0.11640625 0.3194444444444444 0.1125 0.325 0.09375 0.31527777777777777 0.08125 0.31666666666666665 0.07734375 0.3111111111111111 0.07734375 0.2847222222222222 0.0875 0.25972222222222224 0.09765625 0.25416666666666665
1 0.98046875 0.6166666666666667 0.99921875 0.6277777777777778 0.99921875 0.7666666666666667 0.959375 0.7666666666666667 0.94453125 0.7722222222222223 0.93203125 0.7722222222222223 0.92421875 0.7680555555555556 0.91171875 0.7763888888888889 0.9046875 0.7763888888888889 0.9 0.7694444444444445 0.89609375 0.7291666666666666 0.89765625 0.7166666666666667 0.89609375 0.6638888888888889 0.91015625 0.6236111111111111 0.9140625 0.6166666666666667 0.9203125 0.6125 0.9796875 0.6166666666666667
1 0.2203125 0.44305555555555554 0.22265625 0.44583333333333336 0.221875 0.4708333333333333 0.22109375 0.4736111111111111 0.21171875 0.47638888888888886 0.20703125 0.4847222222222222 0.203125 0.4986111111111111 0.2 0.5277777777777778 0.19609375 0.5361111111111111 0.19375 0.5333333333333333 0.1921875 0.525 0.1921875 0.49583333333333335 0.19453125 0.48333333333333334 0.19453125 0.46805555555555556 0.1984375 0.45 0.19921875 0.44722222222222224 0.20703125 0.4444444444444444 0.21953125 0.44305555555555554
1 0.5203125 0.37083333333333335 0.521875 0.37222222222222223 0.52265625 0.3819444444444444 0.51875 0.44722222222222224 0.51875 0.47638888888888886 0.515625 0.4875 0.50859375 0.4847222222222222 0.49765625 0.46944444444444444 0.49609375 0.4513888888888889 0.496875 0.39305555555555555 0.4984375 0.38055555555555554 0.50234375 0.37222222222222223 0.51953125 0.37083333333333335
1 0.24453125 0.30277777777777776 0.253125 0.3236111111111111 0.253125 0.3458333333333333 0.2515625 0.35 0.23125 0.3472222222222222 0.23046875 0.33055555555555555 0.21875 0.31666666666666665 0.21953125 0.30972222222222223 0.22265625 0.3055555555555556 0.24375 0.30277777777777776
1 0.43203125 0.18888888888888888 0.43515625 0.19166666666666668 0.43515625 0.19722222222222222 0.4296875 0.20555555555555555 0.425 0.225 0.4203125 0.2222222222222222 0.41484375 0.19722222222222222 0.41796875 0.19027777777777777 0.43125 0.18888888888888888
1 0.30390625 0.3819444444444444 0.30234375 0.41805555555555557 0.30078125 0.4263888888888889 0.2953125 0.43333333333333335 0.28359375 0.43194444444444446 0.28203125 0.4125 0.28515625 0.3902777777777778 0.290625 0.3819444444444444 0.303125 0.3819444444444444
1 0.23046875 0.32916666666666666 0.23203125 0.3416666666666667 0.240625 0.3472222222222222 0.23046875 0.35 0.209375 0.35 0.19765625 0.3375 0.203125 0.33055555555555555 0.2296875 0.32916666666666666
1 0.5015625 0.49444444444444446 0.5078125 0.5 0.515625 0.5138888888888888 0.5203125 0.5291666666666667 0.528125 0.5444444444444444 0.528125 0.5597222222222222 0.51484375 0.6027777777777777 0.48203125 0.6027777777777777 0.4765625 0.6 0.46875 0.5902777777777778 0.45625 0.5847222222222223 0.45390625 0.5680555555555555 0.44765625 0.5583333333333333 0.44921875 0.5263888888888889 0.453125 0.5097222222222222 0.459375 0.4986111111111111 0.4703125 0.49444444444444446 0.50078125 0.49444444444444446
1 0.390625 0.23333333333333334 0.3921875 0.2388888888888889 0.390625 0.25555555555555554 0.38125 0.24722222222222223 0.36796875 0.24861111111111112 0.36796875 0.24166666666666667 0.37265625 0.22916666666666666 0.38359375 0.22777777777777777 0.38984375 0.23333333333333334
1 0.37109375 0.24583333333333332 0.38671875 0.25 0.39140625 0.25972222222222224 0.39375 0.28194444444444444 0.39375 0.29583333333333334 0.3921875 0.2972222222222222 0.37109375 0.2986111111111111 0.365625 0.2986111111111111 0.3640625 0.29583333333333334 0.3625 0.28194444444444444 0.3625 0.26666666666666666 0.36484375 0.25416666666666665 0.3703125 0.24583333333333332
1 0.33828125 0.19305555555555556 0.3390625 0.22361111111111112 0.33046875 0.22916666666666666 0.32734375 0.22916666666666666 0.31875 0.20833333333333334 0.3203125 0.1986111111111111 0.3265625 0.19166666666666668 0.3375 0.19305555555555556
1 0.4703125 0.5944444444444444 0.4765625 0.6013888888888889 0.490625 0.6305555555555555 0.503125 0.6430555555555556 0.50625 0.65 0.50546875 0.6555555555555556 0.49921875 0.6611111111111111 0.49921875 0.6680555555555555 0.5078125 0.6944444444444444 0.50859375 0.7583333333333333 0.50234375 0.7638888888888888 0.4875 0.7583333333333333 0.4796875 0.7375 0.46015625 0.7055555555555556 0.4546875 0.6 0.45625 0.5916666666666667 0.46640625 0.5916666666666667 0.46953125 0.5944444444444444
1 0.39375 0.3680555555555556 0.40078125 0.37222222222222223 0.409375 0.39166666666666666 0.41484375 0.3958333333333333 0.4125 0.4041666666666667 0.415625 0.4236111111111111 0.415625 0.45 0.4140625 0.45416666666666666 0.40234375 0.4486111111111111 0.37265625 0.4513888888888889 0.3625 0.44305555555555554 0.3578125 0.43333333333333335 0.35625 0.4222222222222222 0.35703125 0.4041666666666667 0.36484375 0.3736111111111111 0.37265625 0.3680555555555556 0.39296875 0.3680555555555556
1 0.59609375 0.8 0.60859375 0.8041666666666667 0.6203125 0.8263888888888888 0.63203125 0.8597222222222223 0.63671875 0.8666666666666667 0.64375 0.8666666666666667 0.64375 0.8722222222222222 0.6390625 0.8763888888888889 0.64140625 0.8944444444444445 0.63203125 0.8944444444444445 0.62578125 0.8986111111111111 0.621875 0.9055555555555556 0.6203125 0.9222222222222223 0.609375 0.9291666666666667 0.60390625 0.9625 0.603125 0.9861111111111112 0.6015625 0.9902777777777778 0.5953125 0.9861111111111112 0.59140625 0.9777777777777777 0.58671875 0.9763888888888889 0.54296875 0.9805555555555555 0.5328125 0.9763888888888889 0.534375 0.9722222222222222 0.53359375 0.9680555555555556 0.52578125 0.9638888888888889 0.51328125 0.9472222222222222 0.509375 0.925 0.5078125 0.9 0.51015625 0.8375 0.528125 0.8097222222222222 0.5359375 0.8027777777777778 0.5484375 0.8 0.5953125 0.8
1 0.44140625 0.2 0.44609375 0.20555555555555555 0.44609375 0.225 0.4421875 0.23194444444444445 0.43515625 0.23194444444444445 0.42734375 0.22361111111111112 0.42734375 0.21388888888888888 0.4296875 0.20555555555555555 0.43203125 0.2013888888888889 0.440625 0.2
1 0.19453125 0.5527777777777778 0.1953125 0.5333333333333333 0.20078125 0.525 0.20703125 0.4847222222222222 0.21171875 0.4777777777777778 0.22109375 0.475 0.225 0.5125 0.2234375 0.5305555555555556 0.225 0.5527777777777778 0.2234375 0.5666666666666667 0.225 0.6166666666666667 0.22265625 0.6305555555555555 0.21796875 0.6402777777777777 0.20234375 0.6416666666666667 0.2 0.6388888888888888 0.19609375 0.6138888888888889 0.1953125 0.5541666666666667
1 0.325 0.2916666666666667 0.328125 0.29444444444444445 0.334375 0.31666666666666665 0.334375 0.3263888888888889 0.32265625 0.33055555555555555 0.30625 0.3277777777777778 0.30234375 0.33194444444444443 0.30234375 0.3402777777777778 0.3 0.34444444444444444 0.296875 0.3375 0.296875 0.32222222222222224 0.29765625 0.30972222222222223 0.3015625 0.29583333333333334 0.30625 0.2916666666666667 0.32421875 0.2916666666666667
1 0.42578125 0.17083333333333334 0.428125 0.175 0.428125 0.18194444444444444 0.42578125 0.18611111111111112 0.41640625 0.19027777777777777 0.41328125 0.19583333333333333 0.409375 0.19444444444444445 0.409375 0.18472222222222223 0.41875 0.17222222222222222 0.425 0.17083333333333334
0 0.996875 0.7722222222222223 0.99921875 0.7736111111111111 0.99921875 0.9402777777777778 0.996875 0.9416666666666667 0.99921875 0.9444444444444444 0.99921875 0.975 0.99453125 0.9777777777777777 0.978125 0.9777777777777777 0.975 0.9805555555555555 0.98359375 0.9847222222222223 0.99921875 0.9833333333333333 0.99921875 0.9986111111111111 0.95390625 0.9986111111111111 0.9421875 0.9958333333333333 0.940625 0.9930555555555556 0.95 0.9902777777777778 0.9546875 0.9861111111111112 0.95546875 0.9819444444444444 0.93203125 0.9791666666666666 0.92265625 0.9666666666666667 0.91875 0.9652777777777778 0.90703125 0.9666666666666667 0.903125 0.9791666666666666 0.8953125 0.9902777777777778 0.9 0.9930555555555556 0.8984375 0.9944444444444445 0.88359375 0.9958333333333333 0.878125 0.9708333333333333 0.8796875 0.95 0.87734375 0.9402777777777778 0.87578125 0.8986111111111111 0.88125 0.8138888888888889 0.8875 0.7930555555555555 0.90078125 0.7847222222222222 0.9265625 0.7777777777777778 0.9578125 0.7722222222222223 0.99609375 0.7722222222222223
0 0.5875 0.35555555555555557 0.61015625 0.35555555555555557 0.63671875 0.37222222222222223 0.64609375 0.375 0.66953125 0.3958333333333333 0.67421875 0.4041666666666667 0.6765625 0.4125 0.6796875 0.4486111111111111 0.68125 0.5222222222222223 0.68359375 0.5402777777777777 0.68046875 0.5777777777777777 0.68046875 0.6055555555555555 0.67890625 0.6111111111111112 0.675 0.6138888888888889 0.625 0.6111111111111112 0.61328125 0.6013888888888889 0.60625 0.6013888888888889 0.59609375 0.575 0.584375 0.5569444444444445 0.5765625 0.5513888888888889 0.53359375 0.55 0.5296875 0.5333333333333333 0.521875 0.5263888888888889 0.51953125 0.5152777777777777 0.51875 0.47638888888888886 0.52265625 0.37083333333333335 0.52578125 0.35833333333333334 0.5328125 0.35555555555555557 0.56015625 0.3625 0.5671875 0.35833333333333334 0.58671875 0.35555555555555557