3 0.065625 0.1763888888888889 0.07890625 0.18472222222222223 0.084375 0.20277777777777778 0.084375 0.21944444444444444 0.0875 0.2263888888888889 0.08828125 0.24861111111111112 0.0796875 0.25833333333333336 0.06640625 0.2569444444444444 0.0625 0.25277777777777777 0.05859375 0.24027777777777778 0.06015625 0.21666666666666667 0.05859375 0.18055555555555555 0.0609375 0.1763888888888889 0.06484375 0.1763888888888889
3 0.8703125 0.5430555555555555 0.88359375 0.5444444444444444 0.896875 0.55 0.90390625 0.5555555555555556 0.9078125 0.5625 0.915625 0.6222222222222222 0.91484375 0.6375 0.87265625 0.6375 0.86171875 0.6416666666666667 0.859375 0.6458333333333334 0.859375 0.6541666666666667 0.85546875 0.6680555555555555 0.8484375 0.675 0.84375 0.6875 0.84375 0.7069444444444445 0.84140625 0.7152777777777778 0.83125 0.7236111111111111 0.82109375 0.7222222222222222 0.81640625 0.7111111111111111 0.81484375 0.7 0.8109375 0.6930555555555555 0.79375 0.6972222222222222 0.7890625 0.6916666666666667 0.78828125 0.6708333333333333 0.78359375 0.6430555555555556 0.77578125 0.6361111111111111 0.775 0.6305555555555555 0.775 0.5791666666666667 0.78828125 0.5777777777777777 0.796875 0.5805555555555556 0.81484375 0.575 0.81875 0.5694444444444444 0.8234375 0.5486111111111112 0.82890625 0.5416666666666666 0.86953125 0.5430555555555555
3 0.30625 0.20277777777777778 0.31015625 0.2152777777777778 0.30859375 0.2222222222222222 0.309375 0.2513888888888889 0.303125 0.2569444444444444 0.2875 0.25555555555555554 0.284375 0.24583333333333332 0.284375 0.22361111111111112 0.2859375 0.2125 0.28828125 0.20833333333333334 0.296875 0.20277777777777778 0.30546875 0.20277777777777778
3 0.284375 0.5513888888888889 0.29140625 0.5611111111111111 0.29765625 0.5805555555555556 0.30546875 0.6111111111111112 0.30859375 0.6416666666666667 0.31328125 0.65 0.3140625 0.6569444444444444 0.309375 0.6666666666666666 0.3078125 0.6777777777777778 0.3046875 0.6819444444444445 0.275 0.6861111111111111 0.2671875 0.6888888888888889 0.2625 0.6958333333333333 0.259375 0.7125 0.25859375 0.7375 0.2546875 0.7722222222222223 0.2484375 0.7819444444444444 0.2421875 0.7861111111111111 0.23515625 0.7986111111111112 0.2296875 0.7986111111111112 0.22734375 0.7944444444444444 0.221875 0.75 0.21953125 0.7444444444444445 0.2171875 0.6958333333333333 0.2171875 0.6291666666666667 0.2140625 0.5805555555555556 0.21640625 0.5652777777777778 0.21875 0.5597222222222222 0.22578125 0.5569444444444445 0.28359375 0.5513888888888889
3 0.63671875 0.6236111111111111 0.6625 0.6611111111111111 0.66484375 0.6875 0.6734375 0.7236111111111111 0.67890625 0.7333333333333333 0.6828125 0.7333333333333333 0.684375 0.7402777777777778 0.67578125 0.7416666666666667 0.66484375 0.7375 0.653125 0.7375 0.634375 0.7305555555555555 0.6125 0.7305555555555555 0.6046875 0.7347222222222223 0.596875 0.7472222222222222 0.58828125 0.7805555555555556 0.584375 0.7888888888888889 0.57890625 0.8277777777777777 0.5703125 0.8319444444444445 0.5671875 0.8319444444444445 0.56015625 0.8194444444444444 0.5484375 0.7638888888888888 0.55078125 0.6305555555555555 0.5890625 0.6236111111111111 0.6359375 0.6236111111111111
3 0.35625 0.2847222222222222 0.3671875 0.2875 0.37109375 0.29444444444444445 0.37421875 0.34305555555555556 0.37265625 0.3458333333333333 0.371875 0.3375 0.36640625 0.3347222222222222 0.359375 0.3541666666666667 0.34375 0.35555555555555557 0.33828125 0.35555555555555557 0.33515625 0.34444444444444444 0.33828125 0.30277777777777776 0.34296875 0.2861111111111111 0.35546875 0.2847222222222222
2 0.36953125 0.25972222222222224 0.37578125 0.2652777777777778 0.375 0.2875 0.37265625 0.2916666666666667 0.36953125 0.2916666666666667 0.36796875 0.2861111111111111 0.3671875 0.26666666666666666 0.36875 0.2611111111111111
2 0.4921875 0.6166666666666667 0.4953125 0.6222222222222222 0.496875 0.6513888888888889 0.4921875 0.6902777777777778 0.4890625 0.6944444444444444 0.48359375 0.6875 0.47734375 0.6708333333333333 0.47421875 0.65 0.47734375 0.6458333333333334 0.478125 0.6305555555555555 0.48125 0.6194444444444445 0.48671875 0.6152777777777778 0.49140625 0.6166666666666667
2 0.08125 0.6013888888888889 0.0859375 0.6055555555555555 0.084375 0.6152777777777778 0.08515625 0.6388888888888888 0.0828125 0.6541666666666667 0.0796875 0.6583333333333333 0.059375 0.6569444444444444 0.0546875 0.6319444444444444 0.05546875 0.6166666666666667 0.05234375 0.6083333333333333 0.053125 0.6027777777777777 0.0578125 0.6027777777777777 0.0609375 0.6222222222222222 0.06796875 0.6263888888888889 0.0734375 0.625 0.07890625 0.6166666666666667 0.07734375 0.6111111111111112 0.08046875 0.6027777777777777
2 0.295703125 0.28055555555555556 0.00859375 0.025
2 0.3625 0.36944444444444446 0.37265625 0.3680555555555556 0.37421875 0.37222222222222223 0.37265625 0.3972222222222222 0.37109375 0.4027777777777778 0.36640625 0.4041666666666667 0.36171875 0.39305555555555555 0.3625 0.37083333333333335
2 0.1578125 0.4166666666666667 0.171875 0.4166666666666667 0.1734375 0.42777777777777776 0.1703125 0.4625 0.1625 0.4652777777777778 0.15703125 0.44583333333333336 0.1578125 0.41805555555555557
2 0.3421875 0.23055555555555557 0.0078125 0.022222222222222223
2 0.190625 0.3388888888888889 0.1921875 0.3458333333333333 0.19140625 0.3680555555555556 0.1890625 0.375 0.1859375 0.3763888888888889 0.18125 0.3736111111111111 0.1796875 0.35555555555555557 0.18203125 0.3416666666666667 0.18984375 0.3388888888888889
2 0.15390625 0.3597222222222222 0.15546875 0.3680555555555556 0.15234375 0.38333333333333336 0.14453125 0.39166666666666666 0.13828125 0.3861111111111111 0.13984375 0.3680555555555556 0.14375 0.3611111111111111 0.153125 0.3597222222222222
2 0.4609375 0.4263888888888889 0.46484375 0.43194444444444446 0.46484375 0.45694444444444443 0.46328125 0.4666666666666667 0.4609375 0.46805555555555556 0.45546875 0.4652777777777778 0.4515625 0.4513888888888889 0.453125 0.4305555555555556 0.45625 0.4263888888888889 0.46015625 0.4263888888888889
2 0.33125 0.23055555555555557 0.33203125 0.24583333333333332 0.33046875 0.25 0.32734375 0.25 0.32578125 0.24444444444444444 0.3265625 0.23055555555555557 0.33046875 0.23055555555555557
2 0.0796875 0.6291666666666667 0.08203125 0.6319444444444444 0.08359375 0.6430555555555556 0.08203125 0.6555555555555556 0.0796875 0.6583333333333333 0.0609375 0.6583333333333333 0.059375 0.6541666666666667 0.059375 0.6361111111111111 0.06171875 0.6319444444444444 0.07890625 0.6291666666666667
2 0.46640625 0.3875 0.4703125 0.40555555555555556 0.4703125 0.4222222222222222 0.46796875 0.43194444444444446 0.46328125 0.42916666666666664 0.46015625 0.4041666666666667 0.4609375 0.39166666666666666 0.465625 0.3875
1 0.42421875 0.5277777777777778 0.42890625 0.5333333333333333 0.4421875 0.5666666666666667 0.45625 0.5805555555555556 0.45546875 0.5888888888888889 0.44765625 0.5944444444444444 0.45625 0.6319444444444444 0.45703125 0.6513888888888889 0.45859375 0.6541666666666667 0.4546875 0.6583333333333333 0.44921875 0.6541666666666667 0.44140625 0.6277777777777778 0.43359375 0.6138888888888889 0.42578125 0.6069444444444444 0.41796875 0.6097222222222223 0.4046875 0.6069444444444444 0.378125 0.6097222222222223 0.37109375 0.6138888888888889 0.3640625 0.6333333333333333 0.36171875 0.6347222222222222 0.36015625 0.6319444444444444 0.36171875 0.5875 0.3671875 0.575 0.36953125 0.5513888888888889 0.3765625 0.5333333333333333 0.4078125 0.5263888888888889 0.4234375 0.5277777777777778
1 0.396875 0.6055555555555555 0.428125 0.6069444444444444 0.4375 0.6138888888888889 0.4453125 0.6402777777777777 0.45234375 0.6555555555555556 0.46328125 0.6541666666666667 0.46484375 0.6583333333333333 0.46328125 0.6652777777777777 0.45546875 0.6680555555555555 0.4578125 0.6833333333333333 0.46484375 0.7027777777777777 0.46484375 0.7083333333333334 0.4625 0.7111111111111111 0.4390625 0.7111111111111111 0.425 0.7166666666666667 0.41953125 0.7277777777777777 0.41484375 0.7569444444444444 0.4109375 0.7680555555555556 0.3890625 0.7722222222222223 0.38046875 0.7666666666666667 0.37578125 0.7555555555555555 0.37109375 0.7319444444444444 0.35546875 0.6958333333333333 0.35390625 0.6791666666666667 0.36015625 0.6444444444444445 0.36875 0.6152777777777778 0.37421875 0.6111111111111112 0.39609375 0.6069444444444444
1 0.0984375 0.2611111111111111 0.1140625 0.26805555555555555 0.11875 0.2777777777777778 0.1203125 0.2875 0.11953125 0.30694444444444446 0.115625 0.32083333333333336 0.1125 0.325 0.09453125 0.31527777777777777 0.08046875 0.31666666666666665 0.078125 0.3125 0.07734375 0.2847222222222222 0.08046875 0.275 0.090625 0.2611111111111111 0.09765625 0.2611111111111111
1 0.43125 0.275 0.43515625 0.2777777777777778 0.43984375 0.2902777777777778 0.44140625 0.31666666666666665 0.43828125 0.325 0.4140625 0.325 0.409375 0.31805555555555554 0.409375 0.3013888888888889 0.4140625 0.2791666666666667 0.4171875 0.275 0.43046875 0.275
1 0.878125 0.9111111111111111 0.890625 0.9166666666666666 0.90546875 0.9333333333333333 0.915625 0.95 0.91796875 0.9652777777777778 0.91171875 0.9680555555555556 0.90390625 0.9638888888888889 0.884375 0.9694444444444444 0.8765625 0.9861111111111112 0.87890625 0.9902777777777778 0.87734375 0.9944444444444445 0.86875 0.9944444444444445 0.871875 0.9875 0.86953125 0.9847222222222223 0.86640625 0.9861111111111112 0.8640625 0.9944444444444445 0.8515625 0.9930555555555556 0.84765625 0.9888888888888889 0.83671875 0.9916666666666667 0.82109375 0.9888888888888889 0.8140625 0.9944444444444445 0.79765625 0.9916666666666667 0.76484375 0.9944444444444445 0.76015625 0.9916666666666667 0.7609375 0.9875 0.75859375 0.9833333333333333 0.7609375 0.9805555555555555 0.759375 0.9736111111111111 0.76484375 0.95 0.77109375 0.9388888888888889 0.7921875 0.9166666666666666 0.8125 0.9097222222222222 0.83984375 0.9069444444444444 0.859375 0.9069444444444444 0.87734375 0.9111111111111111
1 0.20546875 0.6520833333333333 0.025 0.1375
1 0.459375 0.23055555555555557 0.47421875 0.2388888888888889 0.478125 0.24861111111111112 0.4765625 0.2847222222222222 0.475 0.2875 0.4640625 0.28194444444444444 0.4515625 0.2861111111111111 0.44921875 0.2833333333333333 0.44765625 0.25555555555555554 0.4515625 0.24166666666666667 0.459375 0.23194444444444445
1 0.33359375 0.25277777777777777 0.3390625 0.26944444444444443 0.33984375 0.2847222222222222 0.33828125 0.29444444444444445 0.33515625 0.3 0.31953125 0.3013888888888889 0.31015625 0.3013888888888889 0.30859375 0.2986111111111111 0.30703125 0.275 0.309375 0.2611111111111111 0.31328125 0.25277777777777777 0.3328125 0.25277777777777777
1 0.9 0.6402777777777777 0.92109375 0.6416666666666667 0.94296875 0.6527777777777778 0.9515625 0.6611111111111111 0.97109375 0.6958333333333333 0.98359375 0.7027777777777777 0.98515625 0.7097222222222223 0.98125 0.7166666666666667 0.996875 0.75 0.996875 0.7944444444444444 0.9953125 0.8111111111111111 0.9921875 0.8166666666666667 0.984375 0.8111111111111111 0.98046875 0.8152777777777778 0.90703125 0.8125 0.90390625 0.8180555555555555 0.89453125 0.8236111111111111 0.8859375 0.8208333333333333 0.8828125 0.8111111111111111 0.88046875 0.7861111111111111 0.86953125 0.775 0.8625 0.7763888888888889 0.85625 0.7861111111111111 0.8453125 0.7847222222222222 0.8421875 0.7791666666666667 0.84140625 0.7708333333333334 0.84140625 0.7416666666666667 0.8421875 0.7305555555555555 0.846875 0.7180555555555556 0.84375 0.7013888888888888 0.84453125 0.6847222222222222 0.85625 0.6638888888888889 0.859375 0.6444444444444445 0.87109375 0.6388888888888888 0.89921875 0.6402777777777777
1 0.46796875 0.7111111111111111 0.48515625 0.7138888888888889 0.4921875 0.7236111111111111 0.5015625 0.7541666666666667 0.50546875 0.7791666666666667 0.49921875 0.7847222222222222 0.4796875 0.7861111111111111 0.47265625 0.7930555555555555 0.465625 0.8097222222222222 0.46484375 0.8194444444444444 0.453125 0.8513888888888889 0.45234375 0.8875 0.44921875 0.8930555555555556 0.4296875 0.8972222222222223 0.425 0.8958333333333334 0.4203125 0.8791666666666667 0.41953125 0.8680555555555556 0.41328125 0.8583333333333333 0.4109375 0.8361111111111111 0.409375 0.7861111111111111 0.41328125 0.775 0.42109375 0.725 0.43046875 0.7152777777777778 0.4671875 0.7111111111111111
1 0.528125 0.7861111111111111 0.54296875 0.7916666666666666 0.55078125 0.8 0.5625 0.8305555555555556 0.565625 0.8444444444444444 0.55546875 0.85 0.55078125 0.8569444444444444 0.5421875 0.8888888888888888 0.54140625 0.9 0.53671875 0.9138888888888889 0.53671875 0.9263888888888889 0.534375 0.9375 0.53515625 0.9458333333333333 0.53359375 0.9527777777777777 0.534375 0.9638888888888889 0.5375 0.9694444444444444 0.53671875 0.9763888888888889 0.53359375 0.9805555555555555 0.51171875 0.9861111111111112 0.47421875 0.9888888888888889 0.4671875 0.9625 0.45625 0.9430555555555555 0.45390625 0.8708333333333333 0.45625 0.8597222222222223 0.45625 0.8458333333333333 0.46015625 0.8277777777777777 0.46484375 0.8208333333333333 0.471875 0.7958333333333333 0.4765625 0.7916666666666666 0.48359375 0.7875 0.50703125 0.7847222222222222 0.52734375 0.7861111111111111
1 0.09375 0.6583333333333333 0.09921875 0.6611111111111111 0.10390625 0.6680555555555555 0.11640625 0.7055555555555556 0.121875 0.7055555555555556 0.125 0.7111111111111111 0.1234375 0.7166666666666667 0.11640625 0.7222222222222222 0.1203125 0.7708333333333334 0.1203125 0.7944444444444444 0.11796875 0.8069444444444445 0.115625 0.8111111111111111 0.10703125 0.8069444444444445 0.08984375 0.8069444444444445 0.03515625 0.8125 0.02578125 0.8125 0.02265625 0.8027777777777778 0.02578125 0.7291666666666666 0.01875 0.7236111111111111 0.0171875 0.7152777777777778 0.0203125 0.7111111111111111 0.02734375 0.7097222222222223 0.03046875 0.7041666666666667 0.0390625 0.6722222222222223 0.046875 0.6625 0.05390625 0.6597222222222222 0.09296875 0.6583333333333333
1 0.38359375 0.19444444444444445 0.38671875 0.1986111111111111 0.3875 0.20416666666666666 0.384375 0.21805555555555556 0.3796875 0.22777777777777777 0.37265625 0.22777777777777777 0.3703125 0.2222222222222222 0.36953125 0.20972222222222223 0.37265625 0.19722222222222222 0.3828125 0.19444444444444445
1 0.42578125 0.21666666666666667 0.43046875 0.2222222222222222 0.43125 0.22916666666666666 0.43125 0.24861111111111112 0.4296875 0.25277777777777777 0.4109375 0.25277777777777777 0.40859375 0.25 0.41015625 0.2222222222222222 0.41953125 0.21388888888888888 0.425 0.21666666666666667
1 0.3765625 0.48194444444444445 0.38125 0.49166666666666664 0.384375 0.5069444444444444 0.3890625 0.5138888888888888 0.396875 0.5138888888888888 0.39765625 0.5222222222222223 0.39453125 0.5263888888888889 0.37890625 0.5291666666666667 0.37421875 0.5347222222222222 0.35859375 0.5972222222222222 0.33984375 0.6013888888888889 0.33125 0.6152777777777778 0.32421875 0.6194444444444445 0.32109375 0.6125 0.31796875 0.5902777777777778 0.3171875 0.5583333333333333 0.3203125 0.5361111111111111 0.315625 0.5291666666666667 0.31484375 0.5222222222222223 0.32109375 0.5152777777777777 0.3234375 0.49722222222222223 0.32734375 0.4847222222222222 0.33203125 0.47638888888888886 0.3484375 0.4736111111111111 0.371875 0.475 0.37578125 0.48194444444444445
1 0.72890625 0.4930555555555556 0.746875 0.4986111111111111 0.76484375 0.5194444444444445 0.77109375 0.5319444444444444 0.77890625 0.5361111111111111 0.78046875 0.5388888888888889 0.77890625 0.5472222222222223 0.7828125 0.5583333333333333 0.78359375 0.5694444444444444 0.78203125 0.5736111111111111 0.775 0.5763888888888888 0.7734375 0.5805555555555556 0.7734375 0.6222222222222222 0.76796875 0.6333333333333333 0.76015625 0.6347222222222222 0.74765625 0.625 0.73046875 0.625 0.71640625 0.6375 0.709375 0.6347222222222222 0.70078125 0.6166666666666667 0.684375 0.6166666666666667 0.68125 0.6125 0.678125 0.5902777777777778 0.678125 0.5444444444444444 0.68046875 0.5236111111111111 0.68671875 0.5138888888888888 0.6921875 0.49444444444444446 0.70546875 0.49027777777777776 0.728125 0.4930555555555556
1 0.4515625 0.20555555555555555 0.459375 0.21388888888888888 0.46015625 0.2222222222222222 0.44921875 0.24583333333333332 0.4421875 0.24444444444444444 0.4390625 0.22083333333333333 0.44375 0.20833333333333334 0.45078125 0.20555555555555555
1 0.396875 0.2125 0.40546875 0.22361111111111112 0.4078125 0.23055555555555557 0.40234375 0.24166666666666667 0.3921875 0.24305555555555555 0.3828125 0.24166666666666667 0.38125 0.2263888888888889 0.38671875 0.2111111111111111 0.39609375 0.2125
1 0.99765625 0.9611111111111111 0.99921875 0.9625 0.99921875 0.9791666666666666 0.99609375 0.9833333333333333 0.99609375 0.9902777777777778 0.98515625 0.9986111111111111 0.9484375 0.9986111111111111 0.94609375 0.9916666666666667 0.9484375 0.9847222222222223 0.94765625 0.9819444444444444 0.934375 0.9833333333333333 0.921875 0.9805555555555555 0.9203125 0.9791666666666666 0.91875 0.9666666666666667 0.92109375 0.9625 0.94453125 0.9583333333333334 0.99375 0.9583333333333334 0.996875 0.9611111111111111
1 0.415625 0.2 0.41875 0.20416666666666666 0.4203125 0.21388888888888888 0.4140625 0.21805555555555556 0.4078125 0.22777777777777777 0.39921875 0.2152777777777778 0.3984375 0.20833333333333334 0.40234375 0.2 0.41484375 0.2
1 0.628125 0.7305555555555555 0.65 0.7375 0.67578125 0.7402777777777778 0.6828125 0.7444444444444445 0.70390625 0.7763888888888889 0.715625 0.8111111111111111 0.7203125 0.8194444444444444 0.72421875 0.8208333333333333 0.73046875 0.8152777777777778 0.73828125 0.8194444444444444 0.7375 0.8305555555555556 0.72890625 0.8402777777777778 0.72890625 0.8472222222222222 0.74296875 0.8805555555555555 0.75 0.9097222222222222 0.75078125 0.9597222222222223 0.74921875 0.9625 0.7484375 0.9888888888888889 0.74453125 0.9944444444444445 0.73515625 0.9930555555555556 0.73203125 0.9902777777777778 0.73125 0.9847222222222223 0.72734375 0.9847222222222223 0.73125 0.9805555555555555 0.73359375 0.9694444444444444 0.7390625 0.9666666666666667 0.7375 0.9638888888888889 0.7109375 0.9597222222222223 0.690625 0.9625 0.68671875 0.9597222222222223 0.68125 0.9444444444444444 0.67734375 0.925 0.66328125 0.8875 0.6546875 0.8722222222222222 0.64375 0.8625 0.63359375 0.8472222222222222 0.62109375 0.8416666666666667 0.584375 0.8416666666666667 0.58125 0.8375 0.584375 0.7902777777777777 0.59296875 0.7680555555555556 0.5984375 0.7458333333333333 0.6046875 0.7361111111111112 0.6109375 0.7319444444444444 0.62734375 0.7305555555555555
1 0.415625 0.3888888888888889 0.41953125 0.39166666666666666 0.43203125 0.41805555555555557 0.43671875 0.42083333333333334 0.4375 0.425 0.43359375 0.43194444444444446 0.4375 0.46944444444444444 0.43515625 0.4930555555555556 0.4296875 0.4930555555555556 0.421875 0.4875 0.4015625 0.4875 0.3859375 0.4930555555555556 0.37421875 0.4722222222222222 0.37265625 0.4638888888888889 0.37265625 0.43333333333333335 0.37578125 0.4111111111111111 0.38046875 0.39444444444444443 0.3921875 0.3888888888888889 0.41484375 0.3888888888888889
1 0.3359375 0.1763888888888889 0.34140625 0.18194444444444444 0.340625 0.19305555555555556 0.33046875 0.2 0.31640625 0.1986111111111111 0.3125 0.1875 0.32265625 0.17777777777777778 0.33515625 0.1763888888888889
1 0.6265625 0.8444444444444444 0.63359375 0.8486111111111111 0.64296875 0.8638888888888889 0.65390625 0.8736111111111111 0.6625 0.8875 0.6640625 0.8972222222222223 0.67734375 0.9305555555555556 0.684375 0.9625 0.684375 0.9708333333333333 0.6875 0.975 0.6921875 0.9916666666666667 0.690625 0.9986111111111111 0.6203125 0.9944444444444445 0.62109375 0.9902777777777778 0.61640625 0.9902777777777778 0.61640625 0.9847222222222223 0.64296875 0.9763888888888889 0.64140625 0.9736111111111111 0.6265625 0.9694444444444444 0.61953125 0.9736111111111111 0.60078125 0.975 0.5984375 0.9805555555555555 0.5890625 0.9805555555555555 0.5875 0.9833333333333333 0.5921875 0.9861111111111112 0.59296875 0.9916666666666667 0.59140625 0.9958333333333333 0.58515625 0.9986111111111111 0.5640625 0.9986111111111111 0.55859375 0.9958333333333333 0.54375 0.9986111111111111 0.5390625 0.9944444444444445 0.54765625 0.9875 0.54453125 0.9791666666666666 0.52265625 0.9763888888888889 0.52578125 0.9680555555555556 0.53046875 0.9666666666666667 0.53359375 0.9597222222222223 0.5375 0.9388888888888889 0.5375 0.9111111111111111 0.5421875 0.9013888888888889 0.54296875 0.8888888888888888 0.546875 0.8805555555555555 0.54921875 0.8638888888888889 0.553125 0.8541666666666666 0.559375 0.85 0.578125 0.8458333333333333 0.62578125 0.8444444444444444
1 0.47265625 0.31527777777777777 0.48515625 0.32222222222222224 0.49140625 0.3333333333333333 0.49609375 0.3486111111111111 0.4953125 0.35833333333333334 0.48359375 0.3625 0.48125 0.36666666666666664 0.48046875 0.3819444444444444 0.47734375 0.3958333333333333 0.4703125 0.39444444444444443 0.46640625 0.38333333333333336 0.46484375 0.3680555555555556 0.46171875 0.3625 0.459375 0.3611111111111111 0.453125 0.375 0.45 0.36944444444444446 0.44921875 0.3486111111111111 0.45546875 0.31805555555555554 0.4578125 0.3138888888888889 0.471875 0.31527777777777777
1 0.36484375 0.8444444444444444 0.37578125 0.8583333333333333 0.378125 0.8722222222222222 0.3875 0.8888888888888888 0.4015625 0.9347222222222222 0.40390625 0.9569444444444445 0.40703125 0.9666666666666667 0.41015625 0.9722222222222222 0.4171875 0.9625 0.42734375 0.9625 0.43046875 0.9666666666666667 0.43046875 0.9805555555555555 0.42109375 0.9875 0.4171875 0.9986111111111111 0.3796875 0.9986111111111111 0.378125 0.9958333333333333 0.36953125 0.9986111111111111 0.3375 0.9986111111111111 0.33203125 0.9944444444444445 0.31484375 0.9958333333333333 0.3125 0.9986111111111111 0.26875 0.9986111111111111 0.2671875 0.9958333333333333 0.27109375 0.9694444444444444 0.2703125 0.9486111111111111 0.271875 0.9291666666666667 0.2765625 0.9180555555555555 0.27578125 0.9055555555555556 0.2796875 0.8958333333333334 0.28515625 0.8666666666666667 0.29296875 0.8638888888888889 0.303125 0.8513888888888889 0.30703125 0.85 0.353125 0.8486111111111111 0.3640625 0.8444444444444444
1 0.9921875 0.8888888888888888 0.015625 0.14166666666666666
1 0.66328125 0.4222222222222222 0.68828125 0.4375 0.70078125 0.4625 0.70078125 0.4708333333333333 0.7046875 0.4861111111111111 0.703125 0.49027777777777776 0.69296875 0.4930555555555556 0.68984375 0.5 0.6890625 0.5083333333333333 0.678125 0.5291666666666667 0.65859375 0.5291666666666667 0.65546875 0.5263888888888889 0.65390625 0.5194444444444445 0.653125 0.475 0.65 0.4638888888888889 0.64921875 0.42777777777777776 0.65078125 0.4236111111111111 0.6625 0.4222222222222222
0 0.2859375 0.2569444444444444 0.29140625 0.2638888888888889 0.29296875 0.29444444444444445 0.29140625 0.30277777777777776 0.29296875 0.30833333333333335 0.29140625 0.3277777777777778 0.29453125 0.34444444444444444 0.29375 0.3625 0.2953125 0.36527777777777776 0.29609375 0.38472222222222224 0.2921875 0.41805555555555557 0.28984375 0.42777777777777776 0.28671875 0.4305555555555556 0.2734375 0.425 0.24453125 0.425 0.23515625 0.40555555555555556 0.221875 0.4 0.21953125 0.3888888888888889 0.21796875 0.3472222222222222 0.2125 0.3347222222222222 0.2125 0.32222222222222224 0.21875 0.30416666666666664 0.21953125 0.2902777777777778 0.22265625 0.2791666666666667 0.23359375 0.2611111111111111 0.24375 0.2569444444444444 0.28515625 0.2569444444444444
0 0.51171875 0.3541666666666667 0.5359375 0.3541666666666667 0.5421875 0.35833333333333334 0.57109375 0.3611111111111111 0.609375 0.37222222222222223 0.6140625 0.375 0.62109375 0.39166666666666666 0.64296875 0.40555555555555556 0.64765625 0.4166666666666667 0.6484375 0.45416666666666666 0.6515625 0.4736111111111111 0.65390625 0.5333333333333333 0.653125 0.6027777777777777 0.64765625 0.6083333333333333 0.6296875 0.6111111111111112 0.62265625 0.5819444444444445 0.61328125 0.5583333333333333 0.5984375 0.5375 0.5859375 0.5277777777777778 0.546875 0.525 0.5265625 0.5291666666666667 0.5203125 0.5388888888888889 0.51484375 0.5638888888888889 0.50703125 0.5736111111111111 0.5015625 0.5736111111111111 0.49296875 0.5513888888888889 0.48671875 0.55 0.4796875 0.5263888888888889 0.47890625 0.4861111111111111 0.47578125 0.4583333333333333 0.47109375 0.44583333333333336 0.47109375 0.44027777777777777 0.48046875 0.43194444444444446 0.4796875 0.40694444444444444 0.48203125 0.36944444444444446 0.4890625 0.3625 0.5109375 0.35555555555555557
0 0.40390625 0.15833333333333333 0.40625 0.1638888888888889 0.40625 0.17777777777777778 0.4046875 0.18888888888888888 0.4015625 0.19444444444444445 0.38203125 0.19166666666666668 0.3796875 0.18333333333333332 0.3796875 0.16805555555555557 0.38515625 0.15555555555555556 0.3984375 0.15555555555555556 0.403125 0.15833333333333333