0 0.50703125 0.4666666666666667 0.515625 0.46944444444444444 0.521875 0.47638888888888886 0.53046875 0.49444444444444446 0.53203125 0.5041666666666667 0.5296875 0.5069444444444444 0.5015625 0.5083333333333333 0.49375 0.5138888888888888 0.4890625 0.5236111111111111 0.4859375 0.5444444444444444 0.48046875 0.5597222222222222 0.4765625 0.5597222222222222 0.4703125 0.5513888888888889 0.4671875 0.5416666666666666 0.465625 0.525 0.46953125 0.4888888888888889 0.475 0.475 0.48359375 0.4666666666666667 0.50625 0.4666666666666667
0 0.3125 0.26805555555555555 0.3171875 0.26944444444444443 0.32265625 0.2763888888888889 0.31328125 0.2847222222222222 0.30390625 0.30277777777777776 0.3 0.3333333333333333 0.296875 0.3333333333333333 0.2921875 0.32222222222222224 0.290625 0.30277777777777776 0.29296875 0.2916666666666667 0.29296875 0.2791666666666667 0.2984375 0.2708333333333333 0.31171875 0.26805555555555555
0 0.54140625 0.31666666666666665 0.5453125 0.3263888888888889 0.54453125 0.33055555555555555 0.52578125 0.33611111111111114 0.51953125 0.3527777777777778 0.51328125 0.3527777777777778 0.50234375 0.34444444444444444 0.50859375 0.33611111111111114 0.51015625 0.32083333333333336 0.5140625 0.3125 0.5328125 0.3111111111111111 0.540625 0.31666666666666665
0 0.3625 0.6263888888888889 0.371875 0.6402777777777777 0.3859375 0.6902777777777778 0.39453125 0.6902777777777778 0.3984375 0.6944444444444444 0.39765625 0.7027777777777777 0.39140625 0.7083333333333334 0.3953125 0.7263888888888889 0.39140625 0.7291666666666666 0.3546875 0.7305555555555555 0.33828125 0.7388888888888889 0.3328125 0.7486111111111111 0.32109375 0.7861111111111111 0.3140625 0.7972222222222223 0.31171875 0.8083333333333333 0.3078125 0.8125 0.303125 0.7888888888888889 0.29296875 0.7819444444444444 0.29140625 0.775 0.28828125 0.7361111111111112 0.2890625 0.6777777777777778 0.2921875 0.6736111111111112 0.3 0.6402777777777777 0.3078125 0.6277777777777778 0.3328125 0.6236111111111111 0.35859375 0.6236111111111111 0.36171875 0.6263888888888889
0 0.5375 0.3972222222222222 0.55703125 0.4041666666666667 0.5640625 0.41805555555555557 0.571875 0.45555555555555555 0.57109375 0.4736111111111111 0.5671875 0.475 0.5640625 0.46805555555555556 0.56015625 0.4666666666666667 0.5578125 0.4708333333333333 0.55703125 0.4791666666666667 0.5515625 0.4888888888888889 0.55 0.4986111111111111 0.54609375 0.5041666666666667 0.53828125 0.49583333333333335 0.5328125 0.49583333333333335 0.51875 0.46944444444444444 0.50546875 0.4625 0.50390625 0.4527777777777778 0.5046875 0.41805555555555557 0.5078125 0.40555555555555556 0.51171875 0.39861111111111114 0.51953125 0.3958333333333333 0.53671875 0.3972222222222222
0 0.56015625 0.33055555555555555 0.565625 0.3333333333333333 0.56875 0.3388888888888889 0.57265625 0.35833333333333334 0.55703125 0.3972222222222222 0.52578125 0.39305555555555555 0.52421875 0.3902777777777778 0.52109375 0.35138888888888886 0.52265625 0.3402777777777778 0.53203125 0.3333333333333333 0.559375 0.33055555555555555
0 0.44921875 0.2611111111111111 0.44140625 0.25416666666666665 0.440625 0.2361111111111111 0.44296875 0.22916666666666666 0.44921875 0.22361111111111112 0.45625 0.22361111111111112 0.45546875 0.24027777777777778 0.4515625 0.24722222222222223 0.45 0.25972222222222224
0 0.58515625 0.3680555555555556 0.58828125 0.37222222222222223 0.58828125 0.42777777777777776 0.5859375 0.43333333333333335 0.56953125 0.4305555555555556 0.559375 0.4041666666666667 0.559375 0.39444444444444443 0.56796875 0.37222222222222223 0.57109375 0.3680555555555556 0.584375 0.3680555555555556
0 0.303125 0.18611111111111112 0.30859375 0.19305555555555556 0.309375 0.20555555555555555 0.29921875 0.2125 0.28984375 0.2125 0.2859375 0.20416666666666666 0.2859375 0.19583333333333333 0.290625 0.1875 0.30234375 0.18611111111111112
0 0.93203125 0.7555555555555555 0.96328125 0.775 0.9734375 0.7833333333333333 0.98203125 0.7958333333333333 0.9921875 0.8 0.99921875 0.8069444444444445 0.99921875 0.8694444444444445 0.99453125 0.8722222222222222 0.99921875 0.8791666666666667 0.99921875 0.9027777777777778 0.996875 0.9055555555555556 0.9953125 0.9138888888888889 0.99453125 0.9333333333333333 0.99609375 0.9430555555555555 0.99453125 0.9597222222222223 0.99921875 0.9666666666666667 0.99921875 0.9916666666666667 0.99140625 0.9958333333333333 0.92578125 0.9944444444444445 0.925 0.9888888888888889 0.92265625 0.9916666666666667 0.9203125 0.9902777777777778 0.9171875 0.9847222222222223 0.9171875 0.9791666666666666 0.9078125 0.9638888888888889 0.8984375 0.9583333333333334 0.88984375 0.9597222222222223 0.8875 0.9694444444444444 0.88359375 0.975 0.86953125 0.975 0.86796875 0.9777777777777777 0.86953125 0.9791666666666666 0.85234375 0.9763888888888889 0.8484375 0.9694444444444444 0.84765625 0.9402777777777778 0.84375 0.9166666666666666 0.84453125 0.8444444444444444 0.85078125 0.8 0.85859375 0.7694444444444445 0.865625 0.7583333333333333 0.8765625 0.7541666666666667 0.93125 0.7555555555555555
0 0.62265625 0.3541666666666667 0.64140625 0.35833333333333334 0.65390625 0.37222222222222223 0.6578125 0.38472222222222224 0.66015625 0.4083333333333333 0.640625 0.4041666666666667 0.621875 0.40555555555555556 0.6140625 0.41388888888888886 0.61328125 0.43194444444444446 0.6109375 0.4361111111111111 0.59140625 0.4361111111111111 0.5890625 0.43194444444444446 0.58984375 0.3597222222222222 0.5953125 0.3541666666666667 0.621875 0.3541666666666667
0 0.8109375 0.5277777777777778 0.84140625 0.5291666666666667 0.85390625 0.5319444444444444 0.8625 0.5375 0.88828125 0.5888888888888889 0.8890625 0.5958333333333333 0.89609375 0.6097222222222223 0.90078125 0.6444444444444445 0.89921875 0.6597222222222222 0.88046875 0.6902777777777778 0.87265625 0.6972222222222222 0.86953125 0.6958333333333333 0.86796875 0.6847222222222222 0.86171875 0.675 0.85859375 0.6638888888888889 0.8359375 0.6263888888888889 0.81640625 0.6125 0.8 0.6055555555555555 0.7796875 0.6041666666666666 0.77734375 0.6013888888888889 0.778125 0.5722222222222222 0.78125 0.5541666666666667 0.79140625 0.5444444444444444 0.8 0.5305555555555556 0.81015625 0.5277777777777778
0 0.3609375 0.4152777777777778 0.0453125 0.09166666666666666
0 0.33984375 0.21805555555555556 0.3421875 0.2263888888888889 0.3421875 0.24861111111111112 0.3390625 0.25833333333333336 0.33125 0.25833333333333336 0.32578125 0.25277777777777777 0.31484375 0.25 0.31328125 0.24583333333333332 0.3140625 0.22777777777777777 0.3171875 0.21944444444444444 0.3203125 0.21666666666666667 0.3390625 0.21805555555555556
0 0.39375 0.8166666666666667 0.40390625 0.8347222222222223 0.4203125 0.8736111111111111 0.42109375 0.8902777777777777 0.42890625 0.9166666666666666 0.43203125 0.9041666666666667 0.44296875 0.9013888888888889 0.44609375 0.9055555555555556 0.446875 0.9152777777777777 0.44453125 0.9236111111111112 0.43125 0.9277777777777778 0.43125 0.9333333333333333 0.4421875 0.9694444444444444 0.44296875 0.9916666666666667 0.440625 0.9958333333333333 0.4328125 0.9958333333333333 0.43046875 0.9986111111111111 0.40078125 0.9930555555555556 0.3796875 0.9958333333333333 0.33828125 0.9944444444444445 0.3171875 0.9958333333333333 0.31484375 0.9986111111111111 0.29296875 0.9986111111111111 0.29140625 0.9958333333333333 0.2921875 0.9333333333333333 0.29609375 0.9069444444444444 0.29609375 0.8930555555555556 0.2984375 0.8861111111111111 0.296875 0.8791666666666667 0.3015625 0.8736111111111111 0.30390625 0.8597222222222223 0.303125 0.8513888888888889 0.31328125 0.8166666666666667 0.32421875 0.8097222222222222 0.3625 0.8097222222222222 0.3796875 0.8055555555555556 0.3875 0.8069444444444445 0.39296875 0.8166666666666667
0 0.1046875 0.30277777777777776 0.125 0.30416666666666664 0.13828125 0.30972222222222223 0.14375 0.3138888888888889 0.14921875 0.3277777777777778 0.15703125 0.3375 0.15703125 0.35833333333333334 0.1515625 0.375 0.13828125 0.37083333333333335 0.12890625 0.37777777777777777 0.121875 0.37777777777777777 0.11484375 0.36944444444444446 0.10859375 0.36666666666666664 0.0921875 0.3680555555555556 0.08515625 0.375 0.08046875 0.375 0.0765625 0.37083333333333335 0.0703125 0.35 0.0703125 0.3277777777777778 0.0734375 0.3111111111111111 0.078125 0.30277777777777776 0.10390625 0.30277777777777776
0 0.32265625 0.28194444444444444 0.32734375 0.2902777777777778 0.340625 0.28888888888888886 0.34609375 0.2972222222222222 0.34765625 0.3458333333333333 0.346875 0.36527777777777776 0.34140625 0.3819444444444444 0.340625 0.3958333333333333 0.33515625 0.4 0.328125 0.39861111111111114 0.32265625 0.4013888888888889 0.31484375 0.3972222222222222 0.3109375 0.3861111111111111 0.30390625 0.375 0.30078125 0.3333333333333333 0.303125 0.30277777777777776 0.3171875 0.28055555555555556 0.321875 0.28194444444444444
0 0.19921875 0.4013888888888889 0.21328125 0.4041666666666667 0.2203125 0.4111111111111111 0.22734375 0.42777777777777776 0.22890625 0.44305555555555554 0.18984375 0.44722222222222224 0.184375 0.45555555555555555 0.1796875 0.48055555555555557 0.17265625 0.4888888888888889 0.16875 0.4875 0.16796875 0.45555555555555555 0.175 0.41944444444444445 0.18046875 0.40694444444444444 0.1984375 0.4013888888888889
0 0.41171875 0.37916666666666665 0.421875 0.3902777777777778 0.42265625 0.3958333333333333 0.4328125 0.4111111111111111 0.43671875 0.425 0.44140625 0.49166666666666664 0.44140625 0.525 0.43828125 0.5277777777777778 0.42890625 0.5194444444444445 0.4109375 0.5166666666666667 0.37890625 0.5236111111111111 0.3734375 0.5333333333333333 0.37265625 0.55 0.36875 0.5458333333333333 0.3625 0.5263888888888889 0.36015625 0.4305555555555556 0.36171875 0.3958333333333333 0.36796875 0.3861111111111111 0.3828125 0.37777777777777777 0.4109375 0.37916666666666665
0 0.6828125 0.5 0.70625 0.5111111111111111 0.7203125 0.5277777777777778 0.728125 0.5583333333333333 0.728125 0.575 0.7234375 0.575 0.7 0.5527777777777778 0.646875 0.5222222222222223 0.64453125 0.5180555555555556 0.646875 0.5083333333333333 0.65 0.5041666666666667 0.6609375 0.5 0.68203125 0.5
0 0.19453125 0.20416666666666666 0.2 0.20972222222222223 0.2125 0.2152777777777778 0.215625 0.2222222222222222 0.215625 0.22916666666666666 0.20625 0.2388888888888889 0.1921875 0.24027777777777778 0.18515625 0.23472222222222222 0.175 0.23194444444444445 0.171875 0.21944444444444444 0.17265625 0.20694444444444443 0.175 0.20416666666666666 0.18515625 0.2013888888888889 0.19375 0.20416666666666666
0 0.78125 0.6083333333333333 0.80078125 0.6083333333333333 0.82421875 0.6180555555555556 0.834375 0.6263888888888889 0.85625 0.6652777777777777 0.85703125 0.6708333333333333 0.86640625 0.6861111111111111 0.86875 0.6958333333333333 0.86875 0.7125 0.865625 0.7166666666666667 0.86328125 0.7111111111111111 0.859375 0.7097222222222223 0.8453125 0.6833333333333333 0.8109375 0.6541666666666667 0.80390625 0.6513888888888889 0.79609375 0.6319444444444444 0.7859375 0.6194444444444445 0.78125 0.6097222222222223
0 0.4 0.31666666666666665 0.40625 0.31666666666666665 0.40859375 0.32083333333333336 0.415625 0.32222222222222224 0.4140625 0.375 0.396875 0.37222222222222223 0.396875 0.3541666666666667 0.40859375 0.3236111111111111 0.40625 0.31666666666666665 0.40078125 0.31666666666666665
0 0.5921875 0.5125 0.59453125 0.5152777777777777 0.634375 0.5180555555555556 0.64609375 0.525 0.6515625 0.5319444444444444 0.67109375 0.5388888888888889 0.70703125 0.5597222222222222 0.715625 0.5680555555555555 0.721875 0.5791666666666667 0.734375 0.5875 0.74453125 0.5902777777777778 0.7734375 0.6097222222222223 0.79296875 0.6319444444444444 0.80390625 0.6597222222222222 0.80859375 0.6597222222222222 0.81640625 0.6680555555555555 0.82734375 0.6722222222222223 0.83828125 0.6916666666666667 0.83828125 0.7041666666666667 0.84375 0.7375 0.84140625 0.7541666666666667 0.83515625 0.7569444444444444 0.8328125 0.7541666666666667 0.82890625 0.7305555555555555 0.825 0.7208333333333333 0.8265625 0.7069444444444445 0.825 0.6958333333333333 0.81484375 0.6819444444444445 0.80703125 0.6805555555555556 0.80546875 0.6847222222222222 0.81171875 0.7152777777777778 0.81171875 0.7486111111111111 0.81796875 0.8152777777777778 0.81796875 0.8555555555555555 0.821875 0.8833333333333333 0.821875 0.9388888888888889 0.815625 0.9486111111111111 0.82109375 0.9527777777777777 0.82265625 0.9597222222222223 0.82109375 0.9791666666666666 0.81796875 0.9819444444444444 0.80703125 0.9819444444444444 0.80546875 0.9875 0.79921875 0.9888888888888889 0.74296875 0.9888888888888889 0.7140625 0.9958333333333333 0.67734375 0.9930555555555556 0.665625 0.9986111111111111 0.65 0.9986111111111111 0.6375 0.9875 0.6296875 0.9888888888888889 0.62265625 0.9777777777777777 0.62265625 0.9708333333333333 0.61328125 0.9652777777777778 0.60859375 0.9513888888888888 0.559375 0.8958333333333334 0.54921875 0.8861111111111111 0.54609375 0.8861111111111111 0.540625 0.8930555555555556 0.53671875 0.8930555555555556 0.53203125 0.8847222222222222 0.52578125 0.85 0.52265625 0.8444444444444444 0.51484375 0.8416666666666667 0.51171875 0.8375 0.50078125 0.8208333333333333 0.496875 0.8097222222222222 0.49375 0.7444444444444445 0.49375 0.6708333333333333 0.4921875 0.6458333333333334 0.49453125 0.6166666666666667 0.49375 0.5972222222222222 0.49609375 0.5430555555555555 0.49765625 0.5361111111111111 0.50390625 0.5236111111111111 0.5109375 0.5166666666666667 0.52578125 0.5208333333333334 0.5375 0.5194444444444445 0.54921875 0.5111111111111111 0.5578125 0.5097222222222222 0.59140625 0.5125
0 0.4078125 0.31666666666666665 0.4140625 0.32222222222222224 0.4140625 0.33055555555555555 0.4125 0.3236111111111111 0.4078125 0.3277777777777778 0.40078125 0.3486111111111111 0.396875 0.3486111111111111 0.3953125 0.34444444444444444 0.38515625 0.3375 0.3859375 0.3263888888888889 0.39296875 0.31527777777777777 0.40703125 0.31666666666666665
0 0.2859375 0.2513888888888889 0.2921875 0.25555555555555554 0.29453125 0.2638888888888889 0.290625 0.28194444444444444 0.28984375 0.2986111111111111 0.28671875 0.30277777777777776 0.26484375 0.30277777777777776 0.26328125 0.29583333333333334 0.26328125 0.2777777777777778 0.26796875 0.25833333333333336 0.27265625 0.25277777777777777 0.28515625 0.2513888888888889
0 0.93671875 0.6680555555555555 0.95703125 0.6722222222222223 0.9734375 0.6805555555555556 0.9875 0.7055555555555556 0.99296875 0.7263888888888889 0.98828125 0.7291666666666666 0.95234375 0.7291666666666666 0.946875 0.7361111111111112 0.94375 0.7486111111111111 0.93984375 0.7541666666666667 0.925 0.7513888888888889 0.8734375 0.7513888888888889 0.86953125 0.7388888888888889 0.871875 0.7041666666666667 0.88984375 0.6777777777777778 0.90078125 0.6694444444444444 0.9359375 0.6680555555555555
0 0.46328125 0.42083333333333334 0.47578125 0.42916666666666664 0.4828125 0.44305555555555554 0.48828125 0.4638888888888889 0.4765625 0.4722222222222222 0.4703125 0.48194444444444445 0.46484375 0.5152777777777777 0.453125 0.5152777777777777 0.44609375 0.5236111111111111 0.44296875 0.5166666666666667 0.4390625 0.4263888888888889 0.44765625 0.4222222222222222 0.4625 0.42083333333333334
0 0.45234375 0.5861111111111111 0.46796875 0.5958333333333333 0.478125 0.6194444444444445 0.4890625 0.6333333333333333 0.48828125 0.6541666666666667 0.49140625 0.6763888888888889 0.49140625 0.7041666666666667 0.4890625 0.7097222222222223 0.484375 0.7125 0.4328125 0.7138888888888889 0.425 0.7166666666666667 0.41875 0.7236111111111111 0.4140625 0.7236111111111111 0.41015625 0.7027777777777777 0.40390625 0.6930555555555555 0.40078125 0.6958333333333333 0.4 0.6902777777777778 0.39453125 0.6819444444444445 0.39296875 0.6472222222222223 0.3953125 0.6277777777777778 0.4078125 0.5930555555555556 0.4515625 0.5861111111111111
0 0.22734375 0.44305555555555554 0.23359375 0.4597222222222222 0.2375 0.48055555555555557 0.240625 0.4861111111111111 0.24765625 0.4875 0.24765625 0.49166666666666664 0.2421875 0.5013888888888889 0.246875 0.5180555555555556 0.24609375 0.55 0.24140625 0.5541666666666667 0.2265625 0.5527777777777778 0.21328125 0.5569444444444445 0.196875 0.5708333333333333 0.190625 0.5722222222222222 0.18359375 0.5819444444444445 0.17890625 0.5805555555555556 0.17734375 0.5736111111111111 0.17578125 0.5236111111111111 0.17421875 0.5083333333333333 0.17109375 0.5 0.17109375 0.49166666666666664 0.17890625 0.4861111111111111 0.18515625 0.4527777777777778 0.1875 0.4486111111111111 0.2265625 0.44305555555555554
0 0.37265625 0.25 0.37734375 0.2652777777777778 0.3765625 0.26944444444444443 0.3734375 0.2708333333333333 0.36015625 0.26944444444444443 0.35078125 0.2625 0.3546875 0.24861111111111112 0.371875 0.25
0 0.45234375 0.29305555555555557 0.45859375 0.2972222222222222 0.4609375 0.30694444444444446 0.4578125 0.3111111111111111 0.44921875 0.3125 0.44609375 0.31805555555555554 0.43125 0.31666666666666665 0.4296875 0.3138888888888889 0.43046875 0.30416666666666664 0.4359375 0.29444444444444445 0.4515625 0.29305555555555557
0 0.3875 0.3416666666666667 0.39375 0.3458333333333333 0.396875 0.35694444444444445 0.396875 0.36527777777777776 0.39140625 0.3736111111111111 0.3828125 0.3736111111111111 0.37734375 0.3680555555555556 0.34921875 0.3680555555555556 0.35078125 0.35138888888888886 0.35546875 0.3402777777777778 0.37265625 0.33611111111111114 0.38671875 0.3416666666666667
0 0.2546875 0.19027777777777777 0.259375 0.19166666666666668 0.2640625 0.20277777777777778 0.2671875 0.24166666666666667 0.265625 0.2638888888888889 0.26015625 0.28194444444444444 0.25703125 0.2861111111111111 0.24375 0.2861111111111111 0.24140625 0.28055555555555556 0.2390625 0.2625 0.23515625 0.2569444444444444 0.2265625 0.25416666666666665 0.22578125 0.24166666666666667 0.2265625 0.20416666666666666 0.23671875 0.19166666666666668 0.25390625 0.19027777777777777
0 0.8359375 0.6763888888888889 0.8484375 0.6888888888888889 0.85234375 0.7013888888888888 0.859375 0.7111111111111111 0.8671875 0.7361111111111112 0.86875 0.7513888888888889 0.85703125 0.7694444444444445 0.85078125 0.7944444444444444 0.84296875 0.8430555555555556 0.84140625 0.8888888888888888 0.8390625 0.8916666666666667 0.82421875 0.8930555555555556 0.8203125 0.8680555555555556 0.81953125 0.8138888888888889 0.8171875 0.8041666666666667 0.8125 0.7166666666666667 0.81015625 0.7097222222222223 0.8078125 0.6861111111111111 0.81328125 0.6833333333333333 0.82265625 0.6930555555555555 0.82578125 0.7083333333333334 0.82421875 0.7236111111111111 0.82734375 0.7375 0.8328125 0.7541666666666667 0.8390625 0.7569444444444444 0.84375 0.7513888888888889 0.84453125 0.7361111111111112 0.8390625 0.6930555555555555 0.83359375 0.6777777777777778 0.83515625 0.6763888888888889
0 0.38984375 0.2986111111111111 0.3921875 0.31666666666666665 0.38828125 0.32222222222222224 0.38359375 0.3375 0.3671875 0.3347222222222222 0.365625 0.3236111111111111 0.36328125 0.3333333333333333 0.35859375 0.3333333333333333 0.35859375 0.32083333333333336 0.36171875 0.3138888888888889 0.3625 0.3055555555555556 0.365625 0.3013888888888889 0.375 0.2972222222222222 0.3890625 0.2986111111111111
0 0.6890625 0.44166666666666665 0.69453125 0.4444444444444444 0.7078125 0.44166666666666665 0.72109375 0.4444444444444444 0.7359375 0.4583333333333333 0.74140625 0.46805555555555556 0.746875 0.4861111111111111 0.7359375 0.4930555555555556 0.7234375 0.5277777777777778 0.71171875 0.5138888888888888 0.70078125 0.5055555555555555 0.68515625 0.49722222222222223 0.6734375 0.4986111111111111 0.66875 0.49583333333333335 0.66875 0.48055555555555557 0.6765625 0.46111111111111114 0.678125 0.44722222222222224 0.68828125 0.44166666666666665
0 0.1703125 0.37916666666666665 0.1734375 0.38333333333333336 0.1734375 0.3972222222222222 0.17578125 0.40694444444444444 0.17265625 0.43333333333333335 0.17109375 0.4388888888888889 0.15625 0.44305555555555554 0.15078125 0.44166666666666665 0.15 0.4388888888888889 0.14921875 0.4166666666666667 0.1578125 0.38333333333333336 0.16953125 0.37916666666666665
0 0.4671875 0.2222222222222222 0.48203125 0.22777777777777777 0.48203125 0.24444444444444444 0.47734375 0.24861111111111112 0.46875 0.24027777777777778 0.45546875 0.24027777777777778 0.4546875 0.2361111111111111 0.4578125 0.22361111111111112 0.46640625 0.2222222222222222
0 0.22734375 0.2569444444444444 0.2375 0.2611111111111111 0.240625 0.2763888888888889 0.240625 0.2861111111111111 0.2375 0.2916666666666667 0.23046875 0.29444444444444445 0.2265625 0.3013888888888889 0.22421875 0.3111111111111111 0.2234375 0.3277777777777778 0.2203125 0.33611111111111114 0.20703125 0.3347222222222222 0.20546875 0.30416666666666664 0.21171875 0.2847222222222222 0.21171875 0.27361111111111114 0.21640625 0.2611111111111111 0.2265625 0.2569444444444444
0 0.4703125 0.24166666666666667 0.47421875 0.24861111111111112 0.46796875 0.25 0.46484375 0.25416666666666665 0.459375 0.2833333333333333 0.453125 0.2833333333333333 0.44453125 0.2569444444444444 0.44765625 0.25555555555555554 0.45234375 0.24305555555555555 0.45703125 0.24027777777777778 0.46953125 0.24166666666666667
0 0.3140625 0.4083333333333333 0.31796875 0.4125 0.325 0.43472222222222223 0.33046875 0.43472222222222223 0.3328125 0.4388888888888889 0.328125 0.4486111111111111 0.33046875 0.4625 0.33203125 0.5111111111111111 0.33125 0.5152777777777777 0.32734375 0.5180555555555556 0.3203125 0.5069444444444444 0.31484375 0.5041666666666667 0.2921875 0.5041666666666667 0.27421875 0.5180555555555556 0.26796875 0.5013888888888889 0.26796875 0.4875 0.265625 0.4736111111111111 0.2671875 0.4527777777777778 0.26484375 0.44166666666666665 0.27421875 0.4152777777777778 0.28125 0.4097222222222222 0.29453125 0.40694444444444444 0.31328125 0.4083333333333333
0 0.4640625 0.3111111111111111 0.47109375 0.3138888888888889 0.47734375 0.3277777777777778 0.4796875 0.3388888888888889 0.47734375 0.3486111111111111 0.4703125 0.35138888888888886 0.46640625 0.35 0.4625 0.3347222222222222 0.4578125 0.3277777777777778 0.44375 0.31666666666666665 0.4484375 0.3111111111111111 0.46328125 0.3111111111111111
0 0.57421875 0.4361111111111111 0.61328125 0.44027777777777777 0.62265625 0.4444444444444444 0.63515625 0.4652777777777778 0.64140625 0.4861111111111111 0.634375 0.4875 0.63046875 0.4847222222222222 0.5984375 0.48194444444444445 0.59140625 0.49027777777777776 0.5875 0.5027777777777778 0.5828125 0.5055555555555555 0.57578125 0.5041666666666667 0.57265625 0.5 0.56953125 0.48333333333333334 0.57265625 0.475 0.57109375 0.44583333333333336 0.57421875 0.4375
0 0.4140625 0.26944444444444443 0.41953125 0.275 0.41953125 0.30833333333333335 0.415625 0.31527777777777777 0.396875 0.3125 0.39296875 0.30694444444444446 0.3921875 0.2986111111111111 0.39296875 0.2847222222222222 0.396875 0.27361111111111114 0.40390625 0.26805555555555555 0.41328125 0.26944444444444443
0 0.36328125 0.7319444444444444 0.40390625 0.7319444444444444 0.41171875 0.7416666666666667 0.425 0.7736111111111111 0.43203125 0.7972222222222223 0.44140625 0.7930555555555555 0.44453125 0.7958333333333333 0.44453125 0.8027777777777778 0.4390625 0.8083333333333333 0.43671875 0.8166666666666667 0.4421875 0.8305555555555556 0.446875 0.8513888888888889 0.44765625 0.8972222222222223 0.44609375 0.9027777777777778 0.434375 0.9013888888888889 0.4296875 0.9069444444444444 0.425 0.9 0.4203125 0.8722222222222222 0.4140625 0.8569444444444444 0.4 0.8291666666666667 0.3984375 0.8222222222222222 0.38359375 0.8027777777777778 0.37734375 0.8069444444444445 0.31640625 0.8083333333333333 0.31640625 0.8013888888888889 0.31953125 0.7916666666666666 0.3390625 0.7402777777777778 0.34453125 0.7361111111111112 0.3625 0.7319444444444444
0 0.0984375 0.25416666666666665 0.103125 0.2638888888888889 0.10390625 0.28055555555555556 0.1015625 0.29583333333333334 0.09921875 0.2986111111111111 0.0796875 0.3013888888888889 0.07421875 0.30972222222222223 0.07421875 0.3138888888888889 0.071875 0.30833333333333335 0.06484375 0.30694444444444446 0.06328125 0.3 0.0625 0.28194444444444444 0.0671875 0.2708333333333333 0.06875 0.2611111111111111 0.07734375 0.25277777777777777 0.09765625 0.25416666666666665
0 0.50625 0.23194444444444445 0.509375 0.23472222222222222 0.5109375 0.24305555555555555 0.5109375 0.25833333333333336 0.5078125 0.275 0.50078125 0.27361111111111114 0.49921875 0.2708333333333333 0.49921875 0.2611111111111111 0.49609375 0.25555555555555554 0.484375 0.24861111111111112 0.4875 0.23333333333333334 0.50546875 0.23194444444444445
0 0.2375 0.29305555555555557 0.253125 0.29583333333333334 0.259375 0.30277777777777776 0.2625 0.3111111111111111 0.26171875 0.3486111111111111 0.2484375 0.3597222222222222 0.23515625 0.35833333333333334 0.23203125 0.3611111111111111 0.2234375 0.3597222222222222 0.221875 0.31666666666666665 0.225 0.30277777777777776 0.2296875 0.29305555555555557 0.23671875 0.29305555555555557
0 0.02890625 0.8972222222222223 0.040625 0.9027777777777778 0.03828125 0.9083333333333333 0.03828125 0.9263888888888889 0.0421875 0.9416666666666667 0.04140625 0.9472222222222222 0.0484375 0.9597222222222223 0.04296875 0.9763888888888889 0.0421875 0.9944444444444445 0.03984375 0.9986111111111111 0.01484375 0.9986111111111111 0.0140625 0.9833333333333333 0.00703125 0.9694444444444444 0.0078125 0.9527777777777777 0.00546875 0.9347222222222222 0.00859375 0.9013888888888889 0.0203125 0.8958333333333334 0.028125 0.8972222222222223
0 0.04296875 0.17777777777777778 0.05 0.17777777777777778 0.0625 0.18472222222222223 0.06796875 0.2013888888888889 0.0703125 0.2263888888888889 0.06875 0.23333333333333334 0.06953125 0.25 0.06484375 0.2569444444444444 0.0515625 0.25833333333333336 0.04453125 0.25555555555555554 0.0421875 0.25 0.04375 0.2222222222222222 0.04375 0.20833333333333334 0.0421875 0.20416666666666666 0.04296875 0.17916666666666667
0 0.975 0.7291666666666666 0.99375 0.7291666666666666 0.99921875 0.7333333333333333 0.99921875 0.7986111111111112 0.9828125 0.7930555555555555 0.9734375 0.7805555555555556 0.940625 0.7583333333333333 0.94765625 0.7361111111111112 0.95234375 0.7305555555555555 0.96015625 0.7277777777777777 0.97421875 0.7291666666666666
0 0.4953125 0.35 0.50546875 0.35138888888888886 0.515625 0.35833333333333334 0.52265625 0.3875 0.52265625 0.39305555555555555 0.509375 0.4 0.503125 0.41805555555555557 0.50234375 0.44583333333333336 0.49765625 0.45555555555555555 0.4875 0.4513888888888889 0.47578125 0.42777777777777776 0.46953125 0.4236111111111111 0.4671875 0.4166666666666667 0.46640625 0.4013888888888889 0.4671875 0.3541666666666667 0.4765625 0.35 0.49453125 0.35
0 0.43359375 0.3763888888888889 0.44453125 0.37916666666666665 0.453125 0.3861111111111111 0.46171875 0.41388888888888886 0.46171875 0.42083333333333334 0.459375 0.4222222222222222 0.4453125 0.4222222222222222 0.440625 0.425 0.4375 0.425 0.43515625 0.42083333333333334 0.434375 0.4152777777777778 0.415625 0.37916666666666665 0.4328125 0.3763888888888889
0 0.371875 0.21666666666666667 0.3765625 0.23055555555555557 0.36875 0.24861111111111112 0.3546875 0.24861111111111112 0.3515625 0.24444444444444444 0.3515625 0.2361111111111111 0.3546875 0.2222222222222222 0.35859375 0.21666666666666667 0.37109375 0.21666666666666667
0 0.9828125 0.41388888888888886 0.9890625 0.40694444444444444 0.99921875 0.40555555555555556 0.99921875 0.475 0.98046875 0.4722222222222222 0.97421875 0.4625 0.97265625 0.4388888888888889 0.975 0.42916666666666664 0.9828125 0.4152777777777778
0 0.23828125 0.3819444444444444 0.24453125 0.3888888888888889 0.25078125 0.42083333333333334 0.25234375 0.4486111111111111 0.24921875 0.45694444444444443 0.234375 0.45555555555555555 0.22265625 0.4152777777777778 0.215625 0.40555555555555556 0.20625 0.4013888888888889 0.20859375 0.3902777777777778 0.2125 0.38472222222222224 0.2375 0.3819444444444444
0 0.42734375 0.31666666666666665 0.44453125 0.3194444444444444 0.45859375 0.33055555555555555 0.46328125 0.3375 0.46640625 0.35694444444444445 0.465625 0.39305555555555555 0.46328125 0.4083333333333333 0.459375 0.4027777777777778 0.4546875 0.3875 0.446875 0.37916666666666665 0.415625 0.3736111111111111 0.4140625 0.3527777777777778 0.4171875 0.3236111111111111 0.42109375 0.31805555555555554 0.4265625 0.31666666666666665
0 0.2984375 0.2263888888888889 0.30390625 0.2375 0.3046875 0.24583333333333332 0.303125 0.25 0.3 0.24861111111111112 0.29375 0.2569444444444444 0.28515625 0.2513888888888889 0.278125 0.2513888888888889 0.27578125 0.24305555555555555 0.278125 0.23472222222222222 0.284375 0.225 0.29296875 0.22361111111111112 0.29765625 0.2263888888888889
0 0.434375 0.525 0.44609375 0.5527777777777778 0.44609375 0.5625 0.45 0.575 0.44921875 0.5833333333333334 0.40625 0.5930555555555556 0.390625 0.6388888888888888 0.38671875 0.6388888888888888 0.3796875 0.6194444444444445 0.37578125 0.6222222222222222 0.37265625 0.6180555555555556 0.3703125 0.5791666666666667 0.371875 0.5652777777777778 0.375 0.5569444444444445 0.37578125 0.5305555555555556 0.38203125 0.525 0.4015625 0.5194444444444445 0.428125 0.5208333333333334 0.43359375 0.525
0 0.503125 0.29583333333333334 0.52109375 0.29444444444444445 0.5296875 0.30277777777777776 0.53125 0.30972222222222223 0.53046875 0.3125 0.51484375 0.3138888888888889 0.5125 0.31805555555555554 0.51171875 0.3402777777777778 0.51484375 0.35 0.51875 0.3458333333333333 0.5171875 0.35138888888888886 0.4984375 0.3458333333333333 0.49296875 0.33611111111111114 0.49375 0.32083333333333336 0.503125 0.2972222222222222
0 0.49140625 0.25277777777777777 0.49921875 0.2611111111111111 0.5 0.2722222222222222 0.50546875 0.2791666666666667 0.5046875 0.2847222222222222 0.4796875 0.28055555555555556 0.4703125 0.2875 0.4671875 0.2875 0.4609375 0.2791666666666667 0.4625 0.2625 0.4671875 0.25277777777777777 0.490625 0.25277777777777777
0 0.6 0.48194444444444445 0.61640625 0.48194444444444445 0.64296875 0.4875 0.64921875 0.49722222222222223 0.64296875 0.5180555555555556 0.6265625 0.5125 0.60234375 0.5125 0.59140625 0.5083333333333333 0.5875 0.5041666666666667 0.58828125 0.49722222222222223 0.59375 0.4847222222222222 0.59921875 0.48194444444444445
0 0.43125 0.2625 0.44453125 0.2638888888888889 0.44921875 0.2722222222222222 0.4515625 0.2861111111111111 0.4484375 0.2916666666666667 0.43828125 0.29444444444444445 0.434375 0.2986111111111111 0.43046875 0.3111111111111111 0.4234375 0.3111111111111111 0.42109375 0.30833333333333335 0.421875 0.2708333333333333 0.4234375 0.26666666666666666 0.43046875 0.2625
0 0.2546875 0.5555555555555556 0.26484375 0.5819444444444445 0.27734375 0.5944444444444444 0.27109375 0.6027777777777777 0.27578125 0.6361111111111111 0.27421875 0.675 0.271875 0.6777777777777778 0.26328125 0.6722222222222223 0.2328125 0.6763888888888889 0.22265625 0.675 0.21640625 0.6763888888888889 0.20546875 0.6847222222222222 0.20234375 0.6847222222222222 0.19921875 0.6791666666666667 0.196875 0.6333333333333333 0.19921875 0.6111111111111112 0.19375 0.6055555555555555 0.1921875 0.5986111111111111 0.19765625 0.5958333333333333 0.20078125 0.5902777777777778 0.20625 0.5680555555555555 0.21328125 0.5583333333333333 0.24296875 0.5541666666666667 0.25390625 0.5555555555555556
0 0.64609375 0.40555555555555556 0.66484375 0.41388888888888886 0.67109375 0.4263888888888889 0.6765625 0.44722222222222224 0.67578125 0.46111111111111114 0.66953125 0.475 0.66796875 0.4875 0.65859375 0.49027777777777776 0.65546875 0.49027777777777776 0.65078125 0.48333333333333334 0.653125 0.4666666666666667 0.64765625 0.44722222222222224 0.64375 0.44722222222222224 0.63984375 0.4597222222222222 0.6359375 0.4625 0.621875 0.44166666666666665 0.61328125 0.4361111111111111 0.6140625 0.41805555555555557 0.61875 0.40694444444444444 0.6453125 0.40555555555555556
0 0.175 0.4013888888888889 0.175 0.38333333333333336 0.171875 0.3763888888888889 0.16796875 0.375 0.16640625 0.3680555555555556 0.17734375 0.34444444444444444 0.190625 0.33611111111111114 0.20625 0.3375 0.21328125 0.35555555555555557 0.21640625 0.37083333333333335 0.20625 0.3902777777777778 0.1984375 0.39166666666666666 0.19453125 0.4 0.18359375 0.4041666666666667 0.17734375 0.4041666666666667 0.17578125 0.4013888888888889
0 0.2828125 0.3541666666666667 0.29375 0.37222222222222223 0.2921875 0.37777777777777777 0.29296875 0.4013888888888889 0.2890625 0.4083333333333333 0.27890625 0.4097222222222222 0.26796875 0.4236111111111111 0.25390625 0.4236111111111111 0.2515625 0.41944444444444445 0.24453125 0.38333333333333336 0.24453125 0.36944444444444446 0.25859375 0.3527777777777778 0.27890625 0.35138888888888886 0.28203125 0.3541666666666667
0 0.325 0.25277777777777777 0.3328125 0.2625 0.3328125 0.26805555555555555 0.3265625 0.275 0.31953125 0.275 0.315625 0.26944444444444443 0.30390625 0.26805555555555555 0.30625 0.2569444444444444 0.30859375 0.25416666666666665 0.32421875 0.25277777777777777
0 0.753125 0.4875 0.78125 0.49444444444444446 0.79921875 0.525 0.79921875 0.5291666666666667 0.79375 0.5416666666666666 0.78046875 0.5541666666666667 0.77734375 0.5708333333333333 0.77578125 0.5986111111111111 0.76640625 0.5944444444444444 0.7609375 0.5638888888888889 0.7546875 0.5569444444444445 0.74921875 0.5402777777777777 0.7421875 0.5305555555555556 0.73828125 0.5305555555555556 0.7359375 0.5388888888888889 0.73125 0.5430555555555555 0.72734375 0.5416666666666666 0.72421875 0.5319444444444444 0.7328125 0.5 0.7375 0.49166666666666664 0.75234375 0.4875