0 0.1484375 0.8444444444444444 0.153125 0.8569444444444444 0.1515625 0.8708333333333333 0.15703125 0.9041666666666667 0.1515625 0.9111111111111111 0.1515625 0.9416666666666667 0.14765625 0.9694444444444444 0.14453125 0.9763888888888889 0.1390625 0.9763888888888889 0.1328125 0.9708333333333333 0.12734375 0.9611111111111111 0.12265625 0.9402777777777778 0.1125 0.9319444444444445 0.109375 0.9236111111111112 0.109375 0.8986111111111111 0.1125 0.8930555555555556 0.115625 0.9027777777777778 0.11796875 0.9013888888888889 0.1234375 0.8847222222222222 0.1203125 0.8722222222222222 0.1125 0.8638888888888889 0.1125 0.8472222222222222 0.1265625 0.8555555555555555 0.14765625 0.8444444444444444
0 0.71875 0.2875 0.0296875 0.041666666666666664
0 0.2078125 0.3902777777777778 0.22265625 0.39305555555555555 0.23046875 0.4097222222222222 0.23671875 0.43472222222222223 0.2296875 0.4388888888888889 0.209375 0.44027777777777777 0.2046875 0.44583333333333336 0.20078125 0.45416666666666666 0.2 0.475 0.19609375 0.48194444444444445 0.19296875 0.5027777777777778 0.18515625 0.5013888888888889 0.1828125 0.4930555555555556 0.18046875 0.4722222222222222 0.18125 0.43194444444444446 0.1796875 0.4263888888888889 0.1890625 0.4111111111111111 0.1890625 0.40555555555555556 0.19375 0.39305555555555555 0.20234375 0.3888888888888889 0.20703125 0.3902777777777778
0 0.4765625 0.21388888888888888 0.4828125 0.2375 0.48203125 0.24722222222222223 0.46328125 0.24722222222222223 0.459375 0.2388888888888889 0.4609375 0.21944444444444444 0.46640625 0.2152777777777778 0.47578125 0.2152777777777778
0 0.36640625 0.5305555555555556 0.38046875 0.5472222222222223 0.38984375 0.575 0.3984375 0.5763888888888888 0.3984375 0.5833333333333334 0.3921875 0.5916666666666667 0.39453125 0.5958333333333333 0.4 0.6222222222222222 0.40234375 0.6569444444444444 0.40078125 0.6722222222222223 0.39609375 0.6666666666666666 0.39140625 0.6527777777777778 0.37890625 0.6319444444444444 0.3703125 0.6291666666666667 0.3265625 0.6319444444444444 0.321875 0.6375 0.31875 0.6472222222222223 0.315625 0.6486111111111111 0.30546875 0.6305555555555555 0.30625 0.5680555555555555 0.309375 0.5611111111111111 0.31328125 0.5361111111111111 0.32578125 0.5305555555555556 0.365625 0.5305555555555556
0 0.47421875 0.25277777777777777 0.48125 0.2652777777777778 0.48125 0.28055555555555556 0.47734375 0.2847222222222222 0.46796875 0.28055555555555556 0.459375 0.2875 0.4546875 0.2833333333333333 0.4546875 0.26805555555555555 0.45859375 0.25416666666666665 0.4734375 0.25277777777777777
0 0.096875 0.2611111111111111 0.1125 0.26666666666666666 0.11796875 0.2763888888888889 0.1203125 0.2875 0.11875 0.30833333333333335 0.11640625 0.31805555555555554 0.1125 0.3236111111111111 0.09453125 0.31527777777777777 0.08125 0.31666666666666665 0.07734375 0.3111111111111111 0.07890625 0.2847222222222222 0.08359375 0.26805555555555555 0.0875 0.2625 0.09609375 0.2611111111111111
0 0.62578125 0.5472222222222223 0.634375 0.5513888888888889 0.64609375 0.5777777777777777 0.65390625 0.5847222222222223 0.65078125 0.5888888888888889 0.659375 0.6236111111111111 0.65859375 0.6680555555555555 0.65703125 0.6708333333333333 0.6390625 0.6722222222222223 0.61171875 0.6680555555555555 0.584375 0.6722222222222223 0.58046875 0.6666666666666666 0.57421875 0.6458333333333334 0.5640625 0.6375 0.5640625 0.6222222222222222 0.56171875 0.6152777777777778 0.5625 0.5888888888888889 0.56640625 0.5722222222222222 0.57421875 0.5527777777777778 0.578125 0.5486111111111112 0.5890625 0.5458333333333333 0.625 0.5472222222222223
0 0.2078125 0.20277777777777778 0.21484375 0.2111111111111111 0.23125 0.22083333333333333 0.23125 0.23472222222222222 0.2234375 0.2375 0.2203125 0.24166666666666667 0.21484375 0.24166666666666667 0.21015625 0.23333333333333334 0.20625 0.2375 0.1984375 0.2361111111111111 0.19609375 0.24027777777777778 0.1921875 0.24027777777777778 0.18984375 0.23472222222222222 0.1890625 0.2152777777777778 0.190625 0.20555555555555555 0.19921875 0.2013888888888889 0.20703125 0.20277777777777778
0 0.528125 0.2986111111111111 0.53515625 0.3055555555555556 0.540625 0.31666666666666665 0.54296875 0.33055555555555555 0.54140625 0.3347222222222222 0.52890625 0.3388888888888889 0.5234375 0.3527777777777778 0.521875 0.3638888888888889 0.51953125 0.36527777777777776 0.51015625 0.35555555555555557 0.50625 0.34444444444444444 0.5 0.33611111111111114 0.5015625 0.33055555555555555 0.49765625 0.3263888888888889 0.50234375 0.32083333333333336 0.49921875 0.31666666666666665 0.50078125 0.30972222222222223 0.5046875 0.30833333333333335 0.5078125 0.3013888888888889 0.51171875 0.3013888888888889 0.51484375 0.2972222222222222 0.52734375 0.2986111111111111
0 0.278125 0.24861111111111112 0.28671875 0.2638888888888889 0.2859375 0.26805555555555555 0.27265625 0.27361111111111114 0.25859375 0.2986111111111111 0.25234375 0.2763888888888889 0.2546875 0.25833333333333336 0.2578125 0.2513888888888889 0.26328125 0.24722222222222223 0.27734375 0.24861111111111112
0 0.28671875 0.7625 0.29609375 0.7680555555555556 0.34453125 0.7722222222222223 0.3546875 0.7791666666666667 0.3765625 0.8361111111111111 0.38359375 0.8708333333333333 0.3859375 0.8930555555555556 0.3875 0.8958333333333334 0.3984375 0.8958333333333334 0.4015625 0.9 0.40078125 0.9194444444444444 0.3921875 0.9347222222222222 0.3953125 0.9916666666666667 0.39453125 0.9944444444444445 0.38359375 0.9986111111111111 0.35703125 0.9958333333333333 0.34921875 0.9986111111111111 0.33984375 0.9958333333333333 0.328125 0.9972222222222222 0.325 0.9930555555555556 0.32265625 0.9958333333333333 0.28046875 0.9958333333333333 0.278125 0.9986111111111111 0.234375 0.9986111111111111 0.23203125 0.9944444444444445 0.23359375 0.9819444444444444 0.23203125 0.9666666666666667 0.2328125 0.8833333333333333 0.23828125 0.8736111111111111 0.2375 0.8708333333333333 0.23203125 0.8694444444444445 0.23359375 0.8611111111111112 0.23046875 0.8486111111111111 0.234375 0.8055555555555556 0.24140625 0.7819444444444444 0.27578125 0.7625 0.2859375 0.7625
0 0.190625 0.3770833333333333 0.03125 0.07361111111111111
0 0.290625 0.2986111111111111 0.29765625 0.3194444444444444 0.296875 0.3486111111111111 0.29296875 0.35138888888888886 0.27890625 0.3472222222222222 0.26328125 0.3527777777777778 0.2609375 0.3527777777777778 0.2578125 0.3458333333333333 0.2578125 0.3263888888888889 0.2546875 0.30972222222222223 0.265625 0.29305555555555557 0.28203125 0.29305555555555557 0.28984375 0.2986111111111111
0 0.175 0.4722222222222222 0.17734375 0.48333333333333334 0.1765625 0.49583333333333335 0.17890625 0.525 0.17421875 0.5361111111111111 0.16640625 0.5388888888888889 0.1640625 0.5347222222222222 0.159375 0.49166666666666664 0.1609375 0.47638888888888886 0.16953125 0.4791666666666667 0.175 0.4736111111111111
0 0.296875 0.20972222222222223 0.3 0.2125 0.3015625 0.21944444444444444 0.3015625 0.24861111111111112 0.2984375 0.25833333333333336 0.29375 0.2625 0.2859375 0.2625 0.275 0.24166666666666667 0.275 0.22083333333333333 0.28125 0.20972222222222223 0.29609375 0.20972222222222223
0 0.2296875 0.3472222222222222 0.24453125 0.35138888888888886 0.246875 0.37777777777777777 0.2515625 0.38055555555555554 0.2515625 0.3861111111111111 0.2484375 0.39166666666666666 0.2484375 0.43194444444444446 0.246875 0.43472222222222223 0.2390625 0.43472222222222223 0.2359375 0.4305555555555556 0.23203125 0.4125 0.2234375 0.39166666666666666 0.20234375 0.38333333333333336 0.20234375 0.3597222222222222 0.20703125 0.3486111111111111 0.22890625 0.3472222222222222
0 0.37265625 0.3236111111111111 0.3875 0.3263888888888889 0.39375 0.33055555555555555 0.396875 0.32916666666666666 0.40546875 0.3375 0.4078125 0.35833333333333334 0.40703125 0.41944444444444445 0.403125 0.4236111111111111 0.38203125 0.4152777777777778 0.3703125 0.4166666666666667 0.3625 0.425 0.35859375 0.425 0.3546875 0.41805555555555557 0.34921875 0.3861111111111111 0.353125 0.33611111111111114 0.35546875 0.3277777777777778 0.371875 0.325
0 0.81796875 0.4666666666666667 0.8375 0.48055555555555557 0.85546875 0.4875 0.878125 0.5041666666666667 0.89609375 0.5125 0.92109375 0.5375 0.95625 0.5569444444444445 0.96328125 0.5652777777777778 0.97265625 0.5833333333333334 0.9734375 0.5986111111111111 0.9796875 0.6125 0.97890625 0.6194444444444445 0.98203125 0.6555555555555556 0.98515625 0.6680555555555555 0.98359375 0.6708333333333333 0.98671875 0.6819444444444445 0.98984375 0.6861111111111111 0.9859375 0.7027777777777777 0.9875 0.7236111111111111 0.984375 0.7291666666666666 0.98515625 0.7416666666666667 0.98359375 0.7458333333333333 0.98828125 0.7861111111111111 0.98671875 0.8555555555555555 0.9859375 0.8666666666666667 0.9828125 0.8763888888888889 0.9578125 0.8819444444444444 0.95 0.8805555555555555 0.94453125 0.8680555555555556 0.93828125 0.8625 0.934375 0.8625 0.92890625 0.8555555555555555 0.92109375 0.8569444444444444 0.91796875 0.8777777777777778 0.9125 0.8819444444444444 0.87734375 0.8791666666666667 0.84609375 0.8805555555555555 0.83203125 0.8777777777777778 0.821875 0.8680555555555556 0.80859375 0.8680555555555556 0.7953125 0.8333333333333334 0.784375 0.825 0.77734375 0.8138888888888889 0.75234375 0.7875 0.740625 0.7861111111111111 0.73671875 0.7791666666666667 0.73125 0.7541666666666667 0.7234375 0.7458333333333333 0.7125 0.7236111111111111 0.709375 0.7097222222222223 0.71015625 0.6972222222222222 0.7078125 0.6847222222222222 0.70703125 0.6 0.70859375 0.5944444444444444 0.71015625 0.5402777777777777 0.71640625 0.48333333333333334 0.72890625 0.47638888888888886 0.74140625 0.4777777777777778 0.74375 0.48055555555555557 0.76171875 0.48055555555555557 0.77265625 0.4736111111111111 0.80078125 0.4722222222222222 0.8078125 0.4652777777777778 0.8171875 0.4666666666666667
0 0.32578125 0.25277777777777777 0.3296875 0.26805555555555555 0.32890625 0.30694444444444446 0.3265625 0.3111111111111111 0.31171875 0.3125 0.3046875 0.3125 0.3 0.3055555555555556 0.2984375 0.2847222222222222 0.29921875 0.25833333333333336 0.303125 0.25277777777777777 0.325 0.25277777777777777
0 0.35390625 0.2861111111111111 0.3578125 0.28888888888888886 0.3625 0.3013888888888889 0.36328125 0.31666666666666665 0.35546875 0.32222222222222224 0.35078125 0.3347222222222222 0.334375 0.3347222222222222 0.33203125 0.32916666666666666 0.33203125 0.30694444444444446 0.33359375 0.29305555555555557 0.33671875 0.2875 0.353125 0.2861111111111111
0 0.2765625 0.6152777777777778 0.28828125 0.6166666666666667 0.296875 0.6236111111111111 0.315625 0.6625 0.3171875 0.6763888888888889 0.31484375 0.6819444444444445 0.31484375 0.7277777777777777 0.31640625 0.7333333333333333 0.3140625 0.7527777777777778 0.31484375 0.7625 0.29140625 0.7638888888888888 0.28671875 0.7597222222222222 0.275 0.7583333333333333 0.246875 0.7763888888888889 0.23984375 0.7777777777777778 0.23125 0.8083333333333333 0.22734375 0.8347222222222223 0.2234375 0.8319444444444445 0.21640625 0.8083333333333333 0.21015625 0.8069444444444445 0.2078125 0.7944444444444444 0.21015625 0.7569444444444444 0.21015625 0.7194444444444444 0.2078125 0.6972222222222222 0.20859375 0.6763888888888889 0.20390625 0.6513888888888889 0.2046875 0.6388888888888888 0.2140625 0.6291666666666667 0.2296875 0.6222222222222222 0.27578125 0.6152777777777778
0 0.51640625 0.5569444444444445 0.52109375 0.5597222222222222 0.5234375 0.5680555555555555 0.5234375 0.6055555555555555 0.51875 0.6333333333333333 0.509375 0.6333333333333333 0.50625 0.6305555555555555 0.49921875 0.6111111111111112 0.5 0.5902777777777778 0.5046875 0.5611111111111111 0.50859375 0.5569444444444445 0.515625 0.5569444444444445
0 0.70390625 0.43472222222222223 0.715625 0.44583333333333336 0.72578125 0.46944444444444444 0.725 0.47638888888888886 0.7140625 0.4861111111111111 0.71015625 0.5319444444444444 0.70625 0.5416666666666666 0.68203125 0.5388888888888889 0.67734375 0.5166666666666667 0.6796875 0.5083333333333333 0.675 0.5055555555555555 0.671875 0.4875 0.66875 0.48055555555555557 0.65390625 0.4652777777777778 0.65390625 0.45555555555555555 0.66171875 0.43333333333333335 0.690625 0.43194444444444446 0.703125 0.43472222222222223
0 0 0.7819444444444444 0.00390625 0.7736111111111111 0.021875 0.7722222222222223 0.05625 0.7736111111111111 0.07109375 0.7694444444444445 0.09140625 0.775 0.09609375 0.7847222222222222 0.1 0.8027777777777778 0.09765625 0.825 0.10625 0.8805555555555555 0.10234375 0.9319444444444445 0.103125 0.9625 0.10234375 0.9680555555555556 0.09765625 0.9763888888888889 0.09375 0.9944444444444445 0.078125 0.9944444444444445 0.06328125 0.9875 0.03515625 0.9875 0.01640625 0.9777777777777777 0.00234375 0.975 0 0.9722222222222222 0 0.9083333333333333 0.00234375 0.9069444444444444 0.00234375 0.9013888888888889 0 0.8986111111111111 0 0.7833333333333333
0 0.396875 0.2388888888888889 0.39921875 0.24444444444444444 0.40078125 0.25833333333333336 0.40078125 0.2791666666666667 0.3984375 0.28194444444444444 0.3796875 0.2791666666666667 0.3765625 0.25972222222222224 0.371875 0.24861111111111112 0.37265625 0.24027777777777778 0.3765625 0.2361111111111111 0.390625 0.23472222222222222 0.39609375 0.2388888888888889
0 0.22265625 0.5541666666666667 0.2515625 0.5541666666666667 0.2578125 0.5583333333333333 0.2640625 0.5680555555555555 0.2671875 0.5861111111111111 0.27421875 0.6069444444444444 0.27421875 0.6125 0.265625 0.6166666666666667 0.23203125 0.6208333333333333 0.20859375 0.6347222222222222 0.2046875 0.6416666666666667 0.20859375 0.6666666666666666 0.20859375 0.6958333333333333 0.21015625 0.7041666666666667 0.209375 0.7236111111111111 0.20703125 0.7263888888888889 0.19921875 0.7236111111111111 0.19609375 0.7138888888888889 0.1890625 0.6611111111111111 0.1890625 0.6444444444444445 0.19140625 0.6291666666666667 0.18671875 0.6208333333333333 0.1859375 0.6152777777777778 0.19140625 0.6055555555555555 0.19296875 0.5833333333333334 0.1984375 0.5736111111111111 0.19765625 0.5708333333333333 0.2 0.5638888888888889 0.203125 0.5597222222222222 0.221875 0.5541666666666667
0 0.3421875 0.42083333333333334 0.346875 0.4236111111111111 0.353125 0.44166666666666665 0.3609375 0.4527777777777778 0.35859375 0.4625 0.346875 0.45555555555555555 0.31796875 0.45694444444444443 0.3125 0.4597222222222222 0.30859375 0.4666666666666667 0.30703125 0.475 0.303125 0.4708333333333333 0.30078125 0.45416666666666666 0.30390625 0.4486111111111111 0.30703125 0.43194444444444446 0.31015625 0.425 0.325 0.42083333333333334 0.34140625 0.42083333333333334
0 0.3453125 0.45555555555555555 0.35234375 0.4583333333333333 0.35703125 0.4666666666666667 0.36015625 0.48194444444444445 0.36328125 0.4875 0.340625 0.48194444444444445 0.32734375 0.48194444444444445 0.31875 0.48333333333333334 0.31328125 0.4875 0.3109375 0.49444444444444446 0.30625 0.49444444444444446 0.30546875 0.4777777777777778 0.31171875 0.46111111111111114 0.32265625 0.45694444444444443 0.34453125 0.45694444444444443
0 0.22890625 0.29305555555555557 0.234375 0.30277777777777776 0.234375 0.3138888888888889 0.22890625 0.3194444444444444 0.21875 0.32083333333333336 0.21015625 0.3263888888888889 0.2078125 0.33055555555555555 0.20625 0.34305555555555556 0.2 0.3402777777777778 0.18203125 0.3402777777777778 0.18125 0.32916666666666666 0.1875 0.3013888888888889 0.196875 0.29444444444444445 0.228125 0.29305555555555557
0 0.24609375 0.4388888888888889 0.25 0.44305555555555554 0.2578125 0.46805555555555556 0.265625 0.4666666666666667 0.2671875 0.4708333333333333 0.265625 0.4777777777777778 0.26015625 0.48194444444444445 0.2625 0.49722222222222223 0.2640625 0.5430555555555555 0.26015625 0.55 0.25859375 0.55 0.2578125 0.5388888888888889 0.25390625 0.5277777777777778 0.25390625 0.5180555555555556 0.25078125 0.5041666666666667 0.24140625 0.4875 0.2203125 0.4861111111111111 0.2125 0.4888888888888889 0.2046875 0.49722222222222223 0.19921875 0.5152777777777777 0.1953125 0.5027777777777778 0.19609375 0.48194444444444445 0.20078125 0.475 0.2015625 0.45416666666666666 0.20625 0.44305555555555554 0.2109375 0.44027777777777777 0.2453125 0.4388888888888889
0 0.640625 0.6777777777777778 0.66015625 0.6805555555555556 0.68203125 0.7277777777777777 0.6921875 0.7305555555555555 0.69296875 0.7375 0.68828125 0.7472222222222222 0.70078125 0.7791666666666667 0.70390625 0.8111111111111111 0.70234375 0.8402777777777778 0.70078125 0.8486111111111111 0.69609375 0.8527777777777777 0.68046875 0.8444444444444444 0.6265625 0.8444444444444444 0.61953125 0.8458333333333333 0.61171875 0.8527777777777777 0.60546875 0.8527777777777777 0.6015625 0.8430555555555556 0.5984375 0.8236111111111111 0.59140625 0.8166666666666667 0.57734375 0.8111111111111111 0.575 0.8055555555555556 0.5703125 0.7597222222222222 0.57109375 0.7208333333333333 0.5734375 0.7111111111111111 0.58515625 0.6902777777777778 0.59453125 0.6819444444444445 0.63984375 0.6777777777777778
0 0.35078125 0.25 0.3625 0.24583333333333332 0.3703125 0.24722222222222223 0.37734375 0.2625 0.3796875 0.2833333333333333 0.37890625 0.3 0.3625 0.3 0.3484375 0.2791666666666667 0.346875 0.2625 0.35078125 0.2513888888888889
0 0.63359375 0.4597222222222222 0.6546875 0.46944444444444444 0.6609375 0.475 0.6703125 0.49027777777777776 0.67421875 0.5097222222222222 0.67734375 0.5152777777777777 0.68125 0.5444444444444444 0.68125 0.5708333333333333 0.67890625 0.5805555555555556 0.67578125 0.5833333333333334 0.67109375 0.5833333333333334 0.6640625 0.575 0.646875 0.5722222222222222 0.63515625 0.5513888888888889 0.63046875 0.5486111111111112 0.6171875 0.5444444444444444 0.59453125 0.5430555555555555 0.59296875 0.5402777777777777 0.5921875 0.5027777777777778 0.60078125 0.4708333333333333 0.61015625 0.46111111111111114 0.6328125 0.4597222222222222
0 0 0.375 0.01171875 0.37777777777777777 0.01640625 0.3861111111111111 0.01640625 0.4027777777777778 0.01875 0.4125 0.01640625 0.4222222222222222 0.01796875 0.4305555555555556 0.01484375 0.43472222222222223 0.01171875 0.44583333333333336 0.01328125 0.4527777777777778 0.00625 0.45555555555555555 0.0046875 0.4597222222222222 0.00390625 0.45555555555555555 0 0.45416666666666666 0 0.3763888888888889
0 0.2390625 0.3194444444444444 0.24609375 0.3236111111111111 0.24921875 0.33055555555555555 0.25078125 0.3625 0.2484375 0.37222222222222223 0.24296875 0.35 0.23359375 0.3458333333333333 0.215625 0.3458333333333333 0.209375 0.3486111111111111 0.20625 0.3486111111111111 0.20546875 0.3458333333333333 0.209375 0.3263888888888889 0.21328125 0.32222222222222224 0.23203125 0.31805555555555554 0.23828125 0.3194444444444444
0 0.2515625 0.5263888888888889 0.2546875 0.5388888888888889 0.2546875 0.5513888888888889 0.21328125 0.5541666666666667 0.2046875 0.5583333333333333 0.20078125 0.5638888888888889 0.1984375 0.5763888888888888 0.1921875 0.5847222222222223 0.18515625 0.5805555555555556 0.18359375 0.5722222222222222 0.184375 0.5694444444444444 0.1921875 0.5666666666666667 0.19921875 0.5305555555555556 0.20625 0.5263888888888889 0.24296875 0.525 0.24765625 0.5291666666666667 0.25078125 0.5263888888888889
0 0.509375 0.35694444444444445 0.5203125 0.37222222222222223 0.5265625 0.4 0.52578125 0.42916666666666664 0.52265625 0.4361111111111111 0.5046875 0.4361111111111111 0.5 0.42916666666666664 0.4921875 0.40555555555555556 0.4859375 0.39861111111111114 0.47890625 0.3972222222222222 0.47265625 0.38472222222222224 0.4734375 0.36944444444444446 0.48046875 0.35694444444444445 0.496875 0.3541666666666667 0.50859375 0.35694444444444445
0 0.3890625 0.23333333333333334 0.3890625 0.21944444444444444 0.39609375 0.2125 0.4046875 0.2125 0.40859375 0.21944444444444444 0.409375 0.24444444444444444 0.4078125 0.24722222222222223 0.4 0.24444444444444444 0.38984375 0.23333333333333334
0 0.328125 0.4847222222222222 0.33046875 0.4888888888888889 0.33515625 0.4888888888888889 0.33671875 0.4847222222222222 0.3421875 0.4847222222222222 0.34609375 0.4888888888888889 0.3625 0.4888888888888889 0.365625 0.49166666666666664 0.37265625 0.5180555555555556 0.37578125 0.5236111111111111 0.38359375 0.5236111111111111 0.38515625 0.5333333333333333 0.38125 0.5375 0.3765625 0.5375 0.36640625 0.5291666666666667 0.359375 0.5277777777777778 0.3234375 0.5305555555555556 0.31171875 0.5361111111111111 0.30625 0.5569444444444445 0.3046875 0.5402777777777777 0.30625 0.5291666666666667 0.30546875 0.5180555555555556 0.309375 0.49444444444444446 0.31796875 0.4847222222222222 0.32734375 0.48333333333333334
0 0.2859375 0.26666666666666666 0.296875 0.27361111111111114 0.2984375 0.2972222222222222 0.303125 0.31666666666666665 0.30234375 0.3333333333333333 0.3 0.3375 0.2984375 0.3347222222222222 0.29765625 0.32083333333333336 0.290625 0.2972222222222222 0.2859375 0.29305555555555557 0.27421875 0.29305555555555557 0.26640625 0.28888888888888886 0.271875 0.27361111111111114 0.28515625 0.26805555555555555
0 0.0765625 0.18333333333333332 0.08125 0.19027777777777777 0.08515625 0.20694444444444443 0.08515625 0.24444444444444444 0.0796875 0.25833333333333336 0.06796875 0.2625 0.06328125 0.2611111111111111 0.059375 0.24861111111111112 0.06015625 0.20972222222222223 0.05859375 0.17916666666666667 0.0640625 0.1763888888888889 0.07578125 0.18333333333333332
0 0.45 0.30833333333333335 0.45234375 0.3263888888888889 0.4578125 0.3416666666666667 0.45859375 0.36944444444444446 0.45625 0.3763888888888889 0.45 0.375 0.44296875 0.3680555555555556 0.4296875 0.3680555555555556 0.4234375 0.3736111111111111 0.41796875 0.3736111111111111 0.41484375 0.3680555555555556 0.4125 0.35555555555555557 0.4125 0.32916666666666666 0.41875 0.3236111111111111 0.41953125 0.3125 0.421875 0.30833333333333335 0.43359375 0.30277777777777776 0.44453125 0.30277777777777776 0.44921875 0.30833333333333335
0 0.51953125 0.29305555555555557 0.5296875 0.2986111111111111 0.53671875 0.30833333333333335 0.540625 0.3194444444444444 0.53984375 0.3333333333333333 0.5328125 0.3347222222222222 0.5296875 0.33055555555555555 0.521875 0.32916666666666666 0.5125 0.3333333333333333 0.509375 0.3388888888888889 0.5015625 0.3388888888888889 0.49765625 0.3333333333333333 0.49765625 0.3111111111111111 0.5015625 0.29583333333333334 0.50390625 0.29305555555555557 0.51875 0.29305555555555557
0 0.4640625 0.30277777777777776 0.47109375 0.3055555555555556 0.47578125 0.3125 0.48125 0.34305555555555556 0.47734375 0.35694444444444445 0.459375 0.35555555555555557 0.4578125 0.35138888888888886 0.4578125 0.3416666666666667 0.4515625 0.3236111111111111 0.44921875 0.30416666666666664 0.45234375 0.3013888888888889 0.46328125 0.30277777777777776
0 0.4875 0.4 0.49296875 0.4083333333333333 0.5078125 0.45416666666666666 0.50859375 0.5 0.50546875 0.5083333333333333 0.50078125 0.5083333333333333 0.49453125 0.4986111111111111 0.4890625 0.49583333333333335 0.46328125 0.4986111111111111 0.459375 0.5 0.45390625 0.5083333333333333 0.4484375 0.5083333333333333 0.440625 0.4875 0.4390625 0.46944444444444444 0.44140625 0.43194444444444446 0.4484375 0.4041666666666667 0.45625 0.3972222222222222 0.48671875 0.4
0 0.5546875 0.6361111111111111 0.559375 0.6416666666666667 0.5609375 0.6819444444444445 0.55859375 0.6902777777777778 0.5578125 0.7069444444444445 0.55390625 0.7194444444444444 0.5484375 0.7166666666666667 0.5359375 0.6805555555555556 0.53828125 0.6638888888888889 0.53828125 0.6458333333333334 0.54375 0.6388888888888888 0.55390625 0.6361111111111111
0 0.2390625 0.4875 0.24453125 0.49166666666666664 0.2515625 0.5097222222222222 0.25234375 0.525 0.2546875 0.5319444444444444 0.2546875 0.5458333333333333 0.24453125 0.5305555555555556 0.2375 0.5263888888888889 0.21796875 0.5263888888888889 0.20078125 0.5333333333333333 0.19609375 0.5333333333333333 0.1921875 0.5277777777777778 0.1921875 0.5222222222222223 0.1984375 0.5194444444444445 0.203125 0.5041666666666667 0.2140625 0.49027777777777776 0.2203125 0.4875 0.23828125 0.4875
0 0.446875 0.16666666666666666 0.45 0.16944444444444445 0.45078125 0.175 0.440625 0.18194444444444444 0.4375 0.1875 0.434375 0.1875 0.4328125 0.18333333333333332 0.4328125 0.17222222222222222 0.43515625 0.16805555555555557 0.44609375 0.16666666666666666
0 0.43046875 0.25416666666666665 0.43828125 0.25833333333333336 0.44296875 0.26805555555555555 0.4453125 0.28194444444444444 0.4453125 0.2972222222222222 0.44375 0.3 0.43359375 0.3 0.4234375 0.30416666666666664 0.4203125 0.30833333333333335 0.41796875 0.32083333333333336 0.415625 0.3236111111111111 0.40859375 0.32222222222222224 0.40625 0.3138888888888889 0.40546875 0.2875 0.409375 0.25972222222222224 0.41328125 0.25416666666666665 0.4296875 0.25416666666666665
0 0.33828125 0.19722222222222222 0.34296875 0.20555555555555555 0.33671875 0.21388888888888888 0.33359375 0.225 0.32890625 0.22777777777777777 0.3203125 0.225 0.31796875 0.2125 0.325 0.2 0.3375 0.19722222222222222
0 0.36640625 0.6305555555555555 0.37421875 0.6319444444444444 0.3828125 0.6388888888888888 0.39140625 0.6555555555555556 0.4 0.6791666666666667 0.40078125 0.6888888888888889 0.4078125 0.7083333333333334 0.409375 0.7180555555555556 0.41015625 0.7694444444444445 0.40703125 0.7777777777777778 0.39140625 0.7722222222222223 0.359375 0.7736111111111111 0.34921875 0.7680555555555556 0.328125 0.7680555555555556 0.31796875 0.7625 0.3203125 0.7541666666666667 0.31796875 0.7069444444444445 0.3203125 0.6930555555555555 0.3203125 0.6777777777777778 0.31796875 0.6541666666666667 0.32265625 0.6388888888888888 0.32734375 0.6333333333333333 0.365625 0.6305555555555555
0 0.49921875 0.6625 0.51171875 0.6638888888888889 0.525 0.6736111111111112 0.5375 0.6902777777777778 0.55390625 0.7347222222222223 0.55703125 0.7277777777777777 0.56796875 0.7347222222222223 0.5671875 0.7416666666666667 0.5578125 0.7472222222222222 0.55625 0.7527777777777778 0.56015625 0.7652777777777777 0.5625 0.7861111111111111 0.5671875 0.7916666666666666 0.56953125 0.8069444444444445 0.56953125 0.8680555555555556 0.5671875 0.8791666666666667 0.55859375 0.8805555555555555 0.55 0.8652777777777778 0.5421875 0.8611111111111112 0.515625 0.8666666666666667 0.490625 0.8611111111111112 0.48515625 0.8638888888888889 0.478125 0.8805555555555555 0.4703125 0.8875 0.465625 0.8861111111111111 0.4625 0.8805555555555555 0.4609375 0.8444444444444444 0.45703125 0.8388888888888889 0.44609375 0.8416666666666667 0.44296875 0.8305555555555556 0.43984375 0.7930555555555555 0.44140625 0.7152777777777778 0.44765625 0.6847222222222222 0.453125 0.6708333333333333 0.46640625 0.6638888888888889 0.4984375 0.6625
0 0.42109375 0.19722222222222222 0.4234375 0.20416666666666666 0.42265625 0.2222222222222222 0.42109375 0.225 0.41171875 0.2263888888888889 0.4078125 0.225 0.4046875 0.20555555555555555 0.41171875 0.19722222222222222 0.4203125 0.19722222222222222
0 0.5390625 0.4486111111111111 0.5453125 0.4527777777777778 0.54765625 0.4597222222222222 0.54609375 0.49027777777777776 0.54296875 0.5041666666666667 0.5390625 0.5069444444444444 0.53203125 0.5013888888888889 0.528125 0.4847222222222222 0.5296875 0.45416666666666666 0.53828125 0.4486111111111111
0 0.4453125 0.19027777777777777 0.4484375 0.19583333333333333 0.44921875 0.2125 0.44375 0.22083333333333333 0.43203125 0.21944444444444444 0.42890625 0.20972222222222223 0.42890625 0.2013888888888889 0.43125 0.19444444444444445 0.4359375 0.19027777777777777 0.44453125 0.19027777777777777
0 0.56015625 0.3402777777777778 0.565625 0.3486111111111111 0.5734375 0.37083333333333335 0.5703125 0.39305555555555555 0.571875 0.4041666666666667 0.5703125 0.4125 0.5546875 0.4083333333333333 0.53203125 0.4097222222222222 0.528125 0.4013888888888889 0.52890625 0.3861111111111111 0.525 0.37777777777777777 0.5234375 0.36666666666666664 0.525 0.34444444444444444 0.5296875 0.3388888888888889 0.5375 0.33611111111111114 0.55625 0.3375 0.559375 0.3402777777777778
0 0.49765625 0.18472222222222223 0.50390625 0.1875 0.50625 0.19305555555555556 0.50703125 0.2111111111111111 0.5046875 0.21805555555555556 0.49453125 0.21666666666666667 0.48984375 0.20833333333333334 0.49140625 0.1875 0.496875 0.18472222222222223
0 0.3859375 0.18194444444444444 0.38828125 0.18472222222222223 0.39140625 0.1986111111111111 0.38984375 0.20694444444444443 0.38671875 0.2111111111111111 0.3828125 0.2111111111111111 0.3796875 0.20555555555555555 0.3765625 0.20833333333333334 0.3734375 0.20555555555555555 0.37265625 0.19722222222222222 0.3765625 0.18333333333333332 0.38515625 0.18194444444444444
0 0.434375 0.19305555555555556 0.43671875 0.18055555555555555 0.446875 0.1763888888888889 0.45078125 0.1763888888888889 0.453125 0.18194444444444444 0.45234375 0.19583333333333333 0.44921875 0.20277777777777778 0.44296875 0.19305555555555556 0.43515625 0.19305555555555556
0 0.99453125 0.6125 0.99921875 0.6166666666666667 0.99921875 0.7833333333333333 0.990625 0.7777777777777778 0.9875 0.7722222222222223 0.98671875 0.7305555555555555 0.98984375 0.7236111111111111 0.9875 0.7069444444444445 0.9921875 0.6916666666666667 0.98359375 0.6666666666666666 0.9828125 0.6555555555555556 0.9828125 0.6333333333333333 0.9859375 0.6222222222222222 0.9859375 0.6138888888888889 0.99375 0.6125
0 0.33203125 0.23333333333333334 0.33828125 0.2375 0.34453125 0.25 0.3421875 0.26944444444444443 0.33828125 0.2791666666666667 0.33125 0.2777777777777778 0.32890625 0.2722222222222222 0.32734375 0.25833333333333336 0.32421875 0.25277777777777777 0.315625 0.25 0.315625 0.24305555555555555 0.31875 0.2361111111111111 0.33125 0.23333333333333334
0 0.60234375 0.42083333333333334 0.60390625 0.4263888888888889 0.60390625 0.4583333333333333 0.59921875 0.475 0.59140625 0.4722222222222222 0.58515625 0.4583333333333333 0.58671875 0.4486111111111111 0.584375 0.4444444444444444 0.584375 0.4388888888888889 0.58515625 0.43472222222222223 0.58828125 0.44027777777777777 0.59140625 0.42777777777777776 0.6015625 0.42083333333333334
0 0.35234375 0.20694444444444443 0.35625 0.21805555555555556 0.35703125 0.24305555555555555 0.3484375 0.25 0.334375 0.23333333333333334 0.32578125 0.23055555555555557 0.33828125 0.20972222222222223 0.34140625 0.20694444444444443 0.3515625 0.20694444444444443