3 0.42578125 0.5236111111111111 0.43125 0.5333333333333333 0.4375 0.5388888888888889 0.43671875 0.6097222222222223 0.43046875 0.6180555555555556 0.42734375 0.6541666666666667 0.42109375 0.6569444444444444 0.41171875 0.6444444444444445 0.4 0.6402777777777777 0.37734375 0.6430555555555556 0.3609375 0.6583333333333333 0.3578125 0.6569444444444444 0.35546875 0.6513888888888889 0.35234375 0.6361111111111111 0.35390625 0.5791666666666667 0.36328125 0.5486111111111112 0.3609375 0.5333333333333333 0.36640625 0.5305555555555556 0.37421875 0.5180555555555556 0.38671875 0.5152777777777777 0.41796875 0.5166666666666667 0.421875 0.5180555555555556 0.425 0.5236111111111111
3 0.3375 0.2625 0.340625 0.26805555555555555 0.33828125 0.2861111111111111 0.3390625 0.32083333333333336 0.33203125 0.33194444444444443 0.3265625 0.3347222222222222 0.32265625 0.3416666666666667 0.31953125 0.3541666666666667 0.2984375 0.36527777777777776 0.2953125 0.36527777777777776 0.29375 0.3611111111111111 0.29140625 0.3277777777777778 0.2953125 0.2986111111111111 0.29453125 0.28194444444444444 0.29609375 0.27361111111111114 0.30625 0.2638888888888889 0.33671875 0.2625
3 0.578125 0.21388888888888888 0.5828125 0.21666666666666667 0.58671875 0.2263888888888889 0.59296875 0.26666666666666666 0.59453125 0.2986111111111111 0.5921875 0.30277777777777776 0.58828125 0.3277777777777778 0.584375 0.3277777777777778 0.58359375 0.3125 0.578125 0.3013888888888889 0.5625 0.3 0.5578125 0.3055555555555556 0.55546875 0.3138888888888889 0.55078125 0.3138888888888889 0.55 0.25 0.55234375 0.23333333333333334 0.55546875 0.225 0.56015625 0.22083333333333333 0.56796875 0.2152777777777778 0.57734375 0.21388888888888888
3 0.33984375 0.17222222222222222 0.34140625 0.175 0.346875 0.17222222222222222 0.3546875 0.175 0.3546875 0.19583333333333333 0.3578125 0.20277777777777778 0.35703125 0.21944444444444444 0.35546875 0.2263888888888889 0.35 0.23055555555555557 0.3453125 0.22361111111111112 0.3421875 0.22361111111111112 0.33984375 0.2375 0.328125 0.24444444444444444 0.32109375 0.24444444444444444 0.3171875 0.22916666666666666 0.315625 0.2111111111111111 0.3171875 0.1875 0.3203125 0.17777777777777778 0.32421875 0.1736111111111111 0.3390625 0.17222222222222222
3 0.408203125 0.22291666666666668 0.02109375 0.04861111111111111
2 0.51171875 0.2777777777777778 0.0109375 0.022222222222222223
2 0.9171875 0.7444444444444445 0.92421875 0.75 0.92734375 0.7583333333333333 0.928125 0.7722222222222223 0.925 0.7819444444444444 0.925 0.8 0.928125 0.8125 0.9203125 0.8194444444444444 0.91875 0.8347222222222223 0.91484375 0.8402777777777778 0.9109375 0.8375 0.9046875 0.8180555555555555 0.89375 0.8083333333333333 0.89375 0.8013888888888889 0.89921875 0.7513888888888889 0.90390625 0.7458333333333333 0.91640625 0.7444444444444445
2 0.4046875 0.3527777777777778 0.4078125 0.35694444444444445 0.40859375 0.3763888888888889 0.40390625 0.3888888888888889 0.40078125 0.3875 0.396875 0.37222222222222223 0.396875 0.35555555555555557 0.3984375 0.3527777777777778 0.40390625 0.3527777777777778
2 0.1140625 0.30972222222222223 0.1171875 0.31666666666666665 0.1171875 0.33055555555555555 0.11171875 0.33611111111111114 0.10703125 0.3347222222222222 0.10546875 0.3138888888888889 0.10859375 0.30833333333333335 0.11328125 0.30972222222222223
2 0.39453125 0.39444444444444443 0.39921875 0.4 0.3984375 0.4166666666666667 0.390625 0.42916666666666664 0.38671875 0.425 0.3859375 0.4027777777777778 0.3875 0.3958333333333333 0.39375 0.39444444444444443
2 0.86953125 0.5777777777777777 0.87109375 0.6013888888888889 0.86953125 0.6111111111111112 0.8703125 0.65 0.86640625 0.6625 0.85703125 0.6611111111111111 0.8453125 0.6472222222222223 0.84296875 0.6416666666666667 0.84375 0.625 0.8421875 0.6222222222222222 0.84609375 0.6222222222222222 0.84765625 0.6013888888888889 0.8546875 0.5805555555555556 0.86875 0.5777777777777777
2 0.19921875 0.2625 0.20234375 0.26944444444444443 0.20234375 0.2791666666666667 0.2 0.2861111111111111 0.1953125 0.2861111111111111 0.19296875 0.2777777777777778 0.19375 0.26666666666666666 0.1984375 0.2625
2 0.08515625 0.3263888888888889 0.0125 0.027777777777777776
2 0.125 0.4083333333333333 0.134375 0.41388888888888886 0.13515625 0.4305555555555556 0.1390625 0.4444444444444444 0.1375 0.45416666666666666 0.13046875 0.4625 0.125 0.4583333333333333 0.11953125 0.4361111111111111 0.11953125 0.41388888888888886 0.121875 0.4083333333333333 0.12421875 0.4083333333333333
2 0.28671875 0.31805555555555554 0.284375 0.30277777777777776 0.284375 0.29305555555555557 0.2859375 0.2902777777777778 0.29375 0.29444444444444445 0.29296875 0.30972222222222223 0.28984375 0.3194444444444444 0.2875 0.31805555555555554
2 0.359375 0.4583333333333333 0.37109375 0.4625 0.37734375 0.4861111111111111 0.3765625 0.49583333333333335 0.36953125 0.5083333333333333 0.3625 0.5125 0.35859375 0.49722222222222223 0.35859375 0.4597222222222222
2 0.490625 0.2611111111111111 0.49765625 0.2638888888888889 0.49765625 0.275 0.48984375 0.275 0.490625 0.2625
2 0.5984375 0.30277777777777776 0.60234375 0.30972222222222223 0.60234375 0.325 0.6 0.3388888888888889 0.596875 0.34444444444444444 0.59296875 0.34305555555555556 0.590625 0.3333333333333333 0.59375 0.30694444444444446 0.59765625 0.30277777777777776
2 0.671875 0.325 0.6796875 0.33055555555555555 0.68046875 0.3416666666666667 0.678125 0.3527777777777778 0.671875 0.3541666666666667 0.66875 0.3486111111111111 0.66875 0.33194444444444443 0.67109375 0.3263888888888889
2 0.7828125 0.5180555555555556 0.7875 0.5222222222222223 0.78984375 0.5388888888888889 0.78984375 0.5583333333333333 0.78359375 0.575 0.77890625 0.575 0.771875 0.5611111111111111 0.76953125 0.5513888888888889 0.7703125 0.5319444444444444 0.7734375 0.5236111111111111 0.78203125 0.5194444444444445
2 0.6453125 0.6291666666666667 0.65 0.6291666666666667 0.65234375 0.6555555555555556 0.6546875 0.6611111111111111 0.6546875 0.6680555555555555 0.65 0.6805555555555556 0.6484375 0.6972222222222222 0.64375 0.6986111111111111 0.63671875 0.6833333333333333 0.63046875 0.6791666666666667 0.62734375 0.6694444444444444 0.628125 0.6611111111111111 0.6390625 0.6375 0.64375 0.6347222222222222 0.6453125 0.6305555555555555
2 0.64765625 0.6388888888888888 0.65078125 0.6416666666666667 0.6546875 0.6680555555555555 0.65078125 0.6763888888888889 0.64921875 0.6944444444444444 0.646875 0.6986111111111111 0.64296875 0.6972222222222222 0.6390625 0.6861111111111111 0.6296875 0.6763888888888889 0.628125 0.6708333333333333 0.628125 0.6638888888888889 0.6375 0.65 0.63984375 0.6416666666666667 0.646875 0.6388888888888888
2 0.68828125 0.3527777777777778 0.690625 0.3597222222222222 0.690625 0.38055555555555554 0.6890625 0.38333333333333336 0.68125 0.38055555555555554 0.67890625 0.36944444444444446 0.68046875 0.35555555555555557 0.68203125 0.3527777777777778 0.6875 0.3527777777777778
2 0.759375 0.4444444444444444 0.76171875 0.44722222222222224 0.76171875 0.4638888888888889 0.75859375 0.4736111111111111 0.75625 0.4625 0.74921875 0.44583333333333336 0.75859375 0.4444444444444444
1 0.5734375 0.3 0.5796875 0.30277777777777776 0.58359375 0.30972222222222223 0.584375 0.325 0.58125 0.32916666666666666 0.5625 0.325 0.553125 0.3277777777777778 0.55078125 0.3236111111111111 0.55234375 0.3125 0.5578125 0.30277777777777776 0.57265625 0.3
1 0.1328125 0.33055555555555555 0.13125 0.3236111111111111 0.13125 0.3055555555555556 0.1328125 0.3 0.14375 0.28194444444444444 0.15625 0.2777777777777778 0.16953125 0.2777777777777778 0.1734375 0.28194444444444444 0.17734375 0.2972222222222222 0.1765625 0.32083333333333336 0.175 0.3236111111111111 0.16796875 0.3236111111111111 0.1640625 0.33055555555555555 0.15859375 0.3277777777777778 0.13359375 0.33055555555555555
1 0.60546875 0.2611111111111111 0.60859375 0.2791666666666667 0.60703125 0.30277777777777776 0.60546875 0.3055555555555556 0.596875 0.2972222222222222 0.59453125 0.2791666666666667 0.5953125 0.26805555555555555 0.59921875 0.2611111111111111 0.6046875 0.2611111111111111
1 0.78125 0.018055555555555554 0.78515625 0.029166666666666667 0.78515625 0.044444444444444446 0.77890625 0.059722222222222225 0.77578125 0.058333333333333334 0.7625 0.06805555555555555 0.75390625 0.06388888888888888 0.73828125 0.0625 0.72890625 0.05694444444444444 0.73046875 0.0375 0.73359375 0.03194444444444444 0.7625 0.02361111111111111 0.771875 0.015277777777777777 0.78046875 0.018055555555555554
1 0.91484375 0.9013888888888889 0.9375 0.9138888888888889 0.9546875 0.9430555555555555 0.96015625 0.9638888888888889 0.96875 0.9861111111111112 0.96953125 0.9944444444444445 0.96484375 0.9986111111111111 0.9546875 0.9958333333333333 0.94296875 0.9986111111111111 0.9390625 0.9958333333333333 0.81875 0.9986111111111111 0.8125 0.9944444444444445 0.8109375 0.9486111111111111 0.81328125 0.9208333333333333 0.8203125 0.9111111111111111 0.82734375 0.9055555555555556 0.853125 0.8972222222222223 0.90703125 0.8972222222222223 0.9140625 0.9013888888888889
1 0.63671875 0.31805555555555554 0.64453125 0.32083333333333336 0.6546875 0.33055555555555555 0.65625 0.3416666666666667 0.640625 0.34444444444444444 0.634375 0.35833333333333334 0.6203125 0.3597222222222222 0.61484375 0.3541666666666667 0.61640625 0.3375 0.62109375 0.3263888888888889 0.62734375 0.3194444444444444 0.6359375 0.31805555555555554
1 0.38203125 0.19027777777777777 0.39140625 0.19583333333333333 0.39140625 0.20277777777777778 0.38359375 0.20833333333333334 0.3765625 0.20833333333333334 0.37421875 0.20416666666666666 0.375 0.19444444444444445 0.38125 0.19027777777777777
1 0.259375 0.2375 0.2625 0.24305555555555555 0.2625 0.25277777777777777 0.259375 0.25833333333333336 0.2546875 0.25972222222222224 0.2359375 0.25555555555555554 0.23359375 0.25416666666666665 0.23359375 0.25 0.23984375 0.24027777777777778 0.24609375 0.2361111111111111 0.25859375 0.2375
1 0.4828125 0.2875 0.48671875 0.2916666666666667 0.49375 0.30972222222222223 0.49375 0.33194444444444443 0.490625 0.34444444444444444 0.4828125 0.3416666666666667 0.4625 0.34444444444444444 0.46015625 0.3416666666666667 0.459375 0.3111111111111111 0.4625 0.2986111111111111 0.465625 0.2916666666666667 0.46953125 0.28888888888888886 0.48203125 0.2875
1 0.7390625 0.5222222222222223 0.75078125 0.55 0.75703125 0.5875 0.75546875 0.6291666666666667 0.7515625 0.6333333333333333 0.74140625 0.6361111111111111 0.70859375 0.6333333333333333 0.69375 0.6416666666666667 0.6859375 0.6402777777777777 0.68359375 0.6111111111111112 0.6796875 0.5986111111111111 0.6796875 0.5708333333333333 0.68125 0.5583333333333333 0.684375 0.55 0.68203125 0.5388888888888889 0.69765625 0.5194444444444445 0.7125 0.5180555555555556 0.73828125 0.5222222222222223
1 0.6515625 0.20694444444444443 0.6546875 0.2125 0.6546875 0.225 0.65078125 0.23194444444444445 0.640625 0.23055555555555557 0.6375 0.22361111111111112 0.63984375 0.20833333333333334 0.65078125 0.20694444444444443
1 0.2703125 0.19722222222222222 0.28046875 0.2013888888888889 0.2828125 0.20972222222222223 0.27890625 0.2222222222222222 0.271875 0.2263888888888889 0.2640625 0.225 0.25859375 0.2152777777777778 0.259375 0.19722222222222222 0.26953125 0.19722222222222222
1 0.05859375 0.45 0.0671875 0.45416666666666666 0.07421875 0.4625 0.07734375 0.4708333333333333 0.07578125 0.48194444444444445 0.0625 0.4847222222222222 0.0484375 0.49444444444444446 0.0296875 0.5305555555555556 0.0234375 0.5333333333333333 0.01875 0.5430555555555555 0.00546875 0.5416666666666666 0.00234375 0.5444444444444444 0 0.5444444444444444 0 0.4666666666666667 0.0125 0.4513888888888889 0.0296875 0.4486111111111111 0.0578125 0.45
1 0.27578125 0.2513888888888889 0.28046875 0.25277777777777777 0.28515625 0.2638888888888889 0.284375 0.2833333333333333 0.2796875 0.28888888888888886 0.26640625 0.2875 0.2609375 0.2611111111111111 0.2609375 0.2569444444444444 0.26484375 0.25277777777777777 0.275 0.2513888888888889
1 0.590625 0.4027777777777778 0.59921875 0.43194444444444446 0.5984375 0.45 0.59296875 0.45416666666666666 0.584375 0.46805555555555556 0.559375 0.4708333333333333 0.5515625 0.48055555555555557 0.54921875 0.48055555555555557 0.54765625 0.47638888888888886 0.54765625 0.43472222222222223 0.54921875 0.425 0.54765625 0.4111111111111111 0.55390625 0.40694444444444444 0.55859375 0.39861111111111114 0.58671875 0.4 0.58984375 0.4027777777777778
1 0.56484375 0.7013888888888888 0.59140625 0.7083333333333334 0.60078125 0.725 0.60546875 0.7263888888888889 0.61015625 0.7333333333333333 0.60859375 0.7388888888888889 0.60078125 0.7458333333333333 0.60078125 0.7583333333333333 0.60390625 0.7777777777777778 0.60390625 0.8388888888888889 0.60546875 0.8583333333333333 0.603125 0.8708333333333333 0.59921875 0.875 0.54921875 0.8666666666666667 0.51484375 0.8680555555555556 0.51328125 0.8597222222222223 0.5125 0.8097222222222222 0.51484375 0.7930555555555555 0.515625 0.7597222222222222 0.51953125 0.7458333333333333 0.51953125 0.7375 0.5109375 0.7305555555555555 0.509375 0.7222222222222222 0.5203125 0.7180555555555556 0.52890625 0.7041666666666667 0.53359375 0.7013888888888888 0.5640625 0.7013888888888888
1 0.58203125 0.5333333333333333 0.5984375 0.5388888888888889 0.60234375 0.5486111111111112 0.60859375 0.5875 0.609375 0.6152777777777778 0.6078125 0.6388888888888888 0.60546875 0.6444444444444445 0.6 0.6444444444444445 0.59140625 0.6375 0.5625 0.6361111111111111 0.55234375 0.6402777777777777 0.54609375 0.6388888888888888 0.5453125 0.6263888888888889 0.54921875 0.5680555555555555 0.5484375 0.5611111111111111 0.5421875 0.5527777777777778 0.5421875 0.5486111111111112 0.5515625 0.5430555555555555 0.55859375 0.5333333333333333 0.58125 0.5333333333333333
1 0.103125 0.4791666666666667 0.11328125 0.4861111111111111 0.12265625 0.5041666666666667 0.12421875 0.525 0.12265625 0.5569444444444445 0.1140625 0.5569444444444445 0.090625 0.5680555555555555 0.0859375 0.5736111111111111 0.08125 0.5916666666666667 0.07109375 0.5958333333333333 0.0640625 0.6027777777777777 0.04921875 0.5986111111111111 0.0359375 0.6027777777777777 0.028125 0.6097222222222223 0.02265625 0.6097222222222223 0.015625 0.5916666666666667 0.015625 0.5569444444444445 0.025 0.5361111111111111 0.0328125 0.5277777777777778 0.03828125 0.5125 0.046875 0.49722222222222223 0.0640625 0.4847222222222222 0.10234375 0.4791666666666667
1 0.39765625 0.24444444444444444 0.3984375 0.2611111111111111 0.37734375 0.2861111111111111 0.37265625 0.2861111111111111 0.37109375 0.28055555555555556 0.37109375 0.2638888888888889 0.37578125 0.24722222222222223 0.38515625 0.24166666666666667 0.396875 0.24444444444444444
1 0.28515625 0.3388888888888889 0.28984375 0.35138888888888886 0.290625 0.3597222222222222 0.2828125 0.3736111111111111 0.2828125 0.3861111111111111 0.2796875 0.4 0.26875 0.4013888888888889 0.26484375 0.4041666666666667 0.26171875 0.4111111111111111 0.253125 0.4125 0.2453125 0.4125 0.2421875 0.40694444444444444 0.24375 0.35138888888888886 0.25859375 0.3388888888888889 0.284375 0.3388888888888889
1 0.490625 0.3013888888888889 0.4859375 0.28888888888888886 0.48671875 0.28055555555555556 0.490625 0.2763888888888889 0.5046875 0.2777777777777778 0.509375 0.2986111111111111 0.509375 0.30833333333333335 0.50625 0.31527777777777777 0.49453125 0.3125 0.49140625 0.3013888888888889
1 0.65859375 0.37777777777777777 0.68984375 0.38472222222222224 0.69609375 0.4013888888888889 0.69921875 0.4236111111111111 0.69296875 0.4263888888888889 0.68203125 0.41805555555555557 0.66484375 0.41805555555555557 0.659375 0.4236111111111111 0.65703125 0.43472222222222223 0.65078125 0.44583333333333336 0.64609375 0.44583333333333336 0.64140625 0.44027777777777777 0.64140625 0.41805555555555557 0.64375 0.4 0.646875 0.39166666666666666 0.6546875 0.37916666666666665 0.6578125 0.37777777777777777
1 0.2203125 0.32916666666666666 0.22265625 0.3388888888888889 0.22265625 0.38055555555555554 0.2203125 0.38333333333333336 0.196875 0.3861111111111111 0.1921875 0.38333333333333336 0.19140625 0.36944444444444446 0.1984375 0.3416666666666667 0.2046875 0.33055555555555555 0.21953125 0.32916666666666666
1 0.63515625 0.3611111111111111 0.64765625 0.3680555555555556 0.653125 0.38055555555555554 0.64609375 0.39305555555555555 0.63984375 0.4152777777777778 0.62421875 0.41944444444444445 0.60546875 0.4041666666666667 0.6015625 0.3861111111111111 0.6015625 0.37777777777777777 0.61640625 0.3625 0.634375 0.3611111111111111
1 0.47421875 0.24166666666666667 0.47890625 0.24583333333333332 0.48203125 0.2569444444444444 0.48125 0.2791666666666667 0.478125 0.28194444444444444 0.45859375 0.28055555555555556 0.45546875 0.26944444444444443 0.45859375 0.24722222222222223 0.4609375 0.24305555555555555 0.4734375 0.24166666666666667
1 0.4859375 0.2263888888888889 0.4890625 0.23333333333333334 0.48984375 0.25277777777777777 0.48515625 0.2611111111111111 0.48125 0.25972222222222224 0.478125 0.24722222222222223 0.47265625 0.24027777777777778 0.47265625 0.23055555555555557 0.475 0.2263888888888889 0.48515625 0.2263888888888889
1 0.584375 0.3680555555555556 0.5953125 0.375 0.6 0.38333333333333336 0.603125 0.3972222222222222 0.603125 0.43194444444444446 0.6015625 0.4375 0.59921875 0.43472222222222223 0.59453125 0.4125 0.58984375 0.4013888888888889 0.5640625 0.3972222222222222 0.5625 0.39444444444444443 0.56328125 0.37777777777777777 0.5671875 0.36944444444444446 0.58359375 0.3680555555555556
1 0.77890625 0.6347222222222222 0.79453125 0.6375 0.8046875 0.6430555555555556 0.81484375 0.6638888888888889 0.83046875 0.7194444444444444 0.83125 0.7638888888888888 0.82890625 0.775 0.82578125 0.7777777777777778 0.80078125 0.7694444444444445 0.79140625 0.7736111111111111 0.77734375 0.7666666666666667 0.74453125 0.7680555555555556 0.740625 0.7625 0.7375 0.7416666666666667 0.72265625 0.7125 0.7203125 0.7 0.7203125 0.6847222222222222 0.72265625 0.6555555555555556 0.725 0.65 0.73515625 0.6458333333333334 0.74765625 0.6347222222222222 0.778125 0.6347222222222222
1 0.62265625 0.4527777777777778 0.63046875 0.45694444444444443 0.63671875 0.46805555555555556 0.64140625 0.46944444444444444 0.64375 0.4736111111111111 0.63984375 0.48055555555555557 0.64375 0.5041666666666667 0.64375 0.5402777777777777 0.640625 0.5652777777777778 0.6359375 0.5652777777777778 0.6265625 0.5527777777777778 0.60546875 0.5513888888888889 0.59921875 0.5375 0.5796875 0.5305555555555556 0.57734375 0.5263888888888889 0.57734375 0.49722222222222223 0.57890625 0.48055555555555557 0.58125 0.47638888888888886 0.5953125 0.45416666666666666 0.621875 0.4527777777777778
1 0.6578125 0.011111111111111112 0.66015625 0.015277777777777777 0.65859375 0.04027777777777778 0.65703125 0.044444444444444446 0.6515625 0.04583333333333333 0.640625 0.043055555555555555 0.6390625 0.04027777777777778 0.63984375 0.027777777777777776 0.64609375 0.016666666666666666 0.65703125 0.011111111111111112
1 0.571875 0.325 0.58046875 0.3263888888888889 0.58203125 0.32916666666666666 0.58671875 0.3486111111111111 0.58671875 0.3611111111111111 0.58515625 0.36666666666666664 0.5703125 0.36666666666666664 0.565625 0.37083333333333335 0.55625 0.3875 0.55078125 0.3875 0.54921875 0.38055555555555554 0.553125 0.3347222222222222 0.5578125 0.325 0.57109375 0.325
1 0.5671875 0.19444444444444445 0.56953125 0.20416666666666666 0.5671875 0.20833333333333334 0.55625 0.20555555555555555 0.5578125 0.19444444444444445 0.56640625 0.19444444444444445
1 0.671875 0.41805555555555557 0.68359375 0.41944444444444445 0.69140625 0.4263888888888889 0.6875 0.4486111111111111 0.6890625 0.4597222222222222 0.68359375 0.46805555555555556 0.68203125 0.4875 0.67890625 0.49166666666666664 0.65625 0.49166666666666664 0.6515625 0.4861111111111111 0.65 0.47638888888888886 0.6515625 0.44027777777777777 0.6578125 0.43194444444444446 0.6609375 0.42083333333333334 0.67109375 0.41805555555555557
1 0.640625 0.29444444444444445 0.6484375 0.29583333333333334 0.65078125 0.3 0.65703125 0.32083333333333336 0.65703125 0.33055555555555555 0.6546875 0.33194444444444443 0.64375 0.32083333333333336 0.63359375 0.31805555555555554 0.62265625 0.3263888888888889 0.61875 0.3263888888888889 0.61796875 0.3194444444444444 0.621875 0.3013888888888889 0.62734375 0.29583333333333334 0.63984375 0.29444444444444445
1 0.65546875 0.34444444444444444 0.66171875 0.3486111111111111 0.66640625 0.3597222222222222 0.66796875 0.36527777777777776 0.66640625 0.3763888888888889 0.6546875 0.3763888888888889 0.6484375 0.36666666666666664 0.6359375 0.35833333333333334 0.63828125 0.3472222222222222 0.64140625 0.34444444444444444 0.6546875 0.34444444444444444
1 0.253125 0.8583333333333333 0.2578125 0.8625 0.29296875 0.8652777777777778 0.31484375 0.8736111111111111 0.32109375 0.8777777777777778 0.32578125 0.8875 0.328125 0.8972222222222223 0.32890625 0.9180555555555555 0.3265625 0.9722222222222222 0.32109375 0.9861111111111112 0.30703125 0.9986111111111111 0.28125 0.9986111111111111 0.2796875 0.9958333333333333 0.27421875 0.9958333333333333 0.27265625 0.9986111111111111 0.25390625 0.9986111111111111 0.25234375 0.9958333333333333 0.2484375 0.9986111111111111 0.24453125 0.9958333333333333 0.23125 0.9986111111111111 0.203125 0.9986111111111111 0.19765625 0.9958333333333333 0.19140625 0.9986111111111111 0.1609375 0.9986111111111111 0.1609375 0.9930555555555556 0.1703125 0.9708333333333333 0.1953125 0.8944444444444445 0.21015625 0.8680555555555556 0.22421875 0.8638888888888889 0.2296875 0.8583333333333333 0.25234375 0.8583333333333333
0 0.303125 0.20972222222222223 0.31015625 0.2152777777777778 0.3109375 0.2375 0.309375 0.24722222222222223 0.30546875 0.2513888888888889 0.28828125 0.2513888888888889 0.2859375 0.24861111111111112 0.2859375 0.21805555555555556 0.290625 0.2111111111111111 0.30234375 0.2111111111111111
0 0.26171875 0.2625 0.26484375 0.2777777777777778 0.265625 0.3236111111111111 0.2609375 0.33611111111111114 0.24921875 0.3458333333333333 0.24296875 0.34444444444444444 0.24140625 0.32222222222222224 0.23828125 0.3111111111111111 0.23203125 0.30972222222222223 0.2265625 0.3125 0.21796875 0.325 0.21015625 0.3236111111111111 0.21328125 0.32083333333333336 0.20625 0.31805555555555554 0.20390625 0.3111111111111111 0.203125 0.2861111111111111 0.209375 0.275 0.225 0.26805555555555555 0.2328125 0.2972222222222222 0.2328125 0.30833333333333335 0.234375 0.30972222222222223 0.234375 0.26666666666666666 0.2546875 0.2611111111111111 0.2609375 0.2625
0 0.634375 0.225 0.64765625 0.23472222222222222 0.65078125 0.24027777777777778 0.653125 0.27361111111111114 0.65234375 0.2916666666666667 0.65078125 0.2972222222222222 0.64140625 0.29444444444444445 0.625 0.2972222222222222 0.6203125 0.30416666666666664 0.6203125 0.3111111111111111 0.61640625 0.32222222222222224 0.6125 0.3263888888888889 0.60703125 0.3013888888888889 0.6078125 0.2777777777777778 0.6046875 0.25972222222222224 0.60546875 0.2388888888888889 0.615625 0.2263888888888889 0.63359375 0.225