0 0.73203125 0.30694444444444446 0.74453125 0.3125 0.7515625 0.32083333333333336 0.75625 0.3333333333333333 0.76640625 0.3486111111111111 0.77109375 0.3638888888888889 0.77109375 0.37777777777777777 0.76875 0.3902777777777778 0.771875 0.4 0.771875 0.44583333333333336 0.76875 0.45694444444444443 0.7671875 0.4861111111111111 0.765625 0.49166666666666664 0.74921875 0.49166666666666664 0.7265625 0.48333333333333334 0.7171875 0.49166666666666664 0.7 0.4930555555555556 0.696875 0.4930555555555556 0.69453125 0.4888888888888889 0.690625 0.46111111111111114 0.68671875 0.4527777777777778 0.68515625 0.44027777777777777 0.68515625 0.41388888888888886 0.6890625 0.3763888888888889 0.68828125 0.3638888888888889 0.690625 0.3333333333333333 0.69453125 0.3138888888888889 0.69765625 0.30972222222222223 0.70546875 0.30694444444444446 0.73125 0.30694444444444446
0 0.50859375 0.3763888888888889 0.51640625 0.38055555555555554 0.5234375 0.40694444444444444 0.52421875 0.44305555555555554 0.521875 0.4583333333333333 0.51875 0.4625 0.503125 0.4513888888888889 0.4890625 0.4527777777777778 0.48046875 0.46111111111111114 0.4765625 0.46111111111111114 0.475 0.45694444444444443 0.47578125 0.41944444444444445 0.4828125 0.38333333333333336 0.490625 0.3763888888888889 0.5078125 0.3763888888888889
0 0.2515625 0.37222222222222223 0.2609375 0.37222222222222223 0.2625 0.375 0.26171875 0.39861111111111114 0.2546875 0.40694444444444444 0.25078125 0.4041666666666667 0.24921875 0.38333333333333336 0.25078125 0.3736111111111111
0 0.28359375 0.20833333333333334 0.28828125 0.21388888888888888 0.28984375 0.22083333333333333 0.28984375 0.23333333333333334 0.2875 0.2375 0.27421875 0.23472222222222222 0.27109375 0.22361111111111112 0.27109375 0.21666666666666667 0.2734375 0.2125 0.2828125 0.20833333333333334
0 0.29921875 0.5194444444444445 0.321875 0.5208333333333334 0.33984375 0.5416666666666666 0.340625 0.5944444444444444 0.33828125 0.6125 0.33125 0.6152777777777778 0.32734375 0.6222222222222222 0.3265625 0.6388888888888888 0.3234375 0.6472222222222223 0.3171875 0.6458333333333334 0.3140625 0.6375 0.29609375 0.6361111111111111 0.271875 0.6375 0.2625 0.6486111111111111 0.25859375 0.6486111111111111 0.25546875 0.6430555555555556 0.25078125 0.6152777777777778 0.253125 0.5972222222222222 0.253125 0.5791666666666667 0.26171875 0.5430555555555555 0.2703125 0.525 0.27578125 0.5194444444444445 0.2984375 0.5194444444444445
0 0.59765625 0.24861111111111112 0.60390625 0.25416666666666665 0.60546875 0.25972222222222224 0.60546875 0.28055555555555556 0.5984375 0.28055555555555556 0.59765625 0.27361111111111114 0.59375 0.26666666666666666 0.58046875 0.2638888888888889 0.58046875 0.2513888888888889 0.584375 0.24722222222222223 0.596875 0.24861111111111112
0 0.1234375 0.30833333333333335 0.1296875 0.325 0.13046875 0.33611111111111114 0.1296875 0.35138888888888886 0.1265625 0.3625 0.1234375 0.3625 0.115625 0.34305555555555556 0.109375 0.35555555555555557 0.10234375 0.35555555555555557 0.0984375 0.36944444444444446 0.08515625 0.37222222222222223 0.07734375 0.37222222222222223 0.07578125 0.36944444444444446 0.075 0.3472222222222222 0.08046875 0.3263888888888889 0.0859375 0.31527777777777777 0.08984375 0.3111111111111111 0.1 0.30833333333333335 0.12265625 0.30833333333333335
0 0.5234375 0.25833333333333336 0.52421875 0.24027777777777778 0.528125 0.23472222222222222 0.5375 0.2361111111111111 0.540625 0.24166666666666667 0.54140625 0.25277777777777777 0.53984375 0.25972222222222224 0.52421875 0.25833333333333336
0 0.6140625 0.17916666666666667 0.62265625 0.18055555555555555 0.625 0.18611111111111112 0.625 0.20416666666666666 0.6203125 0.20972222222222223 0.6125 0.20833333333333334 0.60859375 0.2013888888888889 0.60859375 0.18194444444444444 0.61328125 0.17916666666666667
0 0.5828125 0.42777777777777776 0.5890625 0.43333333333333335 0.59296875 0.4486111111111111 0.5953125 0.5013888888888889 0.5921875 0.5138888888888888 0.590625 0.5125 0.5875 0.48055555555555557 0.5796875 0.46111111111111114 0.54765625 0.45555555555555555 0.5484375 0.44583333333333336 0.55390625 0.42916666666666664 0.58203125 0.42777777777777776
0 0.51484375 0.375 0.51015625 0.37222222222222223 0.5109375 0.3472222222222222 0.509375 0.32916666666666666 0.51875 0.31527777777777777 0.54453125 0.3138888888888889 0.55 0.32083333333333336 0.5515625 0.33055555555555555 0.546875 0.37777777777777777 0.5421875 0.3861111111111111 0.53203125 0.39166666666666666 0.5296875 0.36666666666666664 0.5265625 0.3541666666666667 0.52265625 0.35138888888888886 0.515625 0.3638888888888889 0.515625 0.3736111111111111
0 0.74453125 0.7736111111111111 0.75546875 0.7736111111111111 0.78125 0.7805555555555556 0.78984375 0.7944444444444444 0.7953125 0.8083333333333333 0.8015625 0.8152777777777778 0.8015625 0.8347222222222223 0.80703125 0.8597222222222223 0.81953125 0.8972222222222223 0.82109375 0.9569444444444445 0.81875 0.9736111111111111 0.81875 0.9944444444444445 0.8171875 0.9986111111111111 0.79921875 0.9944444444444445 0.796875 0.9847222222222223 0.76796875 0.9833333333333333 0.76484375 0.9861111111111112 0.746875 0.9763888888888889 0.73671875 0.9777777777777777 0.72109375 0.9736111111111111 0.71328125 0.9805555555555555 0.70859375 0.9805555555555555 0.703125 0.9944444444444445 0.68984375 0.9944444444444445 0.68828125 0.9486111111111111 0.6828125 0.9347222222222222 0.675 0.8986111111111111 0.675 0.8541666666666666 0.678125 0.8194444444444444 0.6765625 0.8 0.68359375 0.7930555555555555 0.6953125 0.7902777777777777 0.70234375 0.7777777777777778 0.7078125 0.775 0.74375 0.775
0 0.31484375 0.2076388888888889 0.025 0.03194444444444444
0 0.73046875 0.4875 0.740625 0.4930555555555556 0.765625 0.49583333333333335 0.771875 0.5083333333333333 0.77578125 0.5291666666666667 0.77734375 0.55 0.7765625 0.5694444444444444 0.775 0.5722222222222222 0.7671875 0.5722222222222222 0.753125 0.5791666666666667 0.73046875 0.5777777777777777 0.7203125 0.5902777777777778 0.7171875 0.5819444444444445 0.71796875 0.5736111111111111 0.71328125 0.5652777777777778 0.7109375 0.5541666666666667 0.71171875 0.5180555555555556 0.7234375 0.4875 0.7296875 0.4875
0 0.60625 0.2847222222222222 0.6125 0.29444444444444445 0.61328125 0.3138888888888889 0.6046875 0.3194444444444444 0.5984375 0.32916666666666666 0.59140625 0.3263888888888889 0.58828125 0.31666666666666665 0.58984375 0.2875 0.59453125 0.2833333333333333 0.60546875 0.2847222222222222
0 0.34921875 0.23333333333333334 0.3484375 0.21805555555555556 0.35078125 0.20972222222222223 0.36171875 0.20416666666666666 0.36640625 0.20555555555555555 0.3703125 0.2125 0.37109375 0.22361111111111112 0.36875 0.22777777777777777 0.35703125 0.23472222222222222 0.35 0.23333333333333334
0 0.2625 0.28194444444444444 0.27265625 0.2875 0.275 0.29444444444444445 0.27734375 0.3458333333333333 0.27578125 0.35833333333333334 0.27109375 0.36944444444444446 0.26328125 0.37222222222222223 0.26328125 0.35833333333333334 0.25625 0.3458333333333333 0.25078125 0.3611111111111111 0.2484375 0.38055555555555554 0.228125 0.38333333333333336 0.2234375 0.38333333333333336 0.2203125 0.37916666666666665 0.215625 0.3597222222222222 0.2171875 0.34305555555555556 0.21484375 0.33055555555555555 0.21875 0.3055555555555556 0.23046875 0.2902777777777778 0.2421875 0.28194444444444444 0.26171875 0.28194444444444444
0 0.8015625 0.5777777777777777 0.8109375 0.5805555555555556 0.81875 0.5916666666666667 0.8265625 0.6111111111111112 0.83203125 0.6402777777777777 0.83359375 0.6847222222222222 0.828125 0.7222222222222222 0.825 0.7263888888888889 0.82109375 0.725 0.8171875 0.7111111111111111 0.7875 0.7041666666666667 0.76171875 0.7069444444444445 0.7609375 0.7125 0.7546875 0.7166666666666667 0.75078125 0.7083333333333334 0.74921875 0.6819444444444445 0.740625 0.6680555555555555 0.7421875 0.6166666666666667 0.75546875 0.5833333333333334 0.76171875 0.5763888888888888 0.80078125 0.5777777777777777
0 0.575 0.34305555555555556 0.5859375 0.3458333333333333 0.5890625 0.35 0.59140625 0.37083333333333335 0.58984375 0.38055555555555554 0.58203125 0.38055555555555554 0.57734375 0.36944444444444446 0.553125 0.36527777777777776 0.55234375 0.3625 0.5546875 0.35833333333333334 0.55625 0.34444444444444444 0.57421875 0.34305555555555556
0 0.5203125 0.23194444444444445 0.52265625 0.2375 0.521875 0.24861111111111112 0.515625 0.25416666666666665 0.5078125 0.25277777777777777 0.50546875 0.2375 0.50625 0.23333333333333334 0.51015625 0.23055555555555557 0.51953125 0.23194444444444445
0 0.5671875 0.3680555555555556 0.57734375 0.36944444444444446 0.58125 0.3763888888888889 0.5796875 0.37916666666666665 0.5640625 0.37916666666666665 0.5578125 0.3861111111111111 0.5515625 0.41388888888888886 0.55 0.4361111111111111 0.546875 0.44027777777777777 0.54453125 0.43194444444444446 0.54375 0.4027777777777778 0.55 0.375 0.5546875 0.3680555555555556 0.56640625 0.3680555555555556
0 0.23203125 0.20972222222222223 0.25234375 0.2111111111111111 0.25546875 0.21666666666666667 0.25703125 0.23333333333333334 0.246875 0.24166666666666667 0.240625 0.24166666666666667 0.23359375 0.2361111111111111 0.23203125 0.23333333333333334 0.23203125 0.2111111111111111
0 0 0.4222222222222222 0.009375 0.4166666666666667 0.0421875 0.41805555555555557 0.05703125 0.42777777777777776 0.06015625 0.43472222222222223 0.06015625 0.4736111111111111 0.05859375 0.4791666666666667 0.05703125 0.48194444444444445 0.0375 0.48194444444444445 0.03359375 0.4861111111111111 0.0296875 0.49722222222222223 0.025 0.4986111111111111 0.0125 0.4930555555555556 0.003125 0.4777777777777778 0.00234375 0.4708333333333333 0 0.46805555555555556 0 0.4236111111111111
0 0.1921875 0.27361111111111114 0.19609375 0.2763888888888889 0.19921875 0.29583333333333334 0.2015625 0.2916666666666667 0.20234375 0.275 0.21171875 0.2763888888888889 0.2171875 0.2916666666666667 0.21640625 0.30833333333333335 0.2125 0.3138888888888889 0.20625 0.31666666666666665 0.203125 0.31666666666666665 0.19921875 0.30833333333333335 0.1953125 0.3194444444444444 0.178125 0.32083333333333336 0.1765625 0.31527777777777777 0.1765625 0.29583333333333334 0.178125 0.2902777777777778 0.184375 0.2791666666666667 0.19140625 0.275
0 0.415625 0.6583333333333333 0.425 0.6722222222222223 0.4328125 0.6777777777777778 0.43046875 0.6888888888888889 0.4328125 0.7277777777777777 0.4296875 0.7472222222222222 0.4234375 0.7555555555555555 0.41953125 0.7944444444444444 0.41484375 0.8 0.40625 0.7986111111111112 0.40234375 0.8013888888888889 0.39765625 0.7986111111111112 0.39375 0.7819444444444444 0.3953125 0.7722222222222223 0.39375 0.7694444444444445 0.39375 0.7541666666666667 0.384375 0.7388888888888889 0.3765625 0.7333333333333333 0.34453125 0.7319444444444444 0.33671875 0.7277777777777777 0.34453125 0.6944444444444444 0.34453125 0.6888888888888889 0.33828125 0.6819444444444445 0.33828125 0.6777777777777778 0.340625 0.6736111111111112 0.3484375 0.6708333333333333 0.35234375 0.6583333333333333 0.3578125 0.6555555555555556 0.40625 0.6541666666666667 0.41484375 0.6583333333333333
0 0.546875 0.45555555555555555 0.5828125 0.46111111111111114 0.5859375 0.4736111111111111 0.590625 0.48055555555555557 0.58984375 0.5013888888888889 0.59296875 0.5097222222222222 0.59296875 0.525 0.590625 0.525 0.5890625 0.5138888888888888 0.58203125 0.5027777777777778 0.575 0.4986111111111111 0.5453125 0.49722222222222223 0.5359375 0.5069444444444444 0.53359375 0.5013888888888889 0.53359375 0.4861111111111111 0.52890625 0.48055555555555557 0.52890625 0.475 0.5359375 0.4722222222222222 0.5421875 0.4583333333333333 0.54609375 0.45694444444444443
0 0.5734375 0.5847222222222223 0.58515625 0.6027777777777777 0.5890625 0.6138888888888889 0.59140625 0.6652777777777777 0.590625 0.7 0.58828125 0.7111111111111111 0.57890625 0.7097222222222223 0.565625 0.6986111111111111 0.559375 0.6972222222222222 0.54765625 0.6972222222222222 0.540625 0.7055555555555556 0.525 0.7069444444444445 0.521875 0.7027777777777777 0.52109375 0.6583333333333333 0.525 0.6333333333333333 0.52421875 0.625 0.53046875 0.5944444444444444 0.53828125 0.5833333333333334 0.56015625 0.5819444444444445 0.57265625 0.5847222222222223
0 0.37421875 0.24027777777777778 0.3875 0.24166666666666667 0.39296875 0.24722222222222223 0.3953125 0.2513888888888889 0.39453125 0.26805555555555555 0.38984375 0.2861111111111111 0.37421875 0.29583333333333334 0.36953125 0.3055555555555556 0.365625 0.30277777777777776 0.3640625 0.2611111111111111 0.365625 0.24722222222222223 0.3734375 0.24027777777777778
0 0.153125 0.3888888888888889 0.1625 0.3902777777777778 0.16484375 0.4 0.16484375 0.4166666666666667 0.1609375 0.4263888888888889 0.15234375 0.43194444444444446 0.1484375 0.42916666666666664 0.146875 0.41944444444444445 0.14765625 0.39166666666666666 0.14921875 0.3875 0.15234375 0.3888888888888889
0 0.4375 0.31805555555555554 0.44609375 0.32083333333333336 0.453125 0.3402777777777778 0.453125 0.35555555555555557 0.44921875 0.36666666666666664 0.44375 0.36527777777777776 0.44375 0.35 0.43984375 0.3402777777777778 0.43359375 0.3458333333333333 0.43125 0.36527777777777776 0.42109375 0.36666666666666664 0.41953125 0.3611111111111111 0.4171875 0.3416666666666667 0.42109375 0.3263888888888889 0.428125 0.31805555555555554 0.43671875 0.31805555555555554
0 0.3140625 0.21666666666666667 0.31953125 0.225 0.31875 0.24027777777777778 0.3171875 0.25 0.31015625 0.25555555555555554 0.29609375 0.25416666666666665 0.29453125 0.2513888888888889 0.2953125 0.23333333333333334 0.29921875 0.21944444444444444 0.31328125 0.21666666666666667
0 0.61953125 0.31666666666666665 0.628125 0.32083333333333336 0.6296875 0.3277777777777778 0.61875 0.3263888888888889 0.6109375 0.33055555555555555 0.60390625 0.35138888888888886 0.603125 0.36527777777777776 0.60078125 0.36527777777777776 0.59765625 0.3597222222222222 0.59765625 0.3388888888888889 0.60546875 0.32083333333333336 0.61171875 0.31666666666666665 0.61875 0.31666666666666665
0 0.44140625 0.4097222222222222 0.44765625 0.4097222222222222 0.44921875 0.4111111111111111 0.446875 0.41388888888888886 0.44921875 0.41805555555555557 0.4546875 0.42083333333333334 0.4546875 0.42916666666666664 0.44921875 0.45555555555555555 0.446875 0.4583333333333333 0.4421875 0.4583333333333333 0.43671875 0.4513888888888889 0.43671875 0.44027777777777777 0.434375 0.43472222222222223 0.43515625 0.41388888888888886 0.440625 0.4097222222222222
0 0.4546875 0.3 0.4609375 0.3194444444444444 0.4609375 0.3347222222222222 0.45703125 0.3416666666666667 0.453125 0.3402777777777778 0.44765625 0.3236111111111111 0.44296875 0.31805555555555554 0.428125 0.31666666666666665 0.43046875 0.30833333333333335 0.4359375 0.3 0.45390625 0.3
0 0.5828125 0.20277777777777778 0.58828125 0.2111111111111111 0.58828125 0.22083333333333333 0.584375 0.2263888888888889 0.57734375 0.22361111111111112 0.5703125 0.2263888888888889 0.56875 0.22361111111111112 0.57109375 0.20416666666666666 0.58203125 0.20277777777777778
0 0.28515625 0.2361111111111111 0.2875 0.24027777777777778 0.2890625 0.25416666666666665 0.271875 0.2625 0.26796875 0.2708333333333333 0.26796875 0.2791666666666667 0.2640625 0.2791666666666667 0.26171875 0.275 0.26171875 0.25277777777777777 0.26484375 0.24305555555555555 0.27421875 0.2361111111111111 0.284375 0.2361111111111111
0 0.30625 0.25833333333333336 0.31015625 0.2763888888888889 0.309375 0.2972222222222222 0.3109375 0.3055555555555556 0.30703125 0.31666666666666665 0.30546875 0.3333333333333333 0.29296875 0.3402777777777778 0.27890625 0.3388888888888889 0.27734375 0.33611111111111114 0.275 0.29305555555555557 0.27265625 0.2861111111111111 0.26796875 0.28194444444444444 0.26875 0.26805555555555555 0.27265625 0.2611111111111111 0.28359375 0.2569444444444444 0.30546875 0.25833333333333336
0 0.39453125 0.33194444444444443 0.40703125 0.33194444444444443 0.41171875 0.3416666666666667 0.4125 0.4097222222222222 0.4078125 0.42083333333333334 0.4046875 0.4444444444444444 0.3859375 0.44166666666666665 0.37265625 0.45 0.365625 0.44722222222222224 0.36171875 0.42777777777777776 0.3609375 0.34444444444444444 0.365625 0.3347222222222222 0.36953125 0.33194444444444443 0.39375 0.33194444444444443
0 0.6390625 0.2652777777777778 0.64375 0.2652777777777778 0.64765625 0.2722222222222222 0.6375 0.2763888888888889 0.634375 0.28055555555555556 0.63203125 0.30694444444444446 0.63046875 0.30972222222222223 0.6265625 0.30972222222222223 0.62421875 0.3055555555555556 0.625 0.2861111111111111 0.6296875 0.26805555555555555 0.63828125 0.2652777777777778
0 0.58828125 0.38055555555555554 0.5953125 0.38472222222222224 0.59765625 0.3972222222222222 0.60390625 0.4027777777777778 0.60390625 0.4083333333333333 0.60078125 0.41388888888888886 0.60234375 0.43333333333333335 0.6015625 0.47638888888888886 0.5984375 0.4791666666666667 0.5953125 0.4736111111111111 0.59609375 0.4666666666666667 0.590625 0.4361111111111111 0.58671875 0.42916666666666664 0.5796875 0.4263888888888889 0.55703125 0.4263888888888889 0.553125 0.42916666666666664 0.55234375 0.425 0.553125 0.4111111111111111 0.56015625 0.38333333333333336 0.5875 0.38055555555555554
0 0.4390625 0.7222222222222222 0.4421875 0.7263888888888889 0.45 0.7236111111111111 0.46015625 0.7277777777777777 0.4640625 0.7347222222222223 0.46328125 0.7444444444444445 0.46640625 0.7486111111111111 0.46640625 0.8027777777777778 0.4640625 0.8180555555555555 0.4578125 0.8277777777777777 0.45390625 0.8416666666666667 0.4484375 0.8416666666666667 0.44609375 0.8375 0.4390625 0.8125 0.4375 0.7402777777777778 0.44140625 0.7263888888888889 0.43828125 0.7236111111111111
0 0.6109375 0.20972222222222223 0.61328125 0.2125 0.6140625 0.2222222222222222 0.61328125 0.23472222222222222 0.60859375 0.24861111111111112 0.59921875 0.24861111111111112 0.5953125 0.24305555555555555 0.59453125 0.21944444444444444 0.5953125 0.2125 0.59921875 0.20833333333333334 0.61015625 0.20972222222222223
0 0.47578125 0.2708333333333333 0.48203125 0.29305555555555557 0.48125 0.3055555555555556 0.478125 0.3111111111111111 0.46171875 0.3111111111111111 0.4578125 0.30694444444444446 0.45390625 0.29305555555555557 0.4546875 0.28055555555555556 0.45859375 0.2722222222222222 0.4640625 0.26944444444444443 0.475 0.2708333333333333
0 0.10546875 0.8888888888888888 0.12734375 0.8930555555555556 0.14453125 0.9097222222222222 0.15234375 0.9111111111111111 0.159375 0.9180555555555555 0.16328125 0.9569444444444445 0.16171875 0.9930555555555556 0.1609375 0.9958333333333333 0.146875 0.9958333333333333 0.14453125 0.9986111111111111 0.13671875 0.9986111111111111 0.13515625 0.9958333333333333 0.11796875 0.9958333333333333 0.115625 0.9986111111111111 0.05390625 0.9986111111111111 0.0515625 0.9958333333333333 0.04375 0.9958333333333333 0.03828125 0.9986111111111111 0.0359375 0.9958333333333333 0.0046875 0.9958333333333333 0 0.9902777777777778 0 0.95 0.01796875 0.9152777777777777 0.03203125 0.8986111111111111 0.05625 0.8902777777777777 0.1046875 0.8888888888888888
0 0.68046875 0.24722222222222223 0.68203125 0.25 0.68203125 0.2652777777777778 0.67890625 0.2708333333333333 0.67421875 0.26805555555555555 0.67109375 0.2569444444444444 0.675 0.24861111111111112 0.6796875 0.24722222222222223
0 0.87890625 0.7458333333333333 0.9046875 0.7458333333333333 0.928125 0.7527777777777778 0.9359375 0.7625 0.9421875 0.7805555555555556 0.9515625 0.7916666666666666 0.959375 0.8111111111111111 0.96328125 0.8277777777777777 0.96796875 0.8347222222222223 0.97578125 0.8569444444444444 0.97421875 0.9152777777777777 0.96484375 0.9263888888888889 0.959375 0.9263888888888889 0.9484375 0.9166666666666666 0.91015625 0.9097222222222222 0.8796875 0.9097222222222222 0.87578125 0.9152777777777777 0.86875 0.9180555555555555 0.8625 0.9097222222222222 0.8609375 0.8819444444444444 0.85859375 0.875 0.8484375 0.8597222222222223 0.83828125 0.8583333333333333 0.83359375 0.8527777777777777 0.83046875 0.8361111111111111 0.83046875 0.8069444444444445 0.834375 0.7680555555555556 0.8375 0.7638888888888888 0.8453125 0.7625 0.86171875 0.7458333333333333 0.878125 0.7458333333333333
0 0.6578125 0.3138888888888889 0.68203125 0.3138888888888889 0.68828125 0.33611111111111114 0.68515625 0.37083333333333335 0.6765625 0.35833333333333334 0.66171875 0.35555555555555557 0.659375 0.34305555555555556 0.65546875 0.33611111111111114 0.6578125 0.31527777777777777
0 0.565625 0.30416666666666664 0.5671875 0.2902777777777778 0.57421875 0.2833333333333333 0.5875 0.2861111111111111 0.5890625 0.28888888888888886 0.58828125 0.30694444444444446 0.584375 0.3125 0.56640625 0.30416666666666664
0 0.5734375 0.30833333333333335 0.5859375 0.31527777777777777 0.5921875 0.3375 0.58828125 0.3541666666666667 0.57734375 0.34444444444444444 0.55703125 0.3458333333333333 0.55625 0.3402777777777778 0.56328125 0.30972222222222223 0.57265625 0.30833333333333335
0 0.4859375 0.24444444444444444 0.49140625 0.25 0.49453125 0.2611111111111111 0.4953125 0.28194444444444444 0.49296875 0.2875 0.4875 0.2833333333333333 0.48125 0.2861111111111111 0.4765625 0.27361111111111114 0.4703125 0.2652777777777778 0.4703125 0.25416666666666665 0.47265625 0.24722222222222223 0.48515625 0.24444444444444444
0 0.7015625 0.6736111111111112 0.72890625 0.6791666666666667 0.7359375 0.6847222222222222 0.7484375 0.7347222222222223 0.7484375 0.7513888888888889 0.75078125 0.7597222222222222 0.75 0.7694444444444445 0.746875 0.7722222222222223 0.7234375 0.7708333333333334 0.7046875 0.775 0.69453125 0.7888888888888889 0.67890625 0.7944444444444444 0.67578125 0.8 0.6734375 0.8138888888888889 0.66875 0.8194444444444444 0.6640625 0.8166666666666667 0.66171875 0.7944444444444444 0.659375 0.7888888888888889 0.66484375 0.7263888888888889 0.66875 0.7055555555555556 0.6609375 0.6972222222222222 0.66015625 0.6930555555555555 0.66484375 0.6888888888888889 0.675 0.6875 0.68125 0.6736111111111112 0.70078125 0.6736111111111112
0 0.55703125 0.4986111111111111 0.578125 0.5013888888888889 0.58671875 0.5111111111111111 0.59140625 0.5444444444444444 0.59140625 0.6055555555555555 0.5875 0.6069444444444444 0.57578125 0.5847222222222223 0.5625 0.5805555555555556 0.54453125 0.5805555555555556 0.53515625 0.5847222222222223 0.53046875 0.5930555555555556 0.52890625 0.6069444444444444 0.52578125 0.6138888888888889 0.52265625 0.6138888888888889 0.52109375 0.6083333333333333 0.5203125 0.5805555555555556 0.525 0.5402777777777777 0.528125 0.5291666666666667 0.5234375 0.525 0.521875 0.5180555555555556 0.5296875 0.5138888888888888 0.5421875 0.5 0.55625 0.4986111111111111
0 0.48359375 0.3333333333333333 0.4921875 0.3388888888888889 0.496875 0.35833333333333334 0.49765625 0.37222222222222223 0.4859375 0.37777777777777777 0.47578125 0.3888888888888889 0.47109375 0.3861111111111111 0.46640625 0.3472222222222222 0.4703125 0.33611111111111114 0.4828125 0.3333333333333333
0 0.509375 0.2875 0.5125 0.28888888888888886 0.51484375 0.2986111111111111 0.5203125 0.3055555555555556 0.5203125 0.3138888888888889 0.51640625 0.32222222222222224 0.51015625 0.3277777777777778 0.50859375 0.3416666666666667 0.49453125 0.3416666666666667 0.4921875 0.33611111111111114 0.48359375 0.3277777777777778 0.48671875 0.31666666666666665 0.48671875 0.30277777777777776 0.49140625 0.28888888888888886 0.50859375 0.2875
0 0.453125 0.5027777777777778 0.46875 0.5055555555555555 0.47890625 0.5208333333333334 0.48515625 0.525 0.48203125 0.5333333333333333 0.4828125 0.5569444444444445 0.48046875 0.5916666666666667 0.4765625 0.6194444444444445 0.47421875 0.6236111111111111 0.46796875 0.6208333333333333 0.4625 0.6111111111111112 0.45625 0.6069444444444444 0.42578125 0.6069444444444444 0.41953125 0.6208333333333333 0.415625 0.6194444444444445 0.4140625 0.6138888888888889 0.41484375 0.5611111111111111 0.4203125 0.5333333333333333 0.41484375 0.5222222222222223 0.42265625 0.5166666666666667 0.42890625 0.5041666666666667 0.45234375 0.5027777777777778
0 0.58125 0.2569444444444444 0.58359375 0.2625 0.59375 0.2652777777777778 0.59921875 0.27361111111111114 0.59765625 0.28194444444444444 0.5921875 0.2833333333333333 0.58828125 0.2902777777777778 0.58203125 0.2847222222222222 0.57421875 0.2847222222222222 0.57421875 0.275 0.58125 0.25833333333333336
0 0.5640625 0.7111111111111111 0.58203125 0.7152777777777778 0.59140625 0.7319444444444444 0.6015625 0.7375 0.60625 0.7444444444444445 0.60546875 0.7513888888888889 0.59609375 0.7569444444444444 0.60234375 0.7930555555555555 0.60390625 0.8263888888888888 0.60234375 0.8875 0.5984375 0.9013888888888889 0.59140625 0.8986111111111111 0.58359375 0.8861111111111111 0.5515625 0.8763888888888889 0.5171875 0.8819444444444444 0.5078125 0.8944444444444445 0.503125 0.8944444444444445 0.5 0.8888888888888888 0.4984375 0.8458333333333333 0.5015625 0.8069444444444445 0.50078125 0.7777777777777778 0.50234375 0.7611111111111111 0.50078125 0.7555555555555555 0.5046875 0.7513888888888889 0.49453125 0.7444444444444445 0.49453125 0.7347222222222223 0.49765625 0.7319444444444444 0.50859375 0.7319444444444444 0.521875 0.7111111111111111 0.56328125 0.7111111111111111
0 0.57109375 0.2263888888888889 0.5859375 0.22777777777777777 0.5921875 0.2375 0.59140625 0.24444444444444444 0.571875 0.25 0.56953125 0.24722222222222223 0.56875 0.24027777777777778 0.57109375 0.22777777777777777
0 0.6546875 0.49583333333333335 0.675 0.5027777777777778 0.67890625 0.5097222222222222 0.68046875 0.5180555555555556 0.68515625 0.525 0.68515625 0.5305555555555556 0.68203125 0.5402777777777777 0.6640625 0.5402777777777777 0.65546875 0.5472222222222223 0.6515625 0.5555555555555556 0.65078125 0.5666666666666667 0.65390625 0.5986111111111111 0.6375 0.6027777777777777 0.62734375 0.6152777777777778 0.6234375 0.6083333333333333 0.62109375 0.5833333333333334 0.6203125 0.5319444444444444 0.621875 0.5222222222222223 0.61953125 0.5180555555555556 0.62265625 0.5166666666666667 0.63046875 0.5027777777777778 0.65390625 0.49583333333333335
0 0.175 0.4722222222222222 0.18515625 0.47638888888888886 0.18671875 0.4861111111111111 0.1859375 0.5027777777777778 0.17265625 0.5111111111111111 0.1671875 0.5097222222222222 0.16484375 0.49583333333333335 0.165625 0.47638888888888886 0.17421875 0.4736111111111111
0 0.63203125 0.32916666666666666 0.63515625 0.3347222222222222 0.63671875 0.3458333333333333 0.61953125 0.3486111111111111 0.6171875 0.3597222222222222 0.6171875 0.3736111111111111 0.61328125 0.38472222222222224 0.609375 0.3861111111111111 0.60546875 0.3861111111111111 0.603125 0.37777777777777777 0.6015625 0.3597222222222222 0.6046875 0.3402777777777778 0.61484375 0.3263888888888889 0.63125 0.32916666666666666
0 0.63046875 0.23194444444444445 0.63515625 0.24027777777777778 0.63515625 0.2611111111111111 0.62578125 0.2708333333333333 0.61171875 0.26944444444444443 0.6109375 0.24444444444444444 0.61328125 0.23333333333333334 0.6296875 0.23194444444444445
0 0.6515625 0.27361111111111114 0.66484375 0.2777777777777778 0.66796875 0.2861111111111111 0.66796875 0.3 0.65546875 0.31805555555555554 0.65546875 0.3277777777777778 0.65078125 0.3388888888888889 0.63671875 0.3333333333333333 0.6328125 0.3236111111111111 0.63203125 0.30972222222222223 0.6328125 0.28194444444444444 0.63828125 0.275 0.65078125 0.27361111111111114
0 0.328125 0.7319444444444444 0.35546875 0.7361111111111112 0.37578125 0.7333333333333333 0.39140625 0.75 0.39296875 0.7541666666666667 0.39140625 0.8055555555555556 0.4 0.8138888888888889 0.39765625 0.8694444444444445 0.4 0.8916666666666667 0.3984375 0.9055555555555556 0.40078125 0.9097222222222222 0.3984375 0.9055555555555556 0.396875 0.9069444444444444 0.396875 0.9138888888888889 0.39296875 0.9222222222222223 0.38828125 0.9458333333333333 0.38203125 0.9569444444444445 0.375 0.9861111111111112 0.3703125 0.9944444444444445 0.346875 0.9944444444444445 0.3546875 0.9847222222222223 0.35234375 0.9791666666666666 0.35625 0.9763888888888889 0.353125 0.9680555555555556 0.3453125 0.9680555555555556 0.34375 0.9708333333333333 0.34453125 0.9763888888888889 0.3375 0.9763888888888889 0.34140625 0.9805555555555555 0.325 0.9833333333333333 0.31953125 0.9805555555555555 0.31796875 0.9833333333333333 0.31875 0.9888888888888889 0.31328125 0.9888888888888889 0.31484375 0.9944444444444445 0.30234375 0.9944444444444445 0.3015625 0.9888888888888889 0.29921875 0.9875 0.2921875 0.9944444444444445 0.27734375 0.9958333333333333 0.27578125 0.9986111111111111 0.24609375 0.9986111111111111 0.24375 0.9930555555555556 0.2453125 0.9652777777777778 0.24140625 0.9291666666666667 0.23984375 0.8625 0.25546875 0.8208333333333333 0.26796875 0.7972222222222223 0.27421875 0.7805555555555556 0.2921875 0.75 0.31640625 0.7333333333333333 0.32734375 0.7319444444444444
0 0.35859375 0.26875 0.0125 0.034722222222222224
0 0.6453125 0.35555555555555557 0.671875 0.3597222222222222 0.678125 0.3638888888888889 0.68359375 0.37222222222222223 0.684375 0.3888888888888889 0.68125 0.42777777777777776 0.68203125 0.4847222222222222 0.67890625 0.49444444444444446 0.675 0.49722222222222223 0.63359375 0.5 0.6203125 0.5291666666666667 0.6171875 0.5236111111111111 0.6140625 0.48194444444444445 0.61328125 0.4236111111111111 0.61484375 0.41805555555555557 0.615625 0.3861111111111111 0.61796875 0.375 0.615625 0.3625 0.61796875 0.35694444444444445 0.62265625 0.3541666666666667 0.64453125 0.35555555555555557
0 0.6859375 0.5430555555555555 0.70625 0.5527777777777778 0.71015625 0.5597222222222222 0.7125 0.575 0.71171875 0.5986111111111111 0.71796875 0.6444444444444445 0.71640625 0.6722222222222223 0.70390625 0.6708333333333333 0.69921875 0.6652777777777777 0.6984375 0.6569444444444444 0.70078125 0.6402777777777777 0.69140625 0.6222222222222222 0.690625 0.6097222222222223 0.6875 0.6027777777777777 0.68984375 0.5805555555555556 0.68515625 0.5625 0.68203125 0.5597222222222222 0.675 0.5625 0.6609375 0.5569444444444445 0.65703125 0.5569444444444445 0.65390625 0.5611111111111111 0.6515625 0.5597222222222222 0.653125 0.55 0.6609375 0.5430555555555555 0.68515625 0.5430555555555555
0 0.346875 0.4847222222222222 0.3546875 0.49722222222222223 0.35546875 0.5083333333333333 0.3453125 0.5263888888888889 0.33984375 0.5236111111111111 0.33515625 0.4986111111111111 0.33671875 0.4875 0.34609375 0.4847222222222222