3 0.68203125 0.1986111111111111 0.6859375 0.20277777777777778 0.68203125 0.22916666666666666 0.6671875 0.2625 0.659375 0.2625 0.65625 0.25555555555555554 0.6546875 0.23055555555555557 0.6578125 0.21666666666666667 0.65703125 0.20416666666666666 0.67109375 0.1986111111111111 0.68125 0.1986111111111111
3 0.4359375 0.2125 0.4390625 0.21805555555555556 0.4390625 0.25555555555555554 0.43515625 0.2611111111111111 0.42890625 0.2611111111111111 0.42265625 0.2652777777777778 0.41796875 0.2833333333333333 0.415625 0.2847222222222222 0.41328125 0.28055555555555556 0.41171875 0.25416666666666665 0.41328125 0.21805555555555556 0.41796875 0.2111111111111111 0.43515625 0.2125
3 0.5984375 0.5138888888888888 0.63125 0.5472222222222223 0.6515625 0.5736111111111111 0.65390625 0.6180555555555556 0.653125 0.6666666666666666 0.665625 0.7166666666666667 0.66953125 0.7694444444444445 0.66953125 0.7930555555555555 0.6640625 0.7986111111111112 0.65390625 0.8 0.6328125 0.7958333333333333 0.59921875 0.8 0.584375 0.7986111111111112 0.57890625 0.8041666666666667 0.571875 0.8180555555555555 0.56640625 0.8388888888888889 0.565625 0.8486111111111111 0.56171875 0.8611111111111112 0.5578125 0.9069444444444444 0.55859375 0.9166666666666666 0.55078125 0.9305555555555556 0.546875 0.9305555555555556 0.54296875 0.925 0.534375 0.8972222222222223 0.5234375 0.8763888888888889 0.51953125 0.8708333333333333 0.50859375 0.8694444444444445 0.50546875 0.8652777777777778 0.5015625 0.8305555555555556 0.5015625 0.7972222222222223 0.4875 0.7708333333333334 0.48203125 0.7541666666666667 0.4796875 0.725 0.48203125 0.6625 0.4796875 0.6444444444444445 0.4796875 0.6069444444444444 0.4765625 0.5972222222222222 0.4796875 0.5527777777777778 0.47890625 0.5277777777777778 0.48046875 0.5222222222222223 0.484375 0.5194444444444445 0.5015625 0.5152777777777777 0.540625 0.5180555555555556 0.56328125 0.5111111111111111 0.59296875 0.5111111111111111 0.59765625 0.5138888888888888
3 0.23046875 0.17916666666666667 0.2421875 0.18472222222222223 0.24453125 0.19583333333333333 0.24453125 0.20694444444444443 0.24140625 0.2222222222222222 0.23359375 0.225 0.23046875 0.225 0.225 0.21388888888888888 0.22109375 0.19444444444444445 0.22109375 0.18194444444444444 0.2296875 0.17916666666666667
3 0.51640625 0.4583333333333333 0.53515625 0.4638888888888889 0.55859375 0.4861111111111111 0.56484375 0.49583333333333335 0.5640625 0.5083333333333333 0.53984375 0.5152777777777777 0.50234375 0.5125 0.48515625 0.5166666666666667 0.478125 0.5236111111111111 0.478125 0.5736111111111111 0.47578125 0.5847222222222223 0.478125 0.5902777777777778 0.47734375 0.5986111111111111 0.47890625 0.6041666666666666 0.47734375 0.6555555555555556 0.4796875 0.6638888888888889 0.4796875 0.6777777777777778 0.4765625 0.7013888888888888 0.47734375 0.7083333333333334 0.4734375 0.7166666666666667 0.459375 0.7208333333333333 0.45234375 0.7180555555555556 0.44921875 0.7111111111111111 0.4453125 0.6569444444444444 0.4375 0.6444444444444445 0.4390625 0.5805555555555556 0.43828125 0.5569444444444445 0.43671875 0.5527777777777778 0.43671875 0.5333333333333333 0.43828125 0.5291666666666667 0.43671875 0.5041666666666667 0.440625 0.4736111111111111 0.43828125 0.4625 0.44140625 0.4597222222222222 0.515625 0.4583333333333333
2 0.57421875 0.43333333333333335 0.5734375 0.4041666666666667 0.57734375 0.4 0.58828125 0.4013888888888889 0.58984375 0.4041666666666667 0.58984375 0.4236111111111111 0.5875 0.43333333333333335 0.575 0.43333333333333335
2 0.74609375 0.7472222222222222 0.74765625 0.7486111111111111 0.746875 0.7583333333333333 0.74921875 0.7708333333333334 0.7484375 0.8097222222222222 0.75 0.825 0.74765625 0.8472222222222222 0.74453125 0.8527777777777777 0.73984375 0.8513888888888889 0.72421875 0.8333333333333334 0.7203125 0.8222222222222222 0.71328125 0.8166666666666667 0.7125 0.8097222222222222 0.71796875 0.7833333333333333 0.71875 0.7611111111111111 0.72265625 0.7569444444444444 0.7375 0.7541666666666667 0.7453125 0.7472222222222222
2 0.145703125 0.3284722222222222 0.01171875 0.034722222222222224
2 0.951171875 0.7284722222222222 0.04921875 0.09305555555555556
2 0.08828125 0.6055555555555555 0.0921875 0.6055555555555555 0.09609375 0.6180555555555556 0.1125 0.6194444444444445 0.1171875 0.625 0.11875 0.6625 0.11875 0.6680555555555555 0.10859375 0.7 0.10703125 0.7027777777777777 0.10078125 0.7027777777777777 0.09921875 0.7 0.09453125 0.6791666666666667 0.08984375 0.6708333333333333 0.09140625 0.6152777777777778 0.08828125 0.6069444444444444
2 0.0359375 0.6722222222222223 0.0375 0.675 0.04921875 0.675 0.053125 0.6805555555555556 0.05546875 0.7 0.06171875 0.7208333333333333 0.06171875 0.7277777777777777 0.0546875 0.7430555555555556 0.053125 0.7555555555555555 0.05 0.7611111111111111 0.04609375 0.7611111111111111 0.034375 0.7236111111111111 0.0328125 0.6819444444444445 0.0359375 0.6736111111111112
2 0.18046875 0.24305555555555555 0.184375 0.2513888888888889 0.18203125 0.26805555555555555 0.1734375 0.26805555555555555 0.171875 0.2652777777777778 0.1734375 0.24861111111111112 0.17578125 0.24305555555555555 0.1796875 0.24305555555555555
2 0.11640625 0.3888888888888889 0.1296875 0.39166666666666666 0.13125 0.39444444444444443 0.1296875 0.4222222222222222 0.12734375 0.4305555555555556 0.12421875 0.43472222222222223 0.11796875 0.43194444444444446 0.11484375 0.4125 0.115625 0.3902777777777778
2 0.6640625 0.5111111111111111 0.66875 0.5097222222222222 0.66796875 0.5138888888888888 0.66328125 0.5152777777777777 0.6671875 0.5222222222222223 0.6703125 0.5361111111111111 0.66796875 0.5736111111111111 0.66484375 0.5902777777777778 0.65546875 0.5888888888888889 0.653125 0.5722222222222222 0.63984375 0.5527777777777778 0.63984375 0.5416666666666666 0.64453125 0.5277777777777778 0.64375 0.5166666666666667 0.6453125 0.5194444444444445 0.65078125 0.5194444444444445 0.65390625 0.5152777777777777 0.66328125 0.5152777777777777 0.6640625 0.5125
2 0.116796875 0.3458333333333333 0.01484375 0.03888888888888889
2 0.55078125 0.425 0.55390625 0.42777777777777776 0.55546875 0.4361111111111111 0.55546875 0.4625 0.55390625 0.4722222222222222 0.55078125 0.47638888888888886 0.5453125 0.4736111111111111 0.5390625 0.4638888888888889 0.540625 0.42916666666666664 0.54296875 0.425 0.55 0.425
2 0.66171875 0.5236111111111111 0.66953125 0.5361111111111111 0.66796875 0.5722222222222222 0.6640625 0.5916666666666667 0.65546875 0.5902777777777778 0.65234375 0.5708333333333333 0.64296875 0.5541666666666667 0.64375 0.5388888888888889 0.646875 0.5375 0.64921875 0.525 0.6609375 0.5236111111111111
1 0.48046875 0.19583333333333333 0.4859375 0.20277777777777778 0.4875 0.20972222222222223 0.4859375 0.23333333333333334 0.48359375 0.2361111111111111 0.47265625 0.2361111111111111 0.4734375 0.225 0.471875 0.21666666666666667 0.4640625 0.2111111111111111 0.4671875 0.1986111111111111 0.4796875 0.19583333333333333
1 0.440625 0.30972222222222223 0.44609375 0.3138888888888889 0.4578125 0.3458333333333333 0.45625 0.3611111111111111 0.45078125 0.375 0.44609375 0.38333333333333336 0.44296875 0.38472222222222224 0.43515625 0.3819444444444444 0.41796875 0.38472222222222224 0.4109375 0.36666666666666664 0.40625 0.3472222222222222 0.4078125 0.31805555555555554 0.41171875 0.3111111111111111 0.41640625 0.30833333333333335 0.43984375 0.30972222222222223
1 0.42734375 0.19027777777777777 0.43515625 0.19583333333333333 0.43515625 0.20972222222222223 0.4203125 0.2125 0.41484375 0.20833333333333334 0.4140625 0.19583333333333333 0.41796875 0.19027777777777777 0.4265625 0.19027777777777777
1 0.4828125 0.18611111111111112 0.49765625 0.18333333333333332 0.5015625 0.19166666666666668 0.5 0.20694444444444443 0.49765625 0.2111111111111111 0.49296875 0.2125 0.4875 0.20833333333333334 0.4859375 0.2013888888888889 0.48125 0.19444444444444445 0.4828125 0.1875
1 0.353125 0.2263888888888889 0.35703125 0.23333333333333334 0.359375 0.2652777777777778 0.353125 0.2569444444444444 0.34140625 0.25833333333333336 0.3328125 0.24722222222222223 0.33359375 0.2375 0.33828125 0.2263888888888889 0.3453125 0.22361111111111112 0.35234375 0.2263888888888889
1 0.40859375 0.9430555555555555 0.421875 0.9472222222222222 0.43046875 0.9597222222222223 0.4453125 0.9916666666666667 0.44375 0.9958333333333333 0.4390625 0.9986111111111111 0.321875 0.9986111111111111 0.32109375 0.9944444444444445 0.32578125 0.9902777777777778 0.3359375 0.9625 0.34921875 0.9513888888888888 0.38671875 0.9430555555555555 0.4078125 0.9430555555555555
1 0.480078125 0.25833333333333336 0.02109375 0.03888888888888889
1 0.1953125 0.4736111111111111 0.19296875 0.4486111111111111 0.19765625 0.40694444444444444 0.20546875 0.3958333333333333 0.22578125 0.39305555555555555 0.2375 0.39444444444444443 0.2453125 0.4152777777777778 0.2453125 0.4222222222222222 0.22890625 0.425 0.21953125 0.4305555555555556 0.21015625 0.44583333333333336 0.2046875 0.4708333333333333 0.2 0.475 0.19609375 0.4736111111111111
1 0.3609375 0.4027777777777778 0.3890625 0.4041666666666667 0.39453125 0.41388888888888886 0.40078125 0.43472222222222223 0.4015625 0.4930555555555556 0.40078125 0.49722222222222223 0.390625 0.5111111111111111 0.3828125 0.5111111111111111 0.3796875 0.5055555555555555 0.37265625 0.4875 0.36796875 0.4652777777777778 0.36015625 0.45 0.35 0.44305555555555554 0.3359375 0.44166666666666665 0.34765625 0.41388888888888886 0.35390625 0.40555555555555556 0.36015625 0.4027777777777778
1 0.3015625 0.39861111111111114 0.3140625 0.4027777777777778 0.31640625 0.41388888888888886 0.315625 0.41805555555555557 0.3203125 0.4222222222222222 0.321875 0.42777777777777776 0.32109375 0.44166666666666665 0.30703125 0.45555555555555555 0.30703125 0.4708333333333333 0.303125 0.4861111111111111 0.27890625 0.4888888888888889 0.2734375 0.4861111111111111 0.27265625 0.46805555555555556 0.2671875 0.4513888888888889 0.2671875 0.4263888888888889 0.271875 0.4083333333333333 0.27890625 0.3972222222222222 0.30078125 0.39861111111111114
1 0.36484375 0.2152777777777778 0.36171875 0.20833333333333334 0.3625 0.1986111111111111 0.36484375 0.19027777777777777 0.36875 0.18611111111111112 0.3796875 0.1875 0.3828125 0.19583333333333333 0.37734375 0.21666666666666667 0.365625 0.2152777777777778
1 0.46875 0.24722222222222223 0.475 0.25416666666666665 0.478125 0.26666666666666666 0.4796875 0.28194444444444444 0.4765625 0.2902777777777778 0.4578125 0.28888888888888886 0.45390625 0.2833333333333333 0.45234375 0.26666666666666666 0.45546875 0.25277777777777777 0.46015625 0.24583333333333332 0.46796875 0.24722222222222223
1 0.40703125 0.20555555555555555 0.4109375 0.2152777777777778 0.4109375 0.23472222222222222 0.4078125 0.2388888888888889 0.39296875 0.2375 0.39140625 0.23055555555555557 0.39375 0.20833333333333334 0.39609375 0.20555555555555555 0.40625 0.20555555555555555
1 0 0.8333333333333334 0.009375 0.8375 0.02109375 0.8541666666666666 0.0359375 0.8694444444444445 0.0390625 0.8777777777777778 0.04765625 0.8888888888888888 0.0703125 0.9 0.0796875 0.9013888888888889 0.10390625 0.9194444444444444 0.109375 0.9277777777777778 0.1171875 0.9597222222222223 0.11640625 0.9861111111111112 0.1140625 0.9944444444444445 0.109375 0.9972222222222222 0.07578125 0.9958333333333333 0.06953125 0.9986111111111111 0.0453125 0.9986111111111111 0.03828125 0.9958333333333333 0.025 0.9986111111111111 0.02265625 0.9958333333333333 0.01328125 0.9958333333333333 0.00390625 0.9986111111111111 0.0015625 0.9875 0.00234375 0.9819444444444444 0 0.9791666666666666 0 0.9472222222222222 0.00234375 0.9458333333333333 0 0.9402777777777778 0 0.8347222222222223
1 0.66875 0.7972222222222223 0.67578125 0.8041666666666667 0.68984375 0.8291666666666667 0.7171875 0.8916666666666667 0.73125 0.8972222222222223 0.73125 0.9041666666666667 0.72265625 0.9138888888888889 0.72265625 0.9208333333333333 0.73203125 0.9486111111111111 0.7328125 0.9638888888888889 0.7265625 0.9680555555555556 0.71015625 0.9708333333333333 0.696875 0.9666666666666667 0.66953125 0.9680555555555556 0.66484375 0.9736111111111111 0.665625 0.9763888888888889 0.65703125 0.9791666666666666 0.65078125 0.9791666666666666 0.646875 0.975 0.64375 0.9833333333333333 0.63984375 0.9819444444444444 0.63828125 0.9847222222222223 0.6390625 0.9930555555555556 0.62421875 0.9972222222222222 0.60234375 0.9958333333333333 0.5984375 0.9819444444444444 0.590625 0.9819444444444444 0.58984375 0.9847222222222223 0.59296875 0.9888888888888889 0.59296875 0.9930555555555556 0.5890625 0.9958333333333333 0.5671875 0.9972222222222222 0.565625 0.9944444444444445 0.56640625 0.9833333333333333 0.5625 0.9805555555555555 0.559375 0.9736111111111111 0.559375 0.9458333333333333 0.5578125 0.9375 0.56015625 0.8652777777777778 0.57265625 0.8180555555555555 0.58359375 0.8 0.66796875 0.7972222222222223
1 0.22109375 0.3111111111111111 0.22890625 0.31805555555555554 0.23515625 0.33055555555555555 0.2359375 0.33611111111111114 0.234375 0.3416666666666667 0.21328125 0.3388888888888889 0.19296875 0.34305555555555556 0.1921875 0.32916666666666666 0.19609375 0.31805555555555554 0.20859375 0.3111111111111111 0.2203125 0.3111111111111111
1 0.74296875 0.5694444444444444 0.76875 0.5736111111111111 0.7828125 0.5902777777777778 0.796875 0.6166666666666667 0.80390625 0.6361111111111111 0.80703125 0.6611111111111111 0.80703125 0.6916666666666667 0.80625 0.6972222222222222 0.803125 0.7013888888888888 0.78671875 0.6930555555555555 0.7375 0.6916666666666667 0.725 0.6708333333333333 0.7171875 0.6694444444444444 0.7046875 0.675 0.7 0.6736111111111112 0.6953125 0.6666666666666666 0.69453125 0.6361111111111111 0.696875 0.5916666666666667 0.69921875 0.5875 0.70625 0.5875 0.7140625 0.5736111111111111 0.71953125 0.5694444444444444 0.7421875 0.5694444444444444
1 0.3625 0.3888888888888889 0.39296875 0.38472222222222224 0.4 0.3888888888888889 0.41328125 0.4305555555555556 0.41484375 0.4652777777777778 0.41328125 0.475 0.40859375 0.4777777777777778 0.40390625 0.47638888888888886 0.4015625 0.46805555555555556 0.4015625 0.4361111111111111 0.39765625 0.42916666666666664 0.3921875 0.40694444444444444 0.38671875 0.4013888888888889 0.359375 0.4041666666666667 0.3625 0.3902777777777778
1 0.41015625 0.5194444444444445 0.42109375 0.5291666666666667 0.43671875 0.5583333333333333 0.4375 0.6152777777777778 0.4359375 0.6347222222222222 0.3828125 0.6347222222222222 0.37734375 0.6402777777777777 0.37265625 0.6361111111111111 0.36953125 0.6236111111111111 0.3625 0.6222222222222222 0.36015625 0.6166666666666667 0.35703125 0.5847222222222223 0.35859375 0.5569444444444445 0.365625 0.5388888888888889 0.3734375 0.5263888888888889 0.3828125 0.5208333333333334 0.409375 0.5194444444444445
1 0.35546875 0.2569444444444444 0.359375 0.2625 0.36171875 0.2777777777777778 0.3609375 0.29444444444444445 0.35546875 0.2986111111111111 0.33125 0.2972222222222222 0.3296875 0.28055555555555556 0.3265625 0.2722222222222222 0.32890625 0.26666666666666666 0.33671875 0.25972222222222224 0.3546875 0.2569444444444444
1 0.2984375 0.5666666666666667 0.3109375 0.6055555555555555 0.31484375 0.6125 0.32421875 0.6125 0.3265625 0.6166666666666667 0.32421875 0.625 0.31640625 0.6291666666666667 0.32578125 0.6652777777777777 0.32890625 0.6902777777777778 0.328125 0.7013888888888888 0.27578125 0.7 0.2609375 0.7041666666666667 0.25234375 0.7125 0.24609375 0.7291666666666666 0.24296875 0.7486111111111111 0.234375 0.7569444444444444 0.23125 0.7555555555555555 0.22734375 0.7472222222222222 0.2265625 0.7291666666666666 0.22109375 0.7111111111111111 0.21953125 0.6930555555555555 0.2203125 0.6444444444444445 0.22421875 0.6402777777777777 0.2265625 0.5972222222222222 0.23671875 0.5833333333333334 0.240625 0.5708333333333333 0.24375 0.5694444444444444 0.29765625 0.5666666666666667
1 0.4484375 0.2652777777777778 0.453125 0.2763888888888889 0.453125 0.30972222222222223 0.45234375 0.31527777777777777 0.44921875 0.31805555555555554 0.43984375 0.30694444444444446 0.421875 0.30694444444444446 0.41796875 0.3 0.41796875 0.28194444444444444 0.42109375 0.26805555555555555 0.42421875 0.2638888888888889 0.440625 0.2611111111111111 0.44765625 0.2652777777777778
1 0.38046875 0.3527777777777778 0.390625 0.36944444444444446 0.39296875 0.38333333333333336 0.36484375 0.3861111111111111 0.35625 0.4041666666666667 0.3453125 0.4152777777777778 0.34375 0.38055555555555554 0.35 0.3625 0.3546875 0.35555555555555557 0.3796875 0.3527777777777778
1 0.31328125 0.20694444444444443 0.31796875 0.2222222222222222 0.31796875 0.24027777777777778 0.31484375 0.24444444444444444 0.29140625 0.24444444444444444 0.2890625 0.24166666666666667 0.28984375 0.2263888888888889 0.29609375 0.20972222222222223 0.3015625 0.20555555555555555 0.3125 0.20694444444444443
1 0.3875 0.29305555555555557 0.39375 0.30277777777777776 0.3984375 0.33055555555555555 0.38984375 0.3458333333333333 0.359375 0.35138888888888886 0.35546875 0.34444444444444444 0.35625 0.325 0.3546875 0.31527777777777777 0.3578125 0.30694444444444446 0.3671875 0.29305555555555557 0.38671875 0.29305555555555557
1 0.546875 0.3333333333333333 0.56015625 0.33611111111111114 0.57109375 0.3527777777777778 0.56953125 0.3597222222222222 0.5703125 0.39861111111111114 0.5671875 0.4027777777777778 0.55234375 0.4013888888888889 0.54296875 0.39166666666666666 0.53671875 0.4027777777777778 0.52890625 0.4041666666666667 0.521875 0.3972222222222222 0.5203125 0.35694444444444445 0.525 0.3388888888888889 0.5296875 0.3347222222222222 0.54609375 0.3347222222222222
1 0.44375 0.2222222222222222 0.44921875 0.22361111111111112 0.45703125 0.24305555555555555 0.453125 0.2611111111111111 0.44921875 0.2652777777777778 0.4390625 0.25555555555555554 0.43984375 0.2263888888888889 0.44296875 0.2222222222222222
1 0.30625 0.38333333333333336 0.31171875 0.3888888888888889 0.31796875 0.4013888888888889 0.32421875 0.4041666666666667 0.325 0.4111111111111111 0.321875 0.4152777777777778 0.32109375 0.425 0.31796875 0.4236111111111111 0.3140625 0.4111111111111111 0.3078125 0.4013888888888889 0.29765625 0.39861111111111114 0.27578125 0.4013888888888889 0.27890625 0.3861111111111111 0.30546875 0.38333333333333336
1 0.50234375 0.16527777777777777 0.5046875 0.16666666666666666 0.50625 0.175 0.50625 0.18055555555555555 0.50234375 0.18472222222222223 0.496875 0.18472222222222223 0.49296875 0.17777777777777778 0.49375 0.16805555555555557 0.5015625 0.16527777777777777
1 0.696875 0.9722222222222222 0.7296875 0.9694444444444444 0.74609375 0.9736111111111111 0.7484375 0.9777777777777777 0.7546875 0.9805555555555555 0.75703125 0.9763888888888889 0.76171875 0.975 0.77265625 0.9861111111111112 0.775 0.9916666666666667 0.76953125 0.9958333333333333 0.75234375 0.9986111111111111 0.65703125 0.9986111111111111 0.65546875 0.9833333333333333 0.6578125 0.9777777777777777 0.6609375 0.9805555555555555 0.66953125 0.975 0.69609375 0.9722222222222222
1 0.38046875 0.21805555555555556 0.38671875 0.24583333333333332 0.38671875 0.2569444444444444 0.384375 0.2611111111111111 0.37578125 0.25833333333333336 0.3625 0.2611111111111111 0.359375 0.25555555555555554 0.35859375 0.23055555555555557 0.3609375 0.22361111111111112 0.36875 0.21666666666666667 0.3796875 0.21805555555555556
1 0.35234375 0.44583333333333336 0.35859375 0.4486111111111111 0.36640625 0.4638888888888889 0.37734375 0.5041666666666667 0.37890625 0.5125 0.378125 0.5208333333333334 0.371875 0.5236111111111111 0.35859375 0.55 0.3546875 0.5527777777777778 0.32734375 0.5541666666666667 0.31796875 0.5611111111111111 0.3140625 0.5597222222222222 0.3125 0.55 0.3078125 0.5458333333333333 0.30625 0.5402777777777777 0.30546875 0.4875 0.309375 0.4722222222222222 0.309375 0.4625 0.3171875 0.4486111111111111 0.3515625 0.44583333333333336
1 0.25234375 0.4236111111111111 0.2625 0.4305555555555556 0.2671875 0.4597222222222222 0.271875 0.46944444444444444 0.27265625 0.49166666666666664 0.26953125 0.4986111111111111 0.2703125 0.5041666666666667 0.26875 0.5055555555555555 0.26875 0.49722222222222223 0.2578125 0.4791666666666667 0.2234375 0.48055555555555557 0.2203125 0.48194444444444445 0.2140625 0.49444444444444446 0.21015625 0.5125 0.203125 0.525 0.203125 0.5291666666666667 0.20234375 0.4777777777777778 0.20546875 0.4708333333333333 0.2109375 0.4444444444444444 0.21796875 0.43194444444444446 0.2234375 0.42777777777777776 0.2515625 0.4236111111111111
1 0.3625 0.15138888888888888 0.36953125 0.15416666666666667 0.3703125 0.16944444444444445 0.36875 0.17083333333333334 0.3484375 0.16805555555555557 0.35 0.15694444444444444 0.36171875 0.15138888888888888
1 0.984375 0.46944444444444444 0.98515625 0.44583333333333336 0.98125 0.4027777777777778 0.9828125 0.39444444444444443 0.98671875 0.3875 0.9953125 0.38333333333333336 0.99921875 0.38333333333333336 0.99921875 0.4666666666666667 0.990625 0.4708333333333333 0.98515625 0.46944444444444444
1 0.49140625 0.3638888888888889 0.4984375 0.3819444444444444 0.50390625 0.3902777777777778 0.50546875 0.39861111111111114 0.50703125 0.44583333333333336 0.50390625 0.45555555555555555 0.4984375 0.45555555555555555 0.490625 0.4486111111111111 0.475 0.44722222222222224 0.45625 0.45555555555555555 0.44921875 0.4486111111111111 0.44609375 0.4388888888888889 0.44609375 0.4027777777777778 0.44765625 0.3902777777777778 0.45234375 0.3736111111111111 0.4578125 0.3625 0.4609375 0.3597222222222222 0.47734375 0.3597222222222222 0.490625 0.3638888888888889
1 0.40390625 0.35 0.40625 0.3527777777777778 0.4171875 0.3875 0.41796875 0.4013888888888889 0.41484375 0.4152777777777778 0.40625 0.4125 0.40234375 0.39305555555555555 0.39296875 0.38055555555555554 0.3890625 0.3638888888888889 0.38046875 0.3527777777777778 0.3875 0.3486111111111111 0.403125 0.35
1 0.34296875 0.2 0.34921875 0.20972222222222223 0.34921875 0.2222222222222222 0.33828125 0.225 0.33125 0.23472222222222222 0.328125 0.23333333333333334 0.32734375 0.22777777777777777 0.32890625 0.20555555555555555 0.33203125 0.2013888888888889 0.3421875 0.2
1 0.3859375 0.8375 0.39453125 0.8541666666666666 0.40234375 0.8819444444444444 0.4109375 0.9027777777777778 0.4140625 0.9055555555555556 0.42578125 0.9041666666666667 0.43125 0.9097222222222222 0.43046875 0.9166666666666666 0.42734375 0.9222222222222223 0.41875 0.9277777777777778 0.42109375 0.9430555555555555 0.38359375 0.9416666666666667 0.35078125 0.9513888888888888 0.3375 0.9611111111111111 0.32421875 0.9958333333333333 0.30625 0.9958333333333333 0.30546875 0.9930555555555556 0.30859375 0.9902777777777778 0.3 0.9847222222222223 0.29765625 0.9888888888888889 0.3 0.9944444444444445 0.2875 0.9958333333333333 0.28515625 0.9930555555555556 0.2859375 0.9805555555555555 0.28359375 0.9694444444444444 0.28125 0.9236111111111112 0.284375 0.9166666666666666 0.2859375 0.8958333333333334 0.29140625 0.8902777777777777 0.303125 0.8472222222222222 0.3109375 0.8375 0.325 0.8347222222222223 0.33984375 0.8361111111111111 0.353125 0.8319444444444445 0.37734375 0.8319444444444445 0.38515625 0.8375
1 0.09921875 0.25416666666666665 0.1015625 0.2569444444444444 0.115625 0.25833333333333336 0.1203125 0.28194444444444444 0.11875 0.3055555555555556 0.10859375 0.32222222222222224 0.10390625 0.32222222222222224 0.0984375 0.3138888888888889 0.09140625 0.31666666666666665 0.08046875 0.31527777777777777 0.07734375 0.30694444444444446 0.07890625 0.28194444444444444 0.0859375 0.2625 0.09140625 0.25416666666666665 0.0984375 0.25416666666666665
1 0.4703125 0.21388888888888888 0.475 0.21944444444444444 0.47578125 0.23333333333333334 0.4625 0.24583333333333332 0.459375 0.24583333333333332 0.45546875 0.2388888888888889 0.45078125 0.22361111111111112 0.4546875 0.2152777777777778 0.4609375 0.2111111111111111 0.46953125 0.21388888888888888
1 0.58828125 0.4375 0.61328125 0.44722222222222224 0.61953125 0.45416666666666666 0.625 0.46805555555555556 0.62421875 0.48055555555555557 0.6265625 0.49444444444444446 0.6265625 0.5125 0.62578125 0.5236111111111111 0.62265625 0.5305555555555556 0.61484375 0.5291666666666667 0.603125 0.5152777777777777 0.59296875 0.5083333333333333 0.5671875 0.5083333333333333 0.56640625 0.4930555555555556 0.55625 0.4777777777777778 0.5578125 0.46111111111111114 0.57109375 0.4375 0.5875 0.4375
1 0.25625 0.48055555555555557 0.26015625 0.48333333333333334 0.2671875 0.49722222222222223 0.26796875 0.5055555555555555 0.271875 0.5097222222222222 0.27421875 0.5236111111111111 0.2828125 0.5319444444444444 0.28203125 0.5388888888888889 0.278125 0.5444444444444444 0.2828125 0.5555555555555556 0.2828125 0.5638888888888889 0.240625 0.5694444444444444 0.234375 0.5861111111111111 0.22578125 0.5986111111111111 0.22421875 0.6180555555555556 0.2171875 0.6361111111111111 0.21015625 0.6347222222222222 0.2046875 0.6138888888888889 0.203125 0.5458333333333333 0.2015625 0.5361111111111111 0.20703125 0.5277777777777778 0.21640625 0.49166666666666664 0.22109375 0.48333333333333334 0.25546875 0.48055555555555557
1 0.51640625 0.2833333333333333 0.5234375 0.2916666666666667 0.52578125 0.3013888888888889 0.52578125 0.33055555555555555 0.5078125 0.32916666666666666 0.5046875 0.32222222222222224 0.50390625 0.30972222222222223 0.5 0.3 0.49921875 0.2916666666666667 0.50390625 0.2847222222222222 0.515625 0.2833333333333333
1 0.49609375 0.2972222222222222 0.5015625 0.30694444444444446 0.50625 0.33194444444444443 0.50703125 0.35833333333333334 0.5046875 0.3638888888888889 0.50078125 0.3638888888888889 0.49453125 0.35833333333333334 0.475 0.35694444444444445 0.47109375 0.3527777777777778 0.46875 0.34444444444444444 0.47109375 0.3 0.47578125 0.29444444444444445 0.490625 0.29444444444444445 0.4953125 0.2972222222222222
1 0.42265625 0.175 0.425 0.17777777777777778 0.42421875 0.18611111111111112 0.4140625 0.19583333333333333 0.41171875 0.19305555555555556 0.41171875 0.17916666666666667 0.41484375 0.175 0.421875 0.175
1 0.48671875 0.15555555555555556 0.4890625 0.15833333333333333 0.490625 0.16805555555555557 0.4890625 0.175 0.484375 0.17916666666666667 0.471875 0.17777777777777778 0.4703125 0.1763888888888889 0.4703125 0.16944444444444445 0.4765625 0.15833333333333333 0.4859375 0.15555555555555556
1 0.32265625 0.7027777777777777 0.33125 0.7138888888888889 0.34765625 0.7694444444444445 0.35234375 0.7763888888888889 0.36171875 0.775 0.36640625 0.7805555555555556 0.365625 0.7888888888888889 0.3546875 0.7972222222222223 0.35703125 0.825 0.34921875 0.8319444444444445 0.31328125 0.8347222222222223 0.30625 0.8402777777777778 0.30234375 0.8458333333333333 0.2953125 0.8763888888888889 0.2859375 0.8916666666666667 0.2796875 0.925 0.2578125 0.9416666666666667 0.2515625 0.9416666666666667 0.25 0.9361111111111111 0.2484375 0.9222222222222223 0.24921875 0.9083333333333333 0.24375 0.8861111111111111 0.23828125 0.8472222222222222 0.23671875 0.7888888888888889 0.2421875 0.7611111111111111 0.24140625 0.7472222222222222 0.2453125 0.7416666666666667 0.2484375 0.7222222222222222 0.25625 0.7083333333333334 0.26015625 0.7055555555555556 0.278125 0.7013888888888888 0.3140625 0.7 0.321875 0.7027777777777777
1 0.38828125 0.2125 0.0171875 0.041666666666666664
0 0.06484375 0.1763888888888889 0.07890625 0.18472222222222223 0.08515625 0.20694444444444443 0.08515625 0.24722222222222223 0.08125 0.2569444444444444 0.078125 0.25833333333333336 0.06328125 0.25833333333333336 0.06015625 0.24722222222222223 0.05859375 0.17777777777777778 0.0640625 0.1763888888888889
0 0.29453125 0.24722222222222223 0.31015625 0.25277777777777777 0.31953125 0.27361111111111114 0.32109375 0.2916666666666667 0.3203125 0.32083333333333336 0.32421875 0.35833333333333334 0.32265625 0.4013888888888889 0.3171875 0.4013888888888889 0.30703125 0.38333333333333336 0.28125 0.38472222222222224 0.265625 0.4166666666666667 0.26171875 0.41388888888888886 0.2578125 0.3972222222222222 0.25859375 0.35694444444444445 0.25703125 0.3375 0.25859375 0.31666666666666665 0.25625 0.28194444444444444 0.259375 0.2652777777777778 0.2640625 0.2569444444444444 0.27265625 0.25 0.29375 0.24722222222222223