3 0.27890625 0.28888888888888886 0.29921875 0.2902777777777778 0.30234375 0.29444444444444445 0.30390625 0.3 0.30234375 0.3138888888888889 0.30546875 0.33055555555555555 0.3046875 0.3375 0.2984375 0.3416666666666667 0.290625 0.3625 0.28046875 0.36527777777777776 0.2734375 0.37083333333333335 0.2703125 0.36944444444444446 0.2671875 0.35138888888888886 0.26953125 0.29583333333333334 0.27265625 0.2902777777777778 0.278125 0.2902777777777778
3 0.04296875 0.16805555555555557 0.05390625 0.16527777777777777 0.06015625 0.1763888888888889 0.0703125 0.17777777777777778 0.08046875 0.1875 0.084375 0.20416666666666666 0.084375 0.2375 0.0859375 0.24722222222222223 0.0828125 0.25555555555555554 0.078125 0.25833333333333336 0.05078125 0.2569444444444444 0.03828125 0.2513888888888889 0.0390625 0.23333333333333334 0.03671875 0.2222222222222222 0.03984375 0.21805555555555556 0.04375 0.21805555555555556 0.0421875 0.20833333333333334 0.04453125 0.19583333333333333 0.04296875 0.16944444444444445
3 0.60859375 0.3111111111111111 0.615625 0.31527777777777777 0.62421875 0.32916666666666666 0.625 0.35694444444444445 0.62734375 0.3625 0.63515625 0.36944444444444446 0.6375 0.3763888888888889 0.63671875 0.39305555555555555 0.6265625 0.39444444444444443 0.62265625 0.39861111111111114 0.60390625 0.39305555555555555 0.60390625 0.37083333333333335 0.596875 0.3597222222222222 0.58515625 0.3527777777777778 0.559375 0.3472222222222222 0.559375 0.3277777777777778 0.55703125 0.32083333333333336 0.559375 0.30972222222222223 0.6078125 0.3111111111111111
3 0.56171875 0.35 0.5828125 0.3527777777777778 0.59765625 0.3611111111111111 0.603125 0.36944444444444446 0.6046875 0.37777777777777777 0.60390625 0.39305555555555555 0.6 0.39444444444444443 0.553125 0.39166666666666666 0.5484375 0.3875 0.5296875 0.38333333333333336 0.525 0.37222222222222223 0.52578125 0.3541666666666667 0.52890625 0.35138888888888886 0.54765625 0.3527777777777778 0.5609375 0.35
3 0.25859375 0.19444444444444445 0.26484375 0.19722222222222222 0.2671875 0.20416666666666666 0.2671875 0.22916666666666666 0.2703125 0.26666666666666666 0.26796875 0.2791666666666667 0.26640625 0.3138888888888889 0.2625 0.3194444444444444 0.25546875 0.31527777777777777 0.23984375 0.28888888888888886 0.21328125 0.28888888888888886 0.2109375 0.2791666666666667 0.2109375 0.27361111111111114 0.215625 0.2611111111111111 0.21328125 0.25 0.215625 0.24166666666666667 0.21640625 0.20833333333333334 0.22109375 0.2013888888888889 0.228125 0.19722222222222222 0.2578125 0.19444444444444445
3 0.5359375 0.2375 0.53984375 0.24166666666666667 0.53984375 0.26805555555555555 0.54140625 0.275 0.53984375 0.31666666666666665 0.52265625 0.3263888888888889 0.51796875 0.3194444444444444 0.521875 0.2902777777777778 0.52109375 0.2833333333333333 0.51484375 0.2777777777777778 0.49609375 0.275 0.49765625 0.26805555555555555 0.49765625 0.2388888888888889 0.5 0.23472222222222222 0.53515625 0.2375
3 0.30625 0.1736111111111111 0.30859375 0.20555555555555555 0.30703125 0.24583333333333332 0.29609375 0.2513888888888889 0.2859375 0.2722222222222222 0.27890625 0.2791666666666667 0.275 0.2777777777777778 0.27265625 0.2722222222222222 0.2703125 0.23194444444444445 0.27109375 0.2111111111111111 0.2640625 0.1875 0.26015625 0.18472222222222223 0.26171875 0.18194444444444444 0.25859375 0.1763888888888889 0.2734375 0.17083333333333334 0.30234375 0.17083333333333334 0.30546875 0.1736111111111111
3 0.33203125 0.2708333333333333 0.33828125 0.2763888888888889 0.3453125 0.2916666666666667 0.34921875 0.3277777777777778 0.3484375 0.3597222222222222 0.34609375 0.37083333333333335 0.3359375 0.3611111111111111 0.3296875 0.3416666666666667 0.30703125 0.3375 0.3046875 0.33055555555555555 0.30390625 0.30694444444444446 0.3015625 0.29583333333333334 0.303125 0.28194444444444444 0.31015625 0.2722222222222222 0.33125 0.2708333333333333
3 0.5046875 0.23472222222222222 0.53828125 0.2388888888888889 0.53984375 0.24166666666666667 0.540625 0.2708333333333333 0.540625 0.2861111111111111 0.5390625 0.2902777777777778 0.52578125 0.2902777777777778 0.5203125 0.2791666666666667 0.515625 0.2763888888888889 0.496875 0.275 0.49765625 0.24027777777777778 0.50390625 0.23472222222222222
2 0.76484375 0.65 0.76640625 0.6402777777777777 0.771875 0.6361111111111111 0.78671875 0.6319444444444444 0.796875 0.6347222222222222 0.803125 0.6291666666666667 0.80703125 0.6402777777777777 0.8078125 0.6569444444444444 0.76640625 0.6597222222222222 0.765625 0.6513888888888889
2 0.13671875 0.30277777777777776 0.140625 0.30694444444444446 0.1421875 0.31666666666666665 0.140625 0.3458333333333333 0.13828125 0.3486111111111111 0.134375 0.3472222222222222 0.1296875 0.325 0.13125 0.30972222222222223 0.1359375 0.30416666666666664
2 0.09609375 0.38472222222222224 0.10546875 0.3875 0.10703125 0.39166666666666666 0.10703125 0.42083333333333334 0.10078125 0.4236111111111111 0.09453125 0.4236111111111111 0.08984375 0.4083333333333333 0.08984375 0.3888888888888889 0.09140625 0.38472222222222224 0.0953125 0.38472222222222224
2 0.0390625 0.33194444444444443 0.05078125 0.34305555555555556 0.05703125 0.36527777777777776 0.05703125 0.3736111111111111 0.05390625 0.37777777777777777 0.03203125 0.3736111111111111 0.028125 0.36666666666666664 0.02109375 0.3625 0.021875 0.3388888888888889 0.02421875 0.3347222222222222 0.03828125 0.33194444444444443
2 0.1296875 0.32916666666666666 0.1328125 0.3375 0.13359375 0.3486111111111111 0.13046875 0.3611111111111111 0.1265625 0.36666666666666664 0.121875 0.36666666666666664 0.11953125 0.3625 0.11875 0.3333333333333333 0.12265625 0.3277777777777778 0.12890625 0.32916666666666666
1 0.4328125 0.6361111111111111 0.4453125 0.6430555555555556 0.4515625 0.6555555555555556 0.45625 0.675 0.41796875 0.6791666666666667 0.4140625 0.6861111111111111 0.39921875 0.7388888888888889 0.39765625 0.7861111111111111 0.39375 0.7986111111111112 0.390625 0.7986111111111112 0.3859375 0.775 0.3875 0.7361111111111112 0.38515625 0.6986111111111111 0.38203125 0.6861111111111111 0.3703125 0.6708333333333333 0.3703125 0.6652777777777777 0.37421875 0.6583333333333333 0.37421875 0.65 0.3859375 0.6388888888888888 0.41328125 0.6347222222222222 0.43203125 0.6361111111111111
1 0.19921875 0.3416666666666667 0.2046875 0.3458333333333333 0.221875 0.34444444444444444 0.23203125 0.3472222222222222 0.2375 0.35833333333333334 0.23984375 0.375 0.2390625 0.3875 0.2359375 0.3875 0.22734375 0.37222222222222223 0.19765625 0.3680555555555556 0.19140625 0.3763888888888889 0.1890625 0.3875 0.18984375 0.4 0.175 0.40694444444444444 0.17265625 0.3958333333333333 0.17421875 0.3763888888888889 0.17109375 0.36666666666666664 0.171875 0.3611111111111111 0.175 0.35833333333333334 0.175 0.3541666666666667 0.18125 0.3486111111111111 0.1984375 0.34305555555555556
1 0.48515625 0.30694444444444446 0.49296875 0.30972222222222223 0.49609375 0.3138888888888889 0.49921875 0.3277777777777778 0.49921875 0.3388888888888889 0.49296875 0.34444444444444444 0.48203125 0.3472222222222222 0.47578125 0.34305555555555556 0.47265625 0.3236111111111111 0.46484375 0.3138888888888889 0.46484375 0.30972222222222223 0.46953125 0.30694444444444446 0.484375 0.30694444444444446
1 0.48046875 0.3958333333333333 0.4875 0.4027777777777778 0.48515625 0.44722222222222224 0.48359375 0.45 0.465625 0.45 0.45703125 0.45416666666666666 0.4515625 0.4708333333333333 0.44609375 0.4791666666666667 0.44296875 0.45694444444444443 0.44296875 0.44166666666666665 0.4484375 0.41388888888888886 0.45859375 0.3958333333333333 0.4796875 0.3958333333333333
1 0.396875 0.33194444444444443 0.415625 0.33055555555555555 0.421875 0.3333333333333333 0.4296875 0.34444444444444444 0.43203125 0.35694444444444445 0.43125 0.36527777777777776 0.403125 0.36527777777777776 0.390625 0.3736111111111111 0.38984375 0.3638888888888889 0.396875 0.3333333333333333
1 0.30234375 0.2625 0.3140625 0.26805555555555555 0.29921875 0.28888888888888886 0.28203125 0.28888888888888886 0.28125 0.28194444444444444 0.290625 0.2652777777777778 0.3015625 0.2625
1 0.82578125 0.6597222222222222 0.85078125 0.6638888888888889 0.9 0.6944444444444444 0.9125 0.7083333333333334 0.92421875 0.7291666666666666 0.92890625 0.7333333333333333 0.9296875 0.7430555555555556 0.9375 0.7569444444444444 0.93984375 0.7694444444444445 0.9390625 0.775 0.89765625 0.7763888888888889 0.88046875 0.7819444444444444 0.8765625 0.7888888888888889 0.8734375 0.8125 0.87421875 0.825 0.8796875 0.8277777777777777 0.88671875 0.825 0.9015625 0.8319444444444445 0.8921875 0.8402777777777778 0.878125 0.8416666666666667 0.87578125 0.8375 0.8765625 0.8305555555555556 0.87421875 0.825 0.87109375 0.8291666666666667 0.865625 0.8291666666666667 0.86484375 0.8319444444444445 0.86875 0.8361111111111111 0.86875 0.8430555555555556 0.871875 0.85 0.86875 0.8652777777777778 0.86953125 0.8694444444444445 0.85625 0.8708333333333333 0.8546875 0.8736111111111111 0.86328125 0.8847222222222222 0.8671875 0.9152777777777777 0.86328125 0.9236111111111112 0.8515625 0.925 0.84921875 0.9277777777777778 0.84921875 0.9319444444444445 0.84296875 0.9361111111111111 0.83515625 0.9361111111111111 0.83125 0.9319444444444445 0.8234375 0.9083333333333333 0.82421875 0.9013888888888889 0.821875 0.8972222222222223 0.80703125 0.8861111111111111 0.78984375 0.8680555555555556 0.7859375 0.8666666666666667 0.7828125 0.8722222222222222 0.77421875 0.8763888888888889 0.76796875 0.8763888888888889 0.7625 0.8722222222222222 0.75859375 0.8597222222222223 0.75390625 0.8138888888888889 0.7546875 0.7236111111111111 0.7578125 0.7138888888888889 0.7578125 0.7 0.76015625 0.6958333333333333 0.76484375 0.6680555555555555 0.76875 0.6625 0.77890625 0.6597222222222222 0.825 0.6597222222222222
1 0.4046875 0.8222222222222222 0.41796875 0.8388888888888889 0.43359375 0.8722222222222222 0.43984375 0.8958333333333334 0.4453125 0.9083333333333333 0.4515625 0.9402777777777778 0.45390625 0.9444444444444444 0.45625 0.9458333333333333 0.4578125 0.9347222222222222 0.46328125 0.9277777777777778 0.4703125 0.9277777777777778 0.47421875 0.9319444444444445 0.47421875 0.9486111111111111 0.45703125 0.9625 0.4640625 0.9833333333333333 0.46484375 0.9930555555555556 0.46015625 0.9958333333333333 0.359375 0.9944444444444445 0.346875 0.9958333333333333 0.34453125 0.9986111111111111 0.30703125 0.9986111111111111 0.3046875 0.9944444444444445 0.30234375 0.9680555555555556 0.303125 0.9097222222222222 0.30390625 0.9069444444444444 0.31484375 0.9013888888888889 0.3140625 0.8986111111111111 0.31015625 0.9 0.31015625 0.8902777777777777 0.315625 0.8638888888888889 0.315625 0.8541666666666666 0.31875 0.8486111111111111 0.3203125 0.8388888888888889 0.3296875 0.825 0.3734375 0.8194444444444444 0.39765625 0.8194444444444444 0.40390625 0.8222222222222222
1 0.44609375 0.2875 0.45078125 0.29444444444444445 0.4515625 0.30694444444444446 0.43671875 0.30833333333333335 0.4265625 0.32083333333333336 0.42421875 0.32083333333333336 0.421875 0.3125 0.42421875 0.29305555555555557 0.43046875 0.2875 0.4453125 0.2875
1 0.209375 0.4027777777777778 0.21875 0.40694444444444444 0.2234375 0.4236111111111111 0.22109375 0.4263888888888889 0.20546875 0.42777777777777776 0.20078125 0.43194444444444446 0.1921875 0.4722222222222222 0.19453125 0.48333333333333334 0.1875 0.5069444444444444 0.17890625 0.5194444444444445 0.1734375 0.5194444444444445 0.1703125 0.5125 0.16875 0.5 0.16875 0.4486111111111111 0.16640625 0.43472222222222223 0.1734375 0.425 0.17421875 0.4097222222222222 0.17578125 0.40694444444444444 0.20859375 0.4027777777777778
1 0.32265625 0.41805555555555557 0.334375 0.43472222222222223 0.3390625 0.4513888888888889 0.33984375 0.4736111111111111 0.3328125 0.4861111111111111 0.328125 0.5125 0.32421875 0.5222222222222223 0.303125 0.5236111111111111 0.29296875 0.5333333333333333 0.28984375 0.5319444444444444 0.28515625 0.5194444444444445 0.28203125 0.49166666666666664 0.284375 0.47638888888888886 0.28125 0.46111111111111114 0.28515625 0.44166666666666665 0.29375 0.41805555555555557 0.321875 0.41805555555555557
1 0.225 0.4263888888888889 0.24140625 0.4305555555555556 0.2515625 0.45555555555555555 0.259375 0.4583333333333333 0.26171875 0.4625 0.26171875 0.4666666666666667 0.2546875 0.475 0.259375 0.5027777777777778 0.25859375 0.5402777777777777 0.2546875 0.5375 0.24765625 0.5166666666666667 0.24375 0.5027777777777778 0.24296875 0.49166666666666664 0.23515625 0.48194444444444445 0.2171875 0.4791666666666667 0.19921875 0.48333333333333334 0.19375 0.475 0.1953125 0.4513888888888889 0.20234375 0.4305555555555556 0.22421875 0.4263888888888889
1 0.43125 0.3680555555555556 0.440625 0.4041666666666667 0.44140625 0.4361111111111111 0.43984375 0.4444444444444444 0.4359375 0.44722222222222224 0.41796875 0.4388888888888889 0.4078125 0.41805555555555557 0.4046875 0.41944444444444445 0.4 0.42916666666666664 0.3890625 0.42083333333333334 0.38828125 0.39444444444444443 0.3921875 0.3819444444444444 0.39140625 0.375 0.39375 0.36666666666666664 0.42578125 0.36527777777777776 0.43046875 0.3680555555555556
1 0.3953125 0.29583333333333334 0.4046875 0.3013888888888889 0.4125 0.32222222222222224 0.4109375 0.32916666666666666 0.40390625 0.33194444444444443 0.396875 0.33194444444444443 0.38671875 0.3236111111111111 0.371875 0.32222222222222224 0.37265625 0.30972222222222223 0.37578125 0.3013888888888889 0.38359375 0.3013888888888889 0.38671875 0.2986111111111111 0.3859375 0.29583333333333334 0.39453125 0.29583333333333334
1 0.2421875 0.29305555555555557 0.246875 0.3055555555555556 0.2546875 0.31666666666666665 0.2546875 0.33611111111111114 0.24921875 0.34444444444444444 0.24765625 0.36527777777777776 0.24453125 0.37083333333333335 0.240625 0.36527777777777776 0.2390625 0.35694444444444445 0.23984375 0.3458333333333333 0.2375 0.3402777777777778 0.2375 0.33194444444444443 0.234375 0.325 0.22734375 0.3194444444444444 0.20859375 0.31805555555555554 0.2109375 0.30277777777777776 0.21640625 0.29305555555555557 0.24140625 0.29305555555555557
1 0.38984375 0.425 0.39921875 0.4305555555555556 0.41015625 0.4444444444444444 0.41328125 0.4597222222222222 0.42109375 0.4666666666666667 0.421875 0.4791666666666667 0.4171875 0.4888888888888889 0.41875 0.5361111111111111 0.41640625 0.5388888888888889 0.40546875 0.5194444444444445 0.39609375 0.5111111111111111 0.3921875 0.4930555555555556 0.38125 0.475 0.375 0.4722222222222222 0.34296875 0.4736111111111111 0.3421875 0.4527777777777778 0.346875 0.4444444444444444 0.3484375 0.43333333333333335 0.3515625 0.42916666666666664 0.3703125 0.4236111111111111 0.3890625 0.425
1 0.39375 0.3277777777777778 0.39609375 0.33055555555555555 0.39609375 0.3347222222222222 0.390625 0.35833333333333334 0.3875 0.3902777777777778 0.371875 0.39166666666666666 0.36953125 0.39444444444444443 0.365625 0.39444444444444443 0.36171875 0.3875 0.3609375 0.3486111111111111 0.3625 0.3347222222222222 0.36875 0.325 0.38828125 0.325 0.39296875 0.3277777777777778
1 0.3140625 0.4027777777777778 0.3203125 0.40694444444444444 0.32265625 0.41805555555555557 0.29609375 0.4166666666666667 0.290625 0.4222222222222222 0.284375 0.4486111111111111 0.2828125 0.4625 0.284375 0.46944444444444444 0.28359375 0.5013888888888889 0.28046875 0.5069444444444444 0.275 0.5041666666666667 0.27265625 0.49166666666666664 0.27109375 0.4708333333333333 0.2734375 0.4652777777777778 0.27421875 0.45 0.26875 0.44027777777777777 0.27734375 0.43194444444444446 0.28046875 0.41388888888888886 0.28515625 0.40555555555555556 0.28984375 0.4027777777777778 0.31328125 0.4027777777777778
1 0.6 0.8152777777777778 0.61171875 0.8208333333333333 0.62265625 0.8333333333333334 0.646875 0.8986111111111111 0.6578125 0.8972222222222223 0.6609375 0.9 0.66171875 0.9069444444444444 0.65390625 0.9180555555555555 0.6609375 0.9555555555555556 0.6265625 0.9597222222222223 0.61171875 0.9569444444444445 0.58046875 0.9666666666666667 0.5640625 0.9777777777777777 0.52578125 0.9819444444444444 0.52109375 0.9805555555555555 0.51875 0.975 0.5171875 0.9458333333333333 0.51796875 0.9041666666666667 0.521875 0.8666666666666667 0.534375 0.825 0.53671875 0.8208333333333333 0.5609375 0.8152777777777778 0.59921875 0.8152777777777778
1 0.3234375 0.3388888888888889 0.3296875 0.3416666666666667 0.33515625 0.3597222222222222 0.3078125 0.3638888888888889 0.30234375 0.37916666666666665 0.29921875 0.4 0.296875 0.4013888888888889 0.28984375 0.4013888888888889 0.2890625 0.39861111111111114 0.2890625 0.36527777777777776 0.2953125 0.3472222222222222 0.303125 0.3402777777777778 0.32265625 0.3388888888888889
1 0.878125 0.6069444444444444 0.925 0.6069444444444444 0.95 0.6277777777777778 0.96875 0.6583333333333333 0.98671875 0.7 0.99921875 0.7222222222222222 0.99921875 0.7458333333333333 0.97734375 0.7625 0.97265625 0.7625 0.9640625 0.7513888888888889 0.96171875 0.7236111111111111 0.95703125 0.7180555555555556 0.95 0.7180555555555556 0.94375 0.7305555555555555 0.9421875 0.7430555555555556 0.93515625 0.7458333333333333 0.928125 0.7375 0.92734375 0.7319444444444444 0.9203125 0.7180555555555556 0.90078125 0.6930555555555555 0.84375 0.6583333333333333 0.84375 0.6430555555555556 0.846875 0.6375 0.8515625 0.6180555555555556 0.85703125 0.6083333333333333 0.8671875 0.6041666666666666 0.87734375 0.6069444444444444
1 0.33359375 0.7263888888888889 0.3390625 0.7319444444444444 0.3453125 0.7458333333333333 0.35078125 0.7722222222222223 0.35625 0.7875 0.36171875 0.8166666666666667 0.35625 0.8208333333333333 0.32578125 0.8222222222222222 0.32421875 0.825 0.32421875 0.8291666666666667 0.31484375 0.8527777777777777 0.3078125 0.9 0.29921875 0.9083333333333333 0.30078125 0.9305555555555556 0.29921875 0.9694444444444444 0.29296875 0.9777777777777777 0.28515625 0.9805555555555555 0.275 0.9902777777777778 0.26796875 0.9902777777777778 0.265625 0.9819444444444444 0.2640625 0.9402777777777778 0.25859375 0.9236111111111112 0.25546875 0.8972222222222223 0.253125 0.8375 0.25390625 0.8097222222222222 0.25625 0.8 0.2546875 0.7916666666666666 0.259375 0.775 0.26171875 0.7541666666666667 0.2671875 0.7375 0.27421875 0.7305555555555555 0.303125 0.725 0.3328125 0.7263888888888889
1 0.39375 0.5125 0.40703125 0.525 0.4171875 0.5555555555555556 0.42109375 0.5597222222222222 0.42578125 0.5597222222222222 0.428125 0.5652777777777778 0.425 0.5694444444444444 0.39375 0.575 0.38671875 0.5736111111111111 0.38203125 0.5777777777777777 0.371875 0.6083333333333333 0.3703125 0.6263888888888889 0.365625 0.6402777777777777 0.365625 0.6458333333333334 0.35859375 0.6541666666666667 0.35546875 0.6541666666666667 0.3515625 0.6430555555555556 0.34296875 0.6305555555555555 0.340625 0.6194444444444445 0.3390625 0.5930555555555556 0.340625 0.5777777777777777 0.3390625 0.5597222222222222 0.340625 0.5527777777777778 0.34765625 0.5291666666666667 0.3546875 0.5180555555555556 0.36875 0.5138888888888888 0.39296875 0.5138888888888888
1 0.48125 0.6777777777777778 0.5015625 0.7083333333333334 0.51640625 0.75 0.52734375 0.75 0.53046875 0.7541666666666667 0.53046875 0.7638888888888888 0.5234375 0.7694444444444445 0.521875 0.775 0.53046875 0.8083333333333333 0.53125 0.8236111111111111 0.52578125 0.8486111111111111 0.52109375 0.8583333333333333 0.51953125 0.8763888888888889 0.515625 0.8847222222222222 0.5015625 0.8861111111111111 0.496875 0.8902777777777777 0.48828125 0.8916666666666667 0.47265625 0.8916666666666667 0.46875 0.8888888888888888 0.45703125 0.8930555555555556 0.4484375 0.8930555555555556 0.4421875 0.8875 0.41953125 0.8347222222222223 0.41171875 0.8222222222222222 0.4 0.8138888888888889 0.39765625 0.7972222222222223 0.4 0.7402777777777778 0.40703125 0.7111111111111111 0.4125 0.6972222222222222 0.4140625 0.6847222222222222 0.4171875 0.6805555555555556 0.45546875 0.6763888888888889 0.47265625 0.6777777777777778 0.4765625 0.675 0.48046875 0.6777777777777778
1 0.259375 0.5527777777777778 0.26015625 0.5569444444444445 0.25859375 0.5597222222222222 0.23125 0.5666666666666667 0.228125 0.5722222222222222 0.22109375 0.6083333333333333 0.2078125 0.6194444444444445 0.1921875 0.6555555555555556 0.1890625 0.65 0.18828125 0.6430555555555556 0.1875 0.5708333333333333 0.18046875 0.5625 0.18046875 0.5555555555555556 0.18671875 0.5527777777777778 0.1890625 0.5486111111111112 0.19296875 0.5222222222222223 0.2046875 0.5097222222222222 0.24453125 0.5083333333333333 0.25859375 0.5527777777777778
1 0.39765625 0.2902777777777778 0.40390625 0.29583333333333334 0.4078125 0.30972222222222223 0.409375 0.325 0.40546875 0.33055555555555555 0.396875 0.33055555555555555 0.38984375 0.3236111111111111 0.37109375 0.32222222222222224 0.3703125 0.2972222222222222 0.371875 0.29444444444444445 0.396875 0.2902777777777778
1 0.30546875 0.6291666666666667 0.31171875 0.6347222222222222 0.32109375 0.6527777777777778 0.334375 0.6986111111111111 0.340625 0.6902777777777778 0.34609375 0.6916666666666667 0.3484375 0.6972222222222222 0.3484375 0.7027777777777777 0.34609375 0.7069444444444445 0.33828125 0.7125 0.3421875 0.7222222222222222 0.34296875 0.7347222222222223 0.33046875 0.7236111111111111 0.30078125 0.7236111111111111 0.2765625 0.7277777777777777 0.2671875 0.7347222222222223 0.2625 0.7458333333333333 0.25859375 0.7722222222222223 0.253125 0.7930555555555555 0.25234375 0.8458333333333333 0.25078125 0.8486111111111111 0.24765625 0.8486111111111111 0.2453125 0.8430555555555556 0.2421875 0.8166666666666667 0.2375 0.8097222222222222 0.23359375 0.7861111111111111 0.23515625 0.7625 0.23359375 0.7569444444444444 0.2328125 0.7083333333333334 0.240625 0.6611111111111111 0.24921875 0.6361111111111111 0.3046875 0.6291666666666667
1 0.22578125 0.3194444444444444 0.2359375 0.325 0.2390625 0.33194444444444443 0.23984375 0.3416666666666667 0.24765625 0.3458333333333333 0.24765625 0.36527777777777776 0.24453125 0.37222222222222223 0.2390625 0.375 0.23828125 0.38333333333333336 0.2359375 0.3819444444444444 0.2375 0.35833333333333334 0.23203125 0.3486111111111111 0.22734375 0.3458333333333333 0.2015625 0.3458333333333333 0.19921875 0.3416666666666667 0.2015625 0.3277777777777778 0.20859375 0.3194444444444444 0.225 0.3194444444444444
1 0.41484375 0.2152777777777778 0.4171875 0.2125 0.4328125 0.2111111111111111 0.4390625 0.2222222222222222 0.4390625 0.23194444444444445 0.43671875 0.24027777777777778 0.4265625 0.24444444444444444 0.42265625 0.23055555555555557 0.4140625 0.2263888888888889 0.41484375 0.21666666666666667
1 0.66015625 0.9583333333333334 0.675 0.9666666666666667 0.68671875 0.9791666666666666 0.69375 0.9930555555555556 0.69375 0.9986111111111111 0.55 0.9986111111111111 0.55234375 0.9916666666666667 0.56796875 0.9763888888888889 0.590625 0.9638888888888889 0.659375 0.9583333333333334
1 0.22578125 0.48055555555555557 0.23515625 0.48333333333333334 0.24140625 0.49027777777777776 0.24375 0.5097222222222222 0.23125 0.5069444444444444 0.20546875 0.5083333333333333 0.19921875 0.5125 0.1953125 0.5222222222222223 0.18984375 0.525 0.184375 0.5222222222222223 0.18359375 0.5166666666666667 0.18828125 0.5083333333333333 0.1953125 0.4861111111111111 0.225 0.48055555555555557
1 0.27578125 0.5625 0.2859375 0.575 0.29140625 0.6013888888888889 0.30078125 0.6083333333333333 0.30078125 0.6138888888888889 0.29375 0.6277777777777778 0.2765625 0.6319444444444444 0.2671875 0.6305555555555555 0.26171875 0.6166666666666667 0.25546875 0.6125 0.221875 0.6125 0.22734375 0.5777777777777777 0.2328125 0.5666666666666667 0.25078125 0.5625 0.275 0.5625
1 0.33515625 0.3625 0.34609375 0.3736111111111111 0.34921875 0.3875 0.34921875 0.4 0.35625 0.41805555555555557 0.3546875 0.4236111111111111 0.34609375 0.43194444444444446 0.34140625 0.4486111111111111 0.33671875 0.44305555555555554 0.334375 0.43333333333333335 0.3234375 0.4166666666666667 0.31953125 0.40555555555555556 0.3125 0.4013888888888889 0.30390625 0.4013888888888889 0.30078125 0.3972222222222222 0.30390625 0.3736111111111111 0.30703125 0.36527777777777776 0.31171875 0.3625 0.334375 0.3625
1 0.3546875 0.3284722222222222 0.01875 0.08472222222222223
1 0.2234375 0.375 0.23359375 0.3875 0.23671875 0.4 0.240625 0.4 0.24375 0.4041666666666667 0.24375 0.4083333333333333 0.2390625 0.41388888888888886 0.2390625 0.425 0.2375 0.4263888888888889 0.22421875 0.425 0.221875 0.4125 0.2171875 0.4041666666666667 0.196875 0.4013888888888889 0.19296875 0.3972222222222222 0.1921875 0.3902777777777778 0.1953125 0.37777777777777777 0.22265625 0.375
1 0.18515625 0.2513888888888889 0.20703125 0.25 0.21015625 0.2513888888888889 0.21328125 0.2611111111111111 0.21328125 0.2652777777777778 0.20703125 0.2763888888888889 0.2078125 0.2916666666666667 0.19765625 0.2972222222222222 0.19296875 0.30694444444444446 0.1875 0.30694444444444446 0.18515625 0.3055555555555556 0.18359375 0.2986111111111111 0.18515625 0.25277777777777777
1 0.509375 0.35 0.51640625 0.3638888888888889 0.51875 0.37222222222222223 0.51796875 0.38055555555555554 0.49453125 0.3888888888888889 0.4875 0.3958333333333333 0.47890625 0.39305555555555555 0.47265625 0.38333333333333336 0.47265625 0.35555555555555557 0.47578125 0.35138888888888886 0.4859375 0.3472222222222222 0.50546875 0.3472222222222222 0.50859375 0.35
1 0.44921875 0.47638888888888886 0.4546875 0.46805555555555556 0.46015625 0.4527777777777778 0.484375 0.4513888888888889 0.4859375 0.45555555555555555 0.484375 0.5486111111111112 0.48046875 0.5541666666666667 0.459375 0.5611111111111111 0.44921875 0.5444444444444444 0.446875 0.5305555555555556 0.446875 0.48333333333333334 0.44921875 0.4777777777777778
1 0.37578125 0.4736111111111111 0.38359375 0.4777777777777778 0.390625 0.49027777777777776 0.396875 0.5152777777777777 0.3703125 0.5125 0.35234375 0.5194444444444445 0.346875 0.5305555555555556 0.3390625 0.5597222222222222 0.3390625 0.5833333333333334 0.3375 0.5861111111111111 0.33359375 0.5861111111111111 0.32890625 0.5805555555555556 0.3265625 0.5375 0.3265625 0.5208333333333334 0.334375 0.4847222222222222 0.34140625 0.47638888888888886 0.375 0.4736111111111111
1 0.4203125 0.22916666666666666 0.42578125 0.23472222222222222 0.4265625 0.24166666666666667 0.41796875 0.2625 0.40390625 0.25833333333333336 0.403125 0.24722222222222223 0.40859375 0.22916666666666666 0.41953125 0.22916666666666666
1 0.85390625 0.5416666666666666 0.859375 0.5444444444444444 0.8890625 0.5458333333333333 0.9109375 0.5569444444444445 0.925 0.5694444444444444 0.93515625 0.5833333333333334 0.9453125 0.6166666666666667 0.94453125 0.6194444444444445 0.940625 0.6194444444444445 0.92109375 0.6055555555555555 0.89140625 0.6083333333333333 0.86171875 0.6055555555555555 0.8578125 0.6083333333333333 0.85 0.6222222222222222 0.84375 0.6416666666666667 0.84375 0.6472222222222223 0.83828125 0.6569444444444444 0.83125 0.6555555555555556 0.825 0.6472222222222223 0.82265625 0.6347222222222222 0.82265625 0.6222222222222222 0.8265625 0.6083333333333333 0.82734375 0.5916666666666667 0.83984375 0.5513888888888889 0.8453125 0.5430555555555555 0.853125 0.5416666666666666
1 0.72578125 0.6361111111111111 0.7375 0.6388888888888888 0.75078125 0.6666666666666666 0.759375 0.6763888888888889 0.753125 0.725 0.75234375 0.7708333333333334 0.75 0.7736111111111111 0.69921875 0.775 0.6953125 0.7777777777777778 0.6890625 0.7763888888888889 0.68515625 0.7625 0.6796875 0.7541666666666667 0.66484375 0.7444444444444445 0.65546875 0.7458333333333333 0.65078125 0.7402777777777778 0.646875 0.6986111111111111 0.6484375 0.6736111111111112 0.65546875 0.6569444444444444 0.67109375 0.6388888888888888 0.68671875 0.6333333333333333 0.725 0.6361111111111111
1 0.325 0.24722222222222223 0.3296875 0.25277777777777777 0.33125 0.2652777777777778 0.32890625 0.26944444444444443 0.32421875 0.2708333333333333 0.3109375 0.2708333333333333 0.309375 0.2652777777777778 0.303125 0.2625 0.303125 0.25833333333333336 0.3078125 0.25277777777777777 0.32421875 0.24722222222222223
1 0.43359375 0.575 0.44375 0.5930555555555556 0.4546875 0.6222222222222222 0.46015625 0.6222222222222222 0.46484375 0.6263888888888889 0.46484375 0.6319444444444444 0.45703125 0.6430555555555556 0.46328125 0.6666666666666666 0.4625 0.6722222222222223 0.45625 0.6708333333333333 0.4546875 0.6611111111111111 0.446875 0.6430555555555556 0.43046875 0.6333333333333333 0.3859375 0.6361111111111111 0.37421875 0.6444444444444445 0.36953125 0.6430555555555556 0.36875 0.6361111111111111 0.371875 0.6152777777777778 0.3828125 0.5777777777777777 0.4015625 0.5736111111111111 0.4328125 0.575
1 0.421875 0.27361111111111114 0.421875 0.2611111111111111 0.42734375 0.24583333333333332 0.44453125 0.24722222222222223 0.446875 0.25277777777777777 0.44765625 0.2638888888888889 0.44609375 0.26666666666666666 0.42734375 0.26666666666666666 0.425 0.2763888888888889 0.42265625 0.27361111111111114
1 0.2421875 0.6125 0.25859375 0.6152777777777778 0.26328125 0.6194444444444445 0.26640625 0.6291666666666667 0.25 0.6333333333333333 0.2453125 0.6402777777777777 0.2359375 0.6777777777777778 0.23125 0.7097222222222223 0.23046875 0.7541666666666667 0.21328125 0.7583333333333333 0.20078125 0.7680555555555556 0.19609375 0.7611111111111111 0.19375 0.7361111111111112 0.19375 0.6819444444444445 0.19140625 0.6611111111111111 0.1984375 0.6513888888888889 0.2078125 0.6208333333333333 0.21953125 0.6138888888888889 0.24140625 0.6125
1 0.7125 0.45555555555555555 0.72265625 0.4625 0.73203125 0.4777777777777778 0.7328125 0.5041666666666667 0.7296875 0.5222222222222223 0.6984375 0.5125 0.68828125 0.5125 0.68515625 0.5083333333333333 0.68203125 0.475 0.6828125 0.45694444444444443 0.68515625 0.45416666666666666 0.71171875 0.45555555555555555
1 0.6953125 0.5138888888888888 0.7078125 0.5152777777777777 0.7296875 0.5236111111111111 0.73828125 0.5375 0.74765625 0.5611111111111111 0.75546875 0.5666666666666667 0.75390625 0.575 0.76328125 0.6055555555555555 0.7640625 0.6152777777777778 0.7640625 0.6388888888888888 0.7625 0.6513888888888889 0.75859375 0.6597222222222222 0.746875 0.6541666666666667 0.73671875 0.6375 0.71171875 0.6305555555555555 0.69140625 0.6305555555555555 0.68515625 0.6236111111111111 0.68359375 0.5638888888888889 0.6859375 0.5583333333333333 0.6859375 0.55 0.684375 0.5416666666666666 0.68828125 0.5263888888888889 0.68828125 0.5166666666666667 0.69453125 0.5138888888888888
0 0.94375 0.775 0.9703125 0.7777777777777778 0.99921875 0.7930555555555555 0.99921875 0.9736111111111111 0.95 0.9791666666666666 0.9390625 0.975 0.92734375 0.975 0.91953125 0.9666666666666667 0.915625 0.9597222222222223 0.91484375 0.95 0.90703125 0.9416666666666667 0.9109375 0.9236111111111112 0.9109375 0.9138888888888889 0.90546875 0.9027777777777778 0.90078125 0.8986111111111111 0.890625 0.8986111111111111 0.88515625 0.8833333333333333 0.878125 0.8763888888888889 0.86796875 0.8777777777777778 0.865625 0.8861111111111111 0.8625 0.8888888888888888 0.8546875 0.8875 0.85234375 0.8805555555555555 0.85390625 0.8722222222222222 0.86484375 0.8694444444444445 0.86640625 0.8652777777777778 0.87109375 0.8097222222222222 0.878125 0.7833333333333333 0.88515625 0.7791666666666667 0.9046875 0.7763888888888889 0.94296875 0.775
0 0.38203125 0.19444444444444445 0.38828125 0.20277777777777778 0.38828125 0.24444444444444444 0.38359375 0.25833333333333336 0.365625 0.26944444444444443 0.36328125 0.27361111111111114 0.3625 0.28194444444444444 0.35703125 0.2833333333333333 0.34609375 0.28055555555555556 0.3421875 0.2722222222222222 0.33984375 0.225 0.34140625 0.2152777777777778 0.35234375 0.1986111111111111 0.3578125 0.19444444444444445 0.36953125 0.19166666666666668 0.38125 0.19444444444444445
0 0.55703125 0.39166666666666666 0.60546875 0.3958333333333333 0.6359375 0.41388888888888886 0.64375 0.425 0.64609375 0.43333333333333335 0.66796875 0.4444444444444444 0.67734375 0.45555555555555555 0.68046875 0.46944444444444444 0.6796875 0.4930555555555556 0.6828125 0.5402777777777777 0.6828125 0.5611111111111111 0.68125 0.5680555555555555 0.6828125 0.6055555555555555 0.67890625 0.6263888888888889 0.65625 0.6527777777777778 0.64453125 0.6791666666666667 0.58125 0.6805555555555556 0.55703125 0.6736111111111112 0.55 0.6638888888888889 0.54609375 0.6513888888888889 0.53125 0.6347222222222222 0.51875 0.6263888888888889 0.5109375 0.6291666666666667 0.50546875 0.6222222222222222 0.50234375 0.6013888888888889 0.49453125 0.5916666666666667 0.48515625 0.5708333333333333 0.484375 0.5458333333333333 0.4875 0.48194444444444445 0.48671875 0.42777777777777776 0.4890625 0.3972222222222222 0.49453125 0.3902777777777778 0.51640625 0.38472222222222224 0.5484375 0.3875 0.553125 0.39305555555555555 0.55625 0.39305555555555555