0 0.29453125 0.2986111111111111 0.29765625 0.3055555555555556 0.29765625 0.31527777777777777 0.290625 0.33194444444444443 0.28359375 0.3402777777777778 0.27890625 0.3625 0.27578125 0.3638888888888889 0.26640625 0.3638888888888889 0.26484375 0.3611111111111111 0.26484375 0.3194444444444444 0.2671875 0.3055555555555556 0.271875 0.2972222222222222 0.29375 0.2986111111111111
0 0.09609375 0.25833333333333336 0.1125 0.2625 0.11953125 0.2833333333333333 0.12109375 0.29583333333333334 0.11640625 0.31527777777777777 0.1125 0.3236111111111111 0.10703125 0.3236111111111111 0.0953125 0.31527777777777777 0.08359375 0.31666666666666665 0.078125 0.3111111111111111 0.078125 0.2875 0.0828125 0.2722222222222222 0.0875 0.2625 0.0953125 0.25833333333333336
0 0.465625 0.3055555555555556 0.47421875 0.3125 0.47421875 0.31805555555555554 0.46796875 0.3194444444444444 0.459375 0.31527777777777777 0.45234375 0.32083333333333336 0.4484375 0.33055555555555555 0.44921875 0.3402777777777778 0.44453125 0.35138888888888886 0.44453125 0.3638888888888889 0.44296875 0.3680555555555556 0.43828125 0.3611111111111111 0.43671875 0.35 0.43046875 0.3402777777777778 0.434375 0.33611111111111114 0.434375 0.33055555555555555 0.44296875 0.30833333333333335 0.45703125 0.30416666666666664 0.46484375 0.3055555555555556
0 0.4125 0.21805555555555556 0.41796875 0.22083333333333333 0.44609375 0.22083333333333333 0.453125 0.2263888888888889 0.45625 0.23333333333333334 0.45703125 0.2708333333333333 0.45546875 0.2833333333333333 0.43828125 0.2847222222222222 0.4359375 0.2875 0.43125 0.2972222222222222 0.4296875 0.32083333333333336 0.42578125 0.3277777777777778 0.41171875 0.3263888888888889 0.40625 0.31527777777777777 0.40390625 0.26805555555555555 0.40625 0.24444444444444444 0.40859375 0.2375 0.40859375 0.22361111111111112 0.41171875 0.21805555555555556
0 0.303125 0.18888888888888888 0.3140625 0.1875 0.3171875 0.19166666666666668 0.31796875 0.19722222222222222 0.3171875 0.20972222222222223 0.30390625 0.2111111111111111 0.3015625 0.20555555555555555 0.303125 0.19027777777777777
0 0.4703125 0.3138888888888889 0.475 0.31805555555555554 0.48046875 0.3347222222222222 0.4796875 0.3486111111111111 0.46796875 0.37777777777777777 0.45625 0.37777777777777777 0.45234375 0.38055555555555554 0.44609375 0.38055555555555554 0.44453125 0.3763888888888889 0.4421875 0.36527777777777776 0.4421875 0.3402777777777778 0.453125 0.31666666666666665 0.46015625 0.3125 0.46953125 0.3138888888888889
0 0.328125 0.3680555555555556 0.33828125 0.37222222222222223 0.34140625 0.37916666666666665 0.32265625 0.38472222222222224 0.31875 0.39166666666666666 0.31484375 0.4083333333333333 0.31484375 0.4236111111111111 0.31171875 0.4486111111111111 0.30703125 0.4597222222222222 0.3 0.45555555555555555 0.296875 0.4444444444444444 0.296875 0.42083333333333334 0.3015625 0.4027777777777778 0.3 0.39444444444444443 0.3015625 0.38333333333333336 0.30703125 0.37083333333333335 0.32734375 0.36944444444444446
0 0.58125 0.3472222222222222 0.590625 0.35138888888888886 0.5984375 0.3611111111111111 0.6 0.3680555555555556 0.5953125 0.37083333333333335 0.56171875 0.3680555555555556 0.5609375 0.35138888888888886 0.56328125 0.3458333333333333 0.58046875 0.3472222222222222
0 0.72578125 0.5 0.7578125 0.5041666666666667 0.7640625 0.5111111111111111 0.775 0.5333333333333333 0.78359375 0.5361111111111111 0.784375 0.5388888888888889 0.78125 0.5472222222222223 0.78828125 0.5680555555555555 0.78671875 0.5847222222222223 0.784375 0.5875 0.76875 0.5819444444444445 0.746875 0.5791666666666667 0.73359375 0.5569444444444445 0.71796875 0.55 0.69609375 0.5486111111111112 0.69296875 0.5458333333333333 0.6953125 0.5263888888888889 0.69921875 0.5194444444444445 0.7125 0.5027777777777778 0.725 0.5
0 0.48984375 0.26666666666666666 0.5046875 0.26805555555555555 0.50859375 0.2708333333333333 0.5109375 0.2791666666666667 0.51015625 0.2902777777777778 0.503125 0.2916666666666667 0.49921875 0.2986111111111111 0.496875 0.3277777777777778 0.5 0.3347222222222222 0.48515625 0.33055555555555555 0.47890625 0.32222222222222224 0.48125 0.28055555555555556 0.48359375 0.2708333333333333 0.4890625 0.26666666666666666
0 0.23125 0.3597222222222222 0.240625 0.3638888888888889 0.24296875 0.3680555555555556 0.24375 0.37777777777777777 0.246875 0.38333333333333336 0.2515625 0.38333333333333336 0.253125 0.3875 0.24921875 0.3958333333333333 0.24921875 0.425 0.2515625 0.4361111111111111 0.2515625 0.45 0.24765625 0.45555555555555555 0.24296875 0.4527777777777778 0.240625 0.4375 0.240625 0.4152777777777778 0.23359375 0.3958333333333333 0.228125 0.39166666666666666 0.2 0.39166666666666666 0.19765625 0.3888888888888889 0.20078125 0.3680555555555556 0.20546875 0.3611111111111111 0.23046875 0.3597222222222222
0 0.3171875 0.42083333333333334 0.33125 0.4236111111111111 0.34140625 0.41944444444444445 0.3515625 0.41944444444444445 0.3625 0.4236111111111111 0.36796875 0.42916666666666664 0.371875 0.4486111111111111 0.3796875 0.4638888888888889 0.384375 0.4791666666666667 0.38359375 0.48333333333333334 0.36796875 0.4888888888888889 0.3546875 0.5277777777777778 0.328125 0.5333333333333333 0.3203125 0.5472222222222223 0.3171875 0.5472222222222223 0.315625 0.5388888888888889 0.31015625 0.5277777777777778 0.3078125 0.49166666666666664 0.309375 0.4597222222222222 0.3140625 0.44583333333333336 0.3140625 0.43194444444444446 0.3171875 0.4222222222222222
0 0.209375 0.3138888888888889 0.23125 0.3138888888888889 0.234375 0.31666666666666665 0.240625 0.3277777777777778 0.2453125 0.35555555555555557 0.24296875 0.36666666666666664 0.23203125 0.3597222222222222 0.21171875 0.3597222222222222 0.19921875 0.36666666666666664 0.19609375 0.36527777777777776 0.19453125 0.34444444444444444 0.20234375 0.3236111111111111 0.2125 0.32083333333333336 0.209375 0.31527777777777777
0 0.29765625 0.3347222222222222 0.3109375 0.3347222222222222 0.3140625 0.3375 0.32109375 0.35555555555555557 0.32265625 0.3680555555555556 0.30625 0.37083333333333335 0.30078125 0.3875 0.3015625 0.4027777777777778 0.3 0.4083333333333333 0.29453125 0.4166666666666667 0.28515625 0.41944444444444445 0.28125 0.41805555555555557 0.2796875 0.4041666666666667 0.28046875 0.35833333333333334 0.28359375 0.34444444444444444 0.2875 0.3375 0.296875 0.3347222222222222
0 0.39921875 0.31527777777777777 0.4046875 0.32083333333333336 0.4078125 0.3277777777777778 0.40859375 0.33611111111111114 0.4015625 0.35 0.39609375 0.36944444444444446 0.39375 0.3902777777777778 0.390625 0.39305555555555555 0.37890625 0.39166666666666666 0.37421875 0.39444444444444443 0.36953125 0.39166666666666666 0.36640625 0.38333333333333336 0.36484375 0.3375 0.3765625 0.31666666666666665 0.3859375 0.3138888888888889 0.3984375 0.31527777777777777
0 0.771875 0.5847222222222223 0.79375 0.5972222222222222 0.80625 0.6125 0.8109375 0.6208333333333333 0.8171875 0.6416666666666667 0.821875 0.6666666666666666 0.8421875 0.7 0.84609375 0.7583333333333333 0.84375 0.7763888888888889 0.83828125 0.7861111111111111 0.8265625 0.7833333333333333 0.81796875 0.7680555555555556 0.7828125 0.7638888888888888 0.7625 0.7680555555555556 0.75078125 0.7833333333333333 0.7421875 0.7833333333333333 0.7375 0.7777777777777778 0.734375 0.7513888888888889 0.73046875 0.7444444444444445 0.721875 0.7416666666666667 0.7109375 0.75 0.70546875 0.7472222222222222 0.70234375 0.7347222222222223 0.70234375 0.7138888888888889 0.70390625 0.7083333333333334 0.70234375 0.6958333333333333 0.70234375 0.6583333333333333 0.7046875 0.6375 0.70859375 0.6236111111111111 0.70859375 0.6138888888888889 0.715625 0.5875 0.7359375 0.5819444444444445 0.77109375 0.5847222222222223
0 0.390625 0.22361111111111112 0.39609375 0.2375 0.396875 0.2625 0.39375 0.26944444444444443 0.38984375 0.26944444444444443 0.38359375 0.25972222222222224 0.3765625 0.25833333333333336 0.371875 0.25277777777777777 0.371875 0.2263888888888889 0.3734375 0.22361111111111112 0.37890625 0.21944444444444444 0.38984375 0.22361111111111112
0 0.52265625 0.38055555555555554 0.52578125 0.3861111111111111 0.52578125 0.40555555555555556 0.52265625 0.4111111111111111 0.515625 0.4125 0.5125 0.42083333333333334 0.51484375 0.46944444444444444 0.5078125 0.46944444444444444 0.49765625 0.4527777777777778 0.490625 0.4263888888888889 0.484375 0.41388888888888886 0.49375 0.3958333333333333 0.49609375 0.3861111111111111 0.5015625 0.3819444444444444 0.521875 0.38055555555555554
0 0.23828125 0.2833333333333333 0.2484375 0.29583333333333334 0.253125 0.31666666666666665 0.25078125 0.325 0.25234375 0.33194444444444443 0.25234375 0.35 0.25078125 0.35138888888888886 0.24609375 0.35 0.23984375 0.32222222222222224 0.2359375 0.31527777777777777 0.2296875 0.3111111111111111 0.2125 0.30833333333333335 0.21484375 0.3 0.22109375 0.2902777777777778 0.2375 0.2833333333333333
0 0.6953125 0.55 0.728125 0.5555555555555556 0.7375 0.5625 0.7421875 0.575 0.7421875 0.5777777777777777 0.73828125 0.5805555555555556 0.72265625 0.5819444444444445 0.7140625 0.5888888888888889 0.7078125 0.6097222222222223 0.70078125 0.675 0.69765625 0.6791666666666667 0.69296875 0.6791666666666667 0.68203125 0.6680555555555555 0.68046875 0.6555555555555556 0.68125 0.6277777777777778 0.67734375 0.6055555555555555 0.66953125 0.5819444444444445 0.66875 0.5694444444444444 0.66875 0.5638888888888889 0.68125 0.5527777777777778 0.69453125 0.55
0 0.05234375 0.775 0.075 0.7736111111111111 0.08125 0.7819444444444444 0.0828125 0.7888888888888889 0.0796875 0.8236111111111111 0.071875 0.8291666666666667 0.06484375 0.8416666666666667 0.0515625 0.8444444444444444 0.0484375 0.8388888888888889 0.0484375 0.7958333333333333 0.05234375 0.7763888888888889
0 0.31796875 0.28194444444444444 0.325 0.2861111111111111 0.3296875 0.29583333333333334 0.32734375 0.31805555555555554 0.3 0.31666666666666665 0.2984375 0.3138888888888889 0.29609375 0.29583333333333334 0.29921875 0.28888888888888886 0.3046875 0.2833333333333333 0.3171875 0.28194444444444444
0 0.9421875 0.6166666666666667 0.97421875 0.6236111111111111 0.99921875 0.6402777777777777 0.99921875 0.7486111111111111 0.95859375 0.7444444444444445 0.92578125 0.7458333333333333 0.91875 0.7486111111111111 0.909375 0.7722222222222223 0.90703125 0.7708333333333334 0.90390625 0.7402777777777778 0.9 0.7305555555555555 0.90078125 0.7263888888888889 0.89765625 0.7097222222222223 0.89921875 0.6791666666666667 0.90390625 0.6680555555555555 0.90703125 0.6444444444444445 0.9140625 0.6222222222222222 0.9234375 0.6166666666666667 0.94140625 0.6166666666666667
0 0.30390625 0.6722222222222223 0.3125 0.6736111111111112 0.3203125 0.6791666666666667 0.334375 0.7208333333333333 0.3484375 0.7263888888888889 0.346875 0.7333333333333333 0.33984375 0.7402777777777778 0.33984375 0.7513888888888889 0.33359375 0.7569444444444444 0.2890625 0.7583333333333333 0.26875 0.7625 0.259375 0.7694444444444445 0.24921875 0.7875 0.24453125 0.7888888888888889 0.24296875 0.7805555555555556 0.24453125 0.7486111111111111 0.24140625 0.7361111111111112 0.2453125 0.7277777777777777 0.2484375 0.7041666666666667 0.25625 0.6861111111111111 0.26875 0.6763888888888889 0.303125 0.6722222222222223
0 0.46953125 0.4527777777777778 0.49453125 0.45416666666666666 0.5140625 0.4888888888888889 0.51640625 0.49722222222222223 0.5171875 0.525 0.5140625 0.5472222222222223 0.5078125 0.5638888888888889 0.49375 0.5597222222222222 0.475 0.5361111111111111 0.4453125 0.5333333333333333 0.44140625 0.5277777777777778 0.43984375 0.5055555555555555 0.44375 0.4875 0.44609375 0.4638888888888889 0.45390625 0.45416666666666666 0.46875 0.4527777777777778
0 0.86875 0.5666666666666667 0.88359375 0.5694444444444444 0.896875 0.5777777777777777 0.91171875 0.6 0.9140625 0.6152777777777778 0.90625 0.6416666666666667 0.896875 0.6902777777777778 0.89453125 0.6930555555555555 0.86015625 0.6902777777777778 0.84921875 0.6986111111111111 0.84453125 0.6944444444444444 0.83984375 0.675 0.82890625 0.6694444444444444 0.82421875 0.6638888888888889 0.8140625 0.6194444444444445 0.81484375 0.6055555555555555 0.8203125 0.5847222222222223 0.825 0.5763888888888888 0.834375 0.5680555555555555 0.86796875 0.5666666666666667
0 0.54140625 0.3375 0.5609375 0.34305555555555556 0.56328125 0.36666666666666664 0.56171875 0.37083333333333335 0.54296875 0.37222222222222223 0.525 0.37222222222222223 0.51875 0.36527777777777776 0.51875 0.3625 0.521875 0.3638888888888889 0.53203125 0.34305555555555556 0.540625 0.3375
0 0.51875 0.6833333333333333 0.56328125 0.6902777777777778 0.57109375 0.6972222222222222 0.57578125 0.7055555555555556 0.5828125 0.7305555555555555 0.58984375 0.7416666666666667 0.596875 0.7597222222222222 0.603125 0.7833333333333333 0.60546875 0.8069444444444445 0.60546875 0.8305555555555556 0.603125 0.8444444444444444 0.5984375 0.8486111111111111 0.5921875 0.8444444444444444 0.5671875 0.8402777777777778 0.5421875 0.8430555555555556 0.5375 0.8347222222222223 0.528125 0.8027777777777778 0.5109375 0.7708333333333334 0.4984375 0.7625 0.48359375 0.7625 0.48046875 0.7583333333333333 0.48359375 0.7222222222222222 0.49453125 0.6972222222222222 0.5 0.6888888888888889 0.51796875 0.6847222222222222
0 0.3 0.3055555555555556 0.3 0.3111111111111111 0.303125 0.31527777777777777 0.3234375 0.31666666666666665 0.328125 0.32222222222222224 0.33046875 0.33055555555555555 0.33046875 0.3611111111111111 0.3296875 0.36527777777777776 0.3265625 0.36666666666666664 0.3203125 0.36527777777777776 0.31875 0.3527777777777778 0.3109375 0.3388888888888889 0.29921875 0.3375 0.2859375 0.3458333333333333 0.29453125 0.32083333333333336 0.3 0.3138888888888889 0.3 0.30694444444444446
0 0.27890625 0.5458333333333333 0.2890625 0.5652777777777778 0.2953125 0.5930555555555556 0.2984375 0.5972222222222222 0.30703125 0.5972222222222222 0.30859375 0.6 0.30859375 0.6083333333333333 0.3 0.6152777777777778 0.30703125 0.6527777777777778 0.30703125 0.6694444444444444 0.2703125 0.675 0.2609375 0.6791666666666667 0.25625 0.6833333333333333 0.24375 0.7097222222222223 0.22890625 0.7236111111111111 0.2203125 0.7236111111111111 0.2171875 0.7166666666666667 0.21328125 0.6875 0.2140625 0.6236111111111111 0.21015625 0.6097222222222223 0.21796875 0.5986111111111111 0.21953125 0.5805555555555556 0.23046875 0.5472222222222223 0.24375 0.5430555555555555 0.275 0.5430555555555555 0.278125 0.5458333333333333
0 0.3625 0.38472222222222224 0.3703125 0.39444444444444443 0.375 0.41388888888888886 0.38203125 0.42083333333333334 0.3828125 0.425 0.37890625 0.4388888888888889 0.384375 0.4597222222222222 0.38359375 0.4638888888888889 0.38046875 0.4652777777777778 0.3765625 0.4625 0.371875 0.45 0.36875 0.43333333333333335 0.3609375 0.4222222222222222 0.35546875 0.41944444444444445 0.3421875 0.41944444444444445 0.32890625 0.4236111111111111 0.315625 0.4222222222222222 0.31484375 0.4111111111111111 0.3171875 0.39861111111111114 0.32421875 0.3861111111111111 0.3375 0.3819444444444444 0.35703125 0.3819444444444444 0.36171875 0.38472222222222224
0 0.565625 0.32222222222222224 0.571875 0.32916666666666666 0.575 0.34444444444444444 0.57109375 0.3472222222222222 0.56171875 0.3458333333333333 0.55625 0.3402777777777778 0.53828125 0.3388888888888889 0.5390625 0.32916666666666666 0.54453125 0.32083333333333336 0.56015625 0.3194444444444444 0.56484375 0.32222222222222224
0 0.74453125 0.8708333333333333 0.7734375 0.875 0.79296875 0.8861111111111111 0.81875 0.9305555555555556 0.8390625 0.9833333333333333 0.83984375 0.9944444444444445 0.79609375 0.9944444444444445 0.78203125 0.9958333333333333 0.7796875 0.9986111111111111 0.77421875 0.9986111111111111 0.77265625 0.9958333333333333 0.69921875 0.9986111111111111 0.6859375 0.9944444444444445 0.68359375 0.9902777777777778 0.6828125 0.9736111111111111 0.684375 0.9652777777777778 0.6796875 0.9416666666666667 0.6796875 0.9291666666666667 0.684375 0.9069444444444444 0.68984375 0.8958333333333334 0.6921875 0.8819444444444444 0.703125 0.875 0.74375 0.8708333333333333
0 0.409375 0.15416666666666667 0.4109375 0.15694444444444444 0.4109375 0.16666666666666666 0.40625 0.17222222222222222 0.4 0.17222222222222222 0.396875 0.1638888888888889 0.4015625 0.15416666666666667 0.40859375 0.15416666666666667
0 0.371875 0.30277777777777776 0.0375 0.08611111111111111
0 0.6953125 0.4388888888888889 0.70703125 0.4527777777777778 0.71640625 0.48194444444444445 0.71796875 0.49444444444444446 0.69765625 0.5208333333333334 0.69375 0.5361111111111111 0.6890625 0.5458333333333333 0.6703125 0.5416666666666666 0.6671875 0.5458333333333333 0.66640625 0.5527777777777778 0.6578125 0.5513888888888889 0.6515625 0.5402777777777777 0.64375 0.5361111111111111 0.64140625 0.4986111111111111 0.64140625 0.4722222222222222 0.64375 0.45416666666666666 0.64921875 0.44027777777777777 0.659375 0.4361111111111111 0.678125 0.43472222222222223 0.69453125 0.4388888888888889
0 0 0.37916666666666665 0.01328125 0.3819444444444444 0.01796875 0.3902777777777778 0.0203125 0.4027777777777778 0.01875 0.4583333333333333 0.0125 0.475 0 0.48194444444444445 0 0.38055555555555554
0 0.25234375 0.3013888888888889 0.0328125 0.06944444444444445
0 0.5109375 0.28194444444444444 0.51328125 0.29305555555555557 0.51171875 0.3388888888888889 0.51484375 0.35694444444444445 0.51171875 0.35694444444444445 0.5015625 0.34305555555555556 0.49609375 0.3416666666666667 0.49296875 0.32916666666666666 0.496875 0.29583333333333334 0.50234375 0.2902777777777778 0.51015625 0.2902777777777778 0.51171875 0.2833333333333333
0 0.534375 0.37222222222222223 0.58515625 0.37222222222222223 0.5921875 0.375 0.59921875 0.3958333333333333 0.60078125 0.40694444444444444 0.60546875 0.4152777777777778 0.60390625 0.43472222222222223 0.6015625 0.4388888888888889 0.5671875 0.44166666666666665 0.5609375 0.4513888888888889 0.5609375 0.4652777777777778 0.5546875 0.4708333333333333 0.553125 0.4888888888888889 0.53359375 0.49583333333333335 0.528125 0.49583333333333335 0.51953125 0.48333333333333334 0.5171875 0.4736111111111111 0.51640625 0.45 0.51328125 0.44027777777777777 0.51328125 0.41944444444444445 0.51484375 0.41388888888888886 0.52265625 0.4125 0.5265625 0.40694444444444444 0.52734375 0.39305555555555555 0.52578125 0.37777777777777777 0.528125 0.37222222222222223 0.53359375 0.37222222222222223
0 0.95703125 0.7472222222222222 0.990625 0.75 0.99921875 0.7583333333333333 0.99921875 0.8472222222222222 0.953125 0.8513888888888889 0.93828125 0.8569444444444444 0.925 0.8972222222222223 0.91796875 0.9 0.91875 0.9138888888888889 0.915625 0.9291666666666667 0.9109375 0.9388888888888889 0.90390625 0.9361111111111111 0.90234375 0.9263888888888889 0.90234375 0.9027777777777778 0.8984375 0.8833333333333333 0.89609375 0.8555555555555555 0.89609375 0.8222222222222222 0.89765625 0.8111111111111111 0.92109375 0.75 0.95625 0.7472222222222222
0 0.50078125 0.21666666666666667 0.5046875 0.23472222222222222 0.5046875 0.24027777777777778 0.5015625 0.24583333333333332 0.4875 0.2388888888888889 0.484375 0.22777777777777777 0.484375 0.22361111111111112 0.490625 0.2152777777777778 0.5 0.21666666666666667
0 0.26875 0.2902777777777778 0.26171875 0.26805555555555555 0.26171875 0.2388888888888889 0.259375 0.22916666666666666 0.259375 0.2152777777777778 0.26875 0.20972222222222223 0.29140625 0.20972222222222223 0.29765625 0.2125 0.2984375 0.24444444444444444 0.30078125 0.2625 0.30078125 0.2791666666666667 0.29296875 0.29305555555555557 0.28984375 0.2902777777777778 0.26953125 0.2902777777777778
0 0.4 0.2013888888888889 0.4078125 0.20833333333333334 0.40625 0.2263888888888889 0.4015625 0.23472222222222222 0.39765625 0.23472222222222222 0.3859375 0.21805555555555556 0.38828125 0.20555555555555555 0.39921875 0.2013888888888889
0 0.22890625 0.39305555555555555 0.23671875 0.4013888888888889 0.23984375 0.4152777777777778 0.240625 0.4444444444444444 0.24296875 0.4625 0.24609375 0.4708333333333333 0.24453125 0.4875 0.23203125 0.4888888888888889 0.21875 0.49583333333333335 0.21328125 0.5027777777777778 0.203125 0.5041666666666667 0.19609375 0.5208333333333334 0.19296875 0.5208333333333334 0.19140625 0.5166666666666667 0.184375 0.475 0.18671875 0.4388888888888889 0.18515625 0.4361111111111111 0.18203125 0.4 0.184375 0.3958333333333333 0.19140625 0.39305555555555555 0.228125 0.39305555555555555
0 0.07890625 0.8486111111111111 0.0921875 0.8513888888888889 0.103125 0.8583333333333333 0.109375 0.8722222222222222 0.10859375 0.8833333333333333 0.11015625 0.8916666666666667 0.10625 0.9 0.109375 0.9111111111111111 0.11015625 0.9236111111111112 0.1125 0.9277777777777778 0.1125 0.9680555555555556 0.109375 0.9986111111111111 0.0859375 0.9986111111111111 0.08515625 0.9958333333333333 0.07890625 0.9944444444444445 0.0703125 0.9986111111111111 0.06640625 0.9958333333333333 0.0609375 0.9986111111111111 0.05703125 0.9958333333333333 0.01015625 0.9986111111111111 0 0.9930555555555556 0 0.9333333333333333 0.00234375 0.9291666666666667 0 0.925 0 0.8930555555555556 0.00234375 0.8902777777777777 0.0046875 0.8708333333333333 0.0109375 0.8597222222222223 0.0203125 0.8513888888888889 0.0390625 0.8472222222222222 0.078125 0.8486111111111111
0 0.06171875 0.1763888888888889 0.0703125 0.17777777777777778 0.078125 0.18333333333333332 0.084375 0.20277777777777778 0.08515625 0.24305555555555555 0.0828125 0.25416666666666665 0.07890625 0.25833333333333336 0.065625 0.2569444444444444 0.06171875 0.25416666666666665 0.05859375 0.24722222222222223 0.06015625 0.22083333333333333 0.05859375 0.18055555555555555 0.0609375 0.1763888888888889
0 0.9890625 0.85 0.99453125 0.8513888888888889 0.99921875 0.8569444444444444 0.99921875 0.925 0.9953125 0.9277777777777778 0.99765625 0.9319444444444445 0.9953125 0.9527777777777777 0.99921875 0.9625 0.99140625 0.9805555555555555 0.99140625 0.9916666666666667 0.98515625 0.9916666666666667 0.975 0.9986111111111111 0.94921875 0.9958333333333333 0.9390625 0.9916666666666667 0.93828125 0.9875 0.9453125 0.9902777777777778 0.94921875 0.9875 0.98046875 0.9847222222222223 0.98046875 0.9791666666666666 0.98828125 0.9819444444444444 0.98984375 0.9791666666666666 0.9875 0.975 0.97734375 0.9763888888888889 0.971875 0.9819444444444444 0.96328125 0.9791666666666666 0.9328125 0.9791666666666666 0.91875 0.9708333333333333 0.91328125 0.9625 0.91171875 0.9347222222222222 0.91484375 0.9222222222222223 0.91875 0.9152777777777777 0.91875 0.9 0.921875 0.8986111111111111 0.9265625 0.8902777777777777 0.93671875 0.8583333333333333 0.9515625 0.8527777777777777 0.98828125 0.85
0 0.49453125 0.35555555555555557 0.50546875 0.3611111111111111 0.51171875 0.37916666666666665 0.496875 0.38472222222222224 0.49140625 0.4027777777777778 0.484375 0.41388888888888886 0.46953125 0.40555555555555556 0.4671875 0.3861111111111111 0.4734375 0.3611111111111111 0.48046875 0.35555555555555557 0.49375 0.35555555555555557
0 0.4546875 0.9305555555555556 0.46953125 0.9333333333333333 0.4859375 0.9541666666666667 0.49140625 0.9791666666666666 0.4890625 0.9944444444444445 0.484375 0.9972222222222222 0.4703125 0.9958333333333333 0.453125 0.9902777777777778 0.4390625 0.9944444444444445 0.42109375 0.9930555555555556 0.415625 0.9972222222222222 0.4046875 0.9944444444444445 0.390625 0.9958333333333333 0.38828125 0.9986111111111111 0.35625 0.9986111111111111 0.3625 0.9666666666666667 0.37421875 0.9402777777777778 0.3828125 0.9361111111111111 0.40390625 0.9333333333333333 0.45390625 0.9305555555555556
0 0.6421875 0.39444444444444443 0.65234375 0.3958333333333333 0.659375 0.4013888888888889 0.66796875 0.4166666666666667 0.6734375 0.43194444444444446 0.6515625 0.4388888888888889 0.6453125 0.44722222222222224 0.64140625 0.4625 0.6390625 0.49722222222222223 0.63671875 0.5 0.63515625 0.49722222222222223 0.6359375 0.4875 0.63359375 0.48333333333333334 0.6328125 0.46805555555555556 0.62890625 0.45416666666666666 0.61953125 0.44027777777777777 0.6109375 0.43472222222222223 0.60859375 0.4305555555555556 0.60859375 0.42083333333333334 0.6109375 0.40694444444444444 0.615625 0.39444444444444443 0.64140625 0.39444444444444443
0 0.3515625 0.17083333333333334 0.35625 0.1736111111111111 0.36015625 0.18611111111111112 0.35859375 0.2013888888888889 0.35546875 0.20833333333333334 0.3515625 0.2111111111111111 0.3453125 0.2111111111111111 0.340625 0.20277777777777778 0.34140625 0.1763888888888889 0.34453125 0.17222222222222222 0.35078125 0.17083333333333334
0 0.44375 0.38472222222222224 0.4484375 0.3902777777777778 0.45234375 0.4083333333333333 0.4390625 0.41805555555555557 0.4296875 0.46111111111111114 0.4171875 0.4638888888888889 0.4140625 0.46805555555555556 0.41015625 0.4666666666666667 0.40703125 0.4583333333333333 0.40546875 0.41805555555555557 0.4078125 0.4083333333333333 0.4125 0.4013888888888889 0.4171875 0.3875 0.44296875 0.38472222222222224
0 0.3578125 0.2125 0.365625 0.2152777777777778 0.3703125 0.22361111111111112 0.3703125 0.25416666666666665 0.35546875 0.2625 0.35234375 0.25833333333333336 0.353125 0.2513888888888889 0.35078125 0.2375 0.34296875 0.22361111111111112 0.346875 0.2152777777777778 0.35703125 0.2125
0 0.2140625 0.5041666666666667 0.21953125 0.49722222222222223 0.23671875 0.49027777777777776 0.2609375 0.49027777777777776 0.265625 0.4930555555555556 0.27421875 0.5194444444444445 0.284375 0.5319444444444444 0.2828125 0.5388888888888889 0.275 0.5444444444444444 0.240625 0.5430555555555555 0.23046875 0.5472222222222223 0.21796875 0.5805555555555556 0.21640625 0.5972222222222222 0.209375 0.6055555555555555 0.2078125 0.6013888888888889 0.2078125 0.55 0.20234375 0.5430555555555555 0.20234375 0.5388888888888889 0.209375 0.5333333333333333 0.2140625 0.5055555555555555
0 0.471875 0.2013888888888889 0.475 0.20833333333333334 0.475 0.21944444444444444 0.4640625 0.22777777777777777 0.46015625 0.22777777777777777 0.45546875 0.2222222222222222 0.45546875 0.20555555555555555 0.4625 0.1986111111111111 0.47109375 0.2013888888888889
0 0.6171875 0.5611111111111111 0.63046875 0.5625 0.64296875 0.5680555555555555 0.6640625 0.5833333333333334 0.671875 0.5958333333333333 0.67578125 0.6097222222222223 0.678125 0.6291666666666667 0.67890625 0.6694444444444444 0.68359375 0.6777777777777778 0.6890625 0.6805555555555556 0.69296875 0.7027777777777777 0.69296875 0.7305555555555555 0.6953125 0.7513888888888889 0.69375 0.7722222222222223 0.68984375 0.7805555555555556 0.6828125 0.7791666666666667 0.68046875 0.775 0.6796875 0.7638888888888888 0.6765625 0.7597222222222222 0.6453125 0.7555555555555555 0.63203125 0.7569444444444444 0.6234375 0.7763888888888889 0.6140625 0.7833333333333333 0.609375 0.7819444444444444 0.60546875 0.7763888888888889 0.60390625 0.7513888888888889 0.60078125 0.7402777777777778 0.5921875 0.7375 0.5859375 0.7305555555555555 0.5765625 0.7 0.5640625 0.6819444444444445 0.56328125 0.6569444444444444 0.56484375 0.6416666666666667 0.5609375 0.5930555555555556 0.5625 0.5861111111111111 0.56171875 0.5736111111111111 0.56640625 0.5708333333333333 0.57109375 0.5722222222222222 0.571875 0.5666666666666667 0.57578125 0.5625 0.58984375 0.5597222222222222 0.61640625 0.5611111111111111
0 0.428125 0.3458333333333333 0.4359375 0.3541666666666667 0.44375 0.38333333333333336 0.42421875 0.38472222222222224 0.41640625 0.3888888888888889 0.4046875 0.4166666666666667 0.403125 0.425 0.396875 0.4222222222222222 0.39453125 0.39861111111111114 0.39609375 0.3736111111111111 0.4015625 0.35138888888888886 0.4078125 0.34305555555555556 0.42734375 0.3458333333333333
0 0.31640625 0.22361111111111112 0.32265625 0.23055555555555557 0.32421875 0.2638888888888889 0.3171875 0.2625 0.3140625 0.26666666666666666 0.3125 0.2638888888888889 0.303125 0.26666666666666666 0.3 0.25555555555555554 0.29921875 0.23194444444444445 0.3015625 0.225 0.30625 0.2222222222222222 0.315625 0.22361111111111112
0 0.40859375 0.4847222222222222 0.41484375 0.4875 0.42265625 0.4986111111111111 0.43046875 0.5208333333333334 0.43125 0.5319444444444444 0.409375 0.5402777777777777 0.40546875 0.5513888888888889 0.40390625 0.5722222222222222 0.40078125 0.5833333333333334 0.40078125 0.5944444444444444 0.3984375 0.6 0.39765625 0.6180555555555556 0.39609375 0.6194444444444445 0.38984375 0.6138888888888889 0.38671875 0.6208333333333333 0.3828125 0.6208333333333333 0.3734375 0.6319444444444444 0.3703125 0.6305555555555555 0.3671875 0.6180555555555556 0.36328125 0.6111111111111112 0.359375 0.6097222222222223 0.35625 0.6013888888888889 0.3546875 0.5833333333333334 0.35546875 0.5388888888888889 0.35859375 0.5208333333333334 0.36484375 0.4986111111111111 0.36953125 0.49027777777777776 0.3859375 0.4847222222222222 0.4078125 0.4847222222222222
0 0.4671875 0.5361111111111111 0.478125 0.5402777777777777 0.496875 0.5652777777777778 0.503125 0.5791666666666667 0.50703125 0.6097222222222223 0.51171875 0.6208333333333333 0.51640625 0.6194444444444445 0.51796875 0.6222222222222222 0.5140625 0.6333333333333333 0.515625 0.6791666666666667 0.5109375 0.6833333333333333 0.49765625 0.6861111111111111 0.4828125 0.7138888888888889 0.48046875 0.725 0.47421875 0.7277777777777777 0.4421875 0.7277777777777777 0.42890625 0.7375 0.42421875 0.7375 0.42109375 0.7319444444444444 0.41796875 0.7166666666666667 0.40859375 0.7097222222222223 0.40546875 0.6972222222222222 0.40078125 0.6152777777777778 0.4046875 0.5597222222222222 0.4078125 0.5458333333333333 0.41328125 0.5388888888888889 0.46640625 0.5361111111111111
0 0.2078125 0.20277777777777778 0.22265625 0.2152777777777778 0.23046875 0.21805555555555556 0.2328125 0.2222222222222222 0.2328125 0.23055555555555557 0.23046875 0.2361111111111111 0.21640625 0.24305555555555555 0.2046875 0.2388888888888889 0.18984375 0.24027777777777778 0.18671875 0.23472222222222222 0.1859375 0.21805555555555556 0.1875 0.20555555555555555 0.20703125 0.20277777777777778
0 0.475 0.4125 0.48203125 0.4166666666666667 0.48828125 0.4263888888888889 0.49609375 0.45555555555555555 0.46953125 0.4513888888888889 0.45234375 0.45555555555555555 0.44609375 0.46805555555555556 0.44609375 0.47638888888888886 0.4390625 0.5111111111111111 0.43515625 0.5111111111111111 0.43203125 0.4861111111111111 0.43203125 0.45 0.4375 0.4305555555555556 0.43828125 0.42083333333333334 0.44296875 0.41388888888888886 0.4515625 0.4097222222222222 0.46953125 0.4097222222222222 0.47421875 0.4125
0 0.47734375 0.22361111111111112 0.4828125 0.22777777777777777 0.484375 0.24027777777777778 0.4796875 0.24583333333333332 0.475 0.26944444444444443 0.46484375 0.26944444444444443 0.46171875 0.26666666666666666 0.4609375 0.23333333333333334 0.46640625 0.225 0.4765625 0.22361111111111112
0 0.50234375 0.7680555555555556 0.5125 0.7763888888888889 0.5265625 0.8027777777777778 0.53828125 0.8444444444444444 0.54296875 0.8541666666666666 0.553125 0.8527777777777777 0.5609375 0.8597222222222223 0.55859375 0.8694444444444445 0.546875 0.8763888888888889 0.546875 0.8819444444444444 0.55390625 0.9013888888888889 0.5578125 0.925 0.56015625 0.9708333333333333 0.55703125 0.9777777777777777 0.5421875 0.9791666666666666 0.54140625 0.9819444444444444 0.534375 0.9819444444444444 0.52578125 0.9888888888888889 0.5234375 0.9847222222222223 0.49453125 0.9847222222222223 0.49140625 0.9777777777777777 0.48671875 0.9527777777777777 0.46875 0.9305555555555556 0.45703125 0.9263888888888889 0.44140625 0.9291666666666667 0.41796875 0.9277777777777778 0.4140625 0.9180555555555555 0.4140625 0.8680555555555556 0.41796875 0.8555555555555555 0.4171875 0.8236111111111111 0.42109375 0.8166666666666667 0.421875 0.7972222222222223 0.4296875 0.7736111111111111 0.4421875 0.7680555555555556 0.46875 0.7638888888888888 0.48671875 0.7638888888888888 0.5015625 0.7680555555555556
0 0.26171875 0.27361111111111114 0.26015625 0.26666666666666666 0.24921875 0.26666666666666666 0.24296875 0.2625 0.24375 0.2513888888888889 0.24921875 0.2361111111111111 0.25234375 0.23194444444444445 0.25859375 0.23055555555555557 0.2609375 0.2388888888888889 0.26171875 0.2722222222222222
0 0.4875 0.24027777777777778 0.5015625 0.24861111111111112 0.509375 0.2652777777777778 0.5078125 0.26944444444444443 0.50234375 0.2708333333333333 0.48671875 0.26944444444444443 0.4828125 0.2777777777777778 0.48125 0.2902777777777778 0.4765625 0.2847222222222222 0.47578125 0.26666666666666666 0.48046875 0.24444444444444444 0.48671875 0.24027777777777778
0 0.13984375 0.8180555555555555 0.14375 0.8236111111111111 0.14765625 0.8361111111111111 0.15078125 0.8569444444444444 0.14921875 0.8763888888888889 0.15 0.8958333333333334 0.146875 0.9069444444444444 0.14453125 0.9277777777777778 0.134375 0.9555555555555556 0.128125 0.9527777777777777 0.1203125 0.9388888888888889 0.115625 0.9152777777777777 0.115625 0.8930555555555556 0.11875 0.8805555555555555 0.11640625 0.8763888888888889 0.11796875 0.8694444444444445 0.11796875 0.8444444444444444 0.13203125 0.8194444444444444 0.1390625 0.8180555555555555
0 0.4546875 0.2861111111111111 0.46640625 0.2902777777777778 0.47265625 0.29583333333333334 0.47578125 0.30277777777777776 0.475 0.3125 0.47109375 0.3138888888888889 0.46328125 0.30833333333333335 0.446875 0.30833333333333335 0.4421875 0.31666666666666665 0.440625 0.3375 0.43671875 0.34444444444444444 0.43125 0.34444444444444444 0.428125 0.3375 0.43046875 0.3013888888888889 0.43359375 0.2902777777777778 0.44921875 0.2847222222222222 0.45390625 0.2861111111111111
0 0.57890625 0.44166666666666665 0.61484375 0.44166666666666665 0.628125 0.45555555555555555 0.63203125 0.48333333333333334 0.63203125 0.5180555555555556 0.6375 0.525 0.640625 0.5361111111111111 0.640625 0.5527777777777778 0.63671875 0.5597222222222222 0.6078125 0.5569444444444445 0.60625 0.5472222222222223 0.59921875 0.5402777777777777 0.5890625 0.5166666666666667 0.5765625 0.5027777777777778 0.55625 0.4930555555555556 0.5546875 0.4736111111111111 0.56171875 0.4652777777777778 0.5625 0.44722222222222224 0.5671875 0.44305555555555554 0.578125 0.44166666666666665
0 0.5484375 0.27361111111111114 0.56171875 0.28194444444444444 0.5671875 0.28888888888888886 0.56953125 0.2986111111111111 0.56875 0.3236111111111111 0.565625 0.325 0.55859375 0.32083333333333336 0.54375 0.32222222222222224 0.53671875 0.3375 0.5296875 0.3458333333333333 0.52421875 0.36527777777777776 0.521875 0.36527777777777776 0.51484375 0.3486111111111111 0.5140625 0.3013888888888889 0.5171875 0.28194444444444444 0.51953125 0.275 0.52421875 0.2722222222222222 0.54765625 0.27361111111111114
0 0.38828125 0.18333333333333332 0.390625 0.18888888888888888 0.390625 0.2 0.38671875 0.20694444444444443 0.3828125 0.20694444444444443 0.38046875 0.2125 0.37421875 0.19444444444444445 0.3796875 0.18194444444444444 0.3875 0.18333333333333332
0 0.31484375 0.7583333333333333 0.340625 0.7597222222222222 0.3484375 0.7805555555555556 0.359375 0.8263888888888888 0.3625 0.8319444444444445 0.3765625 0.8291666666666667 0.3796875 0.8333333333333334 0.3796875 0.8388888888888889 0.3765625 0.8458333333333333 0.36640625 0.8513888888888889 0.3703125 0.8638888888888889 0.37109375 0.8763888888888889 0.3765625 0.9 0.3765625 0.9305555555555556 0.36875 0.9416666666666667 0.3671875 0.9513888888888888 0.359375 0.9680555555555556 0.35625 0.9875 0.353125 0.9944444444444445 0.32109375 0.9902777777777778 0.31484375 0.9944444444444445 0.2703125 0.9958333333333333 0.2546875 0.9930555555555556 0.2515625 0.9833333333333333 0.2515625 0.9722222222222222 0.24921875 0.9694444444444444 0.24296875 0.9472222222222222 0.240625 0.9222222222222223 0.2390625 0.8555555555555555 0.24296875 0.7958333333333333 0.25078125 0.7916666666666666 0.2578125 0.7736111111111111 0.26875 0.7638888888888888 0.3140625 0.7583333333333333
0 0.346875 0.23055555555555557 0.3515625 0.2375 0.35234375 0.25833333333333336 0.34140625 0.2777777777777778 0.32734375 0.2777777777777778 0.32421875 0.27361111111111114 0.32421875 0.2375 0.32734375 0.23194444444444445 0.3328125 0.22916666666666666 0.33984375 0.22777777777777777 0.34609375 0.23055555555555557
0 0.57421875 0.5041666666666667 0.58984375 0.5208333333333334 0.59296875 0.5361111111111111 0.59921875 0.5527777777777778 0.5953125 0.5583333333333333 0.57734375 0.5597222222222222 0.5703125 0.575 0.56796875 0.5736111111111111 0.56015625 0.5930555555555556 0.56171875 0.6083333333333333 0.5609375 0.6319444444444444 0.55 0.6333333333333333 0.54609375 0.6402777777777777 0.53984375 0.6444444444444445 0.5359375 0.6430555555555556 0.52734375 0.6222222222222222 0.51875 0.6125 0.51484375 0.6 0.5140625 0.5583333333333333 0.5203125 0.5138888888888888 0.52421875 0.5055555555555555 0.5328125 0.5 0.5546875 0.4986111111111111 0.5734375 0.5041666666666667
0 0.41640625 0.175 0.41796875 0.18888888888888888 0.415625 0.19305555555555556 0.40859375 0.19583333333333333 0.403125 0.19444444444444445 0.4015625 0.1875 0.40234375 0.1763888888888889 0.40703125 0.17222222222222222 0.415625 0.175