0 0.5015625 0.21944444444444444 0.52265625 0.23333333333333334 0.52265625 0.2388888888888889 0.51953125 0.24583333333333332 0.51484375 0.25 0.4953125 0.25 0.48828125 0.23194444444444445 0.48203125 0.22916666666666666 0.48828125 0.22083333333333333 0.50078125 0.21944444444444444
0 0.52578125 0.29583333333333334 0.53359375 0.31527777777777777 0.534375 0.32916666666666666 0.5328125 0.3486111111111111 0.53046875 0.35555555555555557 0.52578125 0.3597222222222222 0.5046875 0.35555555555555557 0.50234375 0.3486111111111111 0.50234375 0.3375 0.49453125 0.32916666666666666 0.4921875 0.32083333333333336 0.49296875 0.30694444444444446 0.496875 0.29583333333333334 0.51171875 0.29305555555555557 0.525 0.29583333333333334
0 0.09140625 0.25833333333333336 0.10703125 0.2611111111111111 0.1125 0.2652777777777778 0.1171875 0.27361111111111114 0.1203125 0.2875 0.1203125 0.2972222222222222 0.115625 0.32083333333333336 0.1078125 0.3236111111111111 0.09609375 0.31527777777777777 0.08046875 0.31666666666666665 0.07734375 0.3125 0.078125 0.2847222222222222 0.0859375 0.2638888888888889 0.090625 0.25972222222222224
0 0.48671875 0.24166666666666667 0.49609375 0.25833333333333336 0.48828125 0.2625 0.48515625 0.26805555555555555 0.48203125 0.2833333333333333 0.4765625 0.2861111111111111 0.4671875 0.2861111111111111 0.465625 0.28194444444444444 0.46796875 0.24861111111111112 0.471875 0.24305555555555555 0.4859375 0.24166666666666667
0 0.45234375 0.19166666666666668 0.4609375 0.2 0.4609375 0.22361111111111112 0.45703125 0.2263888888888889 0.4453125 0.22361111111111112 0.4421875 0.2125 0.4421875 0.19583333333333333 0.44609375 0.19166666666666668 0.4515625 0.19166666666666668
0 0.56171875 0.34305555555555556 0.5671875 0.35138888888888886 0.57109375 0.36666666666666664 0.57109375 0.3763888888888889 0.56484375 0.3972222222222222 0.5609375 0.4041666666666667 0.5375 0.40555555555555556 0.53203125 0.40555555555555556 0.52734375 0.3958333333333333 0.528125 0.3638888888888889 0.53515625 0.3402777777777778 0.55390625 0.3388888888888889 0.5609375 0.34305555555555556
0 0.3328125 0.2013888888888889 0.3359375 0.2125 0.334375 0.21944444444444444 0.33203125 0.22083333333333333 0.3109375 0.21805555555555556 0.31328125 0.20555555555555555 0.31640625 0.2013888888888889 0.33203125 0.2013888888888889
0 0.6546875 0.6125 0.66953125 0.6152777777777778 0.67734375 0.625 0.68515625 0.6291666666666667 0.690625 0.6458333333333334 0.70234375 0.6638888888888889 0.70859375 0.6680555555555555 0.72890625 0.6916666666666667 0.73203125 0.6986111111111111 0.73515625 0.7194444444444444 0.74140625 0.725 0.74453125 0.7319444444444444 0.74375 0.7444444444444445 0.7375 0.7569444444444444 0.73515625 0.7708333333333334 0.73515625 0.8111111111111111 0.73046875 0.8541666666666666 0.73203125 0.9111111111111111 0.71640625 0.9152777777777777 0.6890625 0.9138888888888889 0.684375 0.8833333333333333 0.678125 0.8666666666666667 0.65390625 0.8486111111111111 0.6484375 0.8333333333333334 0.62265625 0.8041666666666667 0.60078125 0.7875 0.58359375 0.7819444444444444 0.578125 0.7736111111111111 0.578125 0.7375 0.57734375 0.7305555555555555 0.5703125 0.7180555555555556 0.56953125 0.6847222222222222 0.57421875 0.6625 0.57890625 0.6513888888888889 0.5828125 0.6263888888888889 0.59765625 0.6152777777777778 0.65390625 0.6125
0 0.44921875 0.15694444444444444 0.453125 0.15833333333333333 0.45546875 0.16805555555555557 0.45234375 0.17222222222222222 0.44609375 0.1736111111111111 0.44296875 0.16805555555555557 0.44296875 0.1638888888888889 0.44453125 0.1597222222222222 0.4484375 0.15833333333333333
0 0.30703125 0.2013888888888889 0.31171875 0.20694444444444443 0.3109375 0.21805555555555556 0.303125 0.22083333333333333 0.29140625 0.22083333333333333 0.28984375 0.21944444444444444 0.28984375 0.2111111111111111 0.29140625 0.20555555555555555 0.30625 0.2013888888888889
0 0.7453125 0.4777777777777778 0.7890625 0.48055555555555557 0.81640625 0.4986111111111111 0.82734375 0.5125 0.83359375 0.5361111111111111 0.83671875 0.5416666666666666 0.84140625 0.5430555555555555 0.84296875 0.5486111111111112 0.83828125 0.5583333333333333 0.8375 0.5680555555555555 0.8390625 0.6 0.8375 0.625 0.8359375 0.6319444444444444 0.828125 0.6430555555555556 0.81953125 0.6402777777777777 0.8140625 0.6333333333333333 0.77265625 0.6305555555555555 0.76875 0.6236111111111111 0.76640625 0.6055555555555555 0.7640625 0.6013888888888889 0.75546875 0.5944444444444444 0.74453125 0.5736111111111111 0.73203125 0.5625 0.73203125 0.5333333333333333 0.73671875 0.4875 0.740625 0.4791666666666667 0.74453125 0.4777777777777778
0 0.35703125 0.2972222222222222 0.36796875 0.3125 0.365625 0.32222222222222224 0.365625 0.33611111111111114 0.36796875 0.3458333333333333 0.36640625 0.35833333333333334 0.35625 0.3541666666666667 0.3421875 0.35555555555555557 0.33828125 0.34444444444444444 0.33828125 0.2972222222222222 0.34140625 0.29444444444444445 0.35625 0.2972222222222222
0 0.2375 0.5083333333333333 0.25546875 0.5097222222222222 0.26171875 0.5180555555555556 0.26875 0.5597222222222222 0.26875 0.5736111111111111 0.26171875 0.5694444444444444 0.2375 0.5694444444444444 0.221875 0.5736111111111111 0.21640625 0.5847222222222223 0.215625 0.5972222222222222 0.209375 0.6083333333333333 0.20625 0.6347222222222222 0.203125 0.6444444444444445 0.2015625 0.6430555555555556 0.19765625 0.6222222222222222 0.1984375 0.5944444444444444 0.1953125 0.5875 0.1953125 0.5763888888888888 0.19921875 0.5625 0.2015625 0.5208333333333334 0.20546875 0.5138888888888888 0.21328125 0.5097222222222222 0.23671875 0.5097222222222222
0 0.84609375 0.7347222222222223 0.9671875 0.7902777777777777 0.99921875 0.8277777777777777 0.99921875 0.8930555555555556 0.99375 0.9 0.99921875 0.9097222222222222 0.99921875 0.9388888888888889 0.98203125 0.9416666666666667 0.9765625 0.9527777777777777 0.984375 0.9541666666666667 0.99453125 0.9486111111111111 0.99921875 0.9527777777777777 0.99921875 0.9666666666666667 0.99140625 0.9597222222222223 0.9875 0.9611111111111111 0.98984375 0.9666666666666667 0.98828125 0.9680555555555556 0.98515625 0.9666666666666667 0.984375 0.9625 0.97734375 0.9625 0.9734375 0.9680555555555556 0.96953125 0.9652777777777778 0.96953125 0.975 0.96640625 0.9763888888888889 0.96328125 0.9708333333333333 0.96328125 0.9611111111111111 0.97109375 0.9486111111111111 0.96953125 0.9444444444444444 0.959375 0.9388888888888889 0.940625 0.9152777777777777 0.88203125 0.8583333333333333 0.8765625 0.8555555555555555 0.8171875 0.8569444444444444 0.7640625 0.8638888888888889 0.75625 0.8694444444444445 0.75625 0.8902777777777777 0.7546875 0.8958333333333334 0.75546875 0.9388888888888889 0.75234375 0.9583333333333334 0.74765625 0.9638888888888889 0.75078125 0.9763888888888889 0.75078125 0.9861111111111112 0.7453125 0.9847222222222223 0.7375 0.975 0.73671875 0.9638888888888889 0.7328125 0.9569444444444445 0.73359375 0.9236111111111112 0.7421875 0.9166666666666666 0.734375 0.9097222222222222 0.73359375 0.8583333333333333 0.7359375 0.8486111111111111 0.73671875 0.8152777777777778 0.73984375 0.7972222222222223 0.73984375 0.7833333333333333 0.7484375 0.7541666666666667 0.75625 0.7416666666666667 0.771875 0.7375 0.81171875 0.7319444444444444 0.8375 0.7319444444444444 0.8453125 0.7347222222222223
0 0.43125 0.18333333333333332 0.4375 0.19444444444444445 0.434375 0.2 0.415625 0.1986111111111111 0.41953125 0.18472222222222223 0.43046875 0.18333333333333332
0 0.4046875 0.22083333333333333 0.4078125 0.22916666666666666 0.4078125 0.24444444444444444 0.4046875 0.24861111111111112 0.38671875 0.24861111111111112 0.384375 0.24583333333333332 0.38359375 0.2388888888888889 0.38359375 0.2263888888888889 0.38671875 0.21805555555555556 0.39765625 0.2152777777777778 0.40390625 0.22083333333333333
0 0.08125 0.39305555555555555 0.09140625 0.3972222222222222 0.090625 0.4027777777777778 0.09375 0.40694444444444444 0.09453125 0.4125 0.09296875 0.44166666666666665 0.0875 0.4527777777777778 0.08203125 0.4527777777777778 0.078125 0.4444444444444444 0.0765625 0.42916666666666664 0.07734375 0.4041666666666667 0.08125 0.39444444444444443
0 0.94375 0.5736111111111111 0.96484375 0.5777777777777777 0.99921875 0.6013888888888889 0.99921875 0.7138888888888889 0.99296875 0.7208333333333333 0.98984375 0.7319444444444444 0.9890625 0.7541666666666667 0.98671875 0.7666666666666667 0.98203125 0.7736111111111111 0.96171875 0.7722222222222223 0.95625 0.7680555555555556 0.95234375 0.7680555555555556 0.94609375 0.7736111111111111 0.93203125 0.7722222222222223 0.92578125 0.7666666666666667 0.91640625 0.7486111111111111 0.90859375 0.7569444444444444 0.9 0.7569444444444444 0.89375 0.75 0.8890625 0.7180555555555556 0.87890625 0.7041666666666667 0.87890625 0.6361111111111111 0.8828125 0.5777777777777777 0.88671875 0.5736111111111111 0.94296875 0.5736111111111111
0 0.39296875 0.525 0.4015625 0.5583333333333333 0.38984375 0.5638888888888889 0.38515625 0.5708333333333333 0.3765625 0.6013888888888889 0.371875 0.6458333333333334 0.3671875 0.6513888888888889 0.353125 0.6541666666666667 0.3453125 0.6597222222222222 0.34140625 0.6666666666666666 0.3421875 0.6708333333333333 0.3359375 0.6736111111111112 0.33203125 0.6708333333333333 0.33125 0.6527777777777778 0.32578125 0.6458333333333334 0.32578125 0.5805555555555556 0.32421875 0.575 0.32421875 0.5652777777777778 0.3296875 0.5513888888888889 0.334375 0.5222222222222223 0.33671875 0.5180555555555556 0.3453125 0.5152777777777777 0.38046875 0.5125 0.38671875 0.5152777777777777 0.3921875 0.525
0 0.36328125 0.43333333333333335 0.3796875 0.43472222222222223 0.39375 0.4486111111111111 0.39765625 0.46944444444444444 0.40234375 0.4736111111111111 0.40390625 0.48055555555555557 0.4015625 0.48333333333333334 0.3578125 0.48333333333333334 0.346875 0.4875 0.3421875 0.4861111111111111 0.340625 0.4791666666666667 0.35078125 0.44166666666666665 0.35546875 0.43472222222222223 0.3625 0.43333333333333335
0 0.54765625 0.7833333333333333 0.57734375 0.7847222222222222 0.60390625 0.7930555555555555 0.62578125 0.8111111111111111 0.640625 0.8305555555555556 0.6515625 0.85 0.67421875 0.8680555555555556 0.68359375 0.8972222222222223 0.68359375 0.9138888888888889 0.68203125 0.9180555555555555 0.6453125 0.9194444444444444 0.63046875 0.925 0.60703125 0.9236111111111112 0.603125 0.9208333333333333 0.596875 0.8902777777777777 0.5859375 0.8666666666666667 0.57421875 0.8541666666666666 0.56328125 0.8486111111111111 0.5375 0.8458333333333333 0.51796875 0.8486111111111111 0.49921875 0.8569444444444444 0.48203125 0.8944444444444445 0.4796875 0.9069444444444444 0.4734375 0.9194444444444444 0.4703125 0.9111111111111111 0.4703125 0.8833333333333333 0.4734375 0.8708333333333333 0.47421875 0.8541666666666666 0.47890625 0.8277777777777777 0.4859375 0.8125 0.48671875 0.8041666666666667 0.49453125 0.7944444444444444 0.50703125 0.7875 0.52578125 0.7833333333333333 0.546875 0.7833333333333333
0 0.29609375 0.5986111111111111 0.3109375 0.6416666666666667 0.3171875 0.6694444444444444 0.321875 0.7055555555555556 0.32421875 0.7097222222222223 0.3265625 0.7055555555555556 0.33125 0.7041666666666667 0.33515625 0.7097222222222223 0.33515625 0.725 0.3265625 0.7319444444444444 0.32890625 0.7722222222222223 0.32734375 0.7763888888888889 0.32265625 0.7791666666666667 0.30390625 0.7805555555555556 0.29609375 0.7861111111111111 0.290625 0.7944444444444444 0.2765625 0.7972222222222223 0.26015625 0.8069444444444445 0.253125 0.8277777777777777 0.25234375 0.8361111111111111 0.24609375 0.8486111111111111 0.2453125 0.8611111111111112 0.2421875 0.8638888888888889 0.23046875 0.8638888888888889 0.2234375 0.8736111111111111 0.21953125 0.8694444444444445 0.215625 0.8402777777777778 0.21328125 0.8361111111111111 0.2125 0.8194444444444444 0.209375 0.8111111111111111 0.2078125 0.7541666666666667 0.20390625 0.7375 0.20546875 0.7152777777777778 0.20390625 0.6513888888888889 0.21328125 0.6069444444444444 0.22578125 0.5986111111111111 0.25625 0.5944444444444444 0.284375 0.5930555555555556 0.29140625 0.5944444444444444 0.2953125 0.5986111111111111
0 0.36640625 0.18611111111111112 0.37109375 0.19583333333333333 0.37265625 0.20833333333333334 0.37109375 0.2222222222222222 0.375 0.2375 0.37421875 0.2513888888888889 0.36953125 0.25833333333333336 0.3453125 0.2569444444444444 0.34140625 0.25 0.33671875 0.2263888888888889 0.3375 0.20555555555555555 0.3421875 0.1875 0.346875 0.18472222222222223 0.365625 0.18611111111111112
0 0.13515625 0.3819444444444444 0.13984375 0.3861111111111111 0.13984375 0.3958333333333333 0.14296875 0.40555555555555556 0.1421875 0.41805555555555557 0.13828125 0.425 0.13046875 0.4236111111111111 0.1265625 0.4083333333333333 0.128125 0.38472222222222224 0.134375 0.3819444444444444
0 0.36953125 0.40555555555555556 0.3796875 0.4111111111111111 0.38828125 0.42777777777777776 0.39296875 0.43194444444444446 0.39140625 0.44027777777777777 0.39375 0.45 0.38515625 0.44583333333333336 0.37890625 0.4361111111111111 0.36796875 0.4375 0.359375 0.43472222222222223 0.35078125 0.44166666666666665 0.3421875 0.47638888888888886 0.33515625 0.48055555555555557 0.33046875 0.4777777777777778 0.3265625 0.45 0.32734375 0.4361111111111111 0.33359375 0.4166666666666667 0.34296875 0.40694444444444444 0.36875 0.40555555555555556
0 0.21328125 0.20833333333333334 0.23125 0.22083333333333333 0.23125 0.23333333333333334 0.2296875 0.2361111111111111 0.21875 0.24166666666666667 0.2 0.2375 0.1921875 0.2388888888888889 0.1890625 0.23333333333333334 0.1890625 0.2152777777777778 0.1921875 0.20416666666666666 0.2078125 0.20277777777777778 0.2125 0.20833333333333334
0 0.33359375 0.2263888888888889 0.3375 0.2361111111111111 0.3375 0.24583333333333332 0.34140625 0.2569444444444444 0.34140625 0.26666666666666666 0.33828125 0.275 0.33671875 0.2875 0.3359375 0.31805555555555554 0.33828125 0.3541666666666667 0.34140625 0.36944444444444446 0.3421875 0.4 0.33359375 0.4097222222222222 0.328125 0.4263888888888889 0.32421875 0.43194444444444446 0.2953125 0.42916666666666664 0.2921875 0.4083333333333333 0.28203125 0.3680555555555556 0.27890625 0.34444444444444444 0.2765625 0.3388888888888889 0.26796875 0.33055555555555555 0.27109375 0.3 0.27109375 0.2833333333333333 0.26796875 0.2722222222222222 0.26796875 0.22777777777777777 0.271875 0.2222222222222222 0.32578125 0.2222222222222222 0.3328125 0.2263888888888889
0 0.24453125 0.33611111111111114 0.26875 0.3388888888888889 0.2765625 0.3458333333333333 0.29609375 0.44166666666666665 0.2953125 0.4638888888888889 0.28984375 0.4736111111111111 0.2921875 0.5527777777777778 0.290625 0.5791666666666667 0.28671875 0.5875 0.2796875 0.5861111111111111 0.271875 0.5722222222222222 0.2640625 0.5222222222222223 0.25859375 0.5097222222222222 0.25546875 0.5083333333333333 0.23046875 0.5069444444444444 0.20625 0.5111111111111111 0.20078125 0.5208333333333334 0.19765625 0.5625 0.1953125 0.5652777777777778 0.1921875 0.5555555555555556 0.1890625 0.49583333333333335 0.18984375 0.48194444444444445 0.18203125 0.4666666666666667 0.18125 0.44166666666666665 0.18203125 0.43333333333333335 0.190625 0.4083333333333333 0.19453125 0.36666666666666664 0.19921875 0.35138888888888886 0.20546875 0.3416666666666667 0.24375 0.33611111111111114
0 0.43515625 0.2 0.440625 0.20416666666666666 0.44296875 0.24166666666666667 0.4421875 0.25833333333333336 0.43046875 0.2652777777777778 0.42578125 0.2722222222222222 0.42421875 0.2791666666666667 0.415625 0.28194444444444444 0.4109375 0.28194444444444444 0.4078125 0.2638888888888889 0.409375 0.20694444444444443 0.4109375 0.20277777777777778 0.41640625 0.2 0.434375 0.2
0 0.4796875 0.22916666666666666 0.490625 0.2361111111111111 0.49140625 0.24861111111111112 0.48203125 0.24305555555555555 0.4734375 0.24444444444444444 0.46875 0.24861111111111112 0.4671875 0.24444444444444444 0.46796875 0.24027777777777778 0.47265625 0.23194444444444445 0.47890625 0.22916666666666666
0 0.57109375 0.3736111111111111 0.60546875 0.37916666666666665 0.61875 0.4027777777777778 0.625 0.40694444444444444 0.62421875 0.4111111111111111 0.61171875 0.41944444444444445 0.60546875 0.42916666666666664 0.60234375 0.45694444444444443 0.60078125 0.4583333333333333 0.59453125 0.4583333333333333 0.58515625 0.44166666666666665 0.57734375 0.45416666666666666 0.5640625 0.45694444444444443 0.5609375 0.44722222222222224 0.5609375 0.41944444444444445 0.56328125 0.39861111111111114 0.56796875 0.3888888888888889 0.57109375 0.375
0 0.46875 0.9833333333333333 0.48359375 0.9930555555555556 0.48515625 0.9986111111111111 0.4546875 0.9986111111111111 0.453125 0.9958333333333333 0.4453125 0.9986111111111111 0.36640625 0.9986111111111111 0.36640625 0.9944444444444445 0.3765625 0.9902777777777778 0.403125 0.9861111111111112 0.46796875 0.9833333333333333
0 0.88046875 0.8597222222222223 0.90078125 0.8805555555555555 0.91328125 0.8888888888888888 0.9203125 0.8986111111111111 0.953125 0.9305555555555556 0.95859375 0.9416666666666667 0.96171875 0.9763888888888889 0.95703125 0.9805555555555555 0.93359375 0.9819444444444444 0.9265625 0.9791666666666666 0.91875 0.9680555555555556 0.9109375 0.9652777777777778 0.90625 0.9708333333333333 0.90859375 0.9875 0.90859375 0.9930555555555556 0.90703125 0.9944444444444445 0.9 0.9944444444444445 0.896875 0.9888888888888889 0.88203125 0.9944444444444445 0.8765625 0.9875 0.865625 0.9875 0.85078125 0.9958333333333333 0.82109375 0.9930555555555556 0.80390625 0.9958333333333333 0.75546875 0.9944444444444445 0.75390625 0.9916666666666667 0.75390625 0.9555555555555556 0.7609375 0.9333333333333333 0.7609375 0.9277777777777778 0.75625 0.9208333333333333 0.75546875 0.9152777777777777 0.75625 0.8986111111111111 0.759375 0.8902777777777777 0.7578125 0.8722222222222222 0.759375 0.8680555555555556 0.76484375 0.8652777777777778 0.81328125 0.8597222222222223 0.8796875 0.8597222222222223
0 0.50390625 0.17916666666666667 0.5078125 0.18888888888888888 0.5078125 0.20277777777777778 0.50546875 0.20555555555555555 0.50078125 0.20416666666666666 0.4984375 0.2 0.4953125 0.18611111111111112 0.49765625 0.17916666666666667 0.503125 0.17916666666666667
0 0.290625 0.22083333333333333 0.321875 0.22083333333333333 0.33359375 0.2263888888888889 0.33671875 0.23333333333333334 0.3375 0.2513888888888889 0.3390625 0.25416666666666665 0.3375 0.2708333333333333 0.33515625 0.2777777777777778 0.32421875 0.28055555555555556 0.31875 0.2777777777777778 0.27109375 0.28055555555555556 0.26796875 0.275 0.26796875 0.2263888888888889 0.2734375 0.22083333333333333 0.28984375 0.22083333333333333
0 0.384375 0.48333333333333334 0.39765625 0.4861111111111111 0.4078125 0.5166666666666667 0.41484375 0.5166666666666667 0.41796875 0.5208333333333334 0.41796875 0.5263888888888889 0.4125 0.5361111111111111 0.41484375 0.5430555555555555 0.41484375 0.5569444444444445 0.4109375 0.5597222222222222 0.403125 0.5597222222222222 0.3953125 0.5291666666666667 0.384375 0.5125 0.353125 0.5125 0.34453125 0.5152777777777777 0.3390625 0.5125 0.34296875 0.49166666666666664 0.3453125 0.4888888888888889 0.3578125 0.4847222222222222 0.38359375 0.48333333333333334
0 0.217578125 0.3326388888888889 0.05859375 0.0763888888888889
0 0.06953125 0.17777777777777778 0.078125 0.18333333333333332 0.084375 0.20416666666666666 0.0859375 0.24722222222222223 0.08203125 0.25555555555555554 0.07734375 0.25833333333333336 0.06328125 0.25555555555555554 0.05859375 0.24861111111111112 0.05859375 0.18055555555555555 0.06015625 0.17777777777777778 0.06875 0.17777777777777778
0 0.75 0.26666666666666666 0.7546875 0.26944444444444443 0.7578125 0.2791666666666667 0.7578125 0.2916666666666667 0.75625 0.29583333333333334 0.75703125 0.31666666666666665 0.75546875 0.3236111111111111 0.75078125 0.32916666666666666 0.7296875 0.3277777777777778 0.72265625 0.3111111111111111 0.72421875 0.2875 0.7328125 0.26666666666666666 0.74921875 0.26666666666666666
0 0.992578125 0.7694444444444445 0.01484375 0.10833333333333334
0 0.49296875 0.34305555555555556 0.50078125 0.3472222222222222 0.50234375 0.3527777777777778 0.5015625 0.37222222222222223 0.4984375 0.3819444444444444 0.49453125 0.3819444444444444 0.490625 0.375 0.4890625 0.36666666666666664 0.48984375 0.3472222222222222 0.4921875 0.34305555555555556
0 0.68984375 0.4486111111111111 0.72109375 0.4527777777777778 0.73359375 0.4597222222222222 0.740625 0.4708333333333333 0.74140625 0.47638888888888886 0.7359375 0.4888888888888889 0.73203125 0.5208333333333334 0.73046875 0.5597222222222222 0.690625 0.5597222222222222 0.67734375 0.5569444444444445 0.67265625 0.5527777777777778 0.66796875 0.5291666666666667 0.66953125 0.4777777777777778 0.6828125 0.4513888888888889 0.6890625 0.4486111111111111
0 0.5140625 0.42083333333333334 0.52578125 0.4263888888888889 0.53359375 0.4444444444444444 0.5390625 0.4513888888888889 0.5359375 0.4597222222222222 0.53828125 0.46805555555555556 0.5390625 0.4875 0.5390625 0.5013888888888889 0.5359375 0.5097222222222222 0.5265625 0.5041666666666667 0.5015625 0.5041666666666667 0.4859375 0.5097222222222222 0.48046875 0.5 0.475 0.49722222222222223 0.4734375 0.4625 0.48046875 0.44027777777777777 0.48125 0.43194444444444446 0.48671875 0.4236111111111111 0.4921875 0.42083333333333334 0.51328125 0.42083333333333334
0 0.40859375 0.19583333333333333 0.41171875 0.2 0.40859375 0.20833333333333334 0.4078125 0.2263888888888889 0.3953125 0.2152777777777778 0.39375 0.20972222222222223 0.39375 0.20416666666666666 0.396875 0.19722222222222222 0.4078125 0.19583333333333333
0 0.7234375 0.5625 0.73515625 0.5666666666666667 0.74140625 0.5722222222222222 0.7640625 0.6097222222222223 0.76640625 0.6222222222222222 0.7703125 0.6305555555555555 0.7734375 0.65 0.7734375 0.6777777777777778 0.76875 0.6916666666666667 0.75234375 0.6861111111111111 0.72734375 0.6847222222222222 0.703125 0.6611111111111111 0.69453125 0.6472222222222223 0.6890625 0.6194444444444445 0.684375 0.6111111111111112 0.68046875 0.5944444444444444 0.67734375 0.5902777777777778 0.678125 0.5763888888888888 0.6828125 0.5666666666666667 0.6890625 0.5625 0.72265625 0.5625
0 0.65078125 0.9222222222222223 0.67421875 0.9263888888888889 0.68515625 0.9361111111111111 0.690625 0.9444444444444444 0.69453125 0.9569444444444445 0.70859375 0.9736111111111111 0.71796875 0.9944444444444445 0.7171875 0.9986111111111111 0.67265625 0.9986111111111111 0.66953125 0.9944444444444445 0.6703125 0.9833333333333333 0.66796875 0.9805555555555555 0.66484375 0.9805555555555555 0.6625 0.9847222222222223 0.66328125 0.9930555555555556 0.6609375 0.9986111111111111 0.5859375 0.9986111111111111 0.58515625 0.9958333333333333 0.5796875 0.9944444444444445 0.5765625 0.9944444444444445 0.57421875 0.9986111111111111 0.57265625 0.9944444444444445 0.5734375 0.9902777777777778 0.578125 0.9944444444444445 0.58203125 0.9875 0.5796875 0.9819444444444444 0.57421875 0.9805555555555555 0.57109375 0.975 0.57890625 0.9513888888888888 0.58125 0.9361111111111111 0.5921875 0.9291666666666667 0.63984375 0.9277777777777778 0.65 0.9222222222222223
0 0.446875 0.2625 0.45390625 0.26944444444444443 0.46015625 0.2875 0.4421875 0.2875 0.4359375 0.2902777777777778 0.428125 0.3125 0.42578125 0.3055555555555556 0.4265625 0.29583333333333334 0.425 0.2875 0.4265625 0.27361111111111114 0.434375 0.2638888888888889 0.44609375 0.2625
0 0.46015625 0.2902777777777778 0.4640625 0.29583333333333334 0.46953125 0.3236111111111111 0.4703125 0.3541666666666667 0.46875 0.35555555555555557 0.45625 0.35 0.4421875 0.35 0.43203125 0.35555555555555557 0.428125 0.3486111111111111 0.42734375 0.31805555555555554 0.43359375 0.29444444444444445 0.4453125 0.28888888888888886 0.459375 0.2902777777777778
0 0.3375 0.1763888888888889 0.34140625 0.18611111111111112 0.3390625 0.19583333333333333 0.33515625 0.2 0.31640625 0.1986111111111111 0.3140625 0.19305555555555556 0.3140625 0.18472222222222223 0.32265625 0.1763888888888889 0.33671875 0.1763888888888889
0 0.4640625 0.6638888888888889 0.475 0.6833333333333333 0.4875 0.7180555555555556 0.490625 0.7111111111111111 0.5015625 0.7138888888888889 0.5015625 0.7236111111111111 0.4921875 0.7277777777777777 0.490625 0.7319444444444444 0.50234375 0.7666666666666667 0.503125 0.7861111111111111 0.4890625 0.7958333333333333 0.47421875 0.8375 0.4296875 0.8416666666666667 0.42109375 0.8402777777777778 0.41796875 0.8361111111111111 0.4 0.7916666666666666 0.39140625 0.7763888888888889 0.38125 0.7708333333333334 0.378125 0.7486111111111111 0.378125 0.7347222222222223 0.38125 0.7222222222222222 0.38203125 0.7083333333333334 0.39140625 0.6861111111111111 0.39375 0.6694444444444444 0.39765625 0.6638888888888889 0.43125 0.6583333333333333 0.45625 0.6597222222222222 0.46328125 0.6638888888888889
0 0.48125 0.15416666666666667 0.484375 0.14583333333333334 0.4921875 0.14722222222222223 0.49453125 0.1527777777777778 0.4953125 0.1638888888888889 0.49140625 0.17083333333333334 0.48359375 0.17083333333333334 0.48125 0.1625 0.48203125 0.15555555555555556
0 0.440625 0.5611111111111111 0.45625 0.5847222222222223 0.459375 0.5986111111111111 0.465625 0.6125 0.471875 0.6125 0.47734375 0.6194444444444445 0.475 0.6277777777777778 0.46796875 0.6333333333333333 0.46875 0.6402777777777777 0.4734375 0.6513888888888889 0.47578125 0.6736111111111112 0.4734375 0.6763888888888889 0.46484375 0.6625 0.4546875 0.6569444444444444 0.44140625 0.6583333333333333 0.428125 0.6555555555555556 0.39765625 0.6611111111111111 0.3921875 0.6708333333333333 0.390625 0.6833333333333333 0.3828125 0.7 0.3796875 0.7166666666666667 0.37578125 0.7166666666666667 0.3734375 0.7027777777777777 0.37265625 0.6680555555555555 0.375 0.6277777777777778 0.378125 0.6152777777777778 0.37890625 0.6 0.3859375 0.5736111111111111 0.38984375 0.5666666666666667 0.40703125 0.5611111111111111 0.43984375 0.5611111111111111
0 0.5046875 0.2611111111111111 0.51171875 0.2638888888888889 0.515625 0.26944444444444443 0.51796875 0.28888888888888886 0.49453125 0.2972222222222222 0.49140625 0.31805555555555554 0.4875 0.32083333333333336 0.4828125 0.3194444444444444 0.48046875 0.3111111111111111 0.48359375 0.2722222222222222 0.48828125 0.2611111111111111 0.50390625 0.2611111111111111
0 0.5484375 0.8486111111111111 0.56328125 0.8513888888888889 0.5796875 0.8611111111111112 0.59609375 0.8930555555555556 0.6 0.9180555555555555 0.6 0.925 0.584375 0.9305555555555556 0.578125 0.9402777777777778 0.5703125 0.9736111111111111 0.565625 0.9819444444444444 0.56640625 0.9944444444444445 0.56328125 0.9972222222222222 0.55703125 0.9958333333333333 0.55546875 0.9986111111111111 0.53203125 0.9986111111111111 0.521875 0.9930555555555556 0.49765625 0.9944444444444445 0.4953125 0.9861111111111112 0.484375 0.9875 0.47421875 0.9763888888888889 0.475 0.9513888888888888 0.47265625 0.9319444444444445 0.47578125 0.9236111111111112 0.47578125 0.9166666666666666 0.4796875 0.9097222222222222 0.4828125 0.8944444444444445 0.4890625 0.8847222222222222 0.4921875 0.8736111111111111 0.5 0.8583333333333333 0.515625 0.8513888888888889 0.54765625 0.8486111111111111
0 0.47578125 0.19027777777777777 0.48359375 0.20555555555555555 0.48359375 0.21944444444444444 0.48125 0.2222222222222222 0.4625 0.2222222222222222 0.46171875 0.21944444444444444 0.46171875 0.20277777777777778 0.4640625 0.19444444444444445 0.46796875 0.19027777777777777 0.475 0.19027777777777777
0 0.64140625 0.5819444444444445 0.6640625 0.5833333333333334 0.6765625 0.5888888888888889 0.68046875 0.5958333333333333 0.68359375 0.6125 0.6890625 0.625 0.6890625 0.6347222222222222 0.67578125 0.6194444444444445 0.6671875 0.6138888888888889 0.65078125 0.6111111111111112 0.6 0.6111111111111112 0.6015625 0.6 0.6125 0.5861111111111111 0.640625 0.5819444444444445
0 0.28828125 0.8 0.28984375 0.8513888888888889 0.2875 0.8930555555555556 0.2875 0.9430555555555555 0.2859375 0.9527777777777777 0.2890625 0.9861111111111112 0.28515625 0.9986111111111111 0.25625 0.9986111111111111 0.2546875 0.9666666666666667 0.24765625 0.9486111111111111 0.2421875 0.8763888888888889 0.24609375 0.8680555555555556 0.2484375 0.85 0.25390625 0.8375 0.25546875 0.825 0.26015625 0.8097222222222222 0.28125 0.7986111111111112 0.2875 0.8
0 0.6453125 0.4152777777777778 0.6546875 0.4236111111111111 0.66171875 0.44027777777777777 0.6671875 0.46944444444444444 0.6671875 0.4888888888888889 0.66484375 0.4986111111111111 0.6546875 0.49583333333333335 0.61640625 0.49722222222222223 0.6125 0.4888888888888889 0.60390625 0.48333333333333334 0.60390625 0.43472222222222223 0.6078125 0.425 0.61328125 0.41805555555555557 0.62421875 0.4125 0.64453125 0.4152777777777778
0 0.334375 0.2763888888888889 0.33671875 0.2791666666666667 0.33828125 0.34444444444444444 0.34375 0.3875 0.34296875 0.4027777777777778 0.33515625 0.4111111111111111 0.325 0.43333333333333335 0.29609375 0.43194444444444446 0.284375 0.38333333333333336 0.2796875 0.35 0.2703125 0.3263888888888889 0.271875 0.2861111111111111 0.27421875 0.28194444444444444 0.28203125 0.2791666666666667 0.33359375 0.2777777777777778
0 0.44453125 0.1736111111111111 0.44765625 0.17777777777777778 0.44765625 0.18888888888888888 0.4390625 0.2 0.43359375 0.19583333333333333 0.4328125 0.18472222222222223 0.4359375 0.1763888888888889 0.44375 0.1736111111111111
0 0.38515625 0.7777777777777778 0.39453125 0.7847222222222222 0.41796875 0.8416666666666667 0.4203125 0.8541666666666666 0.43203125 0.8888888888888888 0.4359375 0.9347222222222222 0.44296875 0.9388888888888889 0.44375 0.9527777777777777 0.43828125 0.9625 0.43671875 0.9763888888888889 0.43203125 0.9819444444444444 0.37578125 0.9888888888888889 0.3578125 0.9986111111111111 0.29453125 0.9986111111111111 0.290625 0.9944444444444445 0.2890625 0.8916666666666667 0.290625 0.8805555555555555 0.29296875 0.8763888888888889 0.290625 0.8694444444444445 0.290625 0.8041666666666667 0.29765625 0.7888888888888889 0.30703125 0.7847222222222222 0.3578125 0.7777777777777778 0.384375 0.7777777777777778
0 0.38984375 0.2 0.39296875 0.20416666666666666 0.39453125 0.21666666666666667 0.3890625 0.21805555555555556 0.38359375 0.23194444444444445 0.378125 0.22916666666666666 0.3765625 0.21805555555555556 0.37890625 0.20694444444444443 0.3890625 0.2013888888888889