3 0 0.8888888888888888 0.01015625 0.8888888888888888 0.01875 0.8930555555555556 0.02890625 0.9069444444444444 0.07421875 0.9138888888888889 0.0828125 0.9208333333333333 0.08671875 0.9333333333333333 0.08515625 0.975 0.08125 0.9986111111111111 0.015625 0.9986111111111111 0 0.9958333333333333 0 0.9625 0.00234375 0.9611111111111111 0.00234375 0.9569444444444445 0 0.9541666666666667 0 0.8902777777777777
3 0.44921875 0.16805555555555557 0.45390625 0.1736111111111111 0.45234375 0.19305555555555556 0.43515625 0.19166666666666668 0.4328125 0.18472222222222223 0.4328125 0.17222222222222222 0.434375 0.16944444444444445 0.4484375 0.16805555555555557
3 0.21875 0.23055555555555557 0.24296875 0.22916666666666666 0.24609375 0.23333333333333334 0.24453125 0.24444444444444444 0.246875 0.25555555555555554 0.24609375 0.2708333333333333 0.2484375 0.275 0.25 0.3013888888888889 0.24609375 0.3416666666666667 0.246875 0.3888888888888889 0.24453125 0.40555555555555556 0.24140625 0.4111111111111111 0.2375 0.4111111111111111 0.22890625 0.4041666666666667 0.21953125 0.4027777777777778 0.215625 0.37222222222222223 0.21640625 0.35138888888888886 0.2140625 0.3472222222222222 0.19921875 0.34305555555555556 0.18046875 0.34305555555555556 0.175 0.3388888888888889 0.18125 0.2791666666666667 0.17890625 0.2611111111111111 0.184375 0.2388888888888889 0.190625 0.23194444444444445 0.21796875 0.23055555555555557
3 0.59921875 0.32083333333333336 0.6234375 0.325 0.63359375 0.33055555555555555 0.63671875 0.3388888888888889 0.6375 0.35555555555555557 0.64140625 0.36944444444444446 0.64375 0.39305555555555555 0.64140625 0.39861111111111114 0.63828125 0.4 0.615625 0.4 0.61171875 0.4027777777777778 0.60859375 0.4083333333333333 0.6078125 0.4263888888888889 0.60234375 0.43194444444444446 0.58828125 0.4263888888888889 0.5828125 0.4097222222222222 0.5734375 0.4013888888888889 0.5671875 0.3875 0.56796875 0.35833333333333334 0.5765625 0.33611111111111114 0.5765625 0.3236111111111111 0.57890625 0.32083333333333336 0.5984375 0.32083333333333336
3 0.47734375 0.1736111111111111 0.48203125 0.18333333333333332 0.48203125 0.20277777777777778 0.48046875 0.20833333333333334 0.471875 0.2 0.459375 0.19583333333333333 0.4609375 0.19166666666666668 0.45859375 0.18611111111111112 0.46015625 0.175 0.4765625 0.1736111111111111
3 0.56796875 0.42916666666666664 0.5890625 0.4305555555555556 0.60078125 0.43472222222222223 0.60703125 0.44027777777777777 0.61796875 0.4625 0.61953125 0.46944444444444444 0.6203125 0.5041666666666667 0.6265625 0.5263888888888889 0.63203125 0.5847222222222223 0.63203125 0.6291666666666667 0.62265625 0.6430555555555556 0.615625 0.6361111111111111 0.60546875 0.6361111111111111 0.60234375 0.6333333333333333 0.59296875 0.6152777777777778 0.5921875 0.6027777777777777 0.58671875 0.5916666666666667 0.5828125 0.5916666666666667 0.57890625 0.5972222222222222 0.5765625 0.6111111111111112 0.56875 0.6222222222222222 0.56640625 0.6333333333333333 0.56328125 0.6375 0.5578125 0.6263888888888889 0.55625 0.6083333333333333 0.55390625 0.6055555555555555 0.5484375 0.5847222222222223 0.54921875 0.5819444444444445 0.54453125 0.5777777777777777 0.54453125 0.5694444444444444 0.5390625 0.5625 0.52890625 0.5652777777777778 0.52578125 0.5611111111111111 0.5265625 0.4361111111111111 0.53515625 0.43194444444444446 0.5671875 0.42916666666666664
3 0.39765625 0.2388888888888889 0.40078125 0.25277777777777777 0.40078125 0.28194444444444444 0.39765625 0.3111111111111111 0.39375 0.3138888888888889 0.375 0.3138888888888889 0.36953125 0.31805555555555554 0.35625 0.3138888888888889 0.3484375 0.2972222222222222 0.3484375 0.28888888888888886 0.353125 0.2861111111111111 0.3515625 0.28194444444444444 0.35390625 0.2763888888888889 0.35703125 0.24027777777777778 0.38515625 0.2361111111111111 0.396875 0.2388888888888889
2 0.4765625 0.5805555555555556 0.48359375 0.575 0.49140625 0.5736111111111111 0.49453125 0.5791666666666667 0.49609375 0.5902777777777778 0.49453125 0.6305555555555555 0.49140625 0.6375 0.4734375 0.6319444444444444 0.46953125 0.6291666666666667 0.46953125 0.6083333333333333 0.47265625 0.6013888888888889 0.4734375 0.5875 0.4765625 0.5819444444444445
2 0.5328125 0.6013888888888889 0.54765625 0.6027777777777777 0.5515625 0.6152777777777778 0.553125 0.6319444444444444 0.55 0.6958333333333333 0.54765625 0.7 0.5421875 0.7 0.5375 0.6916666666666667 0.53203125 0.6888888888888889 0.52734375 0.6722222222222223 0.5265625 0.6430555555555556 0.528125 0.6083333333333333 0.53203125 0.6069444444444444 0.5328125 0.6027777777777777
2 0.16171875 0.8888888888888888 0.16796875 0.9027777777777778 0.16484375 0.9083333333333333 0.16875 0.9458333333333333 0.16875 0.9777777777777777 0.16015625 0.9986111111111111 0.14296875 0.9986111111111111 0.1375 0.9944444444444445 0.13203125 0.9763888888888889 0.13125 0.9555555555555556 0.13359375 0.9527777777777777 0.1359375 0.9375 0.1359375 0.9208333333333333 0.13359375 0.9041666666666667 0.13515625 0.8972222222222223 0.1375 0.8930555555555556 0.15234375 0.8930555555555556 0.1609375 0.8888888888888888
2 0.353125 0.3388888888888889 0.35546875 0.3486111111111111 0.3515625 0.37222222222222223 0.3453125 0.36944444444444446 0.34296875 0.3486111111111111 0.3453125 0.3402777777777778 0.35234375 0.3388888888888889
2 0.671875 0.6444444444444445 0.678125 0.65 0.68828125 0.6486111111111111 0.69296875 0.6513888888888889 0.69609375 0.6736111111111112 0.696875 0.7 0.69609375 0.7041666666666667 0.6921875 0.7013888888888888 0.6875 0.6888888888888889 0.68515625 0.675 0.68203125 0.6694444444444444 0.678125 0.6694444444444444 0.671875 0.6805555555555556 0.671875 0.6916666666666667 0.6640625 0.7069444444444445 0.6546875 0.6875 0.65078125 0.6458333333333334 0.65546875 0.6430555555555556 0.67109375 0.6444444444444445
2 0.12578125 0.32916666666666666 0.13203125 0.3375 0.13125 0.35555555555555557 0.1265625 0.3625 0.12109375 0.3597222222222222 0.11796875 0.34444444444444444 0.11875 0.33194444444444443 0.125 0.32916666666666666
2 0.6953125 0.725 0.7 0.7388888888888889 0.7015625 0.7694444444444445 0.696875 0.8236111111111111 0.69296875 0.8305555555555556 0.684375 0.8236111111111111 0.67734375 0.8069444444444445 0.67421875 0.7694444444444445 0.67421875 0.7430555555555556 0.67578125 0.7333333333333333 0.678125 0.7305555555555555 0.69453125 0.725
2 0.57421875 0.6722222222222223 0.5765625 0.7097222222222223 0.57890625 0.7111111111111111 0.58046875 0.6847222222222222 0.58203125 0.6819444444444445 0.58046875 0.6597222222222222 0.58359375 0.6569444444444444 0.596875 0.6569444444444444 0.6015625 0.6638888888888889 0.60078125 0.7111111111111111 0.5984375 0.7319444444444444 0.59609375 0.7375 0.57734375 0.7305555555555555 0.57421875 0.7194444444444444 0.57109375 0.7166666666666667 0.56875 0.7055555555555556 0.56875 0.6833333333333333 0.56953125 0.6777777777777778 0.57421875 0.6736111111111112
2 0.65 0.8097222222222222 0.66328125 0.8097222222222222 0.6609375 0.8097222222222222 0.66015625 0.8138888888888889 0.66484375 0.8138888888888889 0.66953125 0.8222222222222222 0.66953125 0.8333333333333334 0.6671875 0.8416666666666667 0.66875 0.8652777777777778 0.66171875 0.9402777777777778 0.6578125 0.9430555555555555 0.65390625 0.9402777777777778 0.64765625 0.9222222222222223 0.63515625 0.9125 0.62421875 0.8861111111111111 0.62734375 0.8791666666666667 0.6265625 0.8444444444444444 0.63046875 0.8444444444444444 0.63515625 0.8597222222222223 0.63515625 0.8694444444444445 0.6375 0.8708333333333333 0.6390625 0.8625 0.63828125 0.8513888888888889 0.64140625 0.8402777777777778 0.64140625 0.8333333333333334 0.63828125 0.8305555555555556 0.6375 0.8236111111111111 0.6484375 0.8152777777777778 0.65 0.8111111111111111
1 0.80703125 0.5041666666666667 0.825 0.5069444444444444 0.84140625 0.5152777777777777 0.85546875 0.5305555555555556 0.865625 0.5527777777777778 0.87265625 0.5555555555555556 0.8734375 0.5597222222222222 0.8703125 0.5638888888888889 0.86171875 0.5652777777777778 0.85390625 0.5708333333333333 0.84375 0.5916666666666667 0.83828125 0.6152777777777778 0.83046875 0.6125 0.81171875 0.5888888888888889 0.78125 0.5777777777777777 0.778125 0.5736111111111111 0.76796875 0.5388888888888889 0.77578125 0.5097222222222222 0.78125 0.5055555555555555 0.80625 0.5055555555555555
1 0.46796875 0.3125 0.48515625 0.31666666666666665 0.49453125 0.34444444444444444 0.4703125 0.34444444444444444 0.46328125 0.35555555555555557 0.46328125 0.3638888888888889 0.45625 0.3736111111111111 0.45234375 0.3680555555555556 0.4515625 0.35555555555555557 0.4546875 0.3347222222222222 0.4578125 0.325 0.4578125 0.31805555555555554 0.4609375 0.3138888888888889 0.4671875 0.3125
1 0.4515625 0.2847222222222222 0.45703125 0.2916666666666667 0.4609375 0.30833333333333335 0.446875 0.32083333333333336 0.44375 0.32916666666666666 0.44140625 0.3472222222222222 0.4390625 0.35 0.428125 0.34444444444444444 0.4234375 0.33055555555555555 0.4234375 0.30972222222222223 0.43125 0.2861111111111111 0.43515625 0.2833333333333333 0.45078125 0.2847222222222222
1 0.48046875 0.2361111111111111 0.48203125 0.25 0.47734375 0.2652777777777778 0.47578125 0.2611111111111111 0.46875 0.2611111111111111 0.46015625 0.2513888888888889 0.46015625 0.24722222222222223 0.4625 0.2375 0.46640625 0.23333333333333334 0.4765625 0.23333333333333334 0.4796875 0.2361111111111111
1 0.33828125 0.24166666666666667 0.3453125 0.25555555555555554 0.34609375 0.275 0.34453125 0.2791666666666667 0.334375 0.2777777777777778 0.33046875 0.24444444444444444 0.3375 0.24166666666666667
1 0.7828125 0.5819444444444445 0.8015625 0.5875 0.8125 0.5944444444444444 0.83359375 0.6194444444444445 0.84140625 0.6388888888888888 0.8421875 0.6694444444444444 0.8375 0.6736111111111112 0.81875 0.6652777777777777 0.790625 0.6694444444444444 0.77734375 0.6666666666666666 0.7640625 0.6736111111111112 0.7484375 0.7 0.74453125 0.7166666666666667 0.74375 0.7291666666666666 0.740625 0.7277777777777777 0.7375 0.7111111111111111 0.734375 0.6569444444444444 0.73515625 0.6388888888888888 0.740625 0.6152777777777778 0.746875 0.5944444444444444 0.753125 0.5819444444444445 0.78203125 0.5819444444444445
1 0.65078125 0.4027777777777778 0.69921875 0.40694444444444444 0.71640625 0.42083333333333334 0.7203125 0.42777777777777776 0.72734375 0.4527777777777778 0.7296875 0.5 0.72734375 0.5208333333333334 0.7109375 0.5222222222222223 0.69921875 0.5305555555555556 0.684375 0.5277777777777778 0.67578125 0.5180555555555556 0.671875 0.5055555555555555 0.66484375 0.49444444444444446 0.64453125 0.4875 0.64140625 0.4791666666666667 0.63984375 0.4625 0.6421875 0.4527777777777778 0.64375 0.4166666666666667 0.6453125 0.4083333333333333 0.65 0.4041666666666667
1 0.36796875 0.31666666666666665 0.3703125 0.32083333333333336 0.3703125 0.33055555555555555 0.36796875 0.3458333333333333 0.365625 0.35 0.36015625 0.3486111111111111 0.3578125 0.34444444444444444 0.3546875 0.33611111111111114 0.353125 0.3236111111111111 0.3578125 0.31527777777777777 0.3671875 0.31666666666666665
1 0.565625 0.32083333333333336 0.575 0.3277777777777778 0.575 0.3388888888888889 0.56875 0.35138888888888886 0.56171875 0.3972222222222222 0.55703125 0.4041666666666667 0.54296875 0.4041666666666667 0.53671875 0.3972222222222222 0.53515625 0.3902777777777778 0.5359375 0.3527777777777778 0.540625 0.34444444444444444 0.546875 0.32222222222222224 0.56484375 0.32083333333333336
1 0 0.41805555555555557 0.0046875 0.41944444444444445 0.025 0.4388888888888889 0.05859375 0.45555555555555555 0.0625 0.4625 0.0640625 0.4708333333333333 0.0625 0.4930555555555556 0.05859375 0.4986111111111111 0.04921875 0.5027777777777778 0.04296875 0.5111111111111111 0.03203125 0.5111111111111111 0.015625 0.49722222222222223 0.0046875 0.5 0 0.48194444444444445 0 0.41944444444444445
1 0.409375 0.3611111111111111 0.42734375 0.3625 0.43203125 0.37083333333333335 0.43359375 0.37916666666666665 0.42265625 0.3875 0.41796875 0.42083333333333334 0.4140625 0.42916666666666664 0.40078125 0.43194444444444446 0.3953125 0.43194444444444446 0.38984375 0.4222222222222222 0.38984375 0.3875 0.39453125 0.37916666666666665 0.396875 0.36527777777777776 0.40859375 0.3611111111111111
1 0.46015625 0.2513888888888889 0.4671875 0.25972222222222224 0.4625 0.2708333333333333 0.446875 0.2722222222222222 0.44296875 0.26666666666666666 0.4453125 0.25555555555555554 0.459375 0.2513888888888889
1 0.3296875 0.24305555555555555 0.33359375 0.24444444444444444 0.33203125 0.24861111111111112 0.3359375 0.27361111111111114 0.3359375 0.2777777777777778 0.33125 0.2847222222222222 0.3265625 0.2791666666666667 0.32265625 0.26666666666666666 0.30703125 0.2638888888888889 0.30703125 0.2513888888888889 0.309375 0.24722222222222223 0.32890625 0.24305555555555555
1 0.34609375 0.39861111111111114 0.36640625 0.4 0.3703125 0.4027777777777778 0.38203125 0.42777777777777776 0.3828125 0.4625 0.3796875 0.4597222222222222 0.375 0.4444444444444444 0.37109375 0.44027777777777777 0.3375 0.44166666666666665 0.33125 0.44583333333333336 0.32734375 0.4583333333333333 0.32421875 0.4583333333333333 0.325 0.4361111111111111 0.33046875 0.41388888888888886 0.33671875 0.4 0.3453125 0.39861111111111114
1 0.78359375 0.6694444444444444 0.81796875 0.6680555555555555 0.82734375 0.6708333333333333 0.84375 0.6777777777777778 0.85703125 0.6916666666666667 0.8625 0.6930555555555555 0.8765625 0.7055555555555556 0.9 0.7472222222222222 0.9 0.7513888888888889 0.91875 0.7875 0.92265625 0.8013888888888889 0.9234375 0.8305555555555556 0.91328125 0.8708333333333333 0.90703125 0.8763888888888889 0.859375 0.8625 0.83125 0.8597222222222223 0.828125 0.8569444444444444 0.8234375 0.8444444444444444 0.815625 0.8319444444444445 0.81171875 0.8125 0.80625 0.8027777777777778 0.80390625 0.7777777777777778 0.79609375 0.7666666666666667 0.7921875 0.7666666666666667 0.7875 0.7736111111111111 0.78828125 0.7972222222222223 0.7765625 0.8180555555555555 0.77578125 0.8541666666666666 0.7703125 0.8555555555555555 0.75390625 0.8472222222222222 0.75 0.8375 0.74453125 0.8083333333333333 0.74375 0.7652777777777777 0.746875 0.7125 0.75078125 0.6986111111111111 0.76171875 0.6777777777777778 0.76875 0.6708333333333333 0.7828125 0.6694444444444444
1 0.3 0.2916666666666667 0.31640625 0.29583333333333334 0.32421875 0.29444444444444445 0.328125 0.3 0.33125 0.3111111111111111 0.334375 0.33611111111111114 0.33203125 0.3638888888888889 0.328125 0.3638888888888889 0.321875 0.35138888888888886 0.3140625 0.35 0.303125 0.3527777777777778 0.29296875 0.36666666666666664 0.28984375 0.3638888888888889 0.28984375 0.325 0.29296875 0.3 0.29609375 0.29305555555555557 0.29921875 0.29305555555555557
1 0.28671875 0.26805555555555555 0.28984375 0.2722222222222222 0.29296875 0.2847222222222222 0.28984375 0.3125 0.27578125 0.3138888888888889 0.26875 0.32083333333333336 0.265625 0.32083333333333336 0.2640625 0.31666666666666665 0.26640625 0.3111111111111111 0.265625 0.2986111111111111 0.26875 0.275 0.275 0.26666666666666666 0.2859375 0.26805555555555555
1 0.96953125 0.6069444444444444 0.99921875 0.6111111111111112 0.99921875 0.6763888888888889 0.996875 0.6777777777777778 0.99921875 0.6833333333333333 0.99921875 0.7972222222222223 0.96328125 0.7958333333333333 0.95625 0.7986111111111112 0.9359375 0.7958333333333333 0.921875 0.7833333333333333 0.91328125 0.7694444444444445 0.90859375 0.75 0.90234375 0.7361111111111112 0.903125 0.7027777777777777 0.90703125 0.6472222222222223 0.9140625 0.6083333333333333 0.96875 0.6069444444444444
1 0.50859375 0.42916666666666664 0.52265625 0.43472222222222223 0.52578125 0.4388888888888889 0.525 0.5277777777777778 0.5203125 0.5319444444444444 0.503125 0.5319444444444444 0.4953125 0.5361111111111111 0.4875 0.5347222222222222 0.4828125 0.525 0.46953125 0.5166666666666667 0.46640625 0.5013888888888889 0.46640625 0.4625 0.4703125 0.4583333333333333 0.478125 0.4305555555555556 0.5078125 0.42916666666666664
1 0.865625 0.5666666666666667 0.8875 0.5694444444444444 0.9203125 0.5805555555555556 0.93125 0.5888888888888889 0.93671875 0.6013888888888889 0.915625 0.6055555555555555 0.91171875 0.6125 0.90625 0.6430555555555556 0.90390625 0.6888888888888889 0.9015625 0.6972222222222222 0.9 0.7194444444444444 0.896875 0.7208333333333333 0.88359375 0.7083333333333334 0.8703125 0.6902777777777778 0.86328125 0.6875 0.8515625 0.675 0.84609375 0.6652777777777777 0.84375 0.6361111111111111 0.840625 0.6236111111111111 0.8421875 0.6027777777777777 0.853125 0.5736111111111111 0.85703125 0.5694444444444444 0.86484375 0.5680555555555555
1 0.26875 0.6263888888888889 0.28359375 0.6319444444444444 0.2984375 0.6708333333333333 0.3 0.6736111111111112 0.30546875 0.6708333333333333 0.30859375 0.6777777777777778 0.3078125 0.6819444444444445 0.303125 0.6847222222222222 0.3046875 0.7083333333333334 0.3078125 0.7222222222222222 0.30703125 0.7638888888888888 0.3046875 0.7666666666666667 0.234375 0.7680555555555556 0.22421875 0.7763888888888889 0.2203125 0.7736111111111111 0.21953125 0.7513888888888889 0.21640625 0.7388888888888889 0.21796875 0.6972222222222222 0.2109375 0.6847222222222222 0.21171875 0.675 0.2234375 0.6402777777777777 0.228125 0.6333333333333333 0.23984375 0.6291666666666667 0.26796875 0.6277777777777778
1 0.411328125 0.30416666666666664 0.02265625 0.05
1 0.29140625 0.24166666666666667 0.31015625 0.24305555555555555 0.30703125 0.25 0.30625 0.2625 0.29609375 0.2833333333333333 0.29296875 0.28194444444444444 0.29140625 0.275 0.28359375 0.2625 0.2859375 0.24444444444444444 0.2890625 0.24027777777777778 0.290625 0.24166666666666667
1 0.37265625 0.44027777777777777 0.37734375 0.44583333333333336 0.378125 0.4527777777777778 0.38671875 0.4736111111111111 0.38828125 0.4986111111111111 0.384375 0.5027777777777778 0.36015625 0.5097222222222222 0.35703125 0.5222222222222223 0.35 0.5319444444444444 0.3453125 0.5458333333333333 0.33515625 0.5472222222222223 0.33125 0.5527777777777778 0.32734375 0.5527777777777778 0.32109375 0.5347222222222222 0.31953125 0.4736111111111111 0.3328125 0.4444444444444444 0.35234375 0.44027777777777777 0.371875 0.44027777777777777
1 0.415625 0.33055555555555555 0.4265625 0.3402777777777778 0.4296875 0.3527777777777778 0.4296875 0.3611111111111111 0.40078125 0.3625 0.3953125 0.36944444444444446 0.39453125 0.37777777777777777 0.390625 0.38472222222222224 0.3875 0.39861111111111114 0.38515625 0.3958333333333333 0.384375 0.3875 0.38515625 0.37083333333333335 0.38671875 0.35833333333333334 0.39375 0.33611111111111114 0.4 0.33055555555555555 0.41484375 0.33055555555555555
1 0.49453125 0.18611111111111112 0.49765625 0.19027777777777777 0.50546875 0.19027777777777777 0.50859375 0.19444444444444445 0.51015625 0.20694444444444443 0.509375 0.22361111111111112 0.50078125 0.20972222222222223 0.48828125 0.20833333333333334 0.48984375 0.19583333333333333 0.49375 0.1875
1 0.49296875 0.2708333333333333 0.025 0.04722222222222222
1 0.484375 0.3458333333333333 0.49765625 0.35 0.50703125 0.35833333333333334 0.51015625 0.36666666666666664 0.50625 0.37222222222222223 0.49375 0.375 0.490625 0.3888888888888889 0.48515625 0.39861111111111114 0.48046875 0.41805555555555557 0.47734375 0.4236111111111111 0.4703125 0.41388888888888886 0.4609375 0.3861111111111111 0.4609375 0.35694444444444445 0.4625 0.35138888888888886 0.4671875 0.35 0.46953125 0.34444444444444444 0.48359375 0.3458333333333333
1 0.38671875 0.31527777777777777 0.4 0.31666666666666665 0.4046875 0.32222222222222224 0.40546875 0.3277777777777778 0.396875 0.33194444444444443 0.39375 0.3375 0.38359375 0.3736111111111111 0.37578125 0.375 0.36796875 0.3736111111111111 0.36953125 0.3236111111111111 0.37265625 0.31666666666666665 0.3859375 0.31527777777777777
1 0.390625 0.9430555555555555 0.425 0.9444444444444444 0.42890625 0.9472222222222222 0.43828125 0.9638888888888889 0.4484375 0.9888888888888889 0.4453125 0.9944444444444445 0.43359375 0.9958333333333333 0.43203125 0.9986111111111111 0.33046875 0.9986111111111111 0.33125 0.9819444444444444 0.33359375 0.9722222222222222 0.34296875 0.9555555555555556 0.3546875 0.9472222222222222 0.38984375 0.9430555555555555
1 0.50234375 0.2111111111111111 0.50546875 0.2152777777777778 0.50625 0.225 0.5046875 0.23472222222222222 0.4984375 0.24027777777777778 0.4875 0.2388888888888889 0.48515625 0.2361111111111111 0.484375 0.22777777777777777 0.4859375 0.21666666666666667 0.4890625 0.20972222222222223 0.4984375 0.20833333333333334 0.5015625 0.2111111111111111
1 0.4328125 0.2708333333333333 0.4375 0.2791666666666667 0.42890625 0.28888888888888886 0.42265625 0.3111111111111111 0.421875 0.3277777777777778 0.40703125 0.3263888888888889 0.4078125 0.3194444444444444 0.41015625 0.32222222222222224 0.4125 0.3194444444444444 0.41171875 0.31666666666666665 0.4140625 0.30972222222222223 0.41015625 0.28194444444444444 0.41328125 0.27361111111111114 0.43203125 0.2708333333333333
1 0.26015625 0.4263888888888889 0.2671875 0.43333333333333335 0.26953125 0.4444444444444444 0.2734375 0.4513888888888889 0.28125 0.45416666666666666 0.28125 0.4597222222222222 0.27578125 0.4666666666666667 0.2796875 0.49027777777777776 0.2796875 0.525 0.27734375 0.5305555555555556 0.271875 0.5291666666666667 0.26484375 0.4625 0.25625 0.44027777777777777 0.2234375 0.4375 0.2234375 0.43194444444444446 0.22890625 0.42777777777777776 0.259375 0.4263888888888889
1 0.23203125 0.4083333333333333 0.2359375 0.41388888888888886 0.23828125 0.425 0.22578125 0.42916666666666664 0.22109375 0.4388888888888889 0.21015625 0.44166666666666665 0.2046875 0.4638888888888889 0.2046875 0.4847222222222222 0.19921875 0.49166666666666664 0.1953125 0.49166666666666664 0.19296875 0.4875 0.19140625 0.4625 0.19140625 0.45 0.1984375 0.41388888888888886 0.20625 0.40694444444444444 0.23125 0.4083333333333333
1 0.9671875 0.8 0.99453125 0.8 0.99921875 0.8027777777777778 0.99921875 0.8708333333333333 0.996875 0.8722222222222222 0.996875 0.8958333333333334 0.99921875 0.8986111111111111 0.99921875 0.925 0.99609375 0.9277777777777778 0.996875 0.9388888888888889 0.99921875 0.9402777777777778 0.99921875 0.9722222222222222 0.9953125 0.9819444444444444 0.9828125 0.9805555555555555 0.97265625 0.9708333333333333 0.959375 0.9472222222222222 0.95078125 0.9430555555555555 0.9390625 0.9319444444444445 0.91640625 0.9041666666666667 0.91328125 0.8972222222222223 0.9171875 0.8666666666666667 0.928125 0.8180555555555555 0.9390625 0.8027777777777778 0.96640625 0.8
1 0.54921875 0.4083333333333333 0.55859375 0.4152777777777778 0.559375 0.4222222222222222 0.55703125 0.42777777777777776 0.53125 0.43194444444444446 0.51953125 0.43194444444444446 0.51328125 0.42777777777777776 0.51171875 0.41944444444444445 0.515625 0.4083333333333333 0.52109375 0.40555555555555556 0.5484375 0.4083333333333333
1 0.49453125 0.28194444444444444 0.49921875 0.2791666666666667 0.5015625 0.2847222222222222 0.50859375 0.2847222222222222 0.51875 0.2916666666666667 0.5171875 0.3416666666666667 0.5015625 0.3416666666666667 0.49609375 0.3388888888888889 0.49296875 0.33194444444444443 0.49140625 0.3 0.49453125 0.2833333333333333
1 0.41796875 0.23194444444444445 0.4359375 0.23333333333333334 0.4390625 0.2361111111111111 0.44375 0.25277777777777777 0.44140625 0.2625 0.4421875 0.2708333333333333 0.4390625 0.275 0.4265625 0.26944444444444443 0.4140625 0.27361111111111114 0.41171875 0.26805555555555555 0.41171875 0.25972222222222224 0.4171875 0.23333333333333334
1 0.61015625 0.9666666666666667 0.61953125 0.9722222222222222 0.6328125 0.9708333333333333 0.6359375 0.9736111111111111 0.684375 0.9680555555555556 0.69296875 0.9736111111111111 0.6953125 0.9791666666666666 0.70859375 0.9930555555555556 0.7078125 0.9986111111111111 0.65546875 0.9986111111111111 0.65390625 0.9958333333333333 0.65234375 0.9986111111111111 0.5859375 0.9986111111111111 0.590625 0.9819444444444444 0.603125 0.975 0.609375 0.9666666666666667
1 0.4609375 0.31527777777777777 0.46171875 0.3194444444444444 0.45859375 0.325 0.4546875 0.3416666666666667 0.4546875 0.36666666666666664 0.453125 0.37222222222222223 0.4421875 0.3680555555555556 0.44296875 0.3375 0.44921875 0.31805555555555554 0.46015625 0.31527777777777777
1 0.5046875 0.17777777777777778 0.5078125 0.19166666666666668 0.49921875 0.19305555555555556 0.4921875 0.19166666666666668 0.49375 0.17916666666666667 0.50390625 0.17777777777777778
1 0.41328125 0.5069444444444444 0.41875 0.5138888888888888 0.42265625 0.5388888888888889 0.42734375 0.5472222222222223 0.43671875 0.5444444444444444 0.43984375 0.5486111111111112 0.43828125 0.5527777777777778 0.43359375 0.5555555555555556 0.4328125 0.5597222222222222 0.44296875 0.5875 0.44296875 0.6291666666666667 0.4140625 0.6333333333333333 0.40390625 0.6388888888888888 0.3796875 0.6388888888888888 0.375 0.6416666666666667 0.36640625 0.6597222222222222 0.3625 0.6625 0.3578125 0.6583333333333333 0.35625 0.6375 0.34921875 0.6291666666666667 0.34921875 0.5944444444444444 0.346875 0.5763888888888888 0.3484375 0.5416666666666666 0.35859375 0.5222222222222223 0.36171875 0.5111111111111111 0.39296875 0.5041666666666667 0.4125 0.5069444444444444
1 0.0875 0.2611111111111111 0.09140625 0.2569444444444444 0.109375 0.2611111111111111 0.12109375 0.2777777777777778 0.1203125 0.3 0.11640625 0.31527777777777777 0.1125 0.32222222222222224 0.1078125 0.3236111111111111 0.0953125 0.31527777777777777 0.08046875 0.31527777777777777 0.07734375 0.30972222222222223 0.07890625 0.2847222222222222 0.0828125 0.2708333333333333 0.0875 0.2625
1 0.45 0.3819444444444444 0.459375 0.3888888888888889 0.4671875 0.40555555555555556 0.47109375 0.41805555555555557 0.4734375 0.4388888888888889 0.46484375 0.4638888888888889 0.46328125 0.4791666666666667 0.43984375 0.48055555555555557 0.43125 0.4875 0.425 0.4875 0.41796875 0.4638888888888889 0.41640625 0.44166666666666665 0.41796875 0.41944444444444445 0.425 0.3861111111111111 0.434375 0.3819444444444444 0.44921875 0.3819444444444444
1 0.48046875 0.6347222222222222 0.49453125 0.6458333333333334 0.503125 0.6638888888888889 0.5046875 0.675 0.5078125 0.6791666666666667 0.50859375 0.6847222222222222 0.5140625 0.6902777777777778 0.521875 0.7083333333333334 0.5234375 0.7388888888888889 0.52734375 0.7569444444444444 0.528125 0.8069444444444445 0.5265625 0.8333333333333334 0.52890625 0.8597222222222223 0.528125 0.8888888888888888 0.52578125 0.8958333333333334 0.521875 0.8958333333333334 0.51484375 0.8833333333333333 0.5046875 0.8791666666666667 0.45859375 0.8805555555555555 0.44375 0.8875 0.43984375 0.9 0.434375 0.9055555555555556 0.43125 0.9055555555555556 0.428125 0.9 0.421875 0.8791666666666667 0.41953125 0.8555555555555555 0.41328125 0.8430555555555556 0.41171875 0.8347222222222223 0.4078125 0.8305555555555556 0.40625 0.8222222222222222 0.4 0.8152777777777778 0.4 0.7986111111111112 0.403125 0.7791666666666667 0.4 0.7638888888888888 0.40234375 0.7263888888888889 0.40078125 0.7069444444444445 0.40234375 0.6805555555555556 0.39921875 0.6611111111111111 0.4 0.6513888888888889 0.40625 0.6416666666666667 0.41953125 0.6361111111111111 0.4796875 0.6347222222222222
1 0.6515625 0.4930555555555556 0.66328125 0.4986111111111111 0.671875 0.5125 0.68203125 0.5388888888888889 0.684375 0.5555555555555556 0.68515625 0.5791666666666667 0.68359375 0.5888888888888889 0.68046875 0.5902777777777778 0.67421875 0.5847222222222223 0.6640625 0.5930555555555556 0.63828125 0.5916666666666667 0.6328125 0.5888888888888889 0.62890625 0.5361111111111111 0.62578125 0.5166666666666667 0.62109375 0.5041666666666667 0.621875 0.49583333333333335 0.62421875 0.49166666666666664 0.65078125 0.4930555555555556
1 0.4640625 0.26944444444444443 0.47265625 0.2847222222222222 0.4734375 0.30694444444444446 0.46171875 0.30694444444444446 0.45859375 0.30277777777777776 0.45390625 0.2875 0.44296875 0.28194444444444444 0.4453125 0.2708333333333333 0.46328125 0.26944444444444443
1 0.25703125 0.525 0.26875 0.5305555555555556 0.28046875 0.5583333333333333 0.28984375 0.5652777777777778 0.2890625 0.5708333333333333 0.284375 0.5777777777777777 0.2875 0.6013888888888889 0.2875 0.6208333333333333 0.2859375 0.6263888888888889 0.23984375 0.6277777777777778 0.23203125 0.6305555555555555 0.22421875 0.6375 0.21328125 0.6666666666666666 0.209375 0.6625 0.2078125 0.65 0.2078125 0.5888888888888889 0.2046875 0.5694444444444444 0.2203125 0.5277777777777778 0.22734375 0.525 0.25625 0.525
1 0.6421875 0.4013888888888889 0.6453125 0.4041666666666667 0.6453125 0.4083333333333333 0.63984375 0.4638888888888889 0.640625 0.48055555555555557 0.6359375 0.4875 0.6296875 0.4875 0.62578125 0.48194444444444445 0.621875 0.4666666666666667 0.615625 0.4527777777777778 0.61484375 0.44583333333333336 0.60625 0.43472222222222223 0.60625 0.41805555555555557 0.6078125 0.40694444444444444 0.61484375 0.4 0.64140625 0.4013888888888889
1 0.515625 0.37222222222222223 0.52578125 0.37916666666666665 0.53046875 0.3972222222222222 0.5265625 0.4027777777777778 0.515625 0.40694444444444444 0.5109375 0.4236111111111111 0.49921875 0.42777777777777776 0.48046875 0.425 0.4796875 0.41805555555555557 0.48359375 0.4 0.4890625 0.3902777777777778 0.49296875 0.375 0.4984375 0.37222222222222223 0.51484375 0.37222222222222223
1 0.50859375 0.25555555555555554 0.51796875 0.2569444444444444 0.52265625 0.2611111111111111 0.52265625 0.2722222222222222 0.51953125 0.2875 0.5171875 0.2875 0.509375 0.2763888888888889 0.49921875 0.275 0.50078125 0.2611111111111111 0.5078125 0.2569444444444444
1 0.321875 0.35138888888888886 0.3328125 0.37083333333333335 0.33671875 0.3861111111111111 0.3359375 0.3958333333333333 0.32734375 0.42083333333333334 0.32109375 0.42916666666666664 0.30546875 0.42916666666666664 0.29765625 0.43472222222222223 0.29296875 0.43472222222222223 0.29140625 0.42916666666666664 0.29140625 0.3958333333333333 0.2890625 0.38333333333333336 0.2921875 0.37916666666666665 0.2953125 0.36527777777777776 0.3 0.35555555555555557 0.30625 0.35138888888888886 0.32109375 0.35138888888888886
1 0.33125 0.7708333333333334 0.3390625 0.7736111111111111 0.3453125 0.7819444444444444 0.359375 0.825 0.3734375 0.8305555555555556 0.3765625 0.8361111111111111 0.375 0.8416666666666667 0.36640625 0.8486111111111111 0.37578125 0.8972222222222223 0.3765625 0.9180555555555555 0.3734375 0.9361111111111111 0.36875 0.9416666666666667 0.3484375 0.9472222222222222 0.33359375 0.9625 0.28359375 0.9666666666666667 0.27265625 0.975 0.26875 0.975 0.26484375 0.9694444444444444 0.2625 0.9375 0.25546875 0.9138888888888889 0.253125 0.8805555555555555 0.253125 0.8430555555555556 0.259375 0.8263888888888888 0.26484375 0.7930555555555555 0.26875 0.7819444444444444 0.27734375 0.775 0.33046875 0.7708333333333334
1 0.7390625 0.5263888888888889 0.75 0.5277777777777778 0.76484375 0.5375 0.77265625 0.5583333333333333 0.77578125 0.5791666666666667 0.75703125 0.5805555555555556 0.75 0.5875 0.7359375 0.6361111111111111 0.734375 0.6583333333333333 0.73046875 0.6666666666666666 0.721875 0.6694444444444444 0.715625 0.6666666666666666 0.7125 0.6486111111111111 0.7 0.6430555555555556 0.6953125 0.6333333333333333 0.6890625 0.6111111111111112 0.68671875 0.5736111111111111 0.69609375 0.5458333333333333 0.70546875 0.5291666666666667 0.73828125 0.5263888888888889
0 0.353125 0.17083333333333334 0.3578125 0.1763888888888889 0.359375 0.18333333333333332 0.3578125 0.20833333333333334 0.35234375 0.2263888888888889 0.3484375 0.22083333333333333 0.34453125 0.2222222222222222 0.33828125 0.23194444444444445 0.33515625 0.21388888888888888 0.32890625 0.20694444444444443 0.328125 0.18611111111111112 0.33203125 0.1763888888888889 0.3375 0.17083333333333334 0.35234375 0.17083333333333334
0 0.39375 0.19444444444444445 0.3984375 0.20555555555555555 0.39765625 0.23472222222222222 0.36796875 0.2375 0.3578125 0.2375 0.35703125 0.23472222222222222 0.3578125 0.20972222222222223 0.36171875 0.1986111111111111 0.3796875 0.19166666666666668 0.39296875 0.19444444444444445
0 0.378125 0.1625 0.38359375 0.16944444444444445 0.3859375 0.1875 0.384375 0.19027777777777777 0.37265625 0.19166666666666668 0.3625 0.19722222222222222 0.35625 0.16805555555555557 0.36484375 0.16111111111111112 0.37734375 0.1625