3 0.721875 0.7 0.72578125 0.7027777777777777 0.778125 0.7027777777777777 0.7875 0.7 0.80703125 0.7 0.8125 0.7027777777777777 0.81640625 0.7138888888888889 0.83203125 0.7388888888888889 0.8421875 0.7958333333333333 0.846875 0.8125 0.84609375 0.8819444444444444 0.84765625 0.9111111111111111 0.8453125 0.9180555555555555 0.8375 0.925 0.834375 0.9472222222222222 0.821875 0.9472222222222222 0.81328125 0.9263888888888889 0.803125 0.9236111111111112 0.79140625 0.9277777777777778 0.75859375 0.9291666666666667 0.75390625 0.9347222222222222 0.7484375 0.95 0.7421875 0.9541666666666667 0.7328125 0.9541666666666667 0.728125 0.9486111111111111 0.72265625 0.9277777777777778 0.7171875 0.9180555555555555 0.71640625 0.9 0.7078125 0.8875 0.6984375 0.8861111111111111 0.67578125 0.8902777777777777 0.6703125 0.8819444444444444 0.665625 0.8458333333333333 0.665625 0.7930555555555555 0.65625 0.7722222222222223 0.65078125 0.7402777777777778 0.65078125 0.7152777777777778 0.65546875 0.7111111111111111 0.70625 0.7083333333333334 0.7171875 0.7 0.72109375 0.7
3 0.30625 0.1986111111111111 0.30390625 0.2611111111111111 0.296875 0.275 0.29140625 0.2777777777777778 0.2859375 0.275 0.284375 0.24861111111111112 0.2796875 0.2388888888888889 0.26953125 0.2388888888888889 0.2671875 0.2361111111111111 0.2671875 0.20694444444444443 0.271875 0.1986111111111111 0.27578125 0.19722222222222222 0.30546875 0.1986111111111111
3 0.453125 0.18055555555555555 0.46484375 0.18472222222222223 0.4671875 0.19444444444444445 0.46640625 0.2111111111111111 0.45625 0.23333333333333334 0.44921875 0.23333333333333334 0.446875 0.23055555555555557 0.44453125 0.2 0.440625 0.19166666666666668 0.44140625 0.18333333333333332 0.45234375 0.18055555555555555
2 0.12265625 0.39444444444444443 0.12890625 0.39861111111111114 0.13046875 0.40694444444444444 0.12890625 0.42916666666666664 0.12421875 0.4388888888888889 0.11796875 0.4375 0.11484375 0.42083333333333334 0.115625 0.4013888888888889 0.11796875 0.3958333333333333 0.121875 0.39444444444444443
2 0.80390625 0.6430555555555556 0.8046875 0.6791666666666667 0.8 0.6930555555555555 0.79453125 0.6986111111111111 0.7875 0.6972222222222222 0.784375 0.6930555555555555 0.7828125 0.6777777777777778 0.78515625 0.6513888888888889 0.78828125 0.6430555555555556 0.803125 0.6430555555555556
2 0.10390625 0.3763888888888889 0.10625 0.37916666666666665 0.1078125 0.3875 0.1078125 0.4013888888888889 0.10234375 0.4152777777777778 0.0984375 0.4152777777777778 0.09296875 0.4041666666666667 0.0921875 0.38472222222222224 0.09453125 0.3763888888888889 0.103125 0.3763888888888889
2 0.421875 0.47638888888888886 0.43125 0.4791666666666667 0.43515625 0.47638888888888886 0.4390625 0.4847222222222222 0.43984375 0.5069444444444444 0.43671875 0.5361111111111111 0.4328125 0.5402777777777777 0.4265625 0.5388888888888889 0.4234375 0.5319444444444444 0.42109375 0.5125 0.421875 0.4777777777777778
2 0.1015625 0.5694444444444444 0.096875 0.5541666666666667 0.0953125 0.5069444444444444 0.11015625 0.5069444444444444 0.11171875 0.5097222222222222 0.1109375 0.5583333333333333 0.1078125 0.5680555555555555 0.10546875 0.5708333333333333 0.10234375 0.5694444444444444
2 0.31015625 0.4861111111111111 0.31484375 0.49027777777777776 0.31640625 0.5111111111111111 0.315625 0.5263888888888889 0.3109375 0.5430555555555555 0.3078125 0.5472222222222223 0.303125 0.5444444444444444 0.29921875 0.5375 0.29609375 0.5291666666666667 0.2953125 0.5180555555555556 0.2984375 0.49166666666666664 0.30234375 0.4875 0.309375 0.4861111111111111
2 0.62578125 0.5430555555555555 0.6328125 0.5666666666666667 0.609375 0.5666666666666667 0.60546875 0.5638888888888889 0.6015625 0.5680555555555555 0.5984375 0.5666666666666667 0.5984375 0.5569444444444445 0.60234375 0.5569444444444445 0.60625 0.5638888888888889 0.61015625 0.5597222222222222 0.6109375 0.5527777777777778 0.61484375 0.5458333333333333 0.625 0.5430555555555555
2 0.8171875 0.5944444444444444 0.81875 0.6069444444444444 0.815625 0.6166666666666667 0.8109375 0.6222222222222222 0.80703125 0.6180555555555556 0.80390625 0.6027777777777777 0.81015625 0.5944444444444444 0.81640625 0.5944444444444444
2 0.4140625 0.4444444444444444 0.4171875 0.4486111111111111 0.4203125 0.4666666666666667 0.41796875 0.49722222222222223 0.41484375 0.5013888888888889 0.4109375 0.5013888888888889 0.40625 0.4875 0.40625 0.4486111111111111 0.4078125 0.4444444444444444 0.41328125 0.4444444444444444
1 0.31640625 0.8333333333333334 0.3265625 0.8361111111111111 0.33125 0.8416666666666667 0.3515625 0.8888888888888888 0.35625 0.9152777777777777 0.36484375 0.9402777777777778 0.36875 0.9708333333333333 0.3734375 0.9847222222222223 0.375 0.9986111111111111 0.3390625 0.9986111111111111 0.3375 0.9958333333333333 0.31796875 0.9944444444444445 0.30625 0.9986111111111111 0.27421875 0.9986111111111111 0.271875 0.9958333333333333 0.22578125 0.9986111111111111 0.2234375 0.9944444444444445 0.2234375 0.9736111111111111 0.228125 0.9583333333333334 0.22578125 0.9527777777777777 0.228125 0.9041666666666667 0.2359375 0.875 0.23671875 0.8638888888888889 0.24453125 0.8430555555555556 0.27109375 0.8361111111111111 0.315625 0.8333333333333334
1 0.56171875 0.3333333333333333 0.56953125 0.3402777777777778 0.5703125 0.3486111111111111 0.56328125 0.3597222222222222 0.559375 0.37777777777777777 0.5578125 0.4 0.55078125 0.4041666666666667 0.53671875 0.39861111111111114 0.53515625 0.36944444444444446 0.53046875 0.35555555555555557 0.53125 0.3458333333333333 0.5359375 0.33611111111111114 0.5609375 0.3333333333333333
1 0.678125 0.44305555555555554 0.7015625 0.44583333333333336 0.709375 0.4486111111111111 0.71484375 0.45555555555555555 0.709375 0.4597222222222222 0.703125 0.4597222222222222 0.69921875 0.45555555555555555 0.68671875 0.45694444444444443 0.6796875 0.4777777777777778 0.67421875 0.5180555555555556 0.66875 0.5277777777777778 0.6640625 0.5263888888888889 0.659375 0.5111111111111111 0.65703125 0.48055555555555557 0.66015625 0.4652777777777778 0.665625 0.45555555555555555 0.665625 0.44722222222222224 0.6703125 0.44305555555555554 0.67734375 0.44305555555555554
1 0.40078125 0.30972222222222223 0.4171875 0.31666666666666665 0.428125 0.3375 0.42734375 0.34305555555555556 0.4109375 0.35555555555555557 0.40703125 0.3527777777777778 0.40078125 0.3333333333333333 0.38828125 0.3277777777777778 0.39375 0.3125 0.4 0.30972222222222223
1 0.72109375 0.2625 0.7265625 0.2638888888888889 0.73125 0.2708333333333333 0.7375 0.29583333333333334 0.734375 0.3055555555555556 0.728125 0.30694444444444446 0.709375 0.30416666666666664 0.7 0.2902777777777778 0.70078125 0.2833333333333333 0.709375 0.2652777777777778 0.7203125 0.2625
1 0.69609375 0.5222222222222223 0.72578125 0.525 0.73515625 0.5291666666666667 0.7421875 0.5375 0.753125 0.5611111111111111 0.76015625 0.5708333333333333 0.7625 0.5888888888888889 0.76875 0.6055555555555555 0.77109375 0.6180555555555556 0.76953125 0.6472222222222223 0.7640625 0.6666666666666666 0.759375 0.6666666666666666 0.75078125 0.6597222222222222 0.71171875 0.6555555555555556 0.7015625 0.6569444444444444 0.6953125 0.6625 0.6890625 0.6625 0.6875 0.6597222222222222 0.68515625 0.6444444444444445 0.6765625 0.6347222222222222 0.67109375 0.6222222222222222 0.67578125 0.6125 0.6640625 0.6027777777777777 0.6609375 0.5861111111111111 0.6609375 0.575 0.66328125 0.5597222222222222 0.6671875 0.55 0.6671875 0.5430555555555555 0.671875 0.5291666666666667 0.67734375 0.5236111111111111 0.6953125 0.5222222222222223
1 0.45546875 0.2791666666666667 0.46015625 0.2861111111111111 0.4640625 0.3 0.4453125 0.30694444444444446 0.4375 0.3333333333333333 0.43203125 0.3333333333333333 0.42734375 0.31527777777777777 0.42890625 0.28888888888888886 0.4390625 0.275 0.45078125 0.275 0.4546875 0.2791666666666667
1 0.8359375 0.5972222222222222 0.86640625 0.5986111111111111 0.89765625 0.6069444444444444 0.91015625 0.6138888888888889 0.9296875 0.6402777777777777 0.940625 0.6666666666666666 0.95234375 0.6875 0.95859375 0.6944444444444444 0.96796875 0.7180555555555556 0.96953125 0.7375 0.96796875 0.7486111111111111 0.96796875 0.7875 0.9640625 0.7986111111111112 0.959375 0.8013888888888889 0.94609375 0.7986111111111112 0.94140625 0.7930555555555555 0.9390625 0.7847222222222222 0.91640625 0.7777777777777778 0.89609375 0.7805555555555556 0.8859375 0.7847222222222222 0.87578125 0.7958333333333333 0.8546875 0.8 0.85 0.7819444444444444 0.84921875 0.7583333333333333 0.84453125 0.7541666666666667 0.84296875 0.7486111111111111 0.83515625 0.7430555555555556 0.82578125 0.7236111111111111 0.81953125 0.7166666666666667 0.81484375 0.6986111111111111 0.809375 0.6916666666666667 0.81015625 0.6888888888888889 0.8046875 0.6777777777777778 0.80703125 0.6347222222222222 0.81640625 0.6166666666666667 0.8203125 0.6013888888888889 0.83515625 0.5972222222222222
1 0.60859375 0.3763888888888889 0.61953125 0.3902777777777778 0.62421875 0.40694444444444444 0.6234375 0.4152777777777778 0.61328125 0.41944444444444445 0.60859375 0.43333333333333335 0.59140625 0.4152777777777778 0.575 0.4097222222222222 0.575 0.3958333333333333 0.5796875 0.37916666666666665 0.6078125 0.3763888888888889
1 0.3 0.2777777777777778 0.3140625 0.2833333333333333 0.32109375 0.29583333333333334 0.32421875 0.30833333333333335 0.296875 0.30694444444444446 0.2921875 0.3125 0.290625 0.3277777777777778 0.2859375 0.3347222222222222 0.2875 0.28888888888888886 0.290625 0.28194444444444444 0.29921875 0.2791666666666667
1 0.53984375 0.3 0.546875 0.30694444444444446 0.54921875 0.3138888888888889 0.559375 0.32083333333333336 0.56328125 0.3333333333333333 0.55703125 0.33611111111111114 0.5390625 0.3347222222222222 0.5328125 0.34305555555555556 0.5296875 0.3527777777777778 0.52265625 0.3402777777777778 0.521875 0.32083333333333336 0.51796875 0.30833333333333335 0.52421875 0.3 0.5390625 0.3
1 0.234375 0.35694444444444445 0.24140625 0.3680555555555556 0.24453125 0.3819444444444444 0.24375 0.3958333333333333 0.21953125 0.39444444444444443 0.20625 0.4 0.20234375 0.4 0.19453125 0.3902777777777778 0.1953125 0.38333333333333336 0.19921875 0.37916666666666665 0.203125 0.3611111111111111 0.215625 0.35694444444444445 0.23359375 0.35694444444444445
1 0.23203125 0.5347222222222222 0.24296875 0.5472222222222223 0.2484375 0.5708333333333333 0.25078125 0.5736111111111111 0.2484375 0.5847222222222223 0.25078125 0.5888888888888889 0.2515625 0.5986111111111111 0.25078125 0.6291666666666667 0.24921875 0.6319444444444444 0.2375 0.6319444444444444 0.228125 0.6486111111111111 0.19609375 0.65 0.18671875 0.6583333333333333 0.17890625 0.6583333333333333 0.1765625 0.6486111111111111 0.1765625 0.6180555555555556 0.18046875 0.5902777777777778 0.17421875 0.5819444444444445 0.175 0.5763888888888888 0.1828125 0.5708333333333333 0.18828125 0.5430555555555555 0.19296875 0.5375 0.20625 0.5333333333333333 0.23125 0.5347222222222222
1 0.38984375 0.4791666666666667 0.39765625 0.48055555555555557 0.4046875 0.4888888888888889 0.415625 0.5222222222222223 0.41953125 0.55 0.41640625 0.5569444444444445 0.3984375 0.5652777777777778 0.3890625 0.5833333333333334 0.3828125 0.6069444444444444 0.365625 0.6055555555555555 0.359375 0.6166666666666667 0.35546875 0.6166666666666667 0.3515625 0.6027777777777777 0.3453125 0.5916666666666667 0.34375 0.5333333333333333 0.3453125 0.5291666666666667 0.34453125 0.5152777777777777 0.34765625 0.5069444444444444 0.34609375 0.5027777777777778 0.3421875 0.5013888888888889 0.3421875 0.4986111111111111 0.34765625 0.49722222222222223 0.3546875 0.48194444444444445 0.3890625 0.4791666666666667
1 0.22578125 0.29305555555555557 0.2328125 0.29305555555555557 0.2328125 0.2972222222222222 0.2375 0.2972222222222222 0.23515625 0.29305555555555557 0.240625 0.2916666666666667 0.253125 0.3138888888888889 0.25 0.31805555555555554 0.25234375 0.325 0.25 0.37083333333333335 0.24765625 0.3763888888888889 0.2453125 0.3763888888888889 0.2421875 0.36944444444444446 0.2390625 0.3527777777777778 0.2390625 0.3388888888888889 0.2359375 0.3277777777777778 0.228125 0.3194444444444444 0.21640625 0.31805555555555554 0.2109375 0.3138888888888889 0.2125 0.3055555555555556 0.2265625 0.29444444444444445
1 0.3859375 0.21805555555555556 0.3953125 0.22777777777777777 0.396875 0.25416666666666665 0.39453125 0.25972222222222224 0.37265625 0.24861111111111112 0.3703125 0.2375 0.371875 0.2263888888888889 0.37734375 0.21944444444444444 0.38515625 0.21805555555555556
1 0.5453125 0.40694444444444444 0.54921875 0.4111111111111111 0.54296875 0.42916666666666664 0.5390625 0.4597222222222222 0.52421875 0.4486111111111111 0.52265625 0.4166666666666667 0.5265625 0.40694444444444444 0.54453125 0.40694444444444444
1 0.33984375 0.3597222222222222 0.3421875 0.3638888888888889 0.3421875 0.37222222222222223 0.32421875 0.375 0.3203125 0.38055555555555554 0.31640625 0.38055555555555554 0.31328125 0.3861111111111111 0.3109375 0.40694444444444444 0.30546875 0.41388888888888886 0.303125 0.42777777777777776 0.30390625 0.4388888888888889 0.3015625 0.44027777777777777 0.29921875 0.4361111111111111 0.29765625 0.41805555555555557 0.3 0.3861111111111111 0.30546875 0.3680555555555556 0.31015625 0.3625 0.3390625 0.3597222222222222
1 0.32421875 0.2611111111111111 0.32890625 0.2722222222222222 0.33203125 0.29305555555555557 0.33125 0.30277777777777776 0.32890625 0.30694444444444446 0.325 0.30694444444444446 0.31484375 0.2847222222222222 0.29921875 0.2791666666666667 0.30234375 0.26805555555555555 0.31015625 0.25833333333333336 0.3234375 0.2611111111111111
1 0.2453125 0.2847222222222222 0.25234375 0.29583333333333334 0.2546875 0.3125 0.2546875 0.32916666666666666 0.2515625 0.3333333333333333 0.2453125 0.31805555555555554 0.24375 0.30694444444444446 0.23984375 0.3013888888888889 0.22109375 0.30277777777777776 0.2171875 0.3055555555555556 0.215625 0.3111111111111111 0.21328125 0.3111111111111111 0.2109375 0.30416666666666664 0.21328125 0.29444444444444445 0.2234375 0.2861111111111111 0.23671875 0.2875 0.24453125 0.2847222222222222
1 0.48984375 0.2652777777777778 0.4921875 0.2986111111111111 0.490625 0.30694444444444446 0.47265625 0.30694444444444446 0.4703125 0.30277777777777776 0.475 0.2722222222222222 0.4828125 0.2638888888888889 0.4890625 0.2652777777777778
1 0.4453125 0.5652777777777778 0.4609375 0.5930555555555556 0.46875 0.6013888888888889 0.4640625 0.6097222222222223 0.46484375 0.6263888888888889 0.46796875 0.6361111111111111 0.46796875 0.6611111111111111 0.4640625 0.6708333333333333 0.44765625 0.6625 0.42109375 0.6625 0.38984375 0.6680555555555555 0.3859375 0.6611111111111111 0.38359375 0.6152777777777778 0.38828125 0.5888888888888889 0.396875 0.5680555555555555 0.4140625 0.5597222222222222 0.43671875 0.5597222222222222 0.44453125 0.5652777777777778
1 0.77109375 0.49722222222222223 0.8109375 0.5013888888888889 0.82109375 0.5055555555555555 0.83203125 0.5152777777777777 0.84453125 0.5458333333333333 0.84296875 0.5694444444444444 0.8359375 0.5819444444444445 0.8328125 0.5833333333333334 0.83203125 0.5875 0.828125 0.5902777777777778 0.81875 0.5875 0.81640625 0.5736111111111111 0.80703125 0.5597222222222222 0.803125 0.5597222222222222 0.8 0.5666666666666667 0.7984375 0.5805555555555556 0.790625 0.5791666666666667 0.7890625 0.5819444444444445 0.78671875 0.6013888888888889 0.784375 0.6069444444444444 0.7734375 0.6069444444444444 0.77109375 0.6041666666666666 0.76484375 0.5888888888888889 0.76640625 0.5694444444444444 0.7578125 0.5638888888888889 0.75390625 0.5555555555555556 0.7515625 0.5430555555555555 0.7578125 0.5027777777777778 0.7609375 0.4986111111111111 0.7703125 0.49722222222222223
1 0.44453125 0.7638888888888888 0.45234375 0.7666666666666667 0.45703125 0.7736111111111111 0.47578125 0.8291666666666667 0.48984375 0.8333333333333334 0.49296875 0.8375 0.490625 0.8486111111111111 0.478125 0.8555555555555555 0.48828125 0.8944444444444445 0.49140625 0.9166666666666666 0.4921875 0.9486111111111111 0.490625 0.975 0.4859375 0.9847222222222223 0.475 0.9930555555555556 0.4671875 0.9888888888888889 0.4421875 0.9916666666666667 0.43046875 0.9875 0.40546875 0.9944444444444445 0.3953125 0.9944444444444445 0.38984375 0.9875 0.38203125 0.9902777777777778 0.3765625 0.9875 0.36953125 0.9555555555555556 0.36875 0.9361111111111111 0.3625 0.9305555555555556 0.36015625 0.9111111111111111 0.3546875 0.8958333333333334 0.3546875 0.8666666666666667 0.35078125 0.8611111111111112 0.3484375 0.8458333333333333 0.35390625 0.8347222222222223 0.35546875 0.8055555555555556 0.3578125 0.7944444444444444 0.37890625 0.7680555555555556 0.44375 0.7638888888888888
1 0.14140625 0.6055555555555555 0.1453125 0.6111111111111112 0.15625 0.6555555555555556 0.1546875 0.7097222222222223 0.1515625 0.725 0.13828125 0.7388888888888889 0.1328125 0.7513888888888889 0.13046875 0.7638888888888888 0.12734375 0.7680555555555556 0.11328125 0.7611111111111111 0.05390625 0.7611111111111111 0.03515625 0.7263888888888889 0.0359375 0.7069444444444445 0.040625 0.6791666666666667 0.0390625 0.6611111111111111 0.0453125 0.6583333333333333 0.06796875 0.6152777777777778 0.07890625 0.6069444444444444 0.10234375 0.6 0.1234375 0.6 0.140625 0.6055555555555555
1 0.30625 0.30416666666666664 0.32265625 0.30833333333333335 0.32890625 0.31805555555555554 0.33828125 0.3375 0.33828125 0.35694444444444445 0.3359375 0.35833333333333334 0.33203125 0.35694444444444445 0.32734375 0.3388888888888889 0.3234375 0.33194444444444443 0.31875 0.32916666666666666 0.3046875 0.32916666666666666 0.29609375 0.3333333333333333 0.2890625 0.34444444444444444 0.2859375 0.34305555555555556 0.28515625 0.33194444444444443 0.2875 0.3263888888888889 0.2890625 0.3111111111111111 0.296875 0.30416666666666664 0.30546875 0.30416666666666664
1 0.3984375 0.2763888888888889 0.4078125 0.28888888888888886 0.4078125 0.2986111111111111 0.40546875 0.3055555555555556 0.38515625 0.3055555555555556 0.378125 0.30972222222222223 0.3765625 0.31527777777777777 0.375 0.3138888888888889 0.375 0.3 0.37890625 0.2833333333333333 0.39140625 0.275 0.39765625 0.2763888888888889
1 0.465625 0.30694444444444446 0.46640625 0.31527777777777777 0.46484375 0.3236111111111111 0.4578125 0.3277777777777778 0.44609375 0.35138888888888886 0.440625 0.3486111111111111 0.43828125 0.33194444444444443 0.44375 0.30972222222222223 0.45 0.30416666666666664 0.46484375 0.30694444444444446
1 0.34921875 0.37222222222222223 0.35703125 0.37777777777777777 0.3625 0.39166666666666666 0.3671875 0.4152777777777778 0.3734375 0.42083333333333334 0.3734375 0.42777777777777776 0.3703125 0.43472222222222223 0.36875 0.44583333333333336 0.3515625 0.4527777777777778 0.33984375 0.475 0.33828125 0.4861111111111111 0.334375 0.4930555555555556 0.328125 0.49444444444444446 0.32109375 0.49444444444444446 0.315625 0.4861111111111111 0.3125 0.475 0.3125 0.4638888888888889 0.3046875 0.44166666666666665 0.30546875 0.43194444444444446 0.303125 0.425 0.30546875 0.41944444444444445 0.30546875 0.4125 0.31015625 0.4041666666666667 0.3125 0.3861111111111111 0.31484375 0.3819444444444444 0.328125 0.375 0.3484375 0.37222222222222223
1 0.27890625 0.2388888888888889 0.284375 0.24861111111111112 0.284375 0.26805555555555555 0.28671875 0.2777777777777778 0.28515625 0.28888888888888886 0.2796875 0.29305555555555557 0.27421875 0.28888888888888886 0.26875 0.26805555555555555 0.25625 0.24722222222222223 0.2578125 0.24305555555555555 0.2625 0.24027777777777778 0.278125 0.2388888888888889
1 0.2546875 0.45555555555555555 0.259375 0.4583333333333333 0.27578125 0.4875 0.27265625 0.4930555555555556 0.275 0.5138888888888888 0.275 0.5430555555555555 0.2734375 0.55 0.26953125 0.5527777777777778 0.25859375 0.55 0.2484375 0.5513888888888889 0.23203125 0.5333333333333333 0.2125 0.5305555555555556 0.2125 0.4986111111111111 0.22109375 0.4638888888888889 0.225 0.4583333333333333 0.2296875 0.45694444444444443 0.25390625 0.45555555555555555
1 0.39765625 0.33055555555555555 0.4046875 0.3416666666666667 0.40625 0.35138888888888886 0.40625 0.3597222222222222 0.40234375 0.37083333333333335 0.40234375 0.39444444444444443 0.40078125 0.4 0.3765625 0.4027777777777778 0.37109375 0.4083333333333333 0.365625 0.4013888888888889 0.36328125 0.3861111111111111 0.36328125 0.3541666666666667 0.36875 0.3347222222222222 0.371875 0.33055555555555555 0.396875 0.33055555555555555
1 0.7015625 0.45555555555555555 0.70625 0.4597222222222222 0.7171875 0.45555555555555555 0.73125 0.4625 0.74140625 0.46944444444444444 0.7484375 0.48055555555555557 0.75546875 0.5 0.75546875 0.5166666666666667 0.75234375 0.5347222222222222 0.7484375 0.5430555555555555 0.7375 0.5305555555555556 0.72890625 0.525 0.67734375 0.5208333333333334 0.675 0.5180555555555556 0.67734375 0.4930555555555556 0.68515625 0.4597222222222222 0.70078125 0.45555555555555555
1 0.2625 0.25972222222222224 0.26875 0.26944444444444443 0.2734375 0.2861111111111111 0.27421875 0.3111111111111111 0.271875 0.31527777777777777 0.25546875 0.3125 0.25 0.2916666666666667 0.24453125 0.2861111111111111 0.2421875 0.2777777777777778 0.24453125 0.2625 0.26171875 0.25972222222222224
1 0.57421875 0.35 0.5953125 0.35694444444444445 0.60390625 0.37222222222222223 0.58046875 0.37083333333333335 0.57734375 0.3736111111111111 0.56953125 0.3888888888888889 0.57265625 0.40694444444444444 0.56953125 0.4097222222222222 0.5578125 0.4083333333333333 0.55625 0.40694444444444444 0.55625 0.4013888888888889 0.55859375 0.39444444444444443 0.55859375 0.3736111111111111 0.56328125 0.35555555555555557 0.5734375 0.35
1 0.559375 0.4111111111111111 0.58359375 0.41388888888888886 0.5921875 0.41805555555555557 0.60546875 0.43472222222222223 0.61171875 0.4625 0.61171875 0.46944444444444444 0.61015625 0.4708333333333333 0.596875 0.4708333333333333 0.590625 0.475 0.5828125 0.49166666666666664 0.57421875 0.5236111111111111 0.5625 0.5236111111111111 0.56015625 0.5208333333333334 0.55859375 0.5 0.55546875 0.4861111111111111 0.54140625 0.4625 0.54296875 0.43194444444444446 0.54765625 0.4166666666666667 0.55 0.4125 0.55859375 0.4111111111111111
1 0.53515625 0.2972222222222222 0.54453125 0.30277777777777776 0.55078125 0.31805555555555554 0.5578125 0.32083333333333336 0.56171875 0.33194444444444443 0.55625 0.3333333333333333 0.553125 0.33055555555555555 0.5546875 0.3236111111111111 0.546875 0.31527777777777777 0.5359375 0.3194444444444444 0.53046875 0.3333333333333333 0.53203125 0.3375 0.53046875 0.35138888888888886 0.52734375 0.3541666666666667 0.521875 0.35138888888888886 0.51953125 0.3458333333333333 0.51875 0.3277777777777778 0.51484375 0.30833333333333335 0.51796875 0.3013888888888889 0.52265625 0.2986111111111111 0.534375 0.2972222222222222
1 0.38046875 0.45 0.3859375 0.4513888888888889 0.390625 0.45694444444444443 0.3953125 0.4777777777777778 0.35546875 0.48055555555555557 0.34765625 0.49583333333333335 0.34140625 0.49583333333333335 0.33984375 0.4861111111111111 0.34140625 0.475 0.35078125 0.45555555555555555 0.36328125 0.45 0.3796875 0.45
1 0.38828125 0.30277777777777776 0.4078125 0.30833333333333335 0.41171875 0.3138888888888889 0.396875 0.3111111111111111 0.3921875 0.31666666666666665 0.390625 0.3263888888888889 0.38125 0.32916666666666666 0.371875 0.3277777777777778 0.375 0.3125 0.37890625 0.30416666666666664 0.3875 0.30277777777777776
1 0.31171875 0.3263888888888889 0.3265625 0.33055555555555555 0.33046875 0.3527777777777778 0.33359375 0.35833333333333334 0.30703125 0.36527777777777776 0.30078125 0.38333333333333336 0.296875 0.4152777777777778 0.290625 0.42083333333333334 0.2859375 0.41944444444444445 0.284375 0.4125 0.28359375 0.37916666666666665 0.28515625 0.36527777777777776 0.28203125 0.35694444444444445 0.2875 0.35138888888888886 0.29296875 0.33194444444444443 0.3109375 0.3263888888888889
1 0.2015625 0.4 0.215625 0.39444444444444443 0.2421875 0.39444444444444443 0.24609375 0.39861111111111114 0.24921875 0.4111111111111111 0.25546875 0.41805555555555557 0.25546875 0.4236111111111111 0.25234375 0.42916666666666664 0.253125 0.45 0.2515625 0.45416666666666666 0.2234375 0.4597222222222222 0.21015625 0.49027777777777776 0.20546875 0.49444444444444446 0.19765625 0.49444444444444446 0.1953125 0.48333333333333334 0.1953125 0.4305555555555556 0.1921875 0.425 0.1921875 0.41805555555555557 0.19765625 0.4152777777777778 0.2015625 0.4013888888888889
1 0.95546875 0.9861111111111112 0.9765625 0.9875 0.99453125 0.9819444444444444 0.996875 0.9875 0.9921875 0.9986111111111111 0.98203125 0.9986111111111111 0.98046875 0.9958333333333333 0.9734375 0.9986111111111111 0.9671875 0.9944444444444445 0.95625 0.9930555555555556 0.9546875 0.9958333333333333 0.9453125 0.9958333333333333 0.93828125 0.9944444444444445 0.93828125 0.9861111111111112 0.93359375 0.9777777777777777 0.934375 0.925 0.9390625 0.9041666666666667 0.9453125 0.8944444444444445 0.95234375 0.8902777777777777 0.96171875 0.8777777777777778 0.984375 0.8680555555555556 0.99921875 0.8680555555555556 0.99921875 0.9652777777777778 0.99375 0.9763888888888889 0.9546875 0.9791666666666666 0.94921875 0.9833333333333333 0.95 0.9861111111111112 0.9546875 0.9861111111111112
1 0.384375 0.2611111111111111 0.3890625 0.26666666666666666 0.390625 0.275 0.38203125 0.28055555555555556 0.378125 0.2875 0.37734375 0.3 0.37265625 0.31527777777777777 0.3625 0.31805555555555554 0.35859375 0.31527777777777777 0.3578125 0.2986111111111111 0.3578125 0.275 0.3609375 0.2652777777777778 0.36796875 0.25972222222222224 0.38359375 0.2611111111111111
1 0.90390625 0.5569444444444445 0.92578125 0.5694444444444444 0.93828125 0.5805555555555556 0.94609375 0.5944444444444444 0.9703125 0.6652777777777777 0.97109375 0.7097222222222223 0.96953125 0.7152777777777778 0.96640625 0.7138888888888889 0.96171875 0.7 0.95390625 0.6875 0.94921875 0.675 0.94140625 0.6652777777777777 0.9265625 0.6333333333333333 0.91328125 0.6166666666666667 0.88671875 0.6 0.84765625 0.5930555555555556 0.8484375 0.5819444444444445 0.85859375 0.5569444444444445 0.87265625 0.5541666666666667 0.903125 0.5569444444444445
1 0.64140625 0.5694444444444444 0.64765625 0.5736111111111111 0.6546875 0.5833333333333334 0.6640625 0.6069444444444444 0.67265625 0.6125 0.66953125 0.6152777777777778 0.66875 0.6222222222222222 0.67421875 0.6388888888888888 0.678125 0.6652777777777777 0.678125 0.6888888888888889 0.675 0.6972222222222222 0.66484375 0.6944444444444444 0.61484375 0.6930555555555555 0.59296875 0.6625 0.58515625 0.6611111111111111 0.57578125 0.6527777777777778 0.57421875 0.6402777777777777 0.57578125 0.5972222222222222 0.5875 0.5763888888888888 0.6046875 0.5680555555555555 0.640625 0.5694444444444444
1 0.09296875 0.25833333333333336 0.10859375 0.2625 0.11953125 0.2722222222222222 0.12109375 0.2777777777777778 0.11953125 0.30277777777777776 0.11640625 0.31805555555555554 0.1125 0.32222222222222224 0.103125 0.32083333333333336 0.0953125 0.3138888888888889 0.08046875 0.31527777777777777 0.078125 0.3125 0.078125 0.2847222222222222 0.08671875 0.2638888888888889 0.0921875 0.25833333333333336
1 0.484375 0.4166666666666667 0.49375 0.42083333333333334 0.49921875 0.42777777777777776 0.5046875 0.4486111111111111 0.4875 0.4527777777777778 0.4828125 0.45694444444444443 0.4765625 0.4847222222222222 0.47421875 0.5180555555555556 0.46171875 0.5236111111111111 0.45859375 0.5277777777777778 0.44609375 0.5180555555555556 0.44453125 0.5125 0.4421875 0.48333333333333334 0.44609375 0.44166666666666665 0.45078125 0.425 0.4546875 0.41944444444444445 0.4609375 0.4166666666666667 0.48359375 0.4166666666666667
1 0.578125 0.6597222222222222 0.58984375 0.6638888888888889 0.603125 0.6791666666666667 0.61171875 0.6958333333333333 0.61953125 0.7194444444444444 0.628125 0.7152777777777778 0.63515625 0.7194444444444444 0.63359375 0.7305555555555555 0.62734375 0.7388888888888889 0.6375 0.7680555555555556 0.64375 0.7958333333333333 0.6421875 0.8625 0.63984375 0.8680555555555556 0.6296875 0.8666666666666667 0.6171875 0.8458333333333333 0.584375 0.85 0.57265625 0.8486111111111111 0.55859375 0.8541666666666666 0.54921875 0.8722222222222222 0.54375 0.8763888888888889 0.5359375 0.8708333333333333 0.53203125 0.8361111111111111 0.52890625 0.8291666666666667 0.51328125 0.8277777777777777 0.51015625 0.8208333333333333 0.51015625 0.8097222222222222 0.5078125 0.8055555555555556 0.50234375 0.75 0.5015625 0.7013888888888888 0.50390625 0.6944444444444444 0.5171875 0.6875 0.51953125 0.6833333333333333 0.5203125 0.675 0.5296875 0.6652777777777777 0.57734375 0.6597222222222222
1 0.4453125 0.25555555555555554 0.44765625 0.2722222222222222 0.434375 0.27361111111111114 0.428125 0.2875 0.425 0.30416666666666664 0.42109375 0.30277777777777776 0.41953125 0.2986111111111111 0.41953125 0.2791666666666667 0.42265625 0.25833333333333336 0.42578125 0.25277777777777777 0.43515625 0.2513888888888889 0.44453125 0.25555555555555554
1 0.61328125 0.4708333333333333 0.63046875 0.4736111111111111 0.64453125 0.49166666666666664 0.6578125 0.5319444444444444 0.6609375 0.5486111111111112 0.6609375 0.5652777777777778 0.65703125 0.5694444444444444 0.64921875 0.5638888888888889 0.6375 0.5361111111111111 0.63203125 0.5319444444444444 0.62734375 0.5402777777777777 0.62578125 0.5569444444444445 0.61640625 0.5569444444444445 0.6109375 0.5638888888888889 0.60234375 0.5638888888888889 0.58828125 0.5722222222222222 0.584375 0.5777777777777777 0.58046875 0.5777777777777777 0.5796875 0.575 0.5765625 0.5458333333333333 0.5765625 0.5208333333333334 0.58125 0.49722222222222223 0.5921875 0.475 0.6125 0.4708333333333333
1 0.45390625 0.24305555555555555 0.46953125 0.24861111111111112 0.47265625 0.27361111111111114 0.4703125 0.29305555555555557 0.46640625 0.3 0.4625 0.3 0.4609375 0.2902777777777778 0.4484375 0.26805555555555555 0.44609375 0.24722222222222223 0.44921875 0.24305555555555555 0.453125 0.24305555555555555
1 0.6484375 0.41805555555555557 0.65859375 0.4305555555555556 0.6640625 0.4527777777777778 0.66328125 0.4597222222222222 0.65859375 0.46805555555555556 0.65625 0.48333333333333334 0.65625 0.5013888888888889 0.65859375 0.5083333333333333 0.65859375 0.5180555555555556 0.65390625 0.5152777777777777 0.64921875 0.4986111111111111 0.63984375 0.48194444444444445 0.63046875 0.4722222222222222 0.61640625 0.46805555555555556 0.60859375 0.4361111111111111 0.61015625 0.4263888888888889 0.6140625 0.41944444444444445 0.62265625 0.4166666666666667 0.64765625 0.41805555555555557
1 0.43359375 0.6652777777777777 0.446875 0.6652777777777777 0.46015625 0.6736111111111112 0.475 0.6958333333333333 0.47890625 0.7166666666666667 0.48515625 0.7361111111111112 0.4953125 0.7361111111111112 0.5 0.7416666666666667 0.50078125 0.7486111111111111 0.4984375 0.7541666666666667 0.4890625 0.7597222222222222 0.49765625 0.7888888888888889 0.5 0.8208333333333333 0.49921875 0.8486111111111111 0.50078125 0.8541666666666666 0.50078125 0.8777777777777778 0.49765625 0.8861111111111111 0.49296875 0.8888888888888888 0.4875 0.8875 0.48203125 0.8583333333333333 0.49296875 0.85 0.49375 0.8375 0.490625 0.8319444444444445 0.47890625 0.8263888888888888 0.4703125 0.8097222222222222 0.46484375 0.7902777777777777 0.45390625 0.7652777777777777 0.45 0.7625 0.3796875 0.7638888888888888 0.3765625 0.7555555555555555 0.37890625 0.7444444444444445 0.37890625 0.7152777777777778 0.3875 0.6777777777777778 0.39765625 0.6708333333333333 0.4328125 0.6652777777777777
1 0.296875 0.6291666666666667 0.30390625 0.6375 0.3171875 0.6847222222222222 0.32734375 0.6847222222222222 0.33125 0.6888888888888889 0.33125 0.6958333333333333 0.32265625 0.7055555555555556 0.33046875 0.7486111111111111 0.33125 0.8236111111111111 0.328125 0.8305555555555556 0.3203125 0.8305555555555556 0.30546875 0.8152777777777778 0.2546875 0.8166666666666667 0.24921875 0.8208333333333333 0.2421875 0.8347222222222223 0.23828125 0.8375 0.23359375 0.8375 0.22890625 0.8319444444444445 0.22578125 0.8 0.22109375 0.775 0.2171875 0.7055555555555556 0.21796875 0.6972222222222222 0.221875 0.6888888888888889 0.22265625 0.6694444444444444 0.23671875 0.6361111111111111 0.29609375 0.6291666666666667
1 0.33828125 0.24166666666666667 0.3421875 0.24722222222222223 0.34296875 0.2777777777777778 0.33828125 0.2875 0.33125 0.2916666666666667 0.325 0.2625 0.3171875 0.2625 0.31015625 0.25833333333333336 0.32109375 0.24305555555555555 0.3375 0.24166666666666667
1 0.37734375 0.2013888888888889 0.38125 0.20694444444444443 0.38359375 0.21666666666666667 0.37734375 0.21944444444444444 0.3703125 0.2361111111111111 0.365625 0.2361111111111111 0.36171875 0.21666666666666667 0.3625 0.20972222222222223 0.36640625 0.20416666666666666 0.3765625 0.2013888888888889
0 0.0671875 0.17777777777777778 0.07890625 0.18472222222222223 0.08515625 0.20555555555555555 0.08515625 0.24861111111111112 0.08359375 0.25416666666666665 0.078125 0.25833333333333336 0.06171875 0.25416666666666665 0.059375 0.24583333333333332 0.05859375 0.17916666666666667 0.06015625 0.1763888888888889 0.06640625 0.17777777777777778
0 0.9890625 0.3236111111111111 0.990625 0.33055555555555555 0.99453125 0.3263888888888889 0.99921875 0.32916666666666666 0.99921875 0.4083333333333333 0.99609375 0.4097222222222222 0.984375 0.4097222222222222 0.98046875 0.4 0.98125 0.3875 0.97734375 0.35138888888888886 0.9828125 0.3416666666666667 0.9828125 0.3263888888888889 0.98828125 0.3236111111111111
0 0.4328125 0.18888888888888888 0.43984375 0.19166666666666668 0.44453125 0.2013888888888889 0.44609375 0.2375 0.44375 0.24166666666666667 0.4359375 0.24305555555555555 0.4328125 0.2513888888888889 0.425 0.25277777777777777 0.41796875 0.28055555555555556 0.41015625 0.28055555555555556 0.40625 0.26944444444444443 0.409375 0.24166666666666667 0.41015625 0.19722222222222222 0.41953125 0.1875 0.43203125 0.18888888888888888