3 0.74453125 0.4736111111111111 0.79765625 0.4777777777777778 0.8046875 0.48194444444444445 0.8203125 0.5055555555555555 0.82109375 0.5583333333333333 0.81875 0.5694444444444444 0.815625 0.6402777777777777 0.80390625 0.6569444444444444 0.8 0.675 0.7921875 0.6736111111111112 0.78671875 0.6680555555555555 0.77265625 0.6652777777777777 0.7375 0.6666666666666666 0.73359375 0.65 0.725 0.6347222222222222 0.721875 0.5875 0.725 0.5402777777777777 0.728125 0.5208333333333334 0.728125 0.48055555555555557 0.73046875 0.475 0.74375 0.4736111111111111
3 0.4875 0.3347222222222222 0.49453125 0.3402777777777778 0.5 0.3611111111111111 0.49609375 0.43472222222222223 0.49296875 0.4583333333333333 0.49296875 0.48333333333333334 0.490625 0.4986111111111111 0.48671875 0.5013888888888889 0.48359375 0.49583333333333335 0.471875 0.49444444444444446 0.4578125 0.5 0.44921875 0.49722222222222223 0.434375 0.5041666666666667 0.42890625 0.5027777777777778 0.42265625 0.49444444444444446 0.41875 0.48055555555555557 0.4203125 0.46805555555555556 0.41875 0.4375 0.42734375 0.4236111111111111 0.43203125 0.4111111111111111 0.434375 0.3416666666666667 0.440625 0.33194444444444443 0.48046875 0.33194444444444443 0.48671875 0.3347222222222222
2 0.3703125 0.5236111111111111 0.375 0.5291666666666667 0.3765625 0.5527777777777778 0.36953125 0.5694444444444444 0.36640625 0.5694444444444444 0.36171875 0.5555555555555556 0.36171875 0.5291666666666667 0.36953125 0.5236111111111111
2 0.8796875 0.7111111111111111 0.884375 0.7166666666666667 0.88359375 0.7305555555555555 0.88671875 0.75 0.87734375 0.7722222222222223 0.871875 0.7722222222222223 0.859375 0.7597222222222222 0.85546875 0.7444444444444445 0.85546875 0.7291666666666666 0.859375 0.7263888888888889 0.865625 0.7111111111111111 0.87890625 0.7111111111111111
2 0.9 0.625 0.90234375 0.6319444444444444 0.9 0.6388888888888888 0.89921875 0.6541666666666667 0.9015625 0.6611111111111111 0.9046875 0.7 0.89765625 0.7166666666666667 0.89375 0.7208333333333333 0.88984375 0.7194444444444444 0.88515625 0.7111111111111111 0.8828125 0.6652777777777777 0.87890625 0.65 0.88125 0.6472222222222223 0.88125 0.625 0.8828125 0.6222222222222222 0.890625 0.6208333333333333 0.89921875 0.625
2 0.35546875 0.4847222222222222 0.359375 0.49027777777777776 0.359375 0.5166666666666667 0.35703125 0.5263888888888889 0.35234375 0.5305555555555556 0.34765625 0.5222222222222223 0.346875 0.5055555555555555 0.3484375 0.4861111111111111 0.3546875 0.4847222222222222
2 0.87265625 0.7083333333333334 0.88125 0.7111111111111111 0.884375 0.7152777777777778 0.884375 0.7361111111111112 0.88671875 0.7458333333333333 0.88671875 0.7513888888888889 0.87734375 0.7722222222222223 0.87109375 0.7722222222222223 0.8609375 0.7625 0.8546875 0.7402777777777778 0.8546875 0.7263888888888889 0.85859375 0.725 0.8640625 0.7111111111111111 0.871875 0.7083333333333334
2 0.5203125 0.28194444444444444 0.0078125 0.019444444444444445
2 0.89453125 0.6541666666666667 0.9015625 0.6652777777777777 0.90390625 0.7 0.9015625 0.7083333333333334 0.89375 0.7208333333333333 0.8859375 0.7138888888888889 0.8828125 0.675 0.884375 0.6625 0.88984375 0.6541666666666667 0.89375 0.6541666666666667
2 0.27890625 0.7263888888888889 0.2921875 0.7319444444444444 0.30234375 0.7319444444444444 0.30546875 0.7430555555555556 0.31015625 0.7472222222222222 0.30703125 0.7708333333333334 0.3015625 0.7861111111111111 0.2953125 0.7958333333333333 0.28515625 0.8013888888888889 0.2796875 0.7888888888888889 0.27578125 0.7722222222222223 0.27890625 0.7513888888888889 0.27890625 0.7277777777777777
2 0.2078125 0.8777777777777778 0.21171875 0.8791666666666667 0.2140625 0.8847222222222222 0.21484375 0.8902777777777777 0.21171875 0.8972222222222223 0.221875 0.9027777777777778 0.21875 0.9083333333333333 0.21796875 0.9222222222222223 0.22109375 0.9291666666666667 0.2203125 0.9402777777777778 0.221875 0.9486111111111111 0.2265625 0.9513888888888888 0.2109375 0.9986111111111111 0.19375 0.9986111111111111 0.190625 0.9930555555555556 0.190625 0.9861111111111112 0.18828125 0.9805555555555555 0.1875 0.9583333333333334 0.190625 0.95 0.19140625 0.9291666666666667 0.184375 0.9152777777777777 0.184375 0.8791666666666667 0.1859375 0.875 0.1921875 0.8736111111111111 0.20703125 0.8777777777777778
2 0.2875 0.3125 0.28984375 0.3138888888888889 0.290625 0.3194444444444444 0.29140625 0.3416666666666667 0.28671875 0.3472222222222222 0.27890625 0.3472222222222222 0.2765625 0.3402777777777778 0.2765625 0.3333333333333333 0.28125 0.31666666666666665 0.28671875 0.3125
2 0.27265625 0.3138888888888889 0.27890625 0.31666666666666665 0.28046875 0.3236111111111111 0.2765625 0.3472222222222222 0.271875 0.3486111111111111 0.26953125 0.3402777777777778 0.26953125 0.32083333333333336 0.271875 0.31527777777777777
2 0.3203125 0.5222222222222223 0.325 0.5472222222222223 0.32265625 0.5569444444444445 0.3140625 0.5694444444444444 0.3109375 0.5694444444444444 0.30703125 0.5583333333333333 0.30703125 0.5263888888888889 0.3109375 0.5194444444444445 0.31953125 0.5222222222222223
2 0.30234375 0.7375 0.30703125 0.7486111111111111 0.3046875 0.7777777777777778 0.29765625 0.7930555555555555 0.2859375 0.8027777777777778 0.2828125 0.7986111111111112 0.27734375 0.7777777777777778 0.27890625 0.7430555555555556 0.296875 0.7361111111111112 0.3015625 0.7375
2 0.7515625 0.4736111111111111 0.74921875 0.4625 0.74921875 0.4486111111111111 0.75078125 0.44583333333333336 0.7640625 0.4486111111111111 0.76484375 0.4513888888888889 0.7609375 0.4722222222222222 0.75234375 0.4736111111111111
2 0.38671875 0.4666666666666667 0.3875 0.4847222222222222 0.390625 0.49027777777777776 0.38984375 0.4986111111111111 0.38671875 0.5055555555555555 0.3828125 0.5055555555555555 0.37578125 0.4875 0.37734375 0.46805555555555556 0.3859375 0.4666666666666667
2 0.30625 0.225 0.3078125 0.23055555555555557 0.30625 0.24583333333333332 0.30234375 0.24444444444444444 0.30078125 0.23333333333333334 0.3015625 0.2263888888888889 0.30546875 0.225
2 0.8453125 0.5958333333333333 0.84921875 0.6125 0.84921875 0.6333333333333333 0.8453125 0.6486111111111111 0.8421875 0.6513888888888889 0.83671875 0.65 0.8328125 0.6444444444444445 0.83046875 0.6208333333333333 0.83359375 0.6041666666666666 0.8328125 0.5986111111111111 0.84453125 0.5958333333333333
1 0.6890625 0.33194444444444443 0.70234375 0.3333333333333333 0.709375 0.3375 0.7140625 0.3472222222222222 0.7171875 0.375 0.71328125 0.37916666666666665 0.69921875 0.38055555555555554 0.6921875 0.39444444444444443 0.68515625 0.4 0.678125 0.4 0.67578125 0.3972222222222222 0.67109375 0.3875 0.671875 0.35833333333333334 0.68125 0.33611111111111114 0.68828125 0.3333333333333333
1 0.34453125 0.275 0.35 0.2763888888888889 0.3578125 0.2861111111111111 0.359375 0.3 0.35859375 0.32083333333333336 0.35546875 0.3277777777777778 0.3484375 0.3333333333333333 0.334375 0.33611111111111114 0.3296875 0.34305555555555556 0.3140625 0.3402777777777778 0.31328125 0.30277777777777776 0.31640625 0.28888888888888886 0.31953125 0.2833333333333333 0.33125 0.28055555555555556 0.33671875 0.275 0.34375 0.275
1 0.6140625 0.26944444444444443 0.61953125 0.25277777777777777 0.63359375 0.25416666666666665 0.63828125 0.26666666666666666 0.63828125 0.27361111111111114 0.6328125 0.2902777777777778 0.6265625 0.29305555555555557 0.61484375 0.2763888888888889 0.61484375 0.2708333333333333
1 0.6609375 0.4263888888888889 0.6640625 0.43194444444444446 0.66953125 0.43472222222222223 0.675 0.44722222222222224 0.678125 0.4666666666666667 0.678125 0.49166666666666664 0.653125 0.49444444444444446 0.63828125 0.49166666666666664 0.6296875 0.49722222222222223 0.61953125 0.5194444444444445 0.615625 0.5138888888888888 0.61484375 0.48333333333333334 0.6171875 0.4597222222222222 0.6140625 0.45416666666666666 0.61484375 0.4486111111111111 0.6203125 0.44305555555555554 0.62421875 0.43333333333333335 0.63046875 0.42777777777777776 0.66015625 0.42777777777777776
1 0.06328125 0.33055555555555555 0.06875 0.3347222222222222 0.07578125 0.36527777777777776 0.06171875 0.39166666666666666 0.0578125 0.40694444444444444 0.0359375 0.4041666666666667 0.01796875 0.4097222222222222 0.01171875 0.4097222222222222 0.009375 0.39444444444444443 0.009375 0.38333333333333336 0.01640625 0.35833333333333334 0.03125 0.33611111111111114 0.0625 0.33055555555555555
1 0.52421875 0.23333333333333334 0.52734375 0.2375 0.528125 0.25277777777777777 0.53125 0.2652777777777778 0.528125 0.2763888888888889 0.52578125 0.2763888888888889 0.52265625 0.26805555555555555 0.51875 0.26666666666666666 0.5125 0.27361111111111114 0.50703125 0.27361111111111114 0.50546875 0.26805555555555555 0.50859375 0.2375 0.515625 0.23194444444444445 0.5234375 0.23333333333333334
1 0.58984375 0.2513888888888889 0.59140625 0.2652777777777778 0.58828125 0.26944444444444443 0.58515625 0.2625 0.578125 0.2625 0.57421875 0.26666666666666666 0.57265625 0.2569444444444444 0.575 0.2513888888888889 0.578125 0.25 0.5890625 0.2513888888888889
1 0.80625 0 0.8265625 0 0.83125 0.005555555555555556 0.8328125 0.018055555555555554 0.83203125 0.0375 0.82578125 0.05 0.80703125 0.059722222222222225 0.784375 0.05555555555555555 0.76875 0.05 0.7640625 0.03194444444444444 0.76484375 0.016666666666666666 0.76875 0.0125 0.7796875 0.015277777777777777 0.78125 0.011111111111111112 0.77734375 0.008333333333333333 0.796875 0.008333333333333333 0.80625 0.001388888888888889
1 0.64765625 0.49444444444444446 0.675 0.49583333333333335 0.6828125 0.5111111111111111 0.6875 0.5152777777777777 0.68671875 0.5291666666666667 0.690625 0.5444444444444444 0.6921875 0.5888888888888889 0.68984375 0.6125 0.6859375 0.6180555555555556 0.68046875 0.6166666666666667 0.6796875 0.6111111111111112 0.675 0.6041666666666666 0.66796875 0.6125 0.6625 0.6069444444444444 0.65625 0.6041666666666666 0.65078125 0.6069444444444444 0.64140625 0.6 0.63359375 0.6069444444444444 0.63046875 0.6152777777777778 0.6265625 0.6152777777777778 0.62265625 0.6083333333333333 0.6203125 0.5875 0.62265625 0.5194444444444445 0.625 0.5097222222222222 0.63203125 0.49583333333333335 0.6375 0.4930555555555556 0.646875 0.49444444444444446
1 0.58046875 0.3375 0.58671875 0.36527777777777776 0.5859375 0.3888888888888889 0.5828125 0.39305555555555555 0.5796875 0.39166666666666666 0.57734375 0.3680555555555556 0.571875 0.35694444444444445 0.5578125 0.3527777777777778 0.553125 0.3472222222222222 0.5546875 0.3402777777777778 0.56015625 0.3347222222222222 0.57265625 0.3333333333333333 0.5796875 0.3375
1 0.4375 0.32916666666666666 0.4390625 0.33194444444444443 0.43359375 0.34444444444444444 0.43203125 0.38055555555555554 0.41171875 0.37916666666666665 0.41015625 0.3736111111111111 0.4109375 0.3541666666666667 0.41328125 0.3375 0.41640625 0.33194444444444443 0.42421875 0.3277777777777778 0.43671875 0.32916666666666666
1 0.3546875 0.25555555555555554 0.36015625 0.2569444444444444 0.36328125 0.2652777777777778 0.3625 0.28055555555555556 0.3578125 0.2902777777777778 0.35546875 0.2902777777777778 0.34765625 0.2763888888888889 0.3375 0.27361111111111114 0.3375 0.26805555555555555 0.34140625 0.25833333333333336 0.35390625 0.25555555555555554
1 0.3796875 0.26944444444444443 0.384375 0.275 0.384375 0.28888888888888886 0.37265625 0.30277777777777776 0.3625 0.30972222222222223 0.359375 0.30694444444444446 0.35859375 0.2902777777777778 0.36484375 0.2722222222222222 0.37890625 0.26944444444444443
1 0.1125 0.36666666666666664 0.12109375 0.3819444444444444 0.12109375 0.4125 0.11953125 0.4166666666666667 0.11015625 0.4166666666666667 0.10546875 0.4263888888888889 0.090625 0.425 0.07421875 0.42916666666666664 0.06484375 0.42777777777777776 0.0625 0.41805555555555557 0.06328125 0.39444444444444443 0.07265625 0.375 0.078125 0.3680555555555556 0.0890625 0.3638888888888889 0.10859375 0.3638888888888889 0.11171875 0.36666666666666664
1 0.28125 0.22430555555555556 0.0203125 0.029166666666666667
1 0.29375 0.3472222222222222 0.2984375 0.3486111111111111 0.3015625 0.3541666666666667 0.30078125 0.3680555555555556 0.29609375 0.37916666666666665 0.29609375 0.3888888888888889 0.28203125 0.4097222222222222 0.265625 0.41388888888888886 0.2609375 0.4125 0.259375 0.4027777777777778 0.259375 0.38472222222222224 0.2640625 0.3625 0.271875 0.35 0.29296875 0.3472222222222222
1 0.79609375 0.7486111111111111 0.8140625 0.7541666666666667 0.82421875 0.7625 0.8390625 0.8 0.85703125 0.8541666666666666 0.86015625 0.8875 0.85859375 0.9097222222222222 0.853125 0.9263888888888889 0.846875 0.9347222222222222 0.8390625 0.9333333333333333 0.82578125 0.9236111111111112 0.7890625 0.9222222222222223 0.78046875 0.9166666666666666 0.77421875 0.9083333333333333 0.7671875 0.8916666666666667 0.7625 0.8875 0.74765625 0.8833333333333333 0.72734375 0.8569444444444444 0.72265625 0.8458333333333333 0.72109375 0.8069444444444445 0.72421875 0.7791666666666667 0.7296875 0.7625 0.73828125 0.7597222222222222 0.75234375 0.7486111111111111 0.7953125 0.7486111111111111
1 0.5984375 0.3013888888888889 0.60078125 0.30972222222222223 0.60859375 0.3125 0.62265625 0.30972222222222223 0.625 0.3138888888888889 0.63359375 0.31805555555555554 0.63984375 0.33055555555555555 0.64140625 0.34444444444444444 0.64140625 0.3597222222222222 0.63984375 0.3625 0.61875 0.3611111111111111 0.61328125 0.36944444444444446 0.60703125 0.3875 0.59921875 0.3861111111111111 0.5984375 0.3638888888888889 0.60078125 0.3402777777777778 0.60078125 0.30972222222222223 0.5984375 0.30694444444444446 0.5984375 0.30277777777777776
1 0.471875 0.2513888888888889 0.4765625 0.2388888888888889 0.4890625 0.2388888888888889 0.4953125 0.25416666666666665 0.4953125 0.2722222222222222 0.49140625 0.2763888888888889 0.4875 0.275 0.48125 0.2569444444444444 0.47265625 0.2513888888888889
1 0.32109375 0.19305555555555556 0.32421875 0.19444444444444445 0.32734375 0.20416666666666666 0.32578125 0.21388888888888888 0.32109375 0.21944444444444444 0.30546875 0.21666666666666667 0.30234375 0.2111111111111111 0.303125 0.1986111111111111 0.30625 0.19305555555555556 0.31328125 0.19027777777777777 0.3203125 0.19305555555555556
1 0.69765625 0.5111111111111111 0.69921875 0.5069444444444444 0.703125 0.5069444444444444 0.7140625 0.49444444444444446 0.7265625 0.49444444444444446 0.728125 0.5138888888888888 0.7234375 0.5680555555555555 0.7203125 0.5847222222222223 0.71015625 0.5833333333333334 0.69921875 0.5611111111111111 0.6984375 0.5277777777777778 0.7 0.5180555555555556 0.6984375 0.5125
1 0.39140625 0.37777777777777777 0.4015625 0.37916666666666665 0.4125 0.4013888888888889 0.41171875 0.44166666666666665 0.40546875 0.4486111111111111 0.403125 0.4597222222222222 0.4 0.46111111111111114 0.3953125 0.4583333333333333 0.38359375 0.42777777777777776 0.37265625 0.4597222222222222 0.365625 0.4597222222222222 0.3609375 0.44722222222222224 0.36171875 0.41944444444444445 0.36640625 0.4041666666666667 0.36875 0.3861111111111111 0.375 0.38055555555555554 0.390625 0.37777777777777777
1 0.3984375 0.6013888888888889 0.425 0.6041666666666666 0.43359375 0.6208333333333333 0.44296875 0.6263888888888889 0.44296875 0.6652777777777777 0.4359375 0.7166666666666667 0.43125 0.7236111111111111 0.42890625 0.7388888888888889 0.42578125 0.7416666666666667 0.421875 0.7388888888888889 0.403125 0.7375 0.36484375 0.7388888888888889 0.35546875 0.75 0.3515625 0.75 0.34921875 0.7444444444444445 0.346875 0.7125 0.34921875 0.6819444444444445 0.35625 0.6527777777777778 0.35703125 0.6347222222222222 0.35546875 0.625 0.3625 0.6194444444444445 0.36875 0.6069444444444444 0.37265625 0.6041666666666666 0.39765625 0.6013888888888889
1 0.60234375 0.26666666666666666 0.60625 0.26944444444444443 0.609375 0.2791666666666667 0.6015625 0.2833333333333333 0.5953125 0.3 0.58515625 0.29583333333333334 0.58671875 0.2791666666666667 0.59140625 0.26666666666666666 0.6015625 0.26666666666666666
1 0.5671875 0.4166666666666667 0.57421875 0.4222222222222222 0.57578125 0.43472222222222223 0.5828125 0.45555555555555555 0.5828125 0.4777777777777778 0.5796875 0.5 0.578125 0.5 0.5734375 0.48333333333333334 0.56640625 0.4708333333333333 0.5390625 0.46944444444444444 0.52890625 0.47638888888888886 0.53125 0.44583333333333336 0.54296875 0.4166666666666667 0.546875 0.41388888888888886 0.56640625 0.4166666666666667
1 0.53828125 0.6152777777777778 0.5625 0.6180555555555556 0.56953125 0.6291666666666667 0.57265625 0.6472222222222223 0.578125 0.6611111111111111 0.58125 0.6763888888888889 0.58046875 0.6861111111111111 0.5828125 0.7097222222222223 0.58125 0.7722222222222223 0.578125 0.7763888888888889 0.56875 0.7722222222222223 0.51171875 0.7722222222222223 0.49609375 0.7861111111111111 0.49375 0.7847222222222222 0.49140625 0.775 0.49140625 0.725 0.49453125 0.6736111111111112 0.4984375 0.65 0.49140625 0.6458333333333334 0.48984375 0.6375 0.503125 0.6305555555555555 0.51171875 0.6152777777777778 0.5375 0.6152777777777778
1 0.2640625 0.6041666666666666 0.271875 0.6097222222222223 0.28125 0.6263888888888889 0.28671875 0.6291666666666667 0.2921875 0.6472222222222223 0.2921875 0.6527777777777778 0.28515625 0.6638888888888889 0.2828125 0.6763888888888889 0.27578125 0.6819444444444445 0.27265625 0.6888888888888889 0.271875 0.7347222222222223 0.26875 0.7541666666666667 0.26640625 0.7583333333333333 0.26015625 0.7597222222222222 0.2546875 0.7555555555555555 0.24765625 0.7555555555555555 0.23984375 0.7486111111111111 0.2234375 0.7458333333333333 0.20078125 0.75 0.18828125 0.7625 0.184375 0.7611111111111111 0.178125 0.7444444444444445 0.1765625 0.7166666666666667 0.17890625 0.6805555555555556 0.1953125 0.6263888888888889 0.20625 0.6152777777777778 0.21640625 0.6125 0.228125 0.6041666666666666 0.26328125 0.6041666666666666
1 0.26171875 0.20555555555555555 0.2703125 0.2111111111111111 0.27265625 0.23472222222222222 0.26640625 0.24027777777777778 0.2546875 0.23472222222222222 0.253125 0.2125 0.25390625 0.20972222222222223 0.2609375 0.20694444444444443
1 0.58671875 0.2611111111111111 0.5890625 0.2638888888888889 0.5890625 0.2708333333333333 0.58671875 0.2763888888888889 0.58515625 0.2916666666666667 0.58203125 0.2972222222222222 0.575 0.3 0.57109375 0.29305555555555557 0.57109375 0.26666666666666666 0.57421875 0.2611111111111111 0.5859375 0.2611111111111111
1 0.581640625 0.2375 0.02109375 0.030555555555555555
1 0.23828125 0.2833333333333333 0.2453125 0.3013888888888889 0.24453125 0.3236111111111111 0.23515625 0.325 0.22421875 0.33194444444444443 0.20546875 0.33194444444444443 0.203125 0.32222222222222224 0.20546875 0.29583333333333334 0.20859375 0.2875 0.21640625 0.28194444444444444 0.23125 0.28055555555555556 0.2375 0.2833333333333333
1 0.7203125 0.8819444444444444 0.76484375 0.8916666666666667 0.78515625 0.9277777777777778 0.7828125 0.9347222222222222 0.7828125 0.9430555555555555 0.790625 0.9763888888888889 0.79140625 0.9986111111111111 0.7671875 0.9986111111111111 0.765625 0.9958333333333333 0.75 0.9958333333333333 0.7484375 0.9986111111111111 0.7453125 0.9958333333333333 0.69765625 0.9958333333333333 0.69609375 0.9986111111111111 0.69140625 0.9958333333333333 0.678125 0.9958333333333333 0.67421875 0.9986111111111111 0.6546875 0.9986111111111111 0.6546875 0.9541666666666667 0.659375 0.9347222222222222 0.65703125 0.9263888888888889 0.64921875 0.9194444444444444 0.6484375 0.9111111111111111 0.653125 0.9055555555555556 0.66796875 0.9041666666666667 0.67734375 0.8861111111111111 0.68125 0.8833333333333333 0.71953125 0.8819444444444444
1 0.4703125 0.2875 0.47578125 0.29444444444444445 0.4796875 0.3125 0.4796875 0.325 0.4734375 0.32916666666666666 0.45 0.3277777777777778 0.4484375 0.3236111111111111 0.4484375 0.3055555555555556 0.4515625 0.29305555555555557 0.45625 0.2875 0.46953125 0.2875
1 0.6578125 0.4152777777777778 0.6609375 0.41805555555555557 0.66328125 0.4263888888888889 0.6625 0.4305555555555556 0.628125 0.42916666666666664 0.62265625 0.4375 0.625 0.425 0.63046875 0.4152777777777778 0.65703125 0.4152777777777778
1 0.63515625 0.3611111111111111 0.63984375 0.3638888888888889 0.64375 0.3736111111111111 0.646875 0.39444444444444443 0.6453125 0.4111111111111111 0.61640625 0.4166666666666667 0.6078125 0.41388888888888886 0.6109375 0.3763888888888889 0.61953125 0.3611111111111111 0.634375 0.3611111111111111
1 0.4390625 0.23055555555555557 0.4421875 0.24027777777777778 0.43984375 0.24722222222222223 0.43046875 0.25277777777777777 0.4265625 0.25 0.4265625 0.23333333333333334 0.434375 0.22777777777777777 0.43828125 0.23055555555555557
1 0.2546875 0.3277777777777778 0.2609375 0.3388888888888889 0.26171875 0.36666666666666664 0.25859375 0.375 0.25390625 0.3763888888888889 0.2484375 0.38333333333333336 0.21640625 0.38333333333333336 0.21484375 0.37916666666666665 0.215625 0.35 0.21796875 0.34305555555555556 0.23125 0.32916666666666666 0.23828125 0.3263888888888889 0.25390625 0.3277777777777778
1 0.1875 0.3638888888888889 0.18984375 0.3680555555555556 0.19140625 0.4222222222222222 0.19375 0.4361111111111111 0.19296875 0.4513888888888889 0.18359375 0.45416666666666666 0.17734375 0.45 0.1578125 0.4486111111111111 0.1515625 0.45555555555555555 0.14375 0.4583333333333333 0.13984375 0.4513888888888889 0.1390625 0.4166666666666667 0.1421875 0.4041666666666667 0.146875 0.3972222222222222 0.146875 0.39305555555555555 0.1609375 0.36944444444444446 0.1671875 0.36527777777777776 0.18671875 0.3638888888888889
1 0.04921875 0.8638888888888889 0.0890625 0.8652777777777778 0.09921875 0.8722222222222222 0.11640625 0.8944444444444445 0.1296875 0.8986111111111111 0.1328125 0.9041666666666667 0.1390625 0.9458333333333333 0.13671875 0.9736111111111111 0.13984375 0.9930555555555556 0.13671875 0.9986111111111111 0.1140625 0.9958333333333333 0.09140625 0.9958333333333333 0.0890625 0.9986111111111111 0.08125 0.9986111111111111 0.07890625 0.9958333333333333 0.00546875 0.9986111111111111 0 0.9916666666666667 0 0.9055555555555556 0.0015625 0.9041666666666667 0.0015625 0.8972222222222223 0 0.8958333333333334 0 0.8722222222222222 0.00390625 0.8680555555555556 0.0484375 0.8638888888888889
1 0.24609375 0.20833333333333334 0.25234375 0.2111111111111111 0.25625 0.2222222222222222 0.25625 0.23333333333333334 0.24609375 0.24027777777777778 0.23359375 0.23472222222222222 0.23125 0.2263888888888889 0.23203125 0.20972222222222223 0.2453125 0.20833333333333334
1 0.96640625 0.8736111111111111 0.99453125 0.8819444444444444 0.99921875 0.8861111111111111 0.99921875 0.9944444444444445 0.99140625 0.9972222222222222 0.98046875 0.9958333333333333 0.978125 0.9986111111111111 0.97109375 0.9958333333333333 0.89375 0.9958333333333333 0.89140625 0.9791666666666666 0.8921875 0.8972222222222223 0.90546875 0.8916666666666667 0.92578125 0.8736111111111111 0.965625 0.8736111111111111
1 0.5875 0.4 0.59296875 0.4111111111111111 0.5953125 0.4236111111111111 0.59453125 0.4652777777777778 0.59140625 0.46805555555555556 0.58515625 0.4666666666666667 0.5828125 0.4513888888888889 0.57734375 0.44027777777777777 0.5765625 0.42916666666666664 0.571875 0.41805555555555557 0.5578125 0.41388888888888886 0.559375 0.4027777777777778 0.56328125 0.39861111111111114 0.58359375 0.3972222222222222 0.58671875 0.4
1 0.5375 0.22083333333333333 0.5453125 0.22777777777777777 0.54921875 0.2388888888888889 0.55 0.25 0.540625 0.25416666666666665 0.53984375 0.2611111111111111 0.5390625 0.24583333333333332 0.53046875 0.23472222222222222 0.53203125 0.2263888888888889 0.53671875 0.22083333333333333
1 0.67421875 0.30972222222222223 0.68125 0.3138888888888889 0.68359375 0.33194444444444443 0.67421875 0.35 0.67109375 0.36666666666666664 0.66640625 0.3680555555555556 0.65390625 0.3680555555555556 0.65 0.3638888888888889 0.64765625 0.35 0.64921875 0.3333333333333333 0.65703125 0.30972222222222223 0.6734375 0.30972222222222223
1 0.6203125 0.2847222222222222 0.62421875 0.29583333333333334 0.625 0.3111111111111111 0.60546875 0.3125 0.603125 0.31527777777777777 0.59921875 0.3138888888888889 0.59453125 0.3 0.596875 0.2902777777777778 0.60234375 0.28194444444444444 0.6125 0.28055555555555556 0.61953125 0.2847222222222222
1 0.59296875 0.3 0.59609375 0.30416666666666664 0.59921875 0.3194444444444444 0.59921875 0.34305555555555556 0.59609375 0.35138888888888886 0.58671875 0.35138888888888886 0.578125 0.3347222222222222 0.57265625 0.3333333333333333 0.56953125 0.3277777777777778 0.5703125 0.3138888888888889 0.5734375 0.30277777777777776 0.5796875 0.2986111111111111 0.5921875 0.3
1 0.5578125 0.4708333333333333 0.56640625 0.4722222222222222 0.57109375 0.48055555555555557 0.57578125 0.5027777777777778 0.575 0.5166666666666667 0.5734375 0.5194444444444445 0.55 0.5180555555555556 0.54375 0.5222222222222223 0.53828125 0.5361111111111111 0.5328125 0.5611111111111111 0.52890625 0.5666666666666667 0.52578125 0.5666666666666667 0.52265625 0.5597222222222222 0.5203125 0.5430555555555555 0.521875 0.5180555555555556 0.525 0.5013888888888889 0.52265625 0.4875 0.5265625 0.4847222222222222 0.53359375 0.4722222222222222 0.55703125 0.4708333333333333
1 0.47109375 0.25277777777777777 0.48125 0.2569444444444444 0.48671875 0.2722222222222222 0.484375 0.2916666666666667 0.47734375 0.2972222222222222 0.4734375 0.2902777777777778 0.4625 0.2861111111111111 0.45859375 0.2791666666666667 0.46171875 0.25833333333333336 0.4703125 0.25277777777777777
1 0.71796875 0.37916666666666665 0.7296875 0.38333333333333336 0.73515625 0.3958333333333333 0.7390625 0.43472222222222223 0.7375 0.45555555555555555 0.734375 0.4625 0.7109375 0.45416666666666666 0.6921875 0.46111111111111114 0.6875 0.4444444444444444 0.6875 0.4166666666666667 0.69375 0.39861111111111114 0.69453125 0.3888888888888889 0.70234375 0.38055555555555554 0.7171875 0.37916666666666665
1 0.66484375 0.6180555555555556 0.6953125 0.6263888888888889 0.70234375 0.6333333333333333 0.70703125 0.6430555555555556 0.709375 0.6611111111111111 0.71640625 0.6847222222222222 0.71640625 0.7277777777777777 0.715625 0.7444444444444445 0.71328125 0.7541666666666667 0.6875 0.7430555555555556 0.6671875 0.7416666666666667 0.646875 0.7486111111111111 0.64140625 0.7486111111111111 0.63828125 0.7430555555555556 0.63203125 0.7 0.63203125 0.6791666666666667 0.6359375 0.6472222222222223 0.6296875 0.6402777777777777 0.6296875 0.6361111111111111 0.63984375 0.6333333333333333 0.65078125 0.6194444444444445 0.6640625 0.6180555555555556
1 0.59140625 0.5222222222222223 0.596875 0.5402777777777777 0.60703125 0.5472222222222223 0.60625 0.5541666666666667 0.60234375 0.5597222222222222 0.6015625 0.6055555555555555 0.6 0.6138888888888889 0.60078125 0.6444444444444445 0.5984375 0.6513888888888889 0.58046875 0.6472222222222223 0.57578125 0.6375 0.57109375 0.6333333333333333 0.565625 0.6194444444444445 0.5609375 0.6152777777777778 0.53359375 0.6138888888888889 0.5296875 0.6055555555555555 0.53203125 0.5680555555555555 0.54453125 0.5222222222222223 0.590625 0.5222222222222223
1 0.5546875 0.3527777777777778 0.57109375 0.35833333333333334 0.575 0.36527777777777776 0.5765625 0.375 0.575 0.3861111111111111 0.5765625 0.39305555555555555 0.56015625 0.39861111111111114 0.55625 0.4111111111111111 0.5421875 0.4152777777777778 0.53671875 0.42916666666666664 0.53359375 0.43194444444444446 0.53046875 0.4263888888888889 0.5296875 0.3861111111111111 0.5359375 0.375 0.5390625 0.35833333333333334 0.5453125 0.3527777777777778 0.55390625 0.3527777777777778
1 0.38359375 0.24027777777777778 0.38828125 0.25 0.3875 0.26944444444444443 0.38359375 0.27361111111111114 0.378125 0.26944444444444443 0.365625 0.2722222222222222 0.36171875 0.2638888888888889 0.36171875 0.25416666666666665 0.36640625 0.24305555555555555 0.36953125 0.24027777777777778 0.3828125 0.24027777777777778
1 0.5453125 0.7763888888888889 0.58046875 0.7805555555555556 0.59140625 0.8027777777777778 0.5984375 0.8027777777777778 0.60546875 0.8083333333333333 0.6078125 0.8138888888888889 0.60546875 0.8236111111111111 0.60234375 0.8263888888888888 0.59609375 0.825 0.59453125 0.8277777777777777 0.6015625 0.8611111111111112 0.6 0.8694444444444445 0.6015625 0.8777777777777778 0.60078125 0.9055555555555556 0.603125 0.9138888888888889 0.60390625 0.9388888888888889 0.6015625 0.9944444444444445 0.55078125 0.9958333333333333 0.51875 0.9930555555555556 0.51484375 0.9958333333333333 0.49375 0.9958333333333333 0.49140625 0.9986111111111111 0.48359375 0.9930555555555556 0.48203125 0.9388888888888889 0.484375 0.9125 0.4828125 0.9027777777777778 0.4859375 0.8916666666666667 0.4859375 0.8569444444444444 0.48828125 0.8513888888888889 0.48671875 0.8402777777777778 0.4890625 0.8236111111111111 0.48125 0.8166666666666667 0.47890625 0.8069444444444445 0.48359375 0.8013888888888889 0.496875 0.8 0.5046875 0.7819444444444444 0.51015625 0.7777777777777778 0.54453125 0.7763888888888889
1 0.53515625 0.2361111111111111 0.53984375 0.24027777777777778 0.5421875 0.2513888888888889 0.53984375 0.2652777777777778 0.53359375 0.2652777777777778 0.52890625 0.25972222222222224 0.528125 0.2375 0.534375 0.2361111111111111
1 0.6453125 0.2777777777777778 0.65234375 0.28055555555555556 0.65859375 0.3 0.6578125 0.30694444444444446 0.65234375 0.31805555555555554 0.64609375 0.32083333333333336 0.63671875 0.3194444444444444 0.63125 0.30972222222222223 0.63515625 0.28194444444444444 0.64453125 0.2777777777777778
1 0.6203125 0.2388888888888889 0.62265625 0.2513888888888889 0.6171875 0.25833333333333336 0.61328125 0.2722222222222222 0.609375 0.2722222222222222 0.603125 0.2652777777777778 0.6015625 0.25 0.60625 0.2388888888888889 0.61953125 0.2388888888888889
1 0.5046875 0.23194444444444445 0.5078125 0.2375 0.50625 0.25 0.5046875 0.25555555555555554 0.49921875 0.25833333333333336 0.49453125 0.25555555555555554 0.4953125 0.2513888888888889 0.4921875 0.24444444444444444 0.4921875 0.2375 0.49765625 0.23055555555555557 0.50390625 0.23194444444444445
1 0.3921875 0.8041666666666667 0.39765625 0.8111111111111111 0.403125 0.8263888888888888 0.4171875 0.8430555555555556 0.4171875 0.85 0.41015625 0.8625 0.4125 0.9138888888888889 0.40859375 0.9458333333333333 0.409375 0.9583333333333334 0.403125 0.9944444444444445 0.39453125 0.9972222222222222 0.3828125 0.9958333333333333 0.3796875 0.9986111111111111 0.3421875 0.9986111111111111 0.3359375 0.9944444444444445 0.3171875 0.9944444444444445 0.30703125 0.9958333333333333 0.30546875 0.9986111111111111 0.28984375 0.9986111111111111 0.28203125 0.9944444444444445 0.27421875 0.9958333333333333 0.2734375 0.9986111111111111 0.246875 0.9986111111111111 0.24453125 0.9930555555555556 0.246875 0.9861111111111112 0.24765625 0.9680555555555556 0.25234375 0.9513888888888888 0.25234375 0.9305555555555556 0.2609375 0.8763888888888889 0.271875 0.8416666666666667 0.2875 0.8083333333333333 0.3015625 0.7986111111111112 0.36171875 0.7986111111111112 0.39140625 0.8041666666666667