3 0.0546875 0.16944444444444445 0.05859375 0.1763888888888889 0.0703125 0.17916666666666667 0.08046875 0.18888888888888888 0.084375 0.20555555555555555 0.0875 0.24444444444444444 0.08984375 0.24722222222222223 0.08046875 0.25833333333333336 0.0296875 0.25555555555555554 0.01796875 0.25 0.01796875 0.24722222222222223 0.02265625 0.25 0.03203125 0.24305555555555555 0.0296875 0.2375 0.0296875 0.23055555555555557 0.03125 0.2263888888888889 0.03125 0.2013888888888889 0.03359375 0.19722222222222222 0.0328125 0.17777777777777778 0.034375 0.17222222222222222 0.0375 0.16805555555555557 0.04375 0.16666666666666666 0.05390625 0.16944444444444445
3 0.35625 0.24166666666666667 0.3578125 0.24583333333333332 0.3578125 0.2847222222222222 0.35546875 0.29444444444444445 0.3421875 0.30277777777777776 0.33828125 0.3013888888888889 0.328125 0.3138888888888889 0.325 0.30277777777777776 0.31875 0.29305555555555557 0.3203125 0.24444444444444444 0.32421875 0.24027777777777778 0.35546875 0.24166666666666667
3 0.76953125 0.5444444444444444 0.8015625 0.5486111111111112 0.8109375 0.5583333333333333 0.825 0.5875 0.828125 0.6027777777777777 0.8390625 0.625 0.84453125 0.6444444444444445 0.84609375 0.6722222222222223 0.84375 0.6861111111111111 0.84296875 0.7166666666666667 0.8421875 0.7222222222222222 0.83828125 0.7263888888888889 0.828125 0.7194444444444444 0.8171875 0.6972222222222222 0.78671875 0.6972222222222222 0.7828125 0.6944444444444444 0.775 0.6833333333333333 0.76796875 0.6597222222222222 0.75703125 0.6347222222222222 0.740625 0.6180555555555556 0.71328125 0.6097222222222223 0.71015625 0.6041666666666666 0.71015625 0.5833333333333334 0.7140625 0.5694444444444444 0.725 0.5694444444444444 0.7296875 0.5652777777777778 0.7375 0.5486111111111112 0.74140625 0.5458333333333333 0.76875 0.5444444444444444
3 0.4875 0.29444444444444445 0.503125 0.32222222222222224 0.50234375 0.3347222222222222 0.49609375 0.3402777777777778 0.49296875 0.3375 0.4921875 0.31666666666666665 0.4859375 0.30972222222222223 0.459375 0.30972222222222223 0.45625 0.31666666666666665 0.45625 0.32916666666666666 0.45546875 0.2986111111111111 0.45703125 0.29583333333333334 0.48671875 0.29444444444444445
3 0.28125 0.4930555555555556 0.284375 0.5 0.284375 0.5083333333333333 0.28359375 0.5138888888888888 0.278125 0.5208333333333334 0.28125 0.5625 0.28046875 0.5708333333333333 0.27578125 0.575 0.2125 0.5805555555555556 0.2078125 0.5888888888888889 0.20625 0.6236111111111111 0.2046875 0.6333333333333333 0.20078125 0.6402777777777777 0.19609375 0.6388888888888888 0.1921875 0.6194444444444445 0.1859375 0.5555555555555556 0.18515625 0.5111111111111111 0.1921875 0.4722222222222222 0.19609375 0.4666666666666667 0.20625 0.46944444444444444 0.23203125 0.4666666666666667 0.23671875 0.4597222222222222 0.265625 0.4597222222222222 0.27109375 0.4708333333333333 0.275 0.4888888888888889 0.28046875 0.4930555555555556
3 0.35625 0.24166666666666667 0.3578125 0.24583333333333332 0.3578125 0.2625 0.35546875 0.27361111111111114 0.3484375 0.26805555555555555 0.334375 0.26944444444444443 0.32421875 0.28055555555555556 0.3203125 0.275 0.3203125 0.24444444444444444 0.321875 0.24166666666666667 0.35546875 0.24166666666666667
3 0.66875 0.3527777777777778 0.6828125 0.35833333333333334 0.690625 0.36527777777777776 0.69453125 0.3736111111111111 0.69453125 0.4097222222222222 0.69765625 0.42777777777777776 0.6984375 0.4652777777777778 0.69765625 0.5013888888888889 0.69296875 0.5138888888888888 0.68203125 0.5055555555555555 0.646875 0.5055555555555555 0.63984375 0.5083333333333333 0.6296875 0.4875 0.62578125 0.4736111111111111 0.6171875 0.4597222222222222 0.61171875 0.44166666666666665 0.6125 0.4125 0.6171875 0.3972222222222222 0.61484375 0.37916666666666665 0.61953125 0.36944444444444446 0.62265625 0.35555555555555557 0.6265625 0.3527777777777778 0.66796875 0.3527777777777778
3 0.26953125 0.24444444444444444 0.29609375 0.24027777777777778 0.31015625 0.24166666666666667 0.31171875 0.24444444444444444 0.31484375 0.28194444444444444 0.31015625 0.325 0.30703125 0.325 0.303125 0.3125 0.2984375 0.3055555555555556 0.284375 0.30416666666666664 0.27265625 0.30694444444444446 0.26953125 0.2972222222222222 0.26953125 0.2791666666666667 0.265625 0.2777777777777778 0.265625 0.275 0.2703125 0.2708333333333333 0.26875 0.2652777777777778 0.26953125 0.24583333333333332
3 0.290625 0.575 0.29453125 0.5805555555555556 0.30390625 0.6069444444444444 0.30703125 0.6708333333333333 0.31796875 0.6805555555555556 0.31796875 0.6847222222222222 0.3109375 0.6944444444444444 0.315625 0.7166666666666667 0.315625 0.725 0.31171875 0.7305555555555555 0.2875 0.7375 0.28046875 0.7527777777777778 0.27265625 0.7819444444444444 0.26875 0.7875 0.25859375 0.7930555555555555 0.24140625 0.7944444444444444 0.22734375 0.8125 0.2234375 0.8111111111111111 0.221875 0.7833333333333333 0.215625 0.7625 0.21328125 0.7458333333333333 0.2125 0.7055555555555556 0.209375 0.6944444444444444 0.21015625 0.6777777777777778 0.2078125 0.6472222222222223 0.20859375 0.5902777777777778 0.21484375 0.5805555555555556 0.28984375 0.575
2 0.428125 0.3194444444444444 0.43515625 0.3263888888888889 0.43359375 0.35555555555555557 0.43125 0.35694444444444445 0.428125 0.35138888888888886 0.42265625 0.3347222222222222 0.4234375 0.325 0.42734375 0.32083333333333336
2 0.11953125 0.3277777777777778 0.1203125 0.3486111111111111 0.1171875 0.35833333333333334 0.1140625 0.35833333333333334 0.11171875 0.3541666666666667 0.11015625 0.33194444444444443 0.11171875 0.3277777777777778 0.11875 0.3277777777777778
2 0.10390625 0.4152777777777778 0.10546875 0.4166666666666667 0.1046875 0.425 0.10625 0.43194444444444446 0.0953125 0.45 0.0921875 0.4513888888888889 0.08984375 0.44166666666666665 0.09140625 0.41944444444444445 0.0953125 0.41388888888888886 0.103125 0.4152777777777778
2 0.3765625 0.3958333333333333 0.38359375 0.39444444444444443 0.38671875 0.4027777777777778 0.38671875 0.4263888888888889 0.38359375 0.4375 0.375 0.4125 0.3765625 0.3972222222222222
2 0.0921875 0.5763888888888888 0.096875 0.5805555555555556 0.096875 0.6236111111111111 0.09296875 0.6444444444444445 0.0890625 0.65 0.08359375 0.65 0.08046875 0.6444444444444445 0.07578125 0.6125 0.075 0.5930555555555556 0.078125 0.5791666666666667 0.09140625 0.5763888888888888
2 0.10234375 0.4388888888888889 0.10625 0.44027777777777777 0.1109375 0.4513888888888889 0.11328125 0.4708333333333333 0.1125 0.4888888888888889 0.09921875 0.49722222222222223 0.09453125 0.4930555555555556 0.09296875 0.4583333333333333 0.096875 0.4444444444444444 0.1015625 0.44027777777777777
2 0.1140625 0.5263888888888889 0.11953125 0.5319444444444444 0.1203125 0.5541666666666667 0.1171875 0.5847222222222223 0.1125 0.6 0.1078125 0.6 0.10390625 0.5944444444444444 0.0984375 0.5638888888888889 0.0984375 0.5527777777777778 0.103125 0.5291666666666667 0.10546875 0.525 0.11328125 0.5263888888888889
2 0.171875 0.26805555555555555 0.17421875 0.24583333333333332 0.18046875 0.2375 0.18515625 0.2388888888888889 0.1875 0.24722222222222223 0.18515625 0.26805555555555555 0.17265625 0.26805555555555555
2 0.13984375 0.32222222222222224 0.14140625 0.3333333333333333 0.140625 0.34444444444444444 0.13671875 0.3541666666666667 0.13359375 0.35 0.13125 0.3263888888888889 0.13359375 0.3194444444444444 0.1390625 0.32222222222222224
2 0.5375 0.5166666666666667 0.53984375 0.5180555555555556 0.54140625 0.5305555555555556 0.540625 0.5638888888888889 0.5375 0.5777777777777777 0.5296875 0.5777777777777777 0.52578125 0.5722222222222222 0.521875 0.5486111111111112 0.525 0.5208333333333334 0.53671875 0.5166666666666667
2 0.38828125 0.33194444444444443 0.39140625 0.34305555555555556 0.38984375 0.37222222222222223 0.38828125 0.3763888888888889 0.3859375 0.3763888888888889 0.38046875 0.3625 0.38046875 0.33611111111111114 0.38359375 0.33194444444444443 0.3875 0.33194444444444443
1 0.296875 0.3055555555555556 0.3046875 0.3138888888888889 0.30703125 0.3277777777777778 0.30546875 0.33611111111111114 0.303125 0.33611111111111114 0.30234375 0.3277777777777778 0.2984375 0.32222222222222224 0.28203125 0.32083333333333336 0.27109375 0.325 0.27109375 0.3138888888888889 0.2734375 0.30972222222222223 0.284375 0.3055555555555556 0.29609375 0.3055555555555556
1 0.4796875 0.3347222222222222 0.48828125 0.3402777777777778 0.490625 0.34444444444444444 0.49140625 0.35555555555555557 0.48515625 0.36527777777777776 0.47578125 0.3972222222222222 0.46171875 0.39861111111111114 0.45859375 0.39861111111111114 0.45546875 0.39305555555555555 0.45390625 0.38333333333333336 0.4546875 0.3486111111111111 0.4609375 0.33611111111111114 0.47890625 0.3347222222222222
1 0.44609375 0.23055555555555557 0.44921875 0.2375 0.459375 0.24166666666666667 0.459375 0.24722222222222223 0.465625 0.25972222222222224 0.46640625 0.26666666666666666 0.465625 0.2722222222222222 0.453125 0.26666666666666666 0.44296875 0.26805555555555555 0.4390625 0.2722222222222222 0.4390625 0.2652777777777778 0.4453125 0.25 0.44453125 0.24027777777777778 0.44609375 0.23194444444444445
1 0.53671875 0.38055555555555554 0.54296875 0.3861111111111111 0.55 0.3875 0.55546875 0.4013888888888889 0.5375 0.4041666666666667 0.5296875 0.4111111111111111 0.5265625 0.4166666666666667 0.51328125 0.4666666666666667 0.50703125 0.4638888888888889 0.5046875 0.43333333333333335 0.5046875 0.42083333333333334 0.51171875 0.39305555555555555 0.51953125 0.3819444444444444 0.5359375 0.38055555555555554
1 0.496875 0.35833333333333334 0.51171875 0.3625 0.51875 0.375 0.51875 0.38055555555555554 0.5125 0.3902777777777778 0.50390625 0.425 0.4984375 0.42916666666666664 0.484375 0.42777777777777776 0.47734375 0.4152777777777778 0.47734375 0.4 0.48359375 0.37083333333333335 0.4875 0.3625 0.49609375 0.35833333333333334
1 0.95 0.7180555555555556 0.975 0.7208333333333333 0.99921875 0.7388888888888889 0.99921875 0.8986111111111111 0.996875 0.9 0.996875 0.9055555555555556 0.99921875 0.9083333333333333 0.99921875 0.9486111111111111 0.98125 0.9680555555555556 0.96640625 0.9680555555555556 0.9609375 0.9763888888888889 0.95390625 0.9791666666666666 0.94296875 0.9777777777777777 0.9359375 0.9597222222222223 0.93671875 0.9527777777777777 0.94296875 0.9486111111111111 0.934375 0.9430555555555555 0.9203125 0.9263888888888889 0.915625 0.9236111111111112 0.9046875 0.9263888888888889 0.8921875 0.925 0.8890625 0.9166666666666666 0.8875 0.8972222222222223 0.8828125 0.8791666666666667 0.87890625 0.8416666666666667 0.87890625 0.8111111111111111 0.88203125 0.775 0.8984375 0.7375 0.8984375 0.7319444444444444 0.90234375 0.7208333333333333 0.94921875 0.7180555555555556
1 0.522265625 0.3451388888888889 0.03671875 0.05694444444444444
1 0.36484375 0.4791666666666667 0.3765625 0.4875 0.38515625 0.5138888888888888 0.390625 0.5194444444444445 0.39765625 0.5194444444444445 0.3984375 0.5263888888888889 0.390625 0.5347222222222222 0.39140625 0.5444444444444444 0.38984375 0.5472222222222223 0.371875 0.5527777777777778 0.365625 0.5625 0.3609375 0.5833333333333334 0.3609375 0.5986111111111111 0.35859375 0.6055555555555555 0.34296875 0.6097222222222223 0.33203125 0.6208333333333333 0.32890625 0.6208333333333333 0.32421875 0.6138888888888889 0.31875 0.6 0.3171875 0.5902777777777778 0.315625 0.5277777777777778 0.31953125 0.5180555555555556 0.3203125 0.5013888888888889 0.32734375 0.48194444444444445 0.3640625 0.4791666666666667
1 0.18125 0.4027777777777778 0.1875 0.40694444444444444 0.1921875 0.41805555555555557 0.19609375 0.4375 0.19296875 0.4513888888888889 0.19453125 0.46111111111111114 0.19140625 0.4652777777777778 0.1875 0.4930555555555556 0.17578125 0.4986111111111111 0.1640625 0.4986111111111111 0.1578125 0.4930555555555556 0.153125 0.4930555555555556 0.140625 0.5013888888888889 0.1375 0.5 0.13515625 0.4930555555555556 0.13515625 0.46111111111111114 0.13671875 0.45 0.134375 0.44166666666666665 0.13515625 0.43472222222222223 0.13984375 0.42916666666666664 0.1421875 0.41805555555555557 0.14921875 0.4083333333333333 0.1640625 0.4027777777777778 0.18046875 0.4027777777777778
1 0.4640625 0.6111111111111112 0.5046875 0.6097222222222223 0.525 0.625 0.53671875 0.6388888888888888 0.54296875 0.65 0.54921875 0.6805555555555556 0.57109375 0.7277777777777777 0.57421875 0.7444444444444445 0.57421875 0.7944444444444444 0.5703125 0.8277777777777777 0.55703125 0.8263888888888888 0.54296875 0.8111111111111111 0.5234375 0.8166666666666667 0.515625 0.8166666666666667 0.51171875 0.8125 0.50703125 0.8138888888888889 0.50390625 0.8111111111111111 0.49140625 0.8166666666666667 0.47890625 0.8319444444444445 0.471875 0.8361111111111111 0.4640625 0.8319444444444445 0.4609375 0.8069444444444445 0.4578125 0.7972222222222223 0.453125 0.7930555555555555 0.44453125 0.7930555555555555 0.44140625 0.7888888888888889 0.4390625 0.7791666666666667 0.43671875 0.7430555555555556 0.4375 0.7305555555555555 0.43515625 0.7097222222222223 0.43671875 0.6875 0.44765625 0.6555555555555556 0.44609375 0.6180555555555556 0.45625 0.6111111111111112 0.46328125 0.6111111111111112
1 0.5484375 0.5944444444444444 0.55703125 0.5972222222222222 0.56875 0.6083333333333333 0.58125 0.6402777777777777 0.58125 0.6472222222222223 0.5859375 0.6597222222222222 0.59140625 0.6986111111111111 0.590625 0.7277777777777777 0.5875 0.7361111111111112 0.584375 0.7375 0.575 0.7319444444444444 0.56484375 0.7069444444444445 0.5515625 0.6819444444444445 0.54453125 0.65 0.53984375 0.6402777777777777 0.5234375 0.6208333333333333 0.5109375 0.6125 0.5078125 0.6069444444444444 0.50859375 0.5986111111111111 0.515625 0.5944444444444444 0.54765625 0.5944444444444444
1 0.3734375 0.30416666666666664 0.37578125 0.30972222222222223 0.37890625 0.33194444444444443 0.3796875 0.35833333333333334 0.378125 0.3625 0.37265625 0.36527777777777776 0.359375 0.3638888888888889 0.3578125 0.35833333333333334 0.3578125 0.33194444444444443 0.34453125 0.325 0.34296875 0.3194444444444444 0.34375 0.30694444444444446 0.3484375 0.3013888888888889 0.365625 0.3 0.37265625 0.30416666666666664
1 0.2390625 0.29444444444444445 0.2421875 0.2986111111111111 0.24453125 0.30833333333333335 0.24765625 0.30277777777777776 0.2515625 0.3125 0.2515625 0.3388888888888889 0.2453125 0.3486111111111111 0.240625 0.3486111111111111 0.234375 0.34444444444444444 0.22734375 0.3347222222222222 0.203125 0.32083333333333336 0.20546875 0.30277777777777776 0.2109375 0.29583333333333334 0.22265625 0.29305555555555557 0.23828125 0.29444444444444445
1 0.34296875 0.38472222222222224 0.3609375 0.38472222222222224 0.36640625 0.3875 0.37109375 0.3972222222222222 0.38203125 0.44027777777777777 0.38203125 0.48194444444444445 0.3796875 0.4888888888888889 0.3703125 0.4777777777777778 0.35625 0.475 0.346875 0.44027777777777777 0.340625 0.42916666666666664 0.3234375 0.42083333333333334 0.3234375 0.4125 0.32890625 0.3902777777777778 0.3328125 0.3861111111111111 0.3421875 0.38472222222222224
1 0.2828125 0.32083333333333336 0.29765625 0.32222222222222224 0.30390625 0.3263888888888889 0.30859375 0.3486111111111111 0.30859375 0.3638888888888889 0.30546875 0.36944444444444446 0.29453125 0.3736111111111111 0.28984375 0.38055555555555554 0.27890625 0.38055555555555554 0.26796875 0.38472222222222224 0.26640625 0.37916666666666665 0.26640625 0.3611111111111111 0.27109375 0.33055555555555555 0.27421875 0.3236111111111111 0.28203125 0.32222222222222224
1 0.3359375 0.42777777777777776 0.34609375 0.44166666666666665 0.35234375 0.4638888888888889 0.353125 0.4777777777777778 0.34921875 0.48055555555555557 0.32734375 0.48194444444444445 0.32421875 0.4888888888888889 0.3203125 0.5208333333333334 0.31484375 0.5291666666666667 0.31171875 0.5444444444444444 0.30625 0.55 0.3 0.55 0.29609375 0.5347222222222222 0.29140625 0.4652777777777778 0.30390625 0.42916666666666664 0.31796875 0.4263888888888889 0.33515625 0.42777777777777776
1 0.68984375 0.8055555555555556 0.7015625 0.8152777777777778 0.72421875 0.8666666666666667 0.7359375 0.8680555555555556 0.7390625 0.8722222222222222 0.7390625 0.8777777777777778 0.73203125 0.8875 0.73671875 0.9055555555555556 0.74453125 0.9208333333333333 0.75 0.9472222222222222 0.74765625 0.9638888888888889 0.74921875 0.9930555555555556 0.7453125 0.9986111111111111 0.6859375 0.9944444444444445 0.62578125 0.9958333333333333 0.628125 0.9833333333333333 0.625 0.9805555555555555 0.6203125 0.9680555555555556 0.60703125 0.9583333333333334 0.59453125 0.9583333333333334 0.59140625 0.9541666666666667 0.58828125 0.9416666666666667 0.58671875 0.9013888888888889 0.58828125 0.8569444444444444 0.590625 0.8458333333333333 0.6078125 0.8152777777777778 0.61953125 0.8055555555555556 0.6890625 0.8055555555555556
1 0.7375 0.4861111111111111 0.753125 0.4888888888888889 0.76640625 0.49722222222222223 0.77265625 0.5083333333333333 0.77890625 0.5277777777777778 0.77890625 0.5388888888888889 0.77578125 0.5430555555555555 0.74140625 0.5444444444444444 0.7359375 0.55 0.73046875 0.5652777777777778 0.725 0.5708333333333333 0.71640625 0.5666666666666667 0.709375 0.575 0.70390625 0.575 0.7 0.5708333333333333 0.69765625 0.5611111111111111 0.69765625 0.5208333333333334 0.69921875 0.5125 0.71484375 0.49027777777777776 0.73671875 0.4875
1 0.2046875 0.3375 0.2203125 0.3333333333333333 0.22890625 0.3375 0.23359375 0.34444444444444444 0.24140625 0.3638888888888889 0.240625 0.4111111111111111 0.23671875 0.4166666666666667 0.23125 0.40694444444444444 0.22421875 0.37777777777777777 0.221875 0.3736111111111111 0.2109375 0.3680555555555556 0.209375 0.3625 0.2109375 0.3472222222222222 0.20546875 0.3388888888888889
1 0.3203125 0.3736111111111111 0.325 0.37916666666666665 0.328125 0.3888888888888889 0.32109375 0.4222222222222222 0.31796875 0.4263888888888889 0.30546875 0.42777777777777776 0.29609375 0.44722222222222224 0.2890625 0.44583333333333336 0.2859375 0.4388888888888889 0.284375 0.3972222222222222 0.2890625 0.39166666666666666 0.2921875 0.38055555555555554 0.29609375 0.375 0.30234375 0.37222222222222223 0.31953125 0.3736111111111111
1 0.55859375 0.40555555555555556 0.57578125 0.42083333333333334 0.58515625 0.44166666666666665 0.5859375 0.4513888888888889 0.5828125 0.45694444444444443 0.57109375 0.4638888888888889 0.5640625 0.48194444444444445 0.55546875 0.4875 0.55 0.49722222222222223 0.54296875 0.49444444444444446 0.53359375 0.46944444444444444 0.51796875 0.4736111111111111 0.51484375 0.4652777777777778 0.51953125 0.44305555555555554 0.52421875 0.43194444444444446 0.525 0.4222222222222222 0.52890625 0.4125 0.53984375 0.40555555555555556 0.5578125 0.40555555555555556
1 0.23046875 0.425 0.22734375 0.4222222222222222 0.22578125 0.4263888888888889 0.2265625 0.44027777777777777 0.23046875 0.44166666666666665 0.23046875 0.4444444444444444 0.2265625 0.4444444444444444 0.22578125 0.45694444444444443 0.2234375 0.4625 0.19921875 0.4625 0.19609375 0.4527777777777778 0.19765625 0.4375 0.19375 0.41944444444444445 0.1859375 0.4027777777777778 0.1796875 0.4 0.18125 0.3888888888888889 0.1875 0.375 0.2 0.37222222222222223 0.2203125 0.3736111111111111 0.2234375 0.3763888888888889 0.23046875 0.40694444444444444 0.23203125 0.4166666666666667 0.23046875 0.4236111111111111
1 0.1109375 0.2569444444444444 0.11640625 0.2611111111111111 0.1171875 0.26944444444444443 0.1203125 0.275 0.12109375 0.28888888888888886 0.1203125 0.29444444444444445 0.115625 0.2986111111111111 0.10546875 0.32083333333333336 0.09609375 0.31527777777777777 0.08125 0.31666666666666665 0.07890625 0.3111111111111111 0.0796875 0.2861111111111111 0.08828125 0.25833333333333336 0.09375 0.25416666666666665 0.11015625 0.2569444444444444
1 0.80234375 0.5180555555555556 0.82578125 0.5194444444444445 0.83828125 0.525 0.85 0.5430555555555555 0.8671875 0.5791666666666667 0.878125 0.6263888888888889 0.8765625 0.6638888888888889 0.87265625 0.6722222222222223 0.86953125 0.6736111111111112 0.85859375 0.6680555555555555 0.84765625 0.6666666666666666 0.84375 0.6388888888888888 0.83984375 0.6263888888888889 0.83046875 0.6069444444444444 0.81953125 0.5722222222222222 0.81171875 0.5583333333333333 0.80078125 0.5472222222222223 0.7828125 0.5430555555555555 0.78125 0.5402777777777777 0.78125 0.5291666666666667 0.7859375 0.5222222222222223 0.79296875 0.5180555555555556 0.8015625 0.5180555555555556
1 0.7109375 0.6111111111111112 0.73828125 0.6180555555555556 0.75703125 0.6361111111111111 0.76875 0.6611111111111111 0.7734375 0.6819444444444445 0.78984375 0.7111111111111111 0.79375 0.7263888888888889 0.79765625 0.7652777777777777 0.79609375 0.8097222222222222 0.79296875 0.8194444444444444 0.78203125 0.8180555555555555 0.771875 0.8083333333333333 0.7390625 0.8027777777777778 0.71953125 0.8041666666666667 0.71015625 0.8138888888888889 0.70546875 0.8138888888888889 0.6921875 0.8027777777777778 0.6859375 0.7861111111111111 0.67734375 0.7763888888888889 0.6609375 0.7722222222222223 0.6578125 0.7638888888888888 0.65625 0.7319444444444444 0.65625 0.6875 0.659375 0.6569444444444444 0.6734375 0.6152777777777778 0.71015625 0.6111111111111112
1 0.4171875 0.3333333333333333 0.42578125 0.3416666666666667 0.4296875 0.35833333333333334 0.4140625 0.3638888888888889 0.409375 0.37222222222222223 0.40546875 0.3888888888888889 0.40078125 0.39305555555555555 0.39453125 0.39305555555555555 0.390625 0.3861111111111111 0.3890625 0.3680555555555556 0.390625 0.34444444444444444 0.39375 0.3375 0.4 0.3333333333333333 0.41640625 0.3333333333333333
1 0.431640625 0.4041666666666667 0.05546875 0.08611111111111111
1 0.38828125 0.2263888888888889 0.39453125 0.24583333333333332 0.39453125 0.25416666666666665 0.38984375 0.2652777777777778 0.37109375 0.2652777777777778 0.36484375 0.24722222222222223 0.365625 0.23333333333333334 0.36953125 0.2263888888888889 0.37421875 0.22361111111111112 0.3875 0.2263888888888889
1 0.41640625 0.5486111111111112 0.421875 0.5527777777777778 0.42890625 0.5652777777777778 0.4390625 0.5958333333333333 0.44453125 0.6305555555555555 0.44453125 0.6541666666666667 0.44296875 0.6611111111111111 0.43125 0.6930555555555555 0.3921875 0.6986111111111111 0.3796875 0.7097222222222223 0.3765625 0.7083333333333334 0.375 0.6958333333333333 0.371875 0.6875 0.3640625 0.6847222222222222 0.36171875 0.6791666666666667 0.359375 0.6180555555555556 0.36484375 0.5694444444444444 0.37421875 0.5527777777777778 0.38828125 0.5486111111111112 0.415625 0.5486111111111112
1 0.48046875 0.42916666666666664 0.48515625 0.43333333333333335 0.4984375 0.4583333333333333 0.496875 0.4666666666666667 0.5015625 0.49722222222222223 0.5 0.5152777777777777 0.46171875 0.5125 0.44921875 0.5194444444444445 0.4453125 0.5194444444444445 0.4375 0.5055555555555555 0.4359375 0.49027777777777776 0.43671875 0.4527777777777778 0.44921875 0.4305555555555556 0.45625 0.42777777777777776 0.4796875 0.42916666666666664
1 0.4421875 0.2625 0.44453125 0.26666666666666666 0.45234375 0.2638888888888889 0.4546875 0.26666666666666666 0.4625 0.26666666666666666 0.465625 0.28055555555555556 0.46484375 0.28888888888888886 0.45625 0.2986111111111111 0.45625 0.30972222222222223 0.453125 0.32222222222222224 0.4375 0.32083333333333336 0.4359375 0.3138888888888889 0.43671875 0.275 0.43828125 0.26805555555555555 0.4421875 0.2638888888888889
1 0.34140625 0.7263888888888889 0.3453125 0.7277777777777777 0.346875 0.7305555555555555 0.34609375 0.7375 0.35546875 0.7472222222222222 0.359375 0.7555555555555555 0.37265625 0.7958333333333333 0.3828125 0.7972222222222223 0.3875 0.8013888888888889 0.3875 0.8097222222222222 0.38046875 0.8180555555555555 0.38125 0.8444444444444444 0.33359375 0.8486111111111111 0.29921875 0.8569444444444444 0.28984375 0.8680555555555556 0.2859375 0.8930555555555556 0.2828125 0.9 0.27890625 0.8986111111111111 0.27109375 0.8805555555555555 0.26796875 0.8513888888888889 0.26796875 0.8152777777777778 0.271875 0.7847222222222222 0.28515625 0.7375 0.2890625 0.7333333333333333 0.30078125 0.7347222222222223 0.31484375 0.7291666666666666 0.340625 0.7263888888888889
1 0.58984375 0.35694444444444445 0.59921875 0.3625 0.60703125 0.37777777777777777 0.61171875 0.4041666666666667 0.60859375 0.44027777777777777 0.58515625 0.43333333333333335 0.5796875 0.4222222222222222 0.5625 0.4041666666666667 0.55546875 0.3902777777777778 0.55703125 0.375 0.56484375 0.35833333333333334 0.57734375 0.3541666666666667 0.5890625 0.35694444444444445
1 0.58828125 0.45555555555555555 0.5921875 0.4583333333333333 0.6109375 0.4597222222222222 0.615625 0.4638888888888889 0.62421875 0.47638888888888886 0.6296875 0.49444444444444446 0.6234375 0.49583333333333335 0.6046875 0.4847222222222222 0.5671875 0.48333333333333334 0.56640625 0.47638888888888886 0.571875 0.4638888888888889 0.578125 0.4583333333333333 0.5875 0.45694444444444443
1 0.55859375 0.3236111111111111 0.5734375 0.3333333333333333 0.57734375 0.3416666666666667 0.57890625 0.35138888888888886 0.56328125 0.3597222222222222 0.55390625 0.38472222222222224 0.54296875 0.3819444444444444 0.5390625 0.375 0.53828125 0.3486111111111111 0.54609375 0.3277777777777778 0.5578125 0.3236111111111111
1 0.3515625 0.3402777777777778 0.35625 0.35138888888888886 0.35859375 0.37777777777777777 0.35390625 0.38333333333333336 0.33203125 0.3861111111111111 0.328125 0.38472222222222224 0.3203125 0.37222222222222223 0.3109375 0.3680555555555556 0.3125 0.3472222222222222 0.31796875 0.3375 0.32421875 0.3333333333333333 0.3421875 0.3333333333333333 0.35078125 0.3402777777777778