3 0.7234375 0.24166666666666667 0.73046875 0.25 0.740625 0.24722222222222223 0.74609375 0.25555555555555554 0.74921875 0.26666666666666666 0.75 0.28055555555555556 0.74921875 0.2902777777777778 0.74453125 0.30277777777777776 0.7328125 0.3 0.71953125 0.3013888888888889 0.7140625 0.2986111111111111 0.7109375 0.29305555555555557 0.709375 0.2777777777777778 0.7140625 0.24027777777777778 0.7171875 0.23472222222222222 0.72265625 0.24166666666666667
3 0.48046875 0.17777777777777778 0.4859375 0.18055555555555555 0.48828125 0.1875 0.4875 0.2111111111111111 0.4828125 0.22083333333333333 0.48203125 0.22916666666666666 0.48359375 0.23333333333333334 0.48203125 0.23472222222222222 0.4703125 0.23194444444444445 0.46796875 0.20833333333333334 0.46953125 0.18194444444444444 0.47265625 0.17777777777777778 0.4796875 0.17777777777777778
3 0.30546875 0.39166666666666666 0.31328125 0.39305555555555555 0.31796875 0.4 0.321875 0.4 0.325 0.40555555555555556 0.3171875 0.40555555555555556 0.3171875 0.4083333333333333 0.32421875 0.4097222222222222 0.32734375 0.40694444444444444 0.328125 0.41388888888888886 0.3375 0.4263888888888889 0.34453125 0.42777777777777776 0.35390625 0.43472222222222223 0.371875 0.45416666666666666 0.38203125 0.4708333333333333 0.38515625 0.49166666666666664 0.39375 0.49722222222222223 0.3953125 0.5041666666666667 0.3953125 0.5416666666666666 0.39921875 0.6083333333333333 0.415625 0.6375 0.41875 0.6513888888888889 0.41953125 0.6847222222222222 0.4171875 0.7069444444444445 0.41875 0.7916666666666666 0.415625 0.7986111111111112 0.41015625 0.7944444444444444 0.39375 0.7930555555555555 0.29921875 0.8041666666666667 0.2953125 0.8083333333333333 0.29296875 0.8166666666666667 0.290625 0.8430555555555556 0.28671875 0.9444444444444444 0.284375 0.9513888888888888 0.2765625 0.9569444444444445 0.271875 0.9569444444444445 0.2671875 0.95 0.26328125 0.8958333333333334 0.2609375 0.8930555555555556 0.253125 0.8944444444444445 0.246875 0.8819444444444444 0.24296875 0.8597222222222223 0.24140625 0.8166666666666667 0.23984375 0.8138888888888889 0.240625 0.8055555555555556 0.23828125 0.7902777777777777 0.23125 0.7763888888888889 0.2265625 0.7763888888888889 0.2234375 0.7722222222222223 0.2203125 0.7527777777777778 0.215625 0.7416666666666667 0.2125 0.6958333333333333 0.2125 0.6527777777777778 0.20859375 0.6319444444444444 0.2078125 0.5444444444444444 0.20546875 0.5222222222222223 0.2015625 0.5083333333333333 0.20390625 0.4847222222222222 0.20390625 0.40694444444444444 0.20625 0.4013888888888889 0.209375 0.4 0.24921875 0.39861111111111114 0.3046875 0.39166666666666666
3 0.45234375 0.2013888888888889 0.46328125 0.20416666666666666 0.46796875 0.2111111111111111 0.4671875 0.25972222222222224 0.46484375 0.2722222222222222 0.4609375 0.2722222222222222 0.45625 0.2652777777777778 0.44296875 0.25833333333333336 0.43515625 0.2513888888888889 0.43203125 0.24444444444444444 0.43359375 0.21944444444444444 0.43671875 0.20277777777777778 0.4390625 0.2 0.4515625 0.2013888888888889
3 0.53515625 0.3125 0.5640625 0.31666666666666665 0.5671875 0.32083333333333336 0.56875 0.35138888888888886 0.571875 0.36527777777777776 0.5703125 0.37222222222222223 0.5703125 0.4013888888888889 0.56640625 0.4125 0.53984375 0.4097222222222222 0.5375 0.40555555555555556 0.5359375 0.39166666666666666 0.52734375 0.37222222222222223 0.52265625 0.3486111111111111 0.5234375 0.31805555555555554 0.52734375 0.3125 0.534375 0.3125
3 0.265625 0.39305555555555555 0.27578125 0.4083333333333333 0.2828125 0.4027777777777778 0.29296875 0.4041666666666667 0.303125 0.3902777777777778 0.31953125 0.39305555555555555 0.3328125 0.40555555555555556 0.34296875 0.4097222222222222 0.3578125 0.4263888888888889 0.36953125 0.43333333333333335 0.37265625 0.44027777777777777 0.3765625 0.46111111111111114 0.353125 0.43194444444444446 0.3359375 0.42777777777777776 0.33125 0.4236111111111111 0.32421875 0.4263888888888889 0.29921875 0.425 0.28359375 0.4305555555555556 0.2640625 0.42916666666666664 0.25546875 0.43333333333333335 0.2375 0.43194444444444446 0.22421875 0.43472222222222223 0.21640625 0.43194444444444446 0.21640625 0.4097222222222222 0.23984375 0.40555555555555556 0.24296875 0.4 0.23984375 0.3972222222222222 0.26484375 0.39305555555555555
2 0.10234375 0.40555555555555556 0.10546875 0.4166666666666667 0.10546875 0.43472222222222223 0.103125 0.44305555555555554 0.0984375 0.4513888888888889 0.0953125 0.4527777777777778 0.08828125 0.4375 0.08671875 0.4125 0.09140625 0.40555555555555556 0.1015625 0.40555555555555556
2 0.52890625 0.475 0.53046875 0.48194444444444445 0.525 0.49166666666666664 0.51953125 0.49583333333333335 0.5125 0.49444444444444446 0.50859375 0.48194444444444445 0.52265625 0.4861111111111111 0.528125 0.47638888888888886
2 0.08828125 0.3347222222222222 0.0953125 0.3375 0.1 0.34305555555555556 0.10234375 0.3597222222222222 0.10078125 0.37916666666666665 0.09453125 0.3819444444444444 0.084375 0.37222222222222223 0.0828125 0.36666666666666664 0.0828125 0.3416666666666667 0.0875 0.33611111111111114
2 0.52890625 0.4305555555555556 0.015625 0.04722222222222222
2 0.60625 0.40694444444444444 0.609375 0.4166666666666667 0.6109375 0.44166666666666665 0.59921875 0.4583333333333333 0.5953125 0.45 0.5953125 0.4111111111111111 0.59765625 0.40555555555555556 0.60546875 0.40694444444444444
2 0.34453125 0.2847222222222222 0.35234375 0.2833333333333333 0.35390625 0.2861111111111111 0.35234375 0.3111111111111111 0.34765625 0.3111111111111111 0.34453125 0.30416666666666664 0.34296875 0.29583333333333334 0.34453125 0.2861111111111111
2 0.49609375 0.3611111111111111 0.49765625 0.36527777777777776 0.49765625 0.3861111111111111 0.4953125 0.39861111111111114 0.49296875 0.4013888888888889 0.490625 0.4013888888888889 0.48671875 0.39444444444444443 0.48359375 0.38472222222222224 0.48359375 0.3736111111111111 0.4875 0.3597222222222222 0.4953125 0.3611111111111111
2 0.32890625 0.2388888888888889 0.33125 0.24166666666666667 0.3328125 0.25833333333333336 0.33125 0.26666666666666666 0.328125 0.26944444444444443 0.32421875 0.25555555555555554 0.32421875 0.24583333333333332 0.328125 0.2388888888888889
2 0.593359375 0.5833333333333334 0.01953125 0.07222222222222222
2 0.08828125 0.6569444444444444 0.0890625 0.6680555555555555 0.0828125 0.7083333333333334 0.0828125 0.7347222222222223 0.08046875 0.7416666666666667 0.0765625 0.7402777777777778 0.07421875 0.725 0.07109375 0.7013888888888888 0.0703125 0.6680555555555555 0.0734375 0.6611111111111111 0.084375 0.6555555555555556 0.0875 0.6569444444444444
2 0.63984375 0.7777777777777778 0.646875 0.7819444444444444 0.653125 0.7944444444444444 0.65078125 0.8361111111111111 0.65234375 0.8458333333333333 0.65 0.8486111111111111 0.64921875 0.8555555555555555 0.65 0.8694444444444445 0.640625 0.9 0.6359375 0.8986111111111111 0.625 0.8652777777777778 0.6234375 0.8458333333333333 0.62421875 0.8125 0.621875 0.7944444444444444 0.6234375 0.7875 0.6328125 0.7791666666666667 0.6390625 0.7777777777777778
2 0.6265625 0.5819444444444445 0.6296875 0.5888888888888889 0.6296875 0.6277777777777778 0.62734375 0.6472222222222223 0.6234375 0.6541666666666667 0.6125 0.6472222222222223 0.60546875 0.6277777777777778 0.60546875 0.6222222222222222 0.609375 0.6138888888888889 0.61171875 0.5902777777777778 0.61640625 0.5833333333333334 0.62578125 0.5819444444444445
2 0.50859375 0.40555555555555556 0.015625 0.044444444444444446
2 0.50703125 0.23194444444444445 0.50859375 0.23472222222222222 0.50859375 0.24583333333333332 0.50546875 0.25 0.49765625 0.24722222222222223 0.49765625 0.23472222222222222 0.5015625 0.23055555555555557 0.50625 0.23194444444444445
2 0.61015625 0.48333333333333334 0.61640625 0.4861111111111111 0.61796875 0.49166666666666664 0.61953125 0.5013888888888889 0.61875 0.5166666666666667 0.61640625 0.5222222222222223 0.6046875 0.5222222222222223 0.60234375 0.5194444444444445 0.6015625 0.4875 0.609375 0.48333333333333334
1 0.2234375 0.3194444444444444 0.2328125 0.33055555555555555 0.21484375 0.3375 0.20390625 0.3611111111111111 0.203125 0.3680555555555556 0.20234375 0.34305555555555556 0.1984375 0.3277777777777778 0.19921875 0.325 0.2109375 0.3194444444444444 0.22265625 0.3194444444444444
1 0.4328125 0.18611111111111112 0.434375 0.19583333333333333 0.43125 0.20972222222222223 0.42890625 0.2125 0.42109375 0.2125 0.41953125 0.20972222222222223 0.41875 0.19305555555555556 0.42265625 0.18472222222222223 0.43203125 0.18611111111111112
1 0.36328125 0.15416666666666667 0.36484375 0.15694444444444444 0.3640625 0.16666666666666666 0.35703125 0.1736111111111111 0.3484375 0.17222222222222222 0.3484375 0.15694444444444444 0.3546875 0.1527777777777778 0.3625 0.15416666666666667
1 0.36953125 0.15416666666666667 0.3734375 0.15694444444444444 0.3765625 0.1638888888888889 0.37421875 0.17222222222222222 0.36328125 0.17083333333333334 0.36328125 0.1597222222222222 0.36484375 0.15555555555555556 0.36875 0.15416666666666667
1 0.41328125 0.15138888888888888 0.41796875 0.15833333333333333 0.41796875 0.16666666666666666 0.409375 0.17083333333333334 0.40390625 0.16805555555555557 0.40390625 0.15833333333333333 0.40703125 0.1527777777777778 0.4125 0.15138888888888888
1 0.2015625 0.4152777777777778 0.203125 0.4222222222222222 0.203125 0.4513888888888889 0.20078125 0.4583333333333333 0.19609375 0.5041666666666667 0.19375 0.5097222222222222 0.1890625 0.5069444444444444 0.1890625 0.44722222222222224 0.1921875 0.44305555555555554 0.196875 0.41805555555555557 0.20078125 0.4152777777777778
1 0.29765625 0.24305555555555555 0.3046875 0.25 0.30859375 0.2652777777777778 0.30859375 0.275 0.30703125 0.2833333333333333 0.30390625 0.2861111111111111 0.29296875 0.2875 0.28359375 0.2833333333333333 0.28125 0.2722222222222222 0.278125 0.26805555555555555 0.278125 0.25972222222222224 0.28125 0.24722222222222223 0.28828125 0.24305555555555555 0.296875 0.24305555555555555
1 0.109375 0.25972222222222224 0.11640625 0.26805555555555555 0.1203125 0.29583333333333334 0.11796875 0.30972222222222223 0.1109375 0.32083333333333336 0.09609375 0.31527777777777777 0.084375 0.31666666666666665 0.07890625 0.3138888888888889 0.0765625 0.30694444444444446 0.0765625 0.2861111111111111 0.08828125 0.2569444444444444 0.09609375 0.25416666666666665 0.10859375 0.25972222222222224
1 0.72578125 0.5375 0.74765625 0.5541666666666667 0.75703125 0.5777777777777777 0.75859375 0.5888888888888889 0.75390625 0.5916666666666667 0.7515625 0.5986111111111111 0.74765625 0.6013888888888889 0.7203125 0.6 0.69609375 0.6055555555555555 0.68828125 0.6152777777777778 0.68515625 0.6611111111111111 0.6734375 0.6638888888888889 0.66796875 0.6638888888888889 0.66640625 0.6597222222222222 0.66484375 0.5916666666666667 0.66796875 0.5708333333333333 0.67734375 0.5416666666666666 0.6953125 0.5361111111111111 0.725 0.5375
1 0.41484375 0.21666666666666667 0.41796875 0.21944444444444444 0.41953125 0.23194444444444445 0.41875 0.24861111111111112 0.415625 0.2513888888888889 0.4 0.25 0.3984375 0.24305555555555555 0.3984375 0.23194444444444445 0.40234375 0.21805555555555556 0.4140625 0.21666666666666667
1 0.4234375 0.5277777777777778 0.43359375 0.5319444444444444 0.45078125 0.5708333333333333 0.459375 0.5736111111111111 0.459375 0.5777777777777777 0.45234375 0.5875 0.459375 0.6055555555555555 0.4609375 0.6152777777777778 0.46015625 0.6652777777777777 0.44609375 0.6694444444444444 0.43203125 0.6680555555555555 0.42578125 0.6763888888888889 0.4234375 0.6736111111111112 0.4171875 0.6388888888888888 0.4 0.6083333333333333 0.396875 0.5611111111111111 0.39765625 0.5305555555555556 0.403125 0.5277777777777778 0.42265625 0.5277777777777778
1 0.6703125 0.9666666666666667 0.68515625 0.9680555555555556 0.6921875 0.9736111111111111 0.7046875 0.9944444444444445 0.70390625 0.9986111111111111 0.59296875 0.9986111111111111 0.59375 0.9847222222222223 0.603125 0.975 0.61953125 0.9694444444444444 0.6546875 0.9708333333333333 0.66953125 0.9666666666666667
1 0.3921875 0.21805555555555556 0.3984375 0.225 0.39921875 0.24861111111111112 0.396875 0.25416666666666665 0.38984375 0.25833333333333336 0.3765625 0.2569444444444444 0.37578125 0.24305555555555555 0.3765625 0.23055555555555557 0.3796875 0.21944444444444444 0.39140625 0.21805555555555556
1 0.67734375 0.42916666666666664 0.69296875 0.43194444444444446 0.7 0.4375 0.7125 0.4638888888888889 0.7171875 0.46944444444444444 0.71796875 0.4875 0.7234375 0.5083333333333333 0.721875 0.5277777777777778 0.71953125 0.5333333333333333 0.68125 0.5347222222222222 0.67109375 0.5458333333333333 0.66171875 0.5513888888888889 0.653125 0.5458333333333333 0.6515625 0.5375 0.64765625 0.5305555555555556 0.64296875 0.5333333333333333 0.63984375 0.5291666666666667 0.63828125 0.5194444444444445 0.6390625 0.48055555555555557 0.64296875 0.46805555555555556 0.6453125 0.4444444444444444 0.65078125 0.43194444444444446 0.6578125 0.42777777777777776 0.6765625 0.42916666666666664
1 0.29375 0.3347222222222222 0.296875 0.34444444444444444 0.296875 0.3861111111111111 0.29296875 0.3888888888888889 0.26484375 0.39166666666666666 0.2609375 0.3902777777777778 0.259375 0.3819444444444444 0.25859375 0.35694444444444445 0.26015625 0.3486111111111111 0.2671875 0.3375 0.2734375 0.3333333333333333 0.29296875 0.3347222222222222
1 0.53203125 0.49722222222222223 0.54296875 0.5069444444444444 0.5546875 0.5361111111111111 0.5640625 0.5388888888888889 0.5640625 0.5472222222222223 0.56015625 0.5541666666666667 0.56484375 0.5805555555555556 0.5640625 0.6069444444444444 0.56015625 0.6069444444444444 0.55546875 0.5888888888888889 0.54921875 0.5777777777777777 0.53203125 0.575 0.50234375 0.5777777777777777 0.4953125 0.5944444444444444 0.49453125 0.6055555555555555 0.490625 0.6111111111111112 0.48203125 0.6111111111111112 0.4796875 0.6083333333333333 0.47578125 0.5722222222222222 0.47578125 0.5388888888888889 0.48046875 0.5291666666666667 0.48671875 0.5 0.49375 0.49583333333333335 0.53125 0.49722222222222223
1 0.37734375 0.21388888888888888 0.378125 0.22083333333333333 0.3734375 0.25277777777777777 0.36796875 0.2513888888888889 0.365625 0.24444444444444444 0.36484375 0.22916666666666666 0.35546875 0.21944444444444444 0.36328125 0.21388888888888888 0.3765625 0.21388888888888888
1 0.496875 0.14722222222222223 0.4984375 0.1625 0.4953125 0.16666666666666666 0.4890625 0.16666666666666666 0.4859375 0.1597222222222222 0.48828125 0.14722222222222223 0.49609375 0.14722222222222223
1 0.2453125 0.29305555555555557 0.2515625 0.29583333333333334 0.25625 0.30694444444444446 0.25859375 0.33055555555555555 0.25546875 0.3388888888888889 0.24765625 0.33194444444444443 0.22890625 0.33055555555555555 0.21953125 0.31805555555555554 0.21953125 0.30972222222222223 0.22890625 0.29583333333333334 0.24453125 0.29305555555555557
1 0.1421875 0.30694444444444446 0.16796875 0.30972222222222223 0.17578125 0.31527777777777777 0.18046875 0.3236111111111111 0.1625 0.32916666666666666 0.15703125 0.3347222222222222 0.15859375 0.3638888888888889 0.15703125 0.375 0.13203125 0.37083333333333335 0.12421875 0.3625 0.11875 0.3611111111111111 0.11484375 0.3541666666666667 0.1109375 0.33055555555555555 0.11796875 0.3111111111111111 0.12578125 0.3055555555555556 0.14140625 0.30694444444444446
1 0.19609375 0.5111111111111111 0.203125 0.5166666666666667 0.20625 0.5291666666666667 0.20859375 0.5986111111111111 0.20703125 0.6152777777777778 0.2015625 0.6166666666666667 0.1984375 0.6138888888888889 0.19296875 0.5875 0.1921875 0.5152777777777777 0.1953125 0.5125
1 0.3765625 0.18611111111111112 0.3796875 0.2 0.37890625 0.2125 0.3765625 0.2152777777777778 0.3640625 0.2125 0.36171875 0.20694444444444443 0.36171875 0.19583333333333333 0.3640625 0.19166666666666668 0.37578125 0.18611111111111112
1 0.4421875 0.14027777777777778 0.44609375 0.14444444444444443 0.44375 0.15138888888888888 0.43515625 0.15138888888888888 0.43359375 0.1486111111111111 0.434375 0.14166666666666666 0.44140625 0.14027777777777778
1 0.54453125 0.5777777777777777 0.5515625 0.5833333333333334 0.56640625 0.6291666666666667 0.5734375 0.6291666666666667 0.57734375 0.6333333333333333 0.575 0.6416666666666667 0.56875 0.6472222222222223 0.571875 0.6958333333333333 0.571875 0.7333333333333333 0.57109375 0.7388888888888889 0.5671875 0.7416666666666667 0.5546875 0.7361111111111112 0.5390625 0.7347222222222223 0.53203125 0.7194444444444444 0.52890625 0.7041666666666667 0.5203125 0.6819444444444445 0.509375 0.6680555555555555 0.4875 0.6625 0.48515625 0.6513888888888889 0.47734375 0.6361111111111111 0.4875 0.6263888888888889 0.5015625 0.5791666666666667 0.54375 0.5777777777777777
1 0.46953125 0.45416666666666666 0.47421875 0.4597222222222222 0.4828125 0.48194444444444445 0.4875 0.48333333333333334 0.48984375 0.4875 0.48984375 0.49166666666666664 0.48515625 0.4986111111111111 0.484375 0.5097222222222222 0.47578125 0.5375 0.4734375 0.5513888888888889 0.4703125 0.5541666666666667 0.44921875 0.5569444444444445 0.4328125 0.5291666666666667 0.4140625 0.5222222222222223 0.4125 0.5111111111111111 0.41796875 0.4736111111111111 0.425 0.4583333333333333 0.42890625 0.45555555555555555 0.46875 0.45416666666666666
1 0.503125 0.6680555555555555 0.515625 0.6777777777777778 0.52265625 0.6916666666666667 0.5375 0.7416666666666667 0.5296875 0.7458333333333333 0.50390625 0.7486111111111111 0.496875 0.7541666666666667 0.48828125 0.7722222222222223 0.48125 0.7972222222222223 0.48125 0.8041666666666667 0.4765625 0.8236111111111111 0.465625 0.8277777777777777 0.459375 0.8347222222222223 0.45234375 0.8305555555555556 0.446875 0.8097222222222222 0.43515625 0.7902777777777777 0.4328125 0.7708333333333334 0.43203125 0.7291666666666666 0.4359375 0.7 0.4421875 0.6847222222222222 0.45625 0.6694444444444444 0.4765625 0.6652777777777777 0.50234375 0.6680555555555555
1 0.54375 0.7430555555555556 0.5703125 0.7472222222222222 0.5859375 0.7680555555555556 0.59375 0.7888888888888889 0.609375 0.8444444444444444 0.6140625 0.8527777777777777 0.61875 0.8777777777777778 0.628125 0.9013888888888889 0.63046875 0.9194444444444444 0.63125 0.9527777777777777 0.63046875 0.9625 0.6265625 0.9666666666666667 0.61796875 0.9666666666666667 0.59921875 0.9736111111111111 0.58359375 0.9736111111111111 0.58125 0.9763888888888889 0.57265625 0.9583333333333334 0.56328125 0.9513888888888888 0.56171875 0.9333333333333333 0.55703125 0.9194444444444444 0.5453125 0.9152777777777777 0.540625 0.9333333333333333 0.54140625 0.9569444444444445 0.53046875 0.9805555555555555 0.503125 0.9791666666666666 0.50234375 0.9736111111111111 0.49375 0.9555555555555556 0.490625 0.9527777777777777 0.48671875 0.9541666666666667 0.48046875 0.9444444444444444 0.4796875 0.9027777777777778 0.4765625 0.8638888888888889 0.47734375 0.8388888888888889 0.4796875 0.8166666666666667 0.48671875 0.7847222222222222 0.490625 0.7708333333333334 0.4984375 0.7541666666666667 0.50703125 0.75 0.53515625 0.7472222222222222 0.54296875 0.7430555555555556
1 0.44921875 0.15138888888888888 0.45546875 0.15694444444444444 0.45546875 0.16666666666666666 0.4453125 0.16805555555555557 0.44375 0.16527777777777777 0.44453125 0.15694444444444444 0.4484375 0.1527777777777778
1 0.35703125 0.22083333333333333 0.36484375 0.22777777777777777 0.36796875 0.25 0.3671875 0.26805555555555555 0.365625 0.2708333333333333 0.35546875 0.2708333333333333 0.3484375 0.2625 0.34296875 0.2722222222222222 0.33828125 0.26944444444444443 0.33828125 0.23333333333333334 0.34296875 0.22361111111111112 0.35625 0.22083333333333333
0 0.79296875 0.5916666666666667 0.8 0.5958333333333333 0.81015625 0.6152777777777778 0.81875 0.6208333333333333 0.83125 0.6236111111111111 0.85546875 0.6222222222222222 0.8796875 0.6375 0.8859375 0.6444444444444445 0.9046875 0.6472222222222223 0.91953125 0.6541666666666667 0.96328125 0.6875 0.97734375 0.6944444444444444 0.98828125 0.7055555555555556 0.99140625 0.7152777777777778 0.99921875 0.725 0.99921875 0.7583333333333333 0.99609375 0.7611111111111111 0.99921875 0.7680555555555556 0.99921875 0.8666666666666667 0.99765625 0.8680555555555556 0.996875 0.9069444444444444 0.9953125 0.9125 0.996875 0.9375 0.99921875 0.9402777777777778 0.99921875 0.9444444444444444 0.996875 0.9458333333333333 0.99453125 0.975 0.93203125 0.9763888888888889 0.92265625 0.9666666666666667 0.91015625 0.9638888888888889 0.89453125 0.9819444444444444 0.89296875 0.9847222222222223 0.89296875 0.9944444444444445 0.8828125 0.9986111111111111 0.86171875 0.9986111111111111 0.85625 0.9944444444444445 0.8484375 0.9944444444444445 0.85859375 0.9902777777777778 0.85078125 0.9875 0.83828125 0.9875 0.83515625 0.9902777777777778 0.80703125 0.9888888888888889 0.8015625 0.9930555555555556 0.7078125 0.9944444444444445 0.69921875 0.9847222222222223 0.69609375 0.9736111111111111 0.6984375 0.9680555555555556 0.6875 0.9597222222222223 0.68515625 0.9347222222222222 0.6859375 0.9194444444444444 0.68359375 0.8777777777777778 0.68515625 0.8236111111111111 0.6828125 0.7666666666666667 0.68515625 0.7388888888888889 0.68359375 0.7236111111111111 0.68515625 0.6666666666666666 0.6828125 0.6569444444444444 0.6859375 0.6527777777777778 0.68984375 0.6152777777777778 0.6953125 0.6083333333333333 0.70859375 0.6041666666666666 0.74453125 0.6041666666666666 0.75859375 0.5930555555555556 0.77578125 0.5944444444444444 0.7921875 0.5916666666666667
0 0.4109375 0.25555555555555554 0.43203125 0.2569444444444444 0.4515625 0.2638888888888889 0.46484375 0.2763888888888889 0.47109375 0.2902777777777778 0.47578125 0.30833333333333335 0.4765625 0.3347222222222222 0.4734375 0.3597222222222222 0.471875 0.4111111111111111 0.4640625 0.41944444444444445 0.44609375 0.4152777777777778 0.41015625 0.41805555555555557 0.403125 0.40694444444444444 0.39375 0.39861111111111114 0.38828125 0.37083333333333335 0.38828125 0.275 0.39296875 0.25833333333333336 0.41015625 0.25555555555555554