0 0.72265625 0.26805555555555555 0.728125 0.28055555555555556 0.72734375 0.2916666666666667 0.72265625 0.29583333333333334 0.70859375 0.29583333333333334 0.7015625 0.29305555555555557 0.70078125 0.2902777777777778 0.7015625 0.28055555555555556 0.70703125 0.26805555555555555 0.721875 0.26805555555555555
0 0.4265625 0.47638888888888886 0.43203125 0.4722222222222222 0.43984375 0.4736111111111111 0.440625 0.5277777777777778 0.4390625 0.5722222222222222 0.42578125 0.5708333333333333 0.425 0.5597222222222222 0.40703125 0.5180555555555556 0.41328125 0.5111111111111111 0.41640625 0.49444444444444446 0.4265625 0.4777777777777778
0 0.225 0.30833333333333335 0.2296875 0.3138888888888889 0.234375 0.33194444444444443 0.23359375 0.3416666666666667 0.23046875 0.3416666666666667 0.2234375 0.33194444444444443 0.20859375 0.33194444444444443 0.2 0.3375 0.19296875 0.3486111111111111 0.1921875 0.35555555555555557 0.190625 0.3541666666666667 0.1953125 0.3277777777777778 0.1953125 0.31805555555555554 0.2 0.30833333333333335 0.21640625 0.30416666666666664 0.22421875 0.30833333333333335
0 0.4734375 0.25555555555555554 0.48046875 0.2625 0.48359375 0.2708333333333333 0.48515625 0.28055555555555556 0.48359375 0.29583333333333334 0.4796875 0.30277777777777776 0.4671875 0.3055555555555556 0.45625 0.31527777777777777 0.453125 0.3138888888888889 0.4515625 0.30833333333333335 0.45078125 0.2847222222222222 0.4546875 0.2569444444444444 0.459375 0.25277777777777777 0.47265625 0.25555555555555554
0 0.08671875 0.2638888888888889 0.09140625 0.25972222222222224 0.1078125 0.2625 0.1171875 0.2722222222222222 0.1203125 0.2833333333333333 0.11953125 0.30277777777777776 0.1140625 0.32222222222222224 0.11015625 0.3236111111111111 0.0921875 0.3138888888888889 0.084375 0.31527777777777777 0.078125 0.30972222222222223 0.078125 0.2861111111111111 0.08125 0.275 0.08671875 0.2652777777777778
0 0.559375 0.5055555555555555 0.5765625 0.5111111111111111 0.5828125 0.5208333333333334 0.5984375 0.5319444444444444 0.609375 0.5486111111111112 0.61328125 0.5625 0.61328125 0.5777777777777777 0.6203125 0.6152777777777778 0.621875 0.6541666666666667 0.61875 0.6597222222222222 0.60546875 0.6611111111111111 0.59921875 0.6652777777777777 0.5921875 0.6777777777777778 0.58359375 0.7097222222222223 0.58125 0.7125 0.553125 0.7125 0.50625 0.7194444444444444 0.49375 0.7194444444444444 0.48984375 0.7166666666666667 0.48671875 0.6888888888888889 0.48359375 0.6777777777777778 0.478125 0.6208333333333333 0.478125 0.5902777777777778 0.4828125 0.5527777777777778 0.48984375 0.5361111111111111 0.49765625 0.525 0.51875 0.5180555555555556 0.52578125 0.5194444444444445 0.5453125 0.5083333333333333 0.55859375 0.5055555555555555
0 0.4296875 0.41388888888888886 0.44140625 0.42916666666666664 0.446875 0.44583333333333336 0.45390625 0.44722222222222224 0.4546875 0.4527777777777778 0.4421875 0.4583333333333333 0.43828125 0.46944444444444444 0.42734375 0.4736111111111111 0.42109375 0.4861111111111111 0.41171875 0.49444444444444446 0.4125 0.5 0.4109375 0.5041666666666667 0.4046875 0.5055555555555555 0.40078125 0.5055555555555555 0.3984375 0.4930555555555556 0.38984375 0.47638888888888886 0.3875 0.46944444444444444 0.38671875 0.45416666666666666 0.3921875 0.44583333333333336 0.39765625 0.41944444444444445 0.4078125 0.41388888888888886 0.42890625 0.41388888888888886
0 0.20859375 0.20277777777777778 0.21640625 0.2111111111111111 0.23046875 0.21805555555555556 0.23203125 0.2222222222222222 0.23125 0.23472222222222222 0.2203125 0.2375 0.21640625 0.24166666666666667 0.2078125 0.23472222222222222 0.19609375 0.23194444444444445 0.19140625 0.2263888888888889 0.19140625 0.20694444444444443 0.19296875 0.20416666666666666 0.2078125 0.20277777777777778
0 0.265625 0.24722222222222223 0.2671875 0.25277777777777777 0.26640625 0.26666666666666666 0.26328125 0.2777777777777778 0.2578125 0.2861111111111111 0.25078125 0.2847222222222222 0.2484375 0.28055555555555556 0.2328125 0.2722222222222222 0.23125 0.26805555555555555 0.2328125 0.25416666666666665 0.2375 0.24861111111111112 0.24609375 0.24583333333333332 0.26484375 0.24722222222222223
0 0.3609375 0.8361111111111111 0.40546875 0.8347222222222223 0.446875 0.8375 0.46796875 0.8444444444444444 0.47421875 0.8555555555555555 0.47421875 0.9388888888888889 0.4765625 0.9777777777777777 0.4734375 0.9888888888888889 0.4609375 0.9888888888888889 0.4453125 0.9944444444444445 0.40546875 0.9958333333333333 0.40234375 0.9986111111111111 0.3859375 0.9986111111111111 0.38359375 0.9958333333333333 0.36953125 0.9958333333333333 0.36796875 0.9986111111111111 0.33515625 0.9986111111111111 0.3328125 0.9958333333333333 0.325 0.9986111111111111 0.31796875 0.9958333333333333 0.3125 0.9986111111111111 0.26953125 0.9986111111111111 0.26875 0.9958333333333333 0.2703125 0.9277777777777778 0.28828125 0.8875 0.2921875 0.8736111111111111 0.290625 0.8625 0.29375 0.8555555555555555 0.31640625 0.8416666666666667 0.340625 0.8361111111111111 0.36015625 0.8361111111111111
0 0.2109375 0.4388888888888889 0.23046875 0.44027777777777777 0.24140625 0.45555555555555555 0.24140625 0.4625 0.2296875 0.4666666666666667 0.22421875 0.47638888888888886 0.21875 0.5013888888888889 0.21796875 0.5152777777777777 0.20859375 0.5263888888888889 0.1953125 0.55 0.1890625 0.5472222222222223 0.1828125 0.5305555555555556 0.18125 0.4722222222222222 0.19296875 0.44166666666666665 0.21015625 0.4388888888888889
0 0.33671875 0.17916666666666667 0.3421875 0.18055555555555555 0.346875 0.19166666666666668 0.3484375 0.23194444444444445 0.34609375 0.23472222222222222 0.33203125 0.2361111111111111 0.3265625 0.23333333333333334 0.325 0.2013888888888889 0.32890625 0.18333333333333332 0.33203125 0.17916666666666667 0.3359375 0.17916666666666667
0 0.22734375 0.3375 0.23359375 0.3472222222222222 0.2390625 0.3486111111111111 0.2375 0.36527777777777776 0.2109375 0.36666666666666664 0.2015625 0.37083333333333335 0.1984375 0.3861111111111111 0.19296875 0.39305555555555555 0.190625 0.3888888888888889 0.190625 0.37777777777777777 0.18828125 0.36666666666666664 0.18828125 0.3611111111111111 0.19375 0.35138888888888886 0.1921875 0.3486111111111111 0.203125 0.33611111111111114 0.2203125 0.3347222222222222 0.2265625 0.3375
0 0.2390625 0.3875 0.2453125 0.3902777777777778 0.25390625 0.4027777777777778 0.25390625 0.4388888888888889 0.25234375 0.45555555555555555 0.24921875 0.46111111111111114 0.24296875 0.46111111111111114 0.23515625 0.4444444444444444 0.23046875 0.44027777777777777 0.1953125 0.44027777777777777 0.1921875 0.4361111111111111 0.1921875 0.3972222222222222 0.1953125 0.39166666666666666 0.2109375 0.3875 0.23828125 0.3875
0 0.73984375 0.7861111111111111 0.7578125 0.7902777777777777 0.7734375 0.8027777777777778 0.7890625 0.8208333333333333 0.796875 0.8333333333333334 0.8171875 0.8791666666666667 0.825 0.875 0.834375 0.8791666666666667 0.8359375 0.8833333333333333 0.83515625 0.8958333333333334 0.82578125 0.9041666666666667 0.83359375 0.9222222222222223 0.775 0.9222222222222223 0.74921875 0.9291666666666667 0.73203125 0.9583333333333334 0.725 0.9611111111111111 0.71875 0.9611111111111111 0.71640625 0.9569444444444445 0.70546875 0.9208333333333333 0.70703125 0.9111111111111111 0.703125 0.8930555555555556 0.7046875 0.8513888888888889 0.70234375 0.8486111111111111 0.70390625 0.8375 0.7015625 0.8166666666666667 0.6921875 0.8013888888888889 0.68828125 0.8 0.6875 0.7888888888888889 0.7390625 0.7861111111111111
0 0.228125 0.28888888888888886 0.23515625 0.2972222222222222 0.23671875 0.30833333333333335 0.23984375 0.31527777777777777 0.24375 0.3125 0.24453125 0.30416666666666664 0.24453125 0.3194444444444444 0.23984375 0.3347222222222222 0.234375 0.34305555555555556 0.23046875 0.33194444444444443 0.22890625 0.31805555555555554 0.22421875 0.30833333333333335 0.21953125 0.3055555555555556 0.20234375 0.30694444444444446 0.20546875 0.2972222222222222 0.209375 0.29305555555555557 0.22734375 0.28888888888888886
0 0.11953125 0.7333333333333333 0.12578125 0.7388888888888889 0.12890625 0.7791666666666667 0.12734375 0.7847222222222222 0.1265625 0.8138888888888889 0.1234375 0.8277777777777777 0.115625 0.8375 0.1125 0.8361111111111111 0.10546875 0.8236111111111111 0.1046875 0.8083333333333333 0.10078125 0.7930555555555555 0.10390625 0.7722222222222223 0.10234375 0.7611111111111111 0.103125 0.7416666666666667 0.10546875 0.7375 0.11875 0.7333333333333333
0 0.33515625 0.3541666666666667 0.34140625 0.3680555555555556 0.34140625 0.38055555555555554 0.3359375 0.3763888888888889 0.3125 0.37777777777777777 0.30859375 0.3819444444444444 0.3046875 0.3972222222222222 0.29921875 0.4027777777777778 0.29609375 0.4111111111111111 0.29296875 0.4111111111111111 0.2921875 0.3861111111111111 0.296875 0.3638888888888889 0.3 0.35833333333333334 0.31015625 0.3541666666666667 0.334375 0.3541666666666667
0 0.271875 0.2972222222222222 0.28671875 0.3 0.29296875 0.31805555555555554 0.2890625 0.31805555555555554 0.284375 0.3236111111111111 0.28125 0.3347222222222222 0.28203125 0.35138888888888886 0.2796875 0.35833333333333334 0.26875 0.35694444444444445 0.26015625 0.3625 0.25546875 0.35833333333333334 0.253125 0.32222222222222224 0.2609375 0.3013888888888889 0.265625 0.2972222222222222 0.27109375 0.2972222222222222
0 0.86875 0.6694444444444444 0.90234375 0.6694444444444444 0.91640625 0.675 0.9296875 0.6861111111111111 0.94453125 0.7152777777777778 0.9578125 0.7236111111111111 0.96015625 0.7305555555555555 0.95703125 0.7361111111111112 0.95703125 0.7444444444444445 0.96640625 0.7680555555555556 0.96640625 0.7805555555555556 0.96875 0.7930555555555555 0.9671875 0.8222222222222222 0.96328125 0.8361111111111111 0.94609375 0.8277777777777777 0.9203125 0.8277777777777777 0.91171875 0.825 0.8828125 0.825 0.8765625 0.8305555555555556 0.86875 0.8319444444444445 0.865625 0.8305555555555556 0.86171875 0.8222222222222222 0.85859375 0.8013888888888889 0.8421875 0.7916666666666666 0.83046875 0.7930555555555555 0.82734375 0.7888888888888889 0.825 0.7819444444444444 0.82578125 0.6958333333333333 0.828125 0.6916666666666667 0.83828125 0.6861111111111111 0.8484375 0.6708333333333333 0.85703125 0.6680555555555555 0.86796875 0.6694444444444444
0 0.28671875 0.6111111111111112 0.29375 0.6236111111111111 0.30234375 0.6486111111111111 0.31015625 0.65 0.31328125 0.6541666666666667 0.31171875 0.6611111111111111 0.30546875 0.6666666666666666 0.30546875 0.6847222222222222 0.26953125 0.6861111111111111 0.253125 0.6902777777777778 0.24765625 0.6958333333333333 0.23203125 0.725 0.22734375 0.7486111111111111 0.225 0.7444444444444445 0.221875 0.725 0.2203125 0.7027777777777777 0.221875 0.6819444444444445 0.21796875 0.6611111111111111 0.22265625 0.6541666666666667 0.22265625 0.6458333333333334 0.2328125 0.6194444444444445 0.2453125 0.6125 0.2859375 0.6111111111111112
0 0.465625 0.17916666666666667 0.47265625 0.18194444444444444 0.4765625 0.19027777777777777 0.47734375 0.1986111111111111 0.47421875 0.20277777777777778 0.46171875 0.20416666666666666 0.453125 0.1986111111111111 0.453125 0.19444444444444445 0.459375 0.18055555555555555 0.46484375 0.17916666666666667
0 0.4234375 0.6277777777777778 0.43984375 0.6347222222222222 0.453125 0.6680555555555555 0.46015625 0.6680555555555555 0.46484375 0.6722222222222223 0.46484375 0.6777777777777778 0.4578125 0.6847222222222222 0.46015625 0.7125 0.45859375 0.7083333333333334 0.44609375 0.6972222222222222 0.421875 0.6958333333333333 0.4 0.7 0.3875 0.7097222222222223 0.375 0.7347222222222223 0.37265625 0.7472222222222222 0.3671875 0.7458333333333333 0.365625 0.7402777777777778 0.3640625 0.6958333333333333 0.36484375 0.675 0.3671875 0.6652777777777777 0.3703125 0.6611111111111111 0.375 0.6402777777777777 0.38359375 0.6319444444444444 0.42265625 0.6277777777777778
0 0.259375 0.5680555555555555 0.2640625 0.5722222222222222 0.2703125 0.5875 0.2734375 0.6097222222222223 0.2515625 0.6097222222222223 0.2328125 0.6180555555555556 0.22265625 0.6472222222222223 0.221875 0.6541666666666667 0.2171875 0.6611111111111111 0.2203125 0.6791666666666667 0.21953125 0.6888888888888889 0.20703125 0.6916666666666667 0.20234375 0.6916666666666667 0.19609375 0.6625 0.19609375 0.6263888888888889 0.19296875 0.6152777777777778 0.19375 0.6083333333333333 0.20078125 0.5986111111111111 0.20390625 0.5819444444444445 0.21015625 0.5722222222222222 0.21796875 0.5680555555555555 0.23125 0.5652777777777778 0.25859375 0.5680555555555555
0 0.36484375 0.23055555555555557 0.0265625 0.041666666666666664
0 0.328125 0.4 0.3375 0.40694444444444444 0.33828125 0.4152777777777778 0.3140625 0.41805555555555557 0.30859375 0.4236111111111111 0.30078125 0.4652777777777778 0.30078125 0.4847222222222222 0.29765625 0.49444444444444446 0.2953125 0.49444444444444446 0.2890625 0.4791666666666667 0.28828125 0.42777777777777776 0.29375 0.41944444444444445 0.29609375 0.40694444444444444 0.29921875 0.4027777777777778 0.32734375 0.4
0 0.33203125 0.4152777777777778 0.34140625 0.41388888888888886 0.34296875 0.41944444444444445 0.34765625 0.4222222222222222 0.3515625 0.42916666666666664 0.35546875 0.44166666666666665 0.34765625 0.44722222222222224 0.33125 0.4486111111111111 0.3234375 0.4527777777777778 0.31875 0.4652777777777778 0.31796875 0.5013888888888889 0.31171875 0.5138888888888888 0.31015625 0.525 0.3078125 0.5263888888888889 0.303125 0.5208333333333334 0.30078125 0.5097222222222222 0.30078125 0.49583333333333335 0.2984375 0.49027777777777776 0.30078125 0.4791666666666667 0.3 0.4638888888888889 0.303125 0.45555555555555555 0.30390625 0.4375 0.31015625 0.42083333333333334 0.33125 0.4152777777777778
0 0.26953125 0.46805555555555556 0.27578125 0.48055555555555557 0.28046875 0.5027777777777778 0.28984375 0.5069444444444444 0.28984375 0.5111111111111111 0.28515625 0.5180555555555556 0.28828125 0.5638888888888889 0.2875 0.5805555555555556 0.2859375 0.5847222222222223 0.28046875 0.5875 0.271875 0.5847222222222223 0.2671875 0.5722222222222222 0.26640625 0.5527777777777778 0.2546875 0.5236111111111111 0.24296875 0.5194444444444445 0.2234375 0.5194444444444445 0.2203125 0.5152777777777777 0.2203125 0.5027777777777778 0.2234375 0.49444444444444446 0.2265625 0.475 0.2296875 0.46944444444444444 0.24140625 0.4652777777777778 0.265625 0.4652777777777778 0.26875 0.46805555555555556
0 0 0.9111111111111111 0.00703125 0.9125 0.01328125 0.9222222222222223 0.01640625 0.9319444444444445 0.0140625 0.9972222222222222 0.009375 0.9986111111111111 0.0046875 0.9930555555555556 0 0.9944444444444445 0 0.9125
0 0.33828125 0.37777777777777777 0.3421875 0.38472222222222224 0.34765625 0.42083333333333334 0.33828125 0.4152777777777778 0.3390625 0.4097222222222222 0.3359375 0.4041666666666667 0.328125 0.39861111111111114 0.3171875 0.3972222222222222 0.30546875 0.4 0.30625 0.3875 0.31015625 0.37916666666666665 0.315625 0.3763888888888889 0.3375 0.37777777777777777
0 0.56328125 0.39166666666666666 0.57421875 0.39444444444444443 0.5859375 0.40555555555555556 0.58984375 0.4111111111111111 0.5953125 0.42777777777777776 0.6015625 0.43194444444444446 0.6015625 0.4361111111111111 0.59765625 0.44166666666666665 0.60078125 0.46805555555555556 0.60078125 0.4888888888888889 0.5984375 0.49444444444444446 0.57578125 0.49027777777777776 0.5625 0.49166666666666664 0.55390625 0.49722222222222223 0.54296875 0.49583333333333335 0.5359375 0.47638888888888886 0.5296875 0.4666666666666667 0.528125 0.45694444444444443 0.52265625 0.4513888888888889 0.52421875 0.44583333333333336 0.52421875 0.4236111111111111 0.5328125 0.39166666666666666 0.5625 0.39166666666666666
0 0.578125 0.49166666666666664 0.60078125 0.49722222222222223 0.61875 0.5263888888888889 0.61796875 0.5430555555555555 0.6203125 0.5513888888888889 0.62109375 0.5680555555555555 0.6203125 0.5972222222222222 0.615625 0.5819444444444445 0.6140625 0.5583333333333333 0.603125 0.5361111111111111 0.5828125 0.5180555555555556 0.57421875 0.5069444444444444 0.559375 0.5013888888888889 0.56015625 0.49583333333333335 0.56328125 0.4930555555555556 0.57734375 0.4930555555555556
0 0.2421875 0.28055555555555556 0.24453125 0.2861111111111111 0.25078125 0.2916666666666667 0.2546875 0.2916666666666667 0.2515625 0.33194444444444443 0.2484375 0.3388888888888889 0.23984375 0.3388888888888889 0.2375 0.33611111111111114 0.234375 0.325 0.23515625 0.30694444444444446 0.23046875 0.29305555555555557 0.2109375 0.29305555555555557 0.20625 0.30277777777777776 0.20625 0.2972222222222222 0.20859375 0.2972222222222222 0.21640625 0.28194444444444444 0.2265625 0.2791666666666667 0.24140625 0.28055555555555556
0 0.34609375 0.2875 0.35078125 0.29583333333333334 0.35703125 0.3277777777777778 0.35390625 0.34305555555555556 0.35625 0.35833333333333334 0.35234375 0.37222222222222223 0.35234375 0.4097222222222222 0.34921875 0.4125 0.34375 0.38333333333333336 0.340625 0.3763888888888889 0.33984375 0.3625 0.334375 0.3527777777777778 0.3109375 0.3527777777777778 0.3 0.35694444444444445 0.2984375 0.32222222222222224 0.29609375 0.31666666666666665 0.29765625 0.2972222222222222 0.30078125 0.29305555555555557 0.33828125 0.2916666666666667 0.3453125 0.2875
0 0.81328125 0.9236111111111112 0.8296875 0.9263888888888889 0.84453125 0.925 0.85546875 0.9319444444444445 0.8671875 0.9430555555555555 0.8734375 0.9527777777777777 0.884375 0.9597222222222223 0.896875 0.9805555555555555 0.896875 0.9847222222222223 0.8859375 0.9888888888888889 0.8859375 0.9916666666666667 0.89765625 0.9902777777777778 0.90078125 0.9944444444444445 0.90078125 0.9986111111111111 0.88671875 0.9986111111111111 0.88359375 0.9944444444444445 0.87578125 0.9944444444444445 0.878125 0.9916666666666667 0.87734375 0.9888888888888889 0.8671875 0.9888888888888889 0.86640625 0.9916666666666667 0.8703125 0.9944444444444445 0.85703125 0.9958333333333333 0.85078125 0.9944444444444445 0.85 0.9888888888888889 0.84140625 0.9875 0.8375 0.9888888888888889 0.83515625 0.9944444444444445 0.8234375 0.9958333333333333 0.81171875 0.9916666666666667 0.803125 0.9958333333333333 0.78515625 0.9944444444444445 0.77734375 0.9986111111111111 0.73359375 0.9986111111111111 0.7234375 0.9694444444444444 0.73359375 0.9611111111111111 0.74765625 0.9319444444444445 0.78203125 0.9236111111111112 0.8125 0.9236111111111112
0 0.4984375 0.1736111111111111 0.50234375 0.18194444444444444 0.50234375 0.19444444444444445 0.5 0.19722222222222222 0.4875 0.19722222222222222 0.48359375 0.1875 0.48671875 0.17777777777777778 0.49765625 0.1736111111111111
0 0.28828125 0.3472222222222222 0.0203125 0.06388888888888888
0 0.35859375 0.44722222222222224 0.36640625 0.4513888888888889 0.36953125 0.4666666666666667 0.34453125 0.46944444444444444 0.3390625 0.475 0.3328125 0.5 0.334375 0.5361111111111111 0.33046875 0.5555555555555556 0.32265625 0.5638888888888889 0.31796875 0.5638888888888889 0.3109375 0.5458333333333333 0.31171875 0.5166666666666667 0.31796875 0.4930555555555556 0.3171875 0.47638888888888886 0.32109375 0.45694444444444443 0.32421875 0.4513888888888889 0.32890625 0.45 0.3578125 0.44722222222222224
0 0.38359375 0.4708333333333333 0.39609375 0.49166666666666664 0.39921875 0.5152777777777777 0.3609375 0.5152777777777777 0.35390625 0.5208333333333334 0.34609375 0.5416666666666666 0.33984375 0.5819444444444445 0.34296875 0.5944444444444444 0.3421875 0.6097222222222223 0.33828125 0.6055555555555555 0.3375 0.5944444444444444 0.33046875 0.5861111111111111 0.33125 0.5180555555555556 0.334375 0.4888888888888889 0.3421875 0.4722222222222222 0.3453125 0.4708333333333333 0.3828125 0.4708333333333333
0 0.24140625 0.3680555555555556 0.26171875 0.3888888888888889 0.2625 0.40694444444444444 0.265625 0.4152777777777778 0.2671875 0.43333333333333335 0.2671875 0.4486111111111111 0.26484375 0.4597222222222222 0.253125 0.4597222222222222 0.2515625 0.45694444444444443 0.253125 0.40555555555555556 0.246875 0.39166666666666666 0.240625 0.3875 0.19609375 0.3902777777777778 0.19765625 0.3861111111111111 0.19765625 0.3736111111111111 0.2015625 0.3680555555555556 0.240625 0.3680555555555556
0 0.059375 0.17777777777777778 0.0703125 0.17777777777777778 0.078125 0.18333333333333332 0.08125 0.19027777777777777 0.084375 0.20277777777777778 0.0828125 0.2222222222222222 0.0859375 0.24583333333333332 0.08515625 0.2513888888888889 0.0796875 0.25833333333333336 0.06953125 0.25833333333333336 0.06015625 0.25 0.059375 0.17916666666666667
0 0.49765625 0.45694444444444443 0.50859375 0.475 0.509375 0.5180555555555556 0.49609375 0.5236111111111111 0.48515625 0.5444444444444444 0.47890625 0.5680555555555555 0.47734375 0.5930555555555556 0.47421875 0.6 0.459375 0.6013888888888889 0.45 0.6125 0.44609375 0.6097222222222223 0.4421875 0.5902777777777778 0.440625 0.5680555555555555 0.43828125 0.5638888888888889 0.43984375 0.5333333333333333 0.44140625 0.5291666666666667 0.43984375 0.4625 0.44921875 0.45694444444444443 0.496875 0.45694444444444443
0 0.43125 0.33055555555555555 0.43515625 0.33055555555555555 0.44375 0.32083333333333336 0.46015625 0.3194444444444444 0.4625 0.3236111111111111 0.46171875 0.37222222222222223 0.46328125 0.37916666666666665 0.44140625 0.38055555555555554 0.4328125 0.3736111111111111 0.43046875 0.35138888888888886 0.43125 0.33194444444444443
0 0.94296875 0.42777777777777776 0.93671875 0.3902777777777778 0.9375 0.37777777777777777 0.94140625 0.375 0.9609375 0.375 0.96484375 0.37916666666666665 0.97109375 0.40555555555555556 0.975 0.4361111111111111 0.975 0.4444444444444444 0.97265625 0.44722222222222224 0.95625 0.44722222222222224 0.94375 0.42777777777777776
0 0.6375 0.6638888888888889 0.66875 0.6666666666666666 0.68984375 0.6875 0.70078125 0.7069444444444445 0.7140625 0.7444444444444445 0.71640625 0.7472222222222222 0.72265625 0.7402777777777778 0.73046875 0.7430555555555556 0.73046875 0.7583333333333333 0.71953125 0.7652777777777777 0.725 0.7763888888888889 0.725 0.7819444444444444 0.7015625 0.7861111111111111 0.68515625 0.7861111111111111 0.68125 0.7833333333333333 0.62734375 0.7097222222222223 0.58671875 0.7125 0.5875 0.7 0.59375 0.6777777777777778 0.59921875 0.6680555555555555 0.60859375 0.6638888888888889 0.63671875 0.6638888888888889
0 0.396875 0.31527777777777777 0.421875 0.31666666666666665 0.42578125 0.32083333333333336 0.42890625 0.35694444444444445 0.4296875 0.39305555555555555 0.42890625 0.4 0.4265625 0.4027777777777778 0.403125 0.4 0.3953125 0.4041666666666667 0.390625 0.4013888888888889 0.38828125 0.39444444444444443 0.3875 0.3736111111111111 0.390625 0.3194444444444444 0.39609375 0.31527777777777777
0 0.33125 0.2388888888888889 0.3359375 0.2513888888888889 0.33515625 0.25972222222222224 0.325 0.2652777777777778 0.32109375 0.2638888888888889 0.3171875 0.25555555555555554 0.3015625 0.25555555555555554 0.3 0.24583333333333332 0.30625 0.2375 0.32890625 0.2361111111111111 0.33046875 0.2388888888888889
0 0.60390625 0.18055555555555555 0.60859375 0.18888888888888888 0.61015625 0.2 0.60703125 0.20694444444444443 0.6015625 0.2111111111111111 0.58828125 0.2111111111111111 0.58671875 0.20833333333333334 0.58671875 0.19305555555555556 0.5875 0.1875 0.590625 0.18333333333333332 0.603125 0.18055555555555555
0 0.36796875 0.5125 0.37265625 0.5166666666666667 0.396875 0.5152777777777777 0.4078125 0.5263888888888889 0.42265625 0.5597222222222222 0.42265625 0.5666666666666667 0.43046875 0.5986111111111111 0.43203125 0.6263888888888889 0.40703125 0.6263888888888889 0.38203125 0.6319444444444444 0.37421875 0.6416666666666667 0.37109375 0.6486111111111111 0.36875 0.6625 0.3625 0.675 0.35859375 0.6708333333333333 0.35625 0.6486111111111111 0.3484375 0.6486111111111111 0.3453125 0.6388888888888888 0.34140625 0.5819444444444445 0.3453125 0.5458333333333333 0.35 0.5291666666666667 0.3546875 0.5208333333333334 0.35859375 0.5194444444444445 0.3625 0.5111111111111111 0.3671875 0.5125
0 0.4765625 0.20416666666666666 0.47890625 0.2111111111111111 0.47890625 0.24166666666666667 0.47734375 0.24444444444444444 0.4609375 0.24444444444444444 0.459375 0.24305555555555555 0.4578125 0.22916666666666666 0.4578125 0.21388888888888888 0.46015625 0.20416666666666666 0.47578125 0.20416666666666666
0 0.62734375 0.7138888888888889 0.64921875 0.7458333333333333 0.68359375 0.7888888888888889 0.70078125 0.8236111111111111 0.7046875 0.8569444444444444 0.703125 0.8666666666666667 0.703125 0.8944444444444445 0.70546875 0.9013888888888889 0.70078125 0.9222222222222223 0.71015625 0.9416666666666667 0.7140625 0.9569444444444445 0.7125 0.9680555555555556 0.71953125 0.9763888888888889 0.71953125 0.9888888888888889 0.7171875 0.9986111111111111 0.684375 0.9986111111111111 0.675 0.9944444444444445 0.6265625 0.9958333333333333 0.62109375 0.9944444444444445 0.61953125 0.9902777777777778 0.61796875 0.9944444444444445 0.61171875 0.9944444444444445 0.6109375 0.9916666666666667 0.6140625 0.9847222222222223 0.62265625 0.9791666666666666 0.61796875 0.975 0.5921875 0.9777777777777777 0.590625 0.9805555555555555 0.59453125 0.9847222222222223 0.5953125 0.9902777777777778 0.603125 0.9888888888888889 0.603125 0.9944444444444445 0.59375 0.9916666666666667 0.5734375 0.9986111111111111 0.565625 0.9986111111111111 0.559375 0.9944444444444445 0.53046875 0.9986111111111111 0.5171875 0.9930555555555556 0.515625 0.9902777777777778 0.5171875 0.9861111111111112 0.51015625 0.9861111111111112 0.5015625 0.9944444444444445 0.4984375 0.9888888888888889 0.49140625 0.9888888888888889 0.4875 0.9819444444444444 0.4859375 0.9847222222222223 0.48046875 0.9819444444444444 0.47890625 0.9375 0.47734375 0.9347222222222222 0.478125 0.9041666666666667 0.4765625 0.8972222222222223 0.47734375 0.875 0.475 0.85 0.475 0.8138888888888889 0.4734375 0.8069444444444445 0.4734375 0.7305555555555555 0.48828125 0.725 0.54375 0.7236111111111111 0.55 0.7194444444444444 0.59375 0.7194444444444444 0.60703125 0.7138888888888889 0.6265625 0.7138888888888889
0 0.3984375 0.19444444444444445 0.4078125 0.19722222222222222 0.4109375 0.20555555555555555 0.4125 0.22361111111111112 0.4109375 0.24444444444444444 0.39140625 0.24305555555555555 0.3890625 0.22361111111111112 0.38984375 0.20694444444444443 0.39296875 0.19583333333333333 0.39765625 0.19444444444444445
0 0.42578125 0.15555555555555556 0.4296875 0.15833333333333333 0.43515625 0.17777777777777778 0.43515625 0.20416666666666666 0.428125 0.20972222222222223 0.41171875 0.20833333333333334 0.40546875 0.18888888888888888 0.40625 0.16666666666666666 0.409375 0.1597222222222222 0.425 0.15555555555555556
0 0.58046875 0.3680555555555556 0.58515625 0.37222222222222223 0.59140625 0.3861111111111111 0.596875 0.3902777777777778 0.5921875 0.41388888888888886 0.58671875 0.40555555555555556 0.57109375 0.39166666666666666 0.54609375 0.3902777777777778 0.54375 0.3875 0.54921875 0.3736111111111111 0.55625 0.3638888888888889 0.5796875 0.3680555555555556
0 0.471875 0.30833333333333335 0.50859375 0.3125 0.51328125 0.31666666666666665 0.51640625 0.3416666666666667 0.51484375 0.4041666666666667 0.51171875 0.4166666666666667 0.509375 0.41805555555555557 0.49765625 0.4111111111111111 0.48046875 0.4125 0.47265625 0.4166666666666667 0.46640625 0.4097222222222222 0.4625 0.3597222222222222 0.4625 0.31527777777777777 0.46484375 0.30972222222222223 0.47109375 0.30833333333333335
0 0.4265625 0.6944444444444444 0.44921875 0.6986111111111111 0.45703125 0.7055555555555556 0.46015625 0.7111111111111111 0.46328125 0.7305555555555555 0.46953125 0.7472222222222222 0.471875 0.7680555555555556 0.47109375 0.7930555555555555 0.46171875 0.8277777777777777 0.4546875 0.8347222222222223 0.3921875 0.8319444444444445 0.3796875 0.8291666666666667 0.37578125 0.825 0.37578125 0.8069444444444445 0.37265625 0.7833333333333333 0.37421875 0.7722222222222223 0.3734375 0.7444444444444445 0.37578125 0.7333333333333333 0.3875 0.7083333333333334 0.39453125 0.7013888888888888 0.42578125 0.6944444444444444
0 0.38125 0.19166666666666668 0.384375 0.19444444444444445 0.384375 0.2222222222222222 0.38046875 0.225 0.37734375 0.22361111111111112 0.371875 0.2125 0.3640625 0.20972222222222223 0.3640625 0.20416666666666666 0.36796875 0.19583333333333333 0.38046875 0.19166666666666668
0 0.32421875 0.6902777777777778 0.33125 0.7 0.35 0.7416666666666667 0.35546875 0.7611111111111111 0.35625 0.7722222222222223 0.36328125 0.8041666666666667 0.365625 0.8097222222222222 0.36875 0.8111111111111111 0.36640625 0.8152777777777778 0.3671875 0.8291666666666667 0.36640625 0.8319444444444445 0.34921875 0.8319444444444445 0.31484375 0.8388888888888889 0.30078125 0.8458333333333333 0.2921875 0.8541666666666666 0.28828125 0.8819444444444444 0.28203125 0.8930555555555556 0.27890625 0.9069444444444444 0.26875 0.925 0.2671875 0.9652777777777778 0.265625 0.9708333333333333 0.2578125 0.9666666666666667 0.25625 0.9555555555555556 0.25703125 0.9263888888888889 0.253125 0.9180555555555555 0.2484375 0.9180555555555555 0.24453125 0.9055555555555556 0.24296875 0.8583333333333333 0.2375 0.8166666666666667 0.2375 0.7944444444444444 0.23984375 0.7791666666666667 0.2390625 0.7541666666666667 0.2421875 0.7402777777777778 0.24296875 0.725 0.24609375 0.7180555555555556 0.24921875 0.6986111111111111 0.25546875 0.6916666666666667 0.27890625 0.6875 0.3234375 0.6902777777777778
0 0.2515625 0.5222222222222223 0.25546875 0.5263888888888889 0.2625 0.5430555555555555 0.26640625 0.5597222222222222 0.265625 0.5708333333333333 0.2578125 0.5652777777777778 0.24921875 0.5638888888888889 0.21875 0.5666666666666667 0.20859375 0.5722222222222222 0.203125 0.5833333333333334 0.19921875 0.5805555555555556 0.19765625 0.5708333333333333 0.1921875 0.5638888888888889 0.19140625 0.5583333333333333 0.20078125 0.55 0.2078125 0.5277777777777778 0.215625 0.5222222222222223 0.25078125 0.5222222222222223