3 0.3 0.35555555555555557 0.2984375 0.35 0.29921875 0.32222222222222224 0.29453125 0.30694444444444446 0.2953125 0.26666666666666666 0.3 0.2638888888888889 0.3453125 0.2638888888888889 0.3484375 0.2722222222222222 0.35 0.29305555555555557 0.35390625 0.30972222222222223 0.353125 0.325 0.35546875 0.3527777777777778 0.3515625 0.36944444444444446 0.3515625 0.4013888888888889 0.3453125 0.4 0.33984375 0.3763888888888889 0.33984375 0.3625 0.3359375 0.3527777777777778 0.31328125 0.35 0.30078125 0.3541666666666667
3 0.56953125 0.5055555555555555 0.58203125 0.5194444444444445 0.59609375 0.5291666666666667 0.61015625 0.55 0.6140625 0.5652777777777778 0.6140625 0.5902777777777778 0.6203125 0.6222222222222222 0.62109375 0.6527777777777778 0.61640625 0.6625 0.6015625 0.6652777777777777 0.59375 0.675 0.58515625 0.7097222222222223 0.5171875 0.7194444444444444 0.49140625 0.7194444444444444 0.490625 0.7166666666666667 0.48203125 0.6569444444444444 0.478125 0.6444444444444445 0.47578125 0.6194444444444445 0.47734375 0.5777777777777777 0.4828125 0.55 0.490625 0.5319444444444444 0.496875 0.5236111111111111 0.528125 0.5166666666666667 0.55390625 0.5055555555555555 0.56875 0.5055555555555555
3 0.1984375 0.2013888888888889 0.20859375 0.20277777777777778 0.23125 0.22083333333333333 0.23046875 0.23333333333333334 0.2234375 0.23055555555555557 0.21796875 0.24166666666666667 0.2046875 0.2388888888888889 0.1921875 0.24027777777777778 0.18984375 0.2375 0.18828125 0.23055555555555557 0.1890625 0.20694444444444443 0.19140625 0.20277777777777778 0.19765625 0.2013888888888889
3 0.628125 0.7138888888888889 0.678125 0.7805555555555556 0.69921875 0.8138888888888889 0.70625 0.8611111111111112 0.70625 0.8763888888888889 0.70390625 0.8819444444444444 0.70546875 0.8930555555555556 0.70390625 0.9 0.70390625 0.9236111111111112 0.709375 0.9375 0.715625 0.9625 0.71484375 0.9666666666666667 0.71875 0.9763888888888889 0.71953125 0.9944444444444445 0.71796875 0.9986111111111111 0.64765625 0.9944444444444445 0.63203125 0.9958333333333333 0.63046875 0.9986111111111111 0.5984375 0.9944444444444445 0.57578125 0.9958333333333333 0.57421875 0.9986111111111111 0.55703125 0.9986111111111111 0.553125 0.9958333333333333 0.54609375 0.9986111111111111 0.54375 0.9944444444444445 0.54453125 0.9847222222222223 0.54296875 0.9819444444444444 0.52578125 0.9833333333333333 0.52421875 0.9861111111111112 0.525 0.9888888888888889 0.5359375 0.9875 0.5390625 0.9902777777777778 0.53671875 0.9958333333333333 0.484375 0.9944444444444445 0.4796875 0.9875 0.47734375 0.9638888888888889 0.478125 0.925 0.475 0.9138888888888889 0.475 0.8986111111111111 0.471875 0.8944444444444445 0.4734375 0.8722222222222222 0.46640625 0.8694444444444445 0.465625 0.8555555555555555 0.459375 0.8458333333333333 0.459375 0.8375 0.46640625 0.8291666666666667 0.46640625 0.8236111111111111 0.47109375 0.8111111111111111 0.4703125 0.8041666666666667 0.4734375 0.7847222222222222 0.471875 0.7333333333333333 0.4765625 0.7277777777777777 0.49375 0.7236111111111111 0.5796875 0.7180555555555556 0.60390625 0.7125 0.62734375 0.7138888888888889
2 0.47890625 0.18055555555555555 0.47890625 0.19305555555555556 0.47734375 0.19722222222222222 0.475 0.19583333333333333 0.4734375 0.18611111111111112 0.475 0.18055555555555555 0.478125 0.18055555555555555
2 0.38671875 0.20555555555555555 0.39140625 0.2125 0.390625 0.225 0.38671875 0.225 0.38515625 0.2222222222222222 0.38671875 0.20694444444444443
2 0.407421875 0.2326388888888889 0.00859375 0.02361111111111111
2 0.34921875 0.2361111111111111 0.35078125 0.24861111111111112 0.3484375 0.2569444444444444 0.34453125 0.25555555555555554 0.3421875 0.24305555555555555 0.3453125 0.23472222222222222 0.3484375 0.2361111111111111
2 0.1484375 0.3013888888888889 0.15078125 0.30277777777777776 0.1515625 0.3111111111111111 0.15 0.33055555555555555 0.146875 0.3388888888888889 0.14140625 0.3375 0.13828125 0.31805555555555554 0.1421875 0.30277777777777776 0.14765625 0.3013888888888889
2 0.251171875 0.27291666666666664 0.01171875 0.02638888888888889
2 0.69765625 0.4708333333333333 0.70625 0.4722222222222222 0.71015625 0.48194444444444445 0.71171875 0.5 0.7109375 0.5194444444444445 0.70625 0.5402777777777777 0.70078125 0.5402777777777777 0.69296875 0.5347222222222222 0.6890625 0.5291666666666667 0.68671875 0.5166666666666667 0.6875 0.475 0.696875 0.4708333333333333
2 0.07109375 0.5777777777777777 0.0765625 0.5888888888888889 0.09140625 0.5958333333333333 0.0890625 0.6027777777777777 0.09296875 0.6430555555555556 0.08828125 0.6680555555555555 0.0859375 0.6722222222222223 0.0828125 0.6708333333333333 0.0796875 0.6541666666666667 0.07421875 0.6430555555555556 0.07421875 0.5902777777777778 0.0703125 0.5791666666666667
2 0.4703125 0.18888888888888888 0.47265625 0.19444444444444445 0.471875 0.20694444444444443 0.4703125 0.20972222222222223 0.46796875 0.20833333333333334 0.4671875 0.2 0.46953125 0.19027777777777777
2 0.36953125 0.20555555555555555 0.37265625 0.20555555555555555 0.37421875 0.2111111111111111 0.3734375 0.225 0.36953125 0.2263888888888889 0.36953125 0.20694444444444443
2 0.0796875 0.4305555555555556 0.08515625 0.4361111111111111 0.08828125 0.4486111111111111 0.0875 0.48194444444444445 0.08515625 0.4888888888888889 0.08125 0.49166666666666664 0.07421875 0.4888888888888889 0.06953125 0.4708333333333333 0.0703125 0.44166666666666665 0.0734375 0.43194444444444446 0.07890625 0.4305555555555556
2 0.17890625 0.24166666666666667 0.18515625 0.25 0.18515625 0.2638888888888889 0.1828125 0.26805555555555555 0.17265625 0.26666666666666666 0.17109375 0.2638888888888889 0.17265625 0.24722222222222223 0.178125 0.24166666666666667
2 0.421875 0.2569444444444444 0.425 0.25833333333333336 0.4265625 0.26666666666666666 0.42578125 0.2916666666666667 0.421875 0.2861111111111111 0.41953125 0.2652777777777778 0.42109375 0.25833333333333336
2 0.64140625 0.6305555555555555 0.659375 0.6388888888888888 0.66171875 0.6583333333333333 0.66015625 0.6638888888888889 0.63046875 0.6597222222222222 0.628125 0.6513888888888889 0.62890625 0.6333333333333333 0.6328125 0.6291666666666667 0.640625 0.6305555555555555
2 0.45625 0.17777777777777778 0.46015625 0.17777777777777778 0.4609375 0.18055555555555555 0.459375 0.19444444444444445 0.45625 0.19444444444444445 0.45625 0.17916666666666667
1 0.3640625 0.4486111111111111 0.36953125 0.4625 0.36875 0.4666666666666667 0.34453125 0.4708333333333333 0.34140625 0.4722222222222222 0.33671875 0.48055555555555557 0.32890625 0.5180555555555556 0.328125 0.5555555555555556 0.321875 0.5611111111111111 0.315625 0.5597222222222222 0.31015625 0.5416666666666666 0.31171875 0.5055555555555555 0.31640625 0.49166666666666664 0.315625 0.47638888888888886 0.31953125 0.45555555555555555 0.32421875 0.45 0.33828125 0.44722222222222224 0.35859375 0.44583333333333336 0.36328125 0.4486111111111111
1 0.09609375 0.2611111111111111 0.1125 0.26666666666666666 0.1171875 0.2722222222222222 0.11953125 0.28888888888888886 0.11875 0.3055555555555556 0.11640625 0.3194444444444444 0.1125 0.3236111111111111 0.09453125 0.3138888888888889 0.08203125 0.3138888888888889 0.0765625 0.30694444444444446 0.07734375 0.2875 0.08359375 0.26805555555555555 0.08828125 0.2625 0.0953125 0.2611111111111111
1 0.3921875 0.2388888888888889 0.396875 0.25 0.396875 0.25833333333333336 0.3921875 0.2625 0.38671875 0.275 0.371875 0.275 0.3703125 0.2722222222222222 0.36953125 0.25416666666666665 0.37734375 0.2375 0.39140625 0.2388888888888889
1 0.4125 0.17777777777777778 0.41484375 0.18194444444444444 0.415625 0.19583333333333333 0.4109375 0.2 0.4015625 0.19583333333333333 0.40078125 0.18888888888888888 0.40390625 0.17916666666666667 0.41171875 0.17777777777777778
1 0.41484375 0.2625 0.41796875 0.2638888888888889 0.42265625 0.2763888888888889 0.42421875 0.29444444444444445 0.42265625 0.3263888888888889 0.4 0.325 0.39453125 0.32916666666666666 0.39140625 0.3277777777777778 0.38984375 0.3194444444444444 0.390625 0.27361111111111114 0.3921875 0.26666666666666666 0.39921875 0.2625 0.4140625 0.2625
1 0.84453125 0.925 0.86640625 0.9416666666666667 0.87421875 0.9541666666666667 0.88359375 0.9583333333333334 0.896875 0.9805555555555555 0.8984375 0.9944444444444445 0.89375 0.9986111111111111 0.878125 0.9944444444444445 0.84453125 0.9944444444444445 0.84296875 0.9888888888888889 0.83671875 0.9888888888888889 0.834375 0.9944444444444445 0.83125 0.9888888888888889 0.82265625 0.9888888888888889 0.821875 0.9819444444444444 0.8171875 0.9819444444444444 0.81640625 0.9888888888888889 0.8015625 0.9958333333333333 0.7828125 0.9944444444444445 0.778125 0.9986111111111111 0.7734375 0.9958333333333333 0.734375 0.9986111111111111 0.73046875 0.9944444444444445 0.73046875 0.9902777777777778 0.7234375 0.9736111111111111 0.7234375 0.9680555555555556 0.734375 0.9625 0.73984375 0.9458333333333333 0.74765625 0.9319444444444445 0.778125 0.9236111111111112 0.79609375 0.9236111111111112 0.80234375 0.9263888888888889 0.84375 0.925
1 0.4609375 0.8486111111111111 0.46640625 0.8513888888888889 0.47265625 0.85 0.475 0.8541666666666666 0.47421875 0.8736111111111111 0.4765625 0.8986111111111111 0.4765625 0.9083333333333333 0.4734375 0.9138888888888889 0.4640625 0.9055555555555556 0.46484375 0.8902777777777777 0.46171875 0.8763888888888889 0.4625 0.8583333333333333 0.4609375 0.85
1 0.809375 0.5222222222222223 0.8234375 0.5263888888888889 0.8390625 0.5375 0.8484375 0.5513888888888889 0.85546875 0.5708333333333333 0.83671875 0.5638888888888889 0.76015625 0.5625 0.75859375 0.5527777777777778 0.76171875 0.5388888888888889 0.76484375 0.5291666666666667 0.76953125 0.5236111111111111 0.80859375 0.5222222222222223
1 0.30859375 0.8319444444444445 0.371875 0.8388888888888889 0.39921875 0.8472222222222222 0.4328125 0.8763888888888889 0.4546875 0.9055555555555556 0.475 0.9208333333333333 0.4765625 0.9319444444444445 0.4765625 0.975 0.47265625 0.9861111111111112 0.46796875 0.9916666666666667 0.459375 0.9958333333333333 0.45078125 0.9930555555555556 0.39453125 0.9986111111111111 0.38515625 0.9958333333333333 0.36875 0.9958333333333333 0.36640625 0.9986111111111111 0.3453125 0.9958333333333333 0.34140625 0.9916666666666667 0.3375 0.9930555555555556 0.334375 0.9819444444444444 0.328125 0.9847222222222223 0.33046875 0.9930555555555556 0.3171875 0.9972222222222222 0.3015625 0.9958333333333333 0.2953125 0.9986111111111111 0.29296875 0.9944444444444445 0.28984375 0.9944444444444445 0.28125 0.9958333333333333 0.2796875 0.9986111111111111 0.20546875 0.9986111111111111 0.20234375 0.9930555555555556 0.2015625 0.9361111111111111 0.20390625 0.9208333333333333 0.20859375 0.9041666666666667 0.225 0.8722222222222222 0.22578125 0.8583333333333333 0.22890625 0.85 0.25546875 0.8375 0.271875 0.8361111111111111 0.275 0.8333333333333334 0.3078125 0.8319444444444445
1 0.21484375 0.4236111111111111 0.22421875 0.42777777777777776 0.23125 0.4486111111111111 0.23125 0.45555555555555555 0.221875 0.4722222222222222 0.2171875 0.5111111111111111 0.18515625 0.5333333333333333 0.18046875 0.5319444444444444 0.17578125 0.5166666666666667 0.17421875 0.5013888888888889 0.17578125 0.4791666666666667 0.17265625 0.4625 0.1796875 0.4527777777777778 0.18203125 0.43333333333333335 0.1859375 0.425 0.2140625 0.4236111111111111
1 0.2296875 0.3611111111111111 0.23515625 0.37083333333333335 0.23515625 0.3763888888888889 0.20703125 0.37777777777777777 0.1953125 0.38333333333333336 0.1921875 0.3902777777777778 0.19296875 0.41805555555555557 0.18828125 0.41805555555555557 0.1875 0.4152777777777778 0.1875 0.4 0.18515625 0.3861111111111111 0.19453125 0.3597222222222222 0.22578125 0.35833333333333334 0.22890625 0.3611111111111111
1 0.2421875 0.275 0.2484375 0.29583333333333334 0.25078125 0.31527777777777777 0.25 0.3277777777777778 0.2453125 0.33611111111111114 0.24140625 0.33611111111111114 0.23671875 0.33055555555555555 0.23515625 0.3236111111111111 0.2359375 0.30694444444444446 0.23046875 0.2916666666666667 0.2125 0.2916666666666667 0.21484375 0.2847222222222222 0.2234375 0.275 0.24140625 0.275
1 0.27109375 0.3284722222222222 0.0359375 0.06527777777777778
1 0.3328125 0.3527777777777778 0.33984375 0.36527777777777776 0.3375 0.375 0.31171875 0.375 0.30703125 0.38055555555555554 0.303125 0.3972222222222222 0.29609375 0.40694444444444444 0.29296875 0.4041666666666667 0.2921875 0.38333333333333336 0.29765625 0.35833333333333334 0.3109375 0.3527777777777778 0.33203125 0.3527777777777778
1 0.98984375 0.6833333333333333 0.99921875 0.6861111111111111 0.99921875 0.8291666666666667 0.996875 0.8319444444444445 0.99921875 0.8361111111111111 0.99921875 0.8513888888888889 0.99375 0.8541666666666666 0.984375 0.8513888888888889 0.9703125 0.825 0.96875 0.7402777777777778 0.96328125 0.6986111111111111 0.96328125 0.6861111111111111 0.96484375 0.6847222222222222 0.9890625 0.6833333333333333
1 0.27734375 0.5986111111111111 0.284375 0.6013888888888889 0.28984375 0.6111111111111112 0.29609375 0.6319444444444444 0.30703125 0.6416666666666667 0.3078125 0.6472222222222223 0.30078125 0.6541666666666667 0.30390625 0.6708333333333333 0.30234375 0.6805555555555556 0.29921875 0.6847222222222222 0.26640625 0.6861111111111111 0.25234375 0.6902777777777778 0.234375 0.7222222222222222 0.23125 0.7402777777777778 0.228125 0.7458333333333333 0.22421875 0.7444444444444445 0.21953125 0.7180555555555556 0.21953125 0.6763888888888889 0.215625 0.65 0.22109375 0.6402777777777777 0.2234375 0.6263888888888889 0.2296875 0.6111111111111112 0.2359375 0.6027777777777777 0.24296875 0.6 0.2765625 0.5986111111111111
1 0.4 0.5194444444444445 0.40625 0.5222222222222223 0.4125 0.5319444444444444 0.42109375 0.5597222222222222 0.43125 0.5597222222222222 0.43359375 0.5638888888888889 0.4328125 0.5708333333333333 0.42734375 0.5763888888888888 0.43046875 0.6111111111111112 0.428125 0.6138888888888889 0.4203125 0.6055555555555555 0.415625 0.6041666666666666 0.371875 0.6069444444444444 0.36640625 0.6125 0.3609375 0.6291666666666667 0.35625 0.6347222222222222 0.34765625 0.6347222222222222 0.3453125 0.6319444444444444 0.3453125 0.6236111111111111 0.340625 0.6 0.34375 0.5541666666666667 0.34609375 0.5486111111111112 0.346875 0.5375 0.35703125 0.5194444444444445 0.38125 0.5166666666666667 0.39765625 0.5166666666666667 0.39921875 0.5194444444444445
1 0.41953125 0.6069444444444444 0.42890625 0.6166666666666667 0.4390625 0.6416666666666667 0.44765625 0.6430555555555556 0.45078125 0.6472222222222223 0.45078125 0.6513888888888889 0.44375 0.6611111111111111 0.44765625 0.6777777777777778 0.44765625 0.6930555555555555 0.44609375 0.6958333333333333 0.4203125 0.6958333333333333 0.390625 0.7027777777777777 0.37734375 0.7277777777777777 0.37265625 0.7444444444444445 0.36953125 0.7486111111111111 0.36640625 0.7430555555555556 0.36328125 0.7277777777777777 0.35546875 0.7138888888888889 0.35390625 0.6569444444444444 0.3578125 0.6361111111111111 0.36171875 0.6305555555555555 0.365625 0.6166666666666667 0.371875 0.6083333333333333 0.41875 0.6069444444444444
1 0.2625 0.5722222222222222 0.26640625 0.5791666666666667 0.26875 0.5972222222222222 0.24296875 0.5986111111111111 0.23359375 0.6027777777777777 0.22578125 0.6180555555555556 0.215625 0.6513888888888889 0.21875 0.675 0.21796875 0.6833333333333333 0.20703125 0.6861111111111111 0.20078125 0.6819444444444445 0.1953125 0.6625 0.1953125 0.6152777777777778 0.19140625 0.6097222222222223 0.19140625 0.6055555555555555 0.19765625 0.5986111111111111 0.2015625 0.575 0.2109375 0.5652777777777778 0.2296875 0.5611111111111111 0.25546875 0.5611111111111111 0.26171875 0.5722222222222222
1 0.33828125 0.21666666666666667 0.34296875 0.22777777777777777 0.34140625 0.24444444444444444 0.3390625 0.24861111111111112 0.3328125 0.25 0.31640625 0.25 0.31484375 0.24722222222222223 0.31484375 0.2361111111111111 0.3171875 0.225 0.3203125 0.22083333333333333 0.3375 0.21666666666666667
1 0.321875 0.3972222222222222 0.33046875 0.4 0.3390625 0.4 0.34140625 0.3972222222222222 0.3453125 0.4152777777777778 0.31015625 0.41944444444444445 0.30390625 0.4361111111111111 0.30078125 0.4638888888888889 0.30078125 0.4847222222222222 0.29609375 0.49444444444444446 0.29140625 0.49027777777777776 0.28828125 0.475 0.2875 0.4263888888888889 0.2953125 0.4083333333333333 0.30234375 0.39861111111111114 0.31171875 0.4 0.32109375 0.3972222222222222
1 0.23046875 0.28888888888888886 0.2359375 0.2972222222222222 0.240625 0.31527777777777777 0.24453125 0.30833333333333335 0.24609375 0.31527777777777777 0.24296875 0.3277777777777778 0.234375 0.3333333333333333 0.22265625 0.30694444444444446 0.21796875 0.30416666666666664 0.2015625 0.30694444444444446 0.209375 0.29305555555555557 0.2296875 0.28888888888888886
1 0.3453125 0.4166666666666667 0.3515625 0.425 0.35546875 0.4388888888888889 0.346875 0.44583333333333336 0.3234375 0.45 0.31875 0.45694444444444443 0.31640625 0.4666666666666667 0.31640625 0.49166666666666664 0.30859375 0.525 0.30234375 0.5222222222222223 0.3 0.49583333333333335 0.30234375 0.48194444444444445 0.303125 0.4444444444444444 0.30703125 0.4263888888888889 0.31640625 0.41805555555555557 0.34453125 0.4166666666666667
1 0.99921875 0.38333333333333336 0.99921875 0.45416666666666666 0.99140625 0.4652777777777778 0.9859375 0.46111111111111114 0.9828125 0.44583333333333336 0.98125 0.39305555555555555 0.984375 0.38472222222222224 0.9984375 0.38333333333333336
1 0.41953125 0.17777777777777778 0.4296875 0.175 0.4328125 0.17777777777777778 0.43359375 0.18611111111111112 0.43359375 0.19166666666666668 0.43046875 0.1986111111111111 0.42109375 0.2 0.41875 0.19444444444444445 0.41953125 0.17916666666666667
1 0.2234375 0.30833333333333335 0.23125 0.325 0.23359375 0.3416666666666667 0.23046875 0.3416666666666667 0.22421875 0.33194444444444443 0.20703125 0.33194444444444443 0.20078125 0.33611111111111114 0.19609375 0.34444444444444444 0.19296875 0.3402777777777778 0.19609375 0.3138888888888889 0.203125 0.30694444444444446 0.21796875 0.3055555555555556 0.22265625 0.30833333333333335
1 0.26015625 0.45694444444444443 0.26875 0.4625 0.2765625 0.49027777777777776 0.28515625 0.4986111111111111 0.28515625 0.5027777777777778 0.28125 0.5097222222222222 0.284375 0.5458333333333333 0.284375 0.5680555555555555 0.28203125 0.5736111111111111 0.2734375 0.5736111111111111 0.26796875 0.5694444444444444 0.26484375 0.5583333333333333 0.2640625 0.5430555555555555 0.25234375 0.5138888888888888 0.24765625 0.5111111111111111 0.2203125 0.5097222222222222 0.2234375 0.4708333333333333 0.22734375 0.4625 0.2421875 0.45555555555555555 0.259375 0.45694444444444443
1 0.328125 0.3736111111111111 0.3375 0.375 0.3421875 0.3861111111111111 0.34453125 0.39861111111111114 0.3515625 0.4083333333333333 0.34609375 0.41805555555555557 0.33828125 0.4152777777777778 0.3375 0.4125 0.33984375 0.40694444444444444 0.334375 0.4013888888888889 0.32265625 0.3972222222222222 0.30703125 0.4 0.303125 0.3972222222222222 0.30625 0.3819444444444444 0.309375 0.3763888888888889 0.32734375 0.3736111111111111
1 0.2234375 0.33194444444444443 0.23046875 0.3402777777777778 0.2390625 0.35833333333333334 0.2421875 0.36666666666666664 0.240625 0.37222222222222223 0.23671875 0.37222222222222223 0.228125 0.3597222222222222 0.2203125 0.35694444444444445 0.2 0.35833333333333334 0.19375 0.3611111111111111 0.1890625 0.36944444444444446 0.18828125 0.3625 0.19296875 0.35555555555555557 0.19453125 0.34444444444444444 0.19921875 0.3375 0.203125 0.3333333333333333 0.22265625 0.33194444444444443
1 0.5796875 0.44166666666666665 0.58828125 0.44722222222222224 0.5953125 0.4597222222222222 0.60234375 0.4666666666666667 0.6046875 0.5194444444444445 0.6 0.5277777777777778 0.5828125 0.5180555555555556 0.5703125 0.5041666666666667 0.55546875 0.5041666666666667 0.53671875 0.5111111111111111 0.53125 0.5111111111111111 0.5296875 0.5069444444444444 0.5296875 0.4736111111111111 0.534375 0.45694444444444443 0.53984375 0.45416666666666666 0.54609375 0.44166666666666665 0.55 0.4388888888888889 0.57890625 0.44166666666666665
1 0.29375 0.3138888888888889 0.29765625 0.31805555555555554 0.3 0.3263888888888889 0.29765625 0.3416666666666667 0.29765625 0.35694444444444445 0.29375 0.3736111111111111 0.27890625 0.3736111111111111 0.27578125 0.36944444444444446 0.27578125 0.35138888888888886 0.28046875 0.32222222222222224 0.28828125 0.3125 0.29296875 0.3138888888888889
1 0.75859375 0.7916666666666666 0.80078125 0.8416666666666667 0.81171875 0.8666666666666667 0.8234375 0.9027777777777778 0.83203125 0.9194444444444444 0.83203125 0.9236111111111112 0.8 0.925 0.796875 0.9222222222222223 0.77578125 0.9222222222222223 0.75625 0.9263888888888889 0.74609375 0.9319444444444445 0.73359375 0.9583333333333334 0.7234375 0.9611111111111111 0.71640625 0.9597222222222223 0.70546875 0.925 0.70390625 0.9055555555555556 0.70546875 0.8972222222222223 0.7046875 0.8819444444444444 0.70703125 0.8736111111111111 0.7015625 0.8194444444444444 0.6890625 0.7930555555555555 0.69765625 0.7888888888888889 0.721875 0.7875 0.7546875 0.7888888888888889 0.7578125 0.7916666666666666
1 0.24765625 0.5125 0.253125 0.5166666666666667 0.2625 0.5388888888888889 0.26640625 0.5666666666666667 0.265625 0.5722222222222222 0.26171875 0.5708333333333333 0.2578125 0.5625 0.25234375 0.5597222222222222 0.22109375 0.5611111111111111 0.203125 0.5680555555555555 0.1921875 0.5583333333333333 0.19140625 0.5527777777777778 0.2 0.5472222222222223 0.2046875 0.5263888888888889 0.2109375 0.5166666666666667 0.21796875 0.5125 0.246875 0.5125
1 0.3265625 0.18888888888888888 0.028125 0.025
1 0.478125 0.15416666666666667 0.4796875 0.15694444444444444 0.4796875 0.16666666666666666 0.47734375 0.17083333333333334 0.46640625 0.16944444444444445 0.46875 0.15555555555555556 0.47734375 0.15416666666666667
1 0.38125 0.46944444444444444 0.38671875 0.4736111111111111 0.40234375 0.5069444444444444 0.4078125 0.5083333333333333 0.409375 0.5180555555555556 0.4 0.5194444444444445 0.39609375 0.5152777777777777 0.3828125 0.5152777777777777 0.353125 0.5208333333333334 0.34609375 0.5402777777777777 0.33828125 0.5930555555555556 0.33046875 0.5861111111111111 0.32890625 0.5486111111111112 0.32890625 0.5222222222222223 0.3375 0.48055555555555557 0.34453125 0.4722222222222222 0.38046875 0.46944444444444444
1 0.44296875 0.1986111111111111 0.44609375 0.2 0.44921875 0.20694444444444443 0.45 0.23055555555555557 0.44765625 0.23333333333333334 0.42734375 0.23055555555555557 0.42890625 0.20694444444444443 0.43515625 0.1986111111111111 0.4421875 0.1986111111111111
1 0.66328125 0.6652777777777777 0.6921875 0.6916666666666667 0.70234375 0.7111111111111111 0.71484375 0.7472222222222222 0.71640625 0.7486111111111111 0.7234375 0.7402777777777778 0.728125 0.7402777777777778 0.73046875 0.7444444444444445 0.73046875 0.7583333333333333 0.721875 0.7652777777777777 0.72578125 0.7833333333333333 0.69453125 0.7875 0.68671875 0.7875 0.68125 0.7833333333333333 0.6578125 0.7541666666666667 0.6296875 0.7125 0.62421875 0.7097222222222223 0.58828125 0.7125 0.58828125 0.7013888888888888 0.5921875 0.6819444444444445 0.6015625 0.6666666666666666 0.61328125 0.6666666666666666 0.62421875 0.6625 0.6625 0.6652777777777777
1 0.4421875 0.16944444444444445 0.4484375 0.175 0.44921875 0.18888888888888888 0.446875 0.19166666666666668 0.434375 0.19027777777777777 0.43515625 0.1736111111111111 0.44140625 0.17083333333333334
1 0.459375 0.26944444444444443 0.46640625 0.2722222222222222 0.4703125 0.28194444444444444 0.4734375 0.3055555555555556 0.4734375 0.32083333333333336 0.47109375 0.3277777777777778 0.46015625 0.325 0.4421875 0.3263888888888889 0.4390625 0.32083333333333336 0.44140625 0.2875 0.44453125 0.2722222222222222 0.44921875 0.26805555555555555 0.45859375 0.26944444444444443
1 0.4390625 0.6972222222222222 0.4484375 0.6986111111111111 0.4578125 0.7097222222222223 0.46953125 0.7472222222222222 0.471875 0.7680555555555556 0.47109375 0.7944444444444444 0.4640625 0.8166666666666667 0.4640625 0.8222222222222222 0.45703125 0.8375 0.45703125 0.8486111111111111 0.46171875 0.8555555555555555 0.46171875 0.8638888888888889 0.459375 0.8680555555555556 0.45078125 0.8694444444444445 0.428125 0.8680555555555556 0.40625 0.8486111111111111 0.384375 0.8388888888888889 0.378125 0.8333333333333334 0.37421875 0.8236111111111111 0.37265625 0.7583333333333333 0.37578125 0.7388888888888889 0.38671875 0.7125 0.390625 0.7055555555555556 0.3953125 0.7027777777777777 0.43828125 0.6972222222222222
1 0.3875 0.18333333333333332 0.390625 0.19166666666666668 0.38984375 0.20277777777777778 0.3796875 0.2152777777777778 0.3765625 0.21388888888888888 0.3703125 0.20277777777777778 0.37109375 0.18472222222222223 0.37421875 0.18194444444444444 0.38671875 0.18333333333333332
0 0.83125 0.5638888888888889 0.84375 0.5666666666666667 0.8734375 0.5833333333333334 0.9 0.5875 0.91796875 0.6027777777777777 0.91953125 0.6125 0.92265625 0.6180555555555556 0.94296875 0.6347222222222222 0.953125 0.6513888888888889 0.9609375 0.6819444444444445 0.9640625 0.7236111111111111 0.9671875 0.7416666666666667 0.96875 0.8777777777777778 0.96796875 0.8861111111111111 0.965625 0.8902777777777777 0.95 0.8972222222222223 0.9421875 0.8958333333333334 0.9390625 0.8916666666666667 0.92734375 0.8902777777777777 0.8484375 0.8888888888888888 0.84296875 0.8861111111111111 0.8390625 0.8861111111111111 0.83359375 0.8944444444444445 0.82421875 0.8930555555555556 0.81953125 0.8791666666666667 0.8171875 0.8611111111111112 0.8140625 0.8541666666666666 0.77265625 0.8013888888888889 0.76328125 0.7930555555555555 0.75703125 0.7819444444444444 0.75234375 0.7791666666666667 0.7453125 0.7652777777777777 0.74609375 0.6166666666666667 0.7546875 0.5680555555555555 0.7578125 0.5638888888888889 0.83046875 0.5638888888888889
0 0.39375 0.16111111111111112 0.39609375 0.175 0.39609375 0.19166666666666668 0.39453125 0.19444444444444445 0.3890625 0.19305555555555556 0.38671875 0.18472222222222223 0.38046875 0.1763888888888889 0.38046875 0.1638888888888889 0.3828125 0.15833333333333333 0.39296875 0.16111111111111112