3 0.59140625 0.5236111111111111 0.60078125 0.5347222222222222 0.61796875 0.5472222222222223 0.63671875 0.5736111111111111 0.63828125 0.6 0.646875 0.6347222222222222 0.65 0.6611111111111111 0.653125 0.6652777777777777 0.653125 0.6736111111111112 0.65546875 0.6722222222222223 0.65546875 0.6625 0.6578125 0.6541666666666667 0.66484375 0.6527777777777778 0.66640625 0.6597222222222222 0.665625 0.6805555555555556 0.66328125 0.6833333333333333 0.653125 0.6833333333333333 0.640625 0.6902777777777778 0.6265625 0.6902777777777778 0.6203125 0.6972222222222222 0.61171875 0.7194444444444444 0.609375 0.7375 0.6015625 0.7541666666666667 0.6 0.7763888888888889 0.5953125 0.7861111111111111 0.5609375 0.7861111111111111 0.55703125 0.7847222222222222 0.546875 0.7722222222222223 0.52265625 0.7666666666666667 0.51171875 0.7680555555555556 0.5046875 0.7625 0.5015625 0.7527777777777778 0.50078125 0.7069444444444445 0.4953125 0.6916666666666667 0.49453125 0.6680555555555555 0.490625 0.6388888888888888 0.490625 0.6166666666666667 0.4859375 0.6 0.48671875 0.5930555555555556 0.49140625 0.5888888888888889 0.4953125 0.5791666666666667 0.49921875 0.5625 0.5109375 0.5444444444444444 0.54453125 0.5347222222222222 0.55703125 0.5263888888888889 0.590625 0.5236111111111111
3 0.34921875 0.2902777777777778 0.3515625 0.29583333333333334 0.35078125 0.31527777777777777 0.35390625 0.35694444444444445 0.3515625 0.3763888888888889 0.35234375 0.3972222222222222 0.35 0.4013888888888889 0.3484375 0.4013888888888889 0.34765625 0.3888888888888889 0.3421875 0.36527777777777776 0.334375 0.3527777777777778 0.31171875 0.3541666666666667 0.3 0.3611111111111111 0.29765625 0.35138888888888886 0.2984375 0.3277777777777778 0.29609375 0.3125 0.29609375 0.29583333333333334 0.29921875 0.29305555555555557 0.3484375 0.2902777777777778
3 0.05859375 0.17777777777777778 0.06875 0.17777777777777778 0.08046875 0.1875 0.08515625 0.20972222222222223 0.0875 0.24722222222222223 0.08125 0.25972222222222224 0.078125 0.2611111111111111 0.05703125 0.25416666666666665 0.059375 0.22777777777777777 0.05859375 0.17916666666666667
3 0.4390625 0.3875 0.44921875 0.4027777777777778 0.45546875 0.43472222222222223 0.45390625 0.4375 0.4140625 0.43472222222222223 0.40546875 0.45416666666666666 0.39921875 0.4527777777777778 0.396875 0.4388888888888889 0.396875 0.40694444444444444 0.4046875 0.3958333333333333 0.41875 0.3958333333333333 0.4296875 0.39166666666666666 0.4328125 0.3875 0.43828125 0.3875
3 0.209375 0.20277777777777778 0.21328125 0.20833333333333334 0.23125 0.21944444444444444 0.22578125 0.2388888888888889 0.22265625 0.24166666666666667 0.21171875 0.24166666666666667 0.2078125 0.2375 0.19921875 0.2361111111111111 0.19296875 0.2263888888888889 0.19375 0.20416666666666666 0.20859375 0.20277777777777778
3 0.42421875 0.3472222222222222 0.42890625 0.35 0.43203125 0.35694444444444445 0.4359375 0.3861111111111111 0.4296875 0.39444444444444443 0.40703125 0.4 0.39609375 0.4111111111111111 0.39765625 0.44027777777777777 0.40078125 0.45416666666666666 0.396875 0.4583333333333333 0.39609375 0.46944444444444444 0.39375 0.4736111111111111 0.3890625 0.4708333333333333 0.38671875 0.4597222222222222 0.38359375 0.39166666666666666 0.38515625 0.38055555555555554 0.384375 0.3541666666666667 0.38984375 0.35 0.4234375 0.3472222222222222
3 0.49375 0.30277777777777776 0.49765625 0.30694444444444446 0.5171875 0.3111111111111111 0.5234375 0.31527777777777777 0.52734375 0.34305555555555556 0.52734375 0.3680555555555556 0.52578125 0.38055555555555554 0.52265625 0.3875 0.50625 0.38055555555555554 0.49921875 0.38055555555555554 0.490625 0.3875 0.48046875 0.38055555555555554 0.475 0.3527777777777778 0.47734375 0.3111111111111111 0.4796875 0.30416666666666664 0.49296875 0.30277777777777776
2 0.18046875 0.24166666666666667 0.184375 0.25416666666666665 0.184375 0.2625 0.18203125 0.26805555555555555 0.17421875 0.26805555555555555 0.171875 0.2625 0.175 0.24305555555555555 0.1796875 0.24166666666666667
2 0.40703125 0.2111111111111111 0.40546875 0.20555555555555555 0.40703125 0.1986111111111111 0.4125 0.2013888888888889 0.41171875 0.2111111111111111 0.4078125 0.2111111111111111
2 0.46171875 0.2388888888888889 0.4625 0.25555555555555554 0.4609375 0.2611111111111111 0.45703125 0.25972222222222224 0.4546875 0.24722222222222223 0.45625 0.2375 0.4609375 0.2388888888888889
2 0.815625 0.7083333333333334 0.82421875 0.7125 0.84140625 0.6958333333333333 0.846875 0.6986111111111111 0.85 0.7444444444444445 0.846875 0.7666666666666667 0.84609375 0.7902777777777777 0.84140625 0.8 0.83671875 0.7986111111111112 0.8171875 0.7791666666666667 0.81015625 0.7361111111111112 0.81171875 0.7138888888888889 0.81484375 0.7083333333333334
2 0.846875 0.7055555555555556 0.84765625 0.7013888888888888 0.84140625 0.6833333333333333 0.8375 0.6638888888888889 0.83828125 0.6569444444444444 0.859375 0.6513888888888889 0.86171875 0.6569444444444444 0.86015625 0.6652777777777777 0.86015625 0.7180555555555556 0.8578125 0.7375 0.85390625 0.7444444444444445 0.85078125 0.7430555555555556 0.84765625 0.7069444444444445
2 0.5890625 0.48055555555555557 0.59296875 0.4875 0.5921875 0.5222222222222223 0.5765625 0.5222222222222223 0.5734375 0.5208333333333334 0.57109375 0.5152777777777777 0.575 0.5013888888888889 0.57421875 0.4875 0.58828125 0.48055555555555557
2 0.31015625 0.22777777777777777 0.31328125 0.23055555555555557 0.3140625 0.24305555555555555 0.31171875 0.24583333333333332 0.3078125 0.24305555555555555 0.30703125 0.23194444444444445 0.309375 0.22916666666666666
2 0.13671875 0.30972222222222223 0.14140625 0.30833333333333335 0.14375 0.3111111111111111 0.1453125 0.32916666666666666 0.14375 0.34305555555555556 0.1390625 0.34444444444444444 0.13515625 0.3402777777777778 0.134375 0.32083333333333336 0.13671875 0.3111111111111111
2 0.7234375 0.5388888888888889 0.728125 0.5444444444444444 0.73125 0.5666666666666667 0.73125 0.5930555555555556 0.728125 0.6069444444444444 0.725 0.6125 0.71015625 0.6083333333333333 0.703125 0.5833333333333334 0.703125 0.5708333333333333 0.70625 0.5597222222222222 0.7171875 0.5402777777777777 0.72265625 0.5388888888888889
1 0.47734375 0.2125 0.484375 0.21944444444444444 0.48515625 0.23194444444444445 0.484375 0.2388888888888889 0.478125 0.24166666666666667 0.4671875 0.24027777777777778 0.4640625 0.23472222222222222 0.465625 0.21805555555555556 0.46875 0.21388888888888888 0.4765625 0.2125
1 0.4078125 0.3194444444444444 0.41484375 0.3277777777777778 0.415625 0.34305555555555556 0.40859375 0.3486111111111111 0.38671875 0.35 0.384375 0.3541666666666667 0.38359375 0.39166666666666666 0.38203125 0.4013888888888889 0.3796875 0.4027777777777778 0.37265625 0.39444444444444443 0.371875 0.3875 0.371875 0.34305555555555556 0.3734375 0.33055555555555555 0.38125 0.32083333333333336 0.40703125 0.3194444444444444
1 0.7015625 0.8416666666666667 0.74296875 0.8472222222222222 0.77265625 0.8569444444444444 0.83046875 0.9138888888888889 0.8765625 0.9375 0.890625 0.9555555555555556 0.8953125 0.9736111111111111 0.8953125 0.9847222222222223 0.89296875 0.9888888888888889 0.8859375 0.9875 0.88125 0.9930555555555556 0.875 0.9944444444444445 0.86484375 0.9875 0.84453125 0.9847222222222223 0.8359375 0.9916666666666667 0.825 0.9916666666666667 0.82265625 0.9944444444444445 0.78515625 0.9916666666666667 0.77421875 0.9958333333333333 0.74921875 0.9944444444444445 0.728125 0.9958333333333333 0.725 0.9986111111111111 0.7046875 0.9986111111111111 0.6828125 0.9875 0.6734375 0.9875 0.659375 0.9944444444444445 0.64765625 0.9944444444444445 0.65 0.9888888888888889 0.646875 0.9819444444444444 0.64375 0.9805555555555555 0.63359375 0.9805555555555555 0.63046875 0.9861111111111112 0.62265625 0.9861111111111112 0.6203125 0.9888888888888889 0.615625 0.9861111111111112 0.60859375 0.9902777777777778 0.60234375 0.9805555555555555 0.59375 0.9805555555555555 0.59140625 0.9777777777777777 0.58125 0.9833333333333333 0.59140625 0.9902777777777778 0.5890625 0.9986111111111111 0.5625 0.9986111111111111 0.56171875 0.9958333333333333 0.5625 0.9861111111111112 0.5671875 0.9833333333333333 0.5640625 0.9819444444444444 0.56171875 0.9708333333333333 0.56171875 0.9430555555555555 0.56484375 0.9180555555555555 0.58203125 0.8833333333333333 0.58125 0.8666666666666667 0.58671875 0.8527777777777777 0.60625 0.8416666666666667 0.63359375 0.8375 0.70078125 0.8416666666666667
1 0.21328125 0.2847222222222222 0.22265625 0.2791666666666667 0.240625 0.28194444444444444 0.2453125 0.28888888888888886 0.246875 0.29583333333333334 0.2484375 0.30833333333333335 0.246875 0.3138888888888889 0.24921875 0.325 0.24453125 0.3375 0.23828125 0.3375 0.234375 0.3277777777777778 0.2359375 0.30833333333333335 0.23359375 0.2972222222222222 0.22734375 0.2902777777777778 0.21484375 0.2916666666666667 0.2125 0.2902777777777778 0.21328125 0.2861111111111111
1 0.475 0.19027777777777777 0.47890625 0.19027777777777777 0.48515625 0.1986111111111111 0.484375 0.20833333333333334 0.4859375 0.2111111111111111 0.48515625 0.21666666666666667 0.47890625 0.2125 0.4671875 0.21388888888888888 0.465625 0.20694444444444443 0.46640625 0.1986111111111111 0.4703125 0.19305555555555556 0.475 0.19166666666666668
1 0.23359375 0.44305555555555554 0.240625 0.45555555555555555 0.240625 0.4625 0.2296875 0.4666666666666667 0.22578125 0.4722222222222222 0.21953125 0.5013888888888889 0.21953125 0.5152777777777777 0.20546875 0.5305555555555556 0.2 0.5444444444444444 0.19453125 0.5472222222222223 0.1890625 0.5458333333333333 0.18828125 0.5402777777777777 0.184375 0.5361111111111111 0.18203125 0.5208333333333334 0.18125 0.4722222222222222 0.1859375 0.4638888888888889 0.1890625 0.45 0.19375 0.44027777777777777 0.196875 0.4388888888888889 0.2296875 0.44027777777777777 0.2328125 0.44305555555555554
1 0.3640625 0.46805555555555556 0.38203125 0.4736111111111111 0.3890625 0.4875 0.390625 0.49583333333333335 0.3546875 0.5027777777777778 0.35078125 0.5111111111111111 0.34765625 0.5430555555555555 0.34296875 0.55 0.34453125 0.5708333333333333 0.33984375 0.5861111111111111 0.33515625 0.5916666666666667 0.3296875 0.5916666666666667 0.328125 0.5805555555555556 0.321875 0.5763888888888888 0.3203125 0.5722222222222222 0.321875 0.5180555555555556 0.32578125 0.49583333333333335 0.33671875 0.475 0.36328125 0.46805555555555556
1 0.394140625 0.21597222222222223 0.02265625 0.0375
1 0.2828125 0.2972222222222222 0.28984375 0.30694444444444446 0.29140625 0.31527777777777777 0.28359375 0.3236111111111111 0.28125 0.3472222222222222 0.278125 0.3597222222222222 0.25703125 0.35833333333333334 0.2546875 0.35 0.25390625 0.3194444444444444 0.26015625 0.30277777777777776 0.265625 0.2972222222222222 0.28203125 0.2972222222222222
1 0.23046875 0.2902777777777778 0.23515625 0.3 0.2359375 0.32916666666666666 0.23046875 0.3263888888888889 0.22734375 0.3138888888888889 0.22109375 0.3055555555555556 0.20390625 0.30416666666666664 0.20625 0.29583333333333334 0.21171875 0.2916666666666667 0.2296875 0.2902777777777778
1 0.28828125 0.6125 0.29375 0.6208333333333333 0.303125 0.65 0.31484375 0.6555555555555556 0.31328125 0.6625 0.30546875 0.6680555555555555 0.30625 0.6847222222222222 0.2671875 0.6861111111111111 0.253125 0.6902777777777778 0.24453125 0.6986111111111111 0.234375 0.7208333333333333 0.23203125 0.7277777777777777 0.23125 0.7402777777777778 0.22734375 0.75 0.2234375 0.7458333333333333 0.221875 0.7291666666666666 0.22265625 0.6875 0.22109375 0.6680555555555555 0.2234375 0.65 0.23046875 0.6291666666666667 0.23515625 0.6194444444444445 0.2453125 0.6138888888888889 0.2875 0.6125
1 0.43671875 0.6347222222222222 0.44375 0.6430555555555556 0.45625 0.675 0.46328125 0.6736111111111112 0.4671875 0.6777777777777778 0.46484375 0.6847222222222222 0.459375 0.6902777777777778 0.46328125 0.7180555555555556 0.46015625 0.7166666666666667 0.45234375 0.7027777777777777 0.4421875 0.6972222222222222 0.403125 0.7 0.3921875 0.7069444444444445 0.384375 0.7194444444444444 0.37578125 0.7402777777777778 0.3734375 0.7541666666666667 0.36953125 0.75 0.36796875 0.7430555555555556 0.36640625 0.7180555555555556 0.3671875 0.6958333333333333 0.365625 0.6861111111111111 0.378125 0.6444444444444445 0.384375 0.6375 0.39453125 0.6347222222222222 0.4359375 0.6347222222222222
1 0.25859375 0.5666666666666667 0.26484375 0.5722222222222222 0.26796875 0.5791666666666667 0.275 0.6083333333333333 0.27265625 0.6111111111111112 0.24453125 0.6125 0.23359375 0.6194444444444445 0.2234375 0.6486111111111111 0.2234375 0.6569444444444444 0.21953125 0.6638888888888889 0.2203125 0.6888888888888889 0.20703125 0.6944444444444444 0.203125 0.6944444444444444 0.20078125 0.6888888888888889 0.19609375 0.6625 0.19609375 0.6236111111111111 0.1921875 0.6125 0.2 0.5986111111111111 0.203125 0.5819444444444445 0.20859375 0.5736111111111111 0.21484375 0.5694444444444444 0.2390625 0.5652777777777778 0.2578125 0.5666666666666667
1 0.3171875 0.24722222222222223 0.31953125 0.2513888888888889 0.31953125 0.2611111111111111 0.31640625 0.26666666666666666 0.31640625 0.2722222222222222 0.30390625 0.2791666666666667 0.29609375 0.2791666666666667 0.29296875 0.2722222222222222 0.29296875 0.2625 0.296875 0.2513888888888889 0.30703125 0.24583333333333332 0.31640625 0.24722222222222223
1 0.21875 0.30416666666666664 0.228125 0.3125 0.234375 0.33055555555555555 0.234375 0.34305555555555556 0.22421875 0.33055555555555555 0.209375 0.33194444444444443 0.20234375 0.3347222222222222 0.19609375 0.34305555555555556 0.19375 0.3416666666666667 0.1953125 0.3194444444444444 0.19921875 0.30972222222222223 0.203125 0.30416666666666664 0.21796875 0.30416666666666664
1 0.3296875 0.425 0.35 0.42777777777777776 0.35703125 0.4375 0.36171875 0.45416666666666666 0.36953125 0.4597222222222222 0.36953125 0.4625 0.36484375 0.46805555555555556 0.35390625 0.46805555555555556 0.33671875 0.475 0.32578125 0.49722222222222223 0.31953125 0.5305555555555556 0.3140625 0.5347222222222222 0.31015625 0.5347222222222222 0.30546875 0.5208333333333334 0.303125 0.4666666666666667 0.30703125 0.4583333333333333 0.309375 0.4388888888888889 0.31328125 0.4305555555555556 0.32890625 0.425
1 0.22109375 0.3333333333333333 0.22734375 0.33611111111111114 0.234375 0.3472222222222222 0.23984375 0.3486111111111111 0.2375 0.35833333333333334 0.23828125 0.36527777777777776 0.20234375 0.37083333333333335 0.19921875 0.37777777777777777 0.1984375 0.3861111111111111 0.1921875 0.39444444444444443 0.1890625 0.3527777777777778 0.2015625 0.3375 0.2203125 0.3333333333333333
1 0.25390625 0.4638888888888889 0.2703125 0.46805555555555556 0.2734375 0.4736111111111111 0.28046875 0.5013888888888889 0.2828125 0.5055555555555555 0.2875 0.5041666666666667 0.28984375 0.5069444444444444 0.28984375 0.5125 0.28515625 0.5180555555555556 0.28828125 0.5638888888888889 0.2875 0.5805555555555556 0.2859375 0.5861111111111111 0.2796875 0.5888888888888889 0.271875 0.5847222222222223 0.2671875 0.5694444444444444 0.26484375 0.5486111111111112 0.2546875 0.5236111111111111 0.25078125 0.5208333333333334 0.22578125 0.5208333333333334 0.221875 0.5180555555555556 0.2234375 0.4875 0.22890625 0.46944444444444444 0.253125 0.4638888888888889
1 0.30390625 0.4013888888888889 0.30703125 0.38472222222222224 0.3109375 0.37777777777777777 0.315625 0.3763888888888889 0.33359375 0.3763888888888889 0.33984375 0.37916666666666665 0.34765625 0.4027777777777778 0.353125 0.4097222222222222 0.35234375 0.42083333333333334 0.34609375 0.425 0.34140625 0.4236111111111111 0.34140625 0.4097222222222222 0.33515625 0.4027777777777778 0.3046875 0.4013888888888889
1 0.44140625 0.4361111111111111 0.45546875 0.44305555555555554 0.46171875 0.4527777777777778 0.4671875 0.46944444444444444 0.47421875 0.46944444444444444 0.475 0.475 0.4703125 0.48333333333333334 0.4734375 0.5083333333333333 0.4671875 0.5138888888888888 0.46328125 0.5125 0.45390625 0.5166666666666667 0.43828125 0.5472222222222223 0.4296875 0.5402777777777777 0.42109375 0.5388888888888889 0.4171875 0.5236111111111111 0.409375 0.5083333333333333 0.4 0.49722222222222223 0.3984375 0.4875 0.40234375 0.475 0.40234375 0.4625 0.4109375 0.44027777777777777 0.41640625 0.4361111111111111 0.440625 0.4361111111111111
1 0.33671875 0.35555555555555557 0.3421875 0.3638888888888889 0.3453125 0.37916666666666665 0.3453125 0.39444444444444443 0.34140625 0.3819444444444444 0.33671875 0.3763888888888889 0.31328125 0.3763888888888889 0.3078125 0.38333333333333336 0.30390625 0.4 0.29609375 0.4125 0.29296875 0.40694444444444444 0.29296875 0.39166666666666666 0.29921875 0.3597222222222222 0.3078125 0.35555555555555557 0.3359375 0.35555555555555557
1 0.2828125 0.3236111111111111 0.290625 0.31666666666666665 0.29296875 0.31666666666666665 0.29609375 0.32222222222222224 0.29765625 0.35833333333333334 0.296875 0.3680555555555556 0.29375 0.3763888888888889 0.2859375 0.37777777777777777 0.27890625 0.37222222222222223 0.278125 0.3597222222222222 0.28125 0.35138888888888886 0.2828125 0.325
1 0.2484375 0.37083333333333335 0.2546875 0.375 0.26171875 0.3902777777777778 0.2671875 0.39444444444444443 0.2671875 0.4041666666666667 0.27265625 0.41805555555555557 0.27421875 0.4486111111111111 0.271875 0.4597222222222222 0.26875 0.4625 0.253125 0.4583333333333333 0.253125 0.40694444444444444 0.2453125 0.3902777777777778 0.2375 0.3861111111111111 0.1984375 0.3888888888888889 0.19921875 0.3763888888888889 0.203125 0.37083333333333335 0.23671875 0.36666666666666664 0.24765625 0.37083333333333335
1 0.99921875 0.8861111111111111 0.99921875 0.9736111111111111 0.9953125 0.9805555555555555 0.9890625 0.9833333333333333 0.98828125 0.9944444444444445 0.98203125 0.9944444444444445 0.9828125 0.9902777777777778 0.9796875 0.9888888888888889 0.97890625 0.9944444444444445 0.975 0.9958333333333333 0.9625 0.9944444444444445 0.9625 0.9875 0.9578125 0.9777777777777777 0.95625 0.9625 0.96015625 0.9486111111111111 0.9578125 0.9388888888888889 0.9578125 0.9152777777777777 0.96015625 0.9111111111111111 0.9734375 0.9055555555555556 0.9921875 0.8875 0.9984375 0.8861111111111111
1 0.4859375 0.2569444444444444 0.490625 0.2611111111111111 0.49609375 0.27361111111111114 0.4953125 0.3 0.48359375 0.2986111111111111 0.471875 0.3055555555555556 0.4671875 0.3055555555555556 0.465625 0.3 0.46640625 0.26944444444444443 0.47265625 0.25555555555555554 0.48515625 0.2569444444444444
1 0.396875 0.4986111111111111 0.40625 0.5083333333333333 0.415625 0.525 0.41953125 0.5430555555555555 0.3859375 0.5444444444444444 0.375 0.55 0.36796875 0.5638888888888889 0.36640625 0.5763888888888888 0.36328125 0.5819444444444445 0.36328125 0.5916666666666667 0.359375 0.6013888888888889 0.36015625 0.6180555555555556 0.35390625 0.6277777777777778 0.3484375 0.6291666666666667 0.34375 0.6236111111111111 0.3421875 0.5875 0.34375 0.5625 0.34140625 0.5555555555555556 0.34765625 0.5388888888888889 0.3515625 0.5097222222222222 0.359375 0.5027777777777778 0.39609375 0.4986111111111111
1 0.659375 0.6875 0.67578125 0.6888888888888889 0.69609375 0.6958333333333333 0.71953125 0.7208333333333333 0.74453125 0.7819444444444444 0.75078125 0.775 0.7578125 0.775 0.7609375 0.7861111111111111 0.7578125 0.7944444444444444 0.75234375 0.8 0.75234375 0.8055555555555556 0.765625 0.8375 0.7671875 0.8430555555555556 0.765625 0.85 0.68203125 0.8361111111111111 0.63203125 0.8347222222222223 0.60234375 0.8388888888888889 0.60078125 0.8361111111111111 0.59765625 0.7958333333333333 0.60078125 0.7819444444444444 0.60234375 0.7569444444444444 0.6109375 0.7375 0.61171875 0.725 0.615625 0.7097222222222223 0.62578125 0.6916666666666667 0.63984375 0.6930555555555555 0.65 0.6875 0.65859375 0.6875
1 0.3984375 0.5444444444444444 0.41875 0.5458333333333333 0.43203125 0.5555555555555556 0.4390625 0.5680555555555555 0.4453125 0.5888888888888889 0.4515625 0.6 0.45234375 0.6125 0.459375 0.6416666666666667 0.45859375 0.6597222222222222 0.45625 0.6666666666666666 0.44765625 0.6541666666666667 0.44140625 0.6375 0.4359375 0.6333333333333333 0.4078125 0.6305555555555555 0.38671875 0.6361111111111111 0.378125 0.6416666666666667 0.36640625 0.6708333333333333 0.3609375 0.6541666666666667 0.3546875 0.6444444444444445 0.35546875 0.625 0.36015625 0.6208333333333333 0.3609375 0.6138888888888889 0.35859375 0.6013888888888889 0.36328125 0.5958333333333333 0.3640625 0.5819444444444445 0.3703125 0.5583333333333333 0.3734375 0.5527777777777778 0.38515625 0.5458333333333333 0.39765625 0.5444444444444444
1 0.1921875 0.5541666666666667 0.19921875 0.5513888888888889 0.2109375 0.525 0.246875 0.5208333333333334 0.25625 0.5263888888888889 0.26328125 0.5444444444444444 0.2671875 0.5666666666666667 0.265625 0.5708333333333333 0.25859375 0.5652777777777778 0.21484375 0.5680555555555555 0.2 0.5819444444444445 0.19765625 0.5708333333333333 0.1921875 0.5638888888888889 0.1921875 0.5555555555555556
1 0.26640625 0.24444444444444444 0.27578125 0.2611111111111111 0.27578125 0.275 0.26875 0.2833333333333333 0.26484375 0.2833333333333333 0.2625 0.2791666666666667 0.2578125 0.25555555555555554 0.25 0.24861111111111112 0.25546875 0.24444444444444444 0.265625 0.24444444444444444
1 0.11015625 0.2625 0.1171875 0.27361111111111114 0.11953125 0.2916666666666667 0.11796875 0.30972222222222223 0.11171875 0.32222222222222224 0.09296875 0.3138888888888889 0.0828125 0.3138888888888889 0.078125 0.3055555555555556 0.07890625 0.2833333333333333 0.08828125 0.25972222222222224 0.096875 0.2569444444444444 0.109375 0.2625
1 0.51484375 0.7722222222222223 0.53671875 0.7736111111111111 0.55 0.7777777777777778 0.559375 0.7972222222222223 0.56875 0.8402777777777778 0.57109375 0.8444444444444444 0.57421875 0.8416666666666667 0.58203125 0.8416666666666667 0.584375 0.8444444444444444 0.58203125 0.8555555555555555 0.5734375 0.8625 0.5734375 0.8819444444444444 0.57109375 0.8972222222222223 0.5625 0.9194444444444444 0.5625 0.9416666666666667 0.559375 0.9555555555555556 0.56015625 0.9722222222222222 0.55625 0.9833333333333333 0.48984375 0.9819444444444444 0.47421875 0.9791666666666666 0.47265625 0.975 0.4703125 0.9513888888888888 0.47109375 0.9375 0.46640625 0.9194444444444444 0.46328125 0.8666666666666667 0.459375 0.8527777777777777 0.465625 0.8416666666666667 0.46796875 0.8166666666666667 0.47265625 0.8083333333333333 0.4765625 0.7888888888888889 0.4796875 0.7819444444444444 0.49296875 0.775 0.5140625 0.7722222222222223
1 0.46328125 0.5138888888888888 0.46796875 0.5152777777777777 0.465625 0.525 0.46640625 0.5708333333333333 0.465625 0.5666666666666667 0.46328125 0.5666666666666667 0.46171875 0.5722222222222222 0.46171875 0.5777777777777777 0.46484375 0.5847222222222223 0.46640625 0.6305555555555555 0.459375 0.6305555555555555 0.45625 0.6208333333333333 0.45234375 0.5944444444444444 0.4453125 0.5833333333333334 0.4375 0.5597222222222222 0.4375 0.5527777777777778 0.440625 0.55 0.44921875 0.5263888888888889 0.4546875 0.5180555555555556 0.4625 0.5152777777777777
1 0.4390625 0.6986111111111111 0.453125 0.7027777777777777 0.4625 0.7180555555555556 0.471875 0.7513888888888889 0.48203125 0.7486111111111111 0.4875 0.7583333333333333 0.47890625 0.775 0.47109375 0.8055555555555556 0.4671875 0.8125 0.4640625 0.8416666666666667 0.45859375 0.8527777777777777 0.46015625 0.8694444444444445 0.44296875 0.8722222222222222 0.39140625 0.8708333333333333 0.38671875 0.8416666666666667 0.37890625 0.8347222222222223 0.3765625 0.8291666666666667 0.37421875 0.8027777777777778 0.37578125 0.7458333333333333 0.378125 0.7333333333333333 0.3890625 0.7111111111111111 0.3984375 0.7027777777777777 0.43828125 0.6986111111111111
1 0.33203125 0.4027777777777778 0.34140625 0.4097222222222222 0.33984375 0.41805555555555557 0.3421875 0.425 0.3203125 0.4263888888888889 0.3140625 0.4305555555555556 0.309375 0.44166666666666665 0.30859375 0.45694444444444443 0.30390625 0.46944444444444444 0.3046875 0.4875 0.30234375 0.49583333333333335 0.29453125 0.49444444444444446 0.28984375 0.48333333333333334 0.2890625 0.4305555555555556 0.29296875 0.425 0.29609375 0.4097222222222222 0.3015625 0.4027777777777778 0.33125 0.4027777777777778
1 0.32734375 0.18819444444444444 0.0265625 0.02638888888888889
0 0.42109375 0.2375 0.43203125 0.25 0.43359375 0.2569444444444444 0.43515625 0.275 0.434375 0.31666666666666665 0.43203125 0.3263888888888889 0.41484375 0.3263888888888889 0.409375 0.3194444444444444 0.39296875 0.31805555555555554 0.39140625 0.31527777777777777 0.390625 0.26944444444444443 0.39296875 0.24305555555555555 0.40234375 0.23472222222222222 0.415625 0.23472222222222222 0.4203125 0.2375
0 0.43515625 0.17083333333333334 0.021875 0.041666666666666664
0 0.36171875 0.17777777777777778 0.3703125 0.18194444444444444 0.375 0.20277777777777778 0.375 0.2513888888888889 0.37421875 0.2569444444444444 0.3703125 0.2611111111111111 0.35546875 0.25972222222222224 0.3484375 0.24861111111111112 0.34609375 0.25555555555555554 0.340625 0.2513888888888889 0.33828125 0.21388888888888888 0.340625 0.1875 0.34375 0.18055555555555555 0.3609375 0.17777777777777778