3 0.0703125 0.17777777777777778 0.08046875 0.18888888888888888 0.084375 0.20694444444444443 0.084375 0.24722222222222223 0.08359375 0.25277777777777777 0.07890625 0.25833333333333336 0.0671875 0.25833333333333336 0.05859375 0.25416666666666665 0.0578125 0.18194444444444444 0.059375 0.17777777777777778 0.06953125 0.17777777777777778
3 0.95859375 0.8152777777777778 0.96875 0.825 0.98671875 0.8263888888888888 0.99453125 0.8236111111111111 0.996875 0.8291666666666667 0.99921875 0.8291666666666667 0.996875 0.8347222222222223 0.99921875 0.8430555555555556 0.996875 0.8486111111111111 0.99921875 0.8513888888888889 0.99921875 0.8583333333333333 0.996875 0.8597222222222223 0.99921875 0.8652777777777778 0.99921875 0.9680555555555556 0.996875 0.9694444444444444 0.9953125 0.9777777777777777 0.99921875 0.9819444444444444 0.99921875 0.9986111111111111 0.9828125 0.9986111111111111 0.98125 0.9958333333333333 0.95703125 0.9986111111111111 0.95078125 0.9944444444444445 0.9140625 0.9944444444444445 0.91796875 0.9902777777777778 0.91484375 0.9819444444444444 0.9 0.9805555555555555 0.89609375 0.9722222222222222 0.9 0.9541666666666667 0.8984375 0.9416666666666667 0.9 0.9319444444444445 0.9 0.85 0.9046875 0.8208333333333333 0.909375 0.8166666666666667 0.9265625 0.8166666666666667 0.93671875 0.8125 0.9578125 0.8152777777777778
3 0.915625 0.49583333333333335 0.9359375 0.5 0.99921875 0.5333333333333333 0.99921875 0.7777777777777778 0.98671875 0.7777777777777778 0.97734375 0.7708333333333334 0.9734375 0.7638888888888888 0.96328125 0.7680555555555556 0.95859375 0.7763888888888889 0.96015625 0.7875 0.9578125 0.7930555555555555 0.959375 0.7958333333333333 0.97421875 0.7930555555555555 0.98046875 0.7958333333333333 0.9875 0.8069444444444445 0.98828125 0.8166666666666667 0.975 0.8208333333333333 0.96953125 0.8208333333333333 0.9546875 0.8083333333333333 0.94609375 0.8069444444444445 0.93046875 0.8083333333333333 0.9234375 0.8138888888888889 0.903125 0.8138888888888889 0.8828125 0.8027777777777778 0.87421875 0.8097222222222222 0.8609375 0.8097222222222222 0.85390625 0.7972222222222223 0.8484375 0.7625 0.8453125 0.7527777777777778 0.82578125 0.725 0.821875 0.7152777777777778 0.82109375 0.6888888888888889 0.82421875 0.6430555555555556 0.82421875 0.6041666666666666 0.82578125 0.5986111111111111 0.82578125 0.4986111111111111 0.8296875 0.49583333333333335 0.91484375 0.49583333333333335
3 0.25078125 0.45416666666666666 0.25546875 0.4597222222222222 0.2578125 0.4736111111111111 0.2578125 0.5013888888888889 0.26171875 0.5638888888888889 0.26015625 0.5666666666666667 0.234375 0.5694444444444444 0.2234375 0.5736111111111111 0.21875 0.5819444444444445 0.21171875 0.6097222222222223 0.20859375 0.6152777777777778 0.20078125 0.6208333333333333 0.1921875 0.6180555555555556 0.1921875 0.5555555555555556 0.19140625 0.5430555555555555 0.18828125 0.5361111111111111 0.18828125 0.5263888888888889 0.190625 0.5208333333333334 0.19140625 0.4625 0.19453125 0.4583333333333333 0.2109375 0.45555555555555555 0.25 0.45416666666666666
3 0.18671875 0.20555555555555555 0.20546875 0.20277777777777778 0.2234375 0.21666666666666667 0.23125 0.21944444444444444 0.23203125 0.2222222222222222 0.23203125 0.23055555555555557 0.228125 0.2375 0.21640625 0.2375 0.21015625 0.24166666666666667 0.20234375 0.2388888888888889 0.190625 0.24027777777777778 0.18828125 0.2361111111111111 0.18671875 0.20694444444444443
2 0.08046875 0.5763888888888888 0.084375 0.5777777777777777 0.0875 0.5847222222222223 0.08828125 0.6027777777777777 0.08671875 0.6180555555555556 0.08203125 0.6305555555555555 0.08125 0.6388888888888888 0.07734375 0.6458333333333334 0.07421875 0.6444444444444445 0.07265625 0.6347222222222222 0.0671875 0.6236111111111111 0.0671875 0.6013888888888889 0.0703125 0.5791666666666667 0.0796875 0.5763888888888888
2 0.58359375 0.3875 0.58671875 0.4013888888888889 0.58515625 0.4222222222222222 0.58125 0.4305555555555556 0.578125 0.4305555555555556 0.5734375 0.4236111111111111 0.57109375 0.4152777777777778 0.57109375 0.3972222222222222 0.571875 0.3902777777777778 0.57421875 0.3875 0.5828125 0.3875
2 0.44921875 0.2986111111111111 0.45546875 0.3 0.45703125 0.3055555555555556 0.45625 0.32083333333333336 0.4515625 0.3236111111111111 0.44765625 0.31527777777777777 0.44921875 0.3
2 0.4078125 0.24583333333333332 0.41171875 0.25 0.4109375 0.26666666666666666 0.40703125 0.26805555555555555 0.40546875 0.2652777777777778 0.4046875 0.25277777777777777 0.40703125 0.24722222222222223
2 0.32421875 0.2638888888888889 0.3265625 0.26805555555555555 0.32421875 0.2861111111111111 0.3203125 0.2847222222222222 0.31796875 0.27361111111111114 0.3203125 0.2652777777777778 0.3234375 0.2652777777777778
2 0.444140625 0.4201388888888889 0.01796875 0.05416666666666667
2 0.54921875 0.6569444444444444 0.565625 0.65 0.56875 0.6777777777777778 0.56875 0.6888888888888889 0.565625 0.6916666666666667 0.5375 0.6916666666666667 0.5421875 0.6708333333333333 0.54921875 0.6583333333333333
2 0.41796875 0.28888888888888886 0.425 0.2875 0.4265625 0.29305555555555557 0.425 0.3111111111111111 0.42109375 0.31527777777777777 0.41796875 0.30694444444444446 0.41796875 0.2902777777777778
2 0.21796875 0.2513888888888889 0.2203125 0.2652777777777778 0.21640625 0.275 0.21328125 0.27361111111111114 0.2109375 0.26805555555555555 0.2109375 0.25833333333333336 0.21328125 0.2513888888888889 0.2171875 0.2513888888888889
2 0.13125 0.44166666666666665 0.1421875 0.4388888888888889 0.146875 0.44166666666666665 0.14609375 0.4527777777777778 0.1484375 0.4625 0.14765625 0.48055555555555557 0.1453125 0.4875 0.14140625 0.49166666666666664 0.13671875 0.49166666666666664 0.1328125 0.4847222222222222 0.1296875 0.4666666666666667 0.1296875 0.4486111111111111 0.13125 0.44305555555555554
2 0.40390625 0.3055555555555556 0.40625 0.31805555555555554 0.40546875 0.3375 0.4 0.3375 0.39609375 0.33194444444444443 0.3953125 0.30972222222222223 0.39765625 0.3055555555555556 0.403125 0.3055555555555556
2 0.1796875 0.40555555555555556 0.18203125 0.4125 0.18359375 0.43194444444444446 0.18203125 0.4444444444444444 0.17890625 0.4513888888888889 0.1734375 0.45 0.1671875 0.41805555555555557 0.16796875 0.40694444444444444 0.17109375 0.4041666666666667 0.17890625 0.40555555555555556
2 0.4328125 0.3298611111111111 0.009375 0.03194444444444444
2 0.5609375 0.4736111111111111 0.56484375 0.48055555555555557 0.565625 0.49583333333333335 0.5640625 0.5166666666666667 0.559375 0.5305555555555556 0.55390625 0.5305555555555556 0.54921875 0.525 0.5453125 0.5097222222222222 0.5453125 0.49722222222222223 0.55 0.47638888888888886 0.56015625 0.4736111111111111
2 0.0546875 0.7166666666666667 0.05625 0.6958333333333333 0.05859375 0.6916666666666667 0.07734375 0.6916666666666667 0.0828125 0.7055555555555556 0.08359375 0.7375 0.08203125 0.7583333333333333 0.07578125 0.7791666666666667 0.06875 0.7861111111111111 0.065625 0.7861111111111111 0.0609375 0.7791666666666667 0.05625 0.7583333333333333 0.05546875 0.7347222222222223 0.05703125 0.7291666666666666 0.05546875 0.7180555555555556
2 0.1 0.8291666666666667 0.10703125 0.8319444444444445 0.10546875 0.8527777777777777 0.109375 0.8888888888888888 0.10625 0.9097222222222222 0.10546875 0.9319444444444445 0.09921875 0.95 0.090625 0.9666666666666667 0.08515625 0.9666666666666667 0.08359375 0.9638888888888889 0.08046875 0.9486111111111111 0.07265625 0.9305555555555556 0.07109375 0.8930555555555556 0.07421875 0.8805555555555555 0.0734375 0.8666666666666667 0.07890625 0.8625 0.07890625 0.8513888888888889 0.07734375 0.8486111111111111 0.06953125 0.8486111111111111 0.06875 0.8458333333333333 0.0703125 0.8430555555555556 0.078125 0.8458333333333333 0.08046875 0.8416666666666667 0.07890625 0.8347222222222223 0.084375 0.8291666666666667 0.09921875 0.8291666666666667
2 0.61328125 0.42916666666666664 0.61796875 0.44583333333333336 0.61640625 0.4722222222222222 0.61328125 0.4847222222222222 0.60390625 0.48055555555555557 0.60078125 0.4652777777777778 0.603125 0.43472222222222223 0.60703125 0.42916666666666664 0.6125 0.42916666666666664
1 0.328125 0.8819444444444444 0.36796875 0.8819444444444444 0.37734375 0.8888888888888888 0.390625 0.9166666666666666 0.39765625 0.9402777777777778 0.4015625 0.9638888888888889 0.33125 0.975 0.32265625 0.9833333333333333 0.31953125 0.9986111111111111 0.2875 0.9986111111111111 0.2859375 0.9958333333333333 0.27734375 0.9958333333333333 0.27578125 0.9986111111111111 0.26875 0.9944444444444445 0.27109375 0.9847222222222223 0.26953125 0.9708333333333333 0.2703125 0.9541666666666667 0.27421875 0.9416666666666667 0.27734375 0.9208333333333333 0.28515625 0.8958333333333334 0.2921875 0.8888888888888888 0.32734375 0.8833333333333333
1 0.47734375 0.20833333333333334 0.490625 0.20833333333333334 0.49453125 0.2125 0.49453125 0.21805555555555556 0.484375 0.23333333333333334 0.4765625 0.2361111111111111 0.47265625 0.23055555555555557 0.47265625 0.21805555555555556 0.47734375 0.20972222222222223
1 0.48359375 0.2375 0.49140625 0.24027777777777778 0.49765625 0.25416666666666665 0.49765625 0.2791666666666667 0.4953125 0.2833333333333333 0.48515625 0.2791666666666667 0.4734375 0.28194444444444444 0.46953125 0.2791666666666667 0.46875 0.2638888888888889 0.471875 0.24861111111111112 0.4765625 0.2388888888888889 0.4828125 0.2375
1 0.49609375 0.2916666666666667 0.5015625 0.29583333333333334 0.50625 0.30972222222222223 0.5 0.3236111111111111 0.4765625 0.3236111111111111 0.4734375 0.32083333333333336 0.47890625 0.29305555555555557 0.4953125 0.2916666666666667
1 0.79453125 0.8597222222222223 0.81484375 0.8708333333333333 0.81953125 0.8777777777777778 0.8234375 0.8763888888888889 0.8203125 0.8694444444444445 0.825 0.8708333333333333 0.82734375 0.8652777777777778 0.82734375 0.8819444444444444 0.82890625 0.8861111111111111 0.84921875 0.9083333333333333 0.85546875 0.9194444444444444 0.8796875 0.9791666666666666 0.884375 0.9847222222222223 0.88515625 0.9902777777777778 0.88203125 0.9944444444444445 0.875 0.9958333333333333 0.7953125 0.9944444444444445 0.7671875 0.9958333333333333 0.765625 0.9986111111111111 0.7609375 0.9958333333333333 0.73359375 0.9958333333333333 0.73046875 0.9986111111111111 0.68125 0.9958333333333333 0.6796875 0.9819444444444444 0.68203125 0.9708333333333333 0.68203125 0.9347222222222222 0.68671875 0.925 0.690625 0.8986111111111111 0.69609375 0.8791666666666667 0.70625 0.8652777777777778 0.746875 0.8583333333333333 0.79375 0.8597222222222223
1 0.3 0.2111111111111111 0.3 0.19444444444444445 0.30625 0.18888888888888888 0.315625 0.19027777777777777 0.31796875 0.1986111111111111 0.31796875 0.20972222222222223 0.3109375 0.2152777777777778 0.30234375 0.21388888888888888 0.30078125 0.2111111111111111
1 0.33671875 0.23055555555555557 0.33671875 0.20833333333333334 0.34140625 0.1986111111111111 0.353125 0.1986111111111111 0.35546875 0.20277777777777778 0.35703125 0.22777777777777777 0.35625 0.23055555555555557 0.3375 0.23055555555555557
1 0.103125 0.2638888888888889 0.1125 0.26805555555555555 0.11875 0.28888888888888886 0.11796875 0.3111111111111111 0.11328125 0.3236111111111111 0.09609375 0.31527777777777777 0.08046875 0.31666666666666665 0.0765625 0.3111111111111111 0.0765625 0.2875 0.0828125 0.2722222222222222 0.08984375 0.2625 0.10234375 0.2638888888888889
1 0.378125 0.19166666666666668 0.38203125 0.19444444444444445 0.38671875 0.20694444444444443 0.384375 0.2125 0.378125 0.21805555555555556 0.3765625 0.2361111111111111 0.36953125 0.2375 0.35859375 0.2361111111111111 0.35703125 0.23055555555555557 0.35859375 0.20972222222222223 0.36484375 0.19444444444444445 0.37734375 0.19166666666666668
1 0.390625 0.2986111111111111 0.39453125 0.3055555555555556 0.3953125 0.3347222222222222 0.3984375 0.3472222222222222 0.3984375 0.3611111111111111 0.39453125 0.3638888888888889 0.38671875 0.35833333333333334 0.37421875 0.35833333333333334 0.359375 0.3638888888888889 0.35546875 0.35694444444444445 0.35546875 0.31666666666666665 0.36328125 0.2972222222222222 0.37421875 0.29305555555555557 0.384375 0.29444444444444445 0.38984375 0.2986111111111111
1 0.30625 0.28888888888888886 0.31015625 0.2916666666666667 0.3140625 0.3013888888888889 0.315625 0.31527777777777777 0.29921875 0.32222222222222224 0.2921875 0.34305555555555556 0.28515625 0.34305555555555556 0.2828125 0.3388888888888889 0.2828125 0.30694444444444446 0.2859375 0.2972222222222222 0.29296875 0.28888888888888886 0.30546875 0.28888888888888886
1 0.384375 0.2777777777777778 0.403125 0.28194444444444444 0.40546875 0.29444444444444445 0.4046875 0.30972222222222223 0.40625 0.32083333333333336 0.40625 0.32916666666666666 0.40390625 0.33611111111111114 0.396875 0.3333333333333333 0.39453125 0.30833333333333335 0.3890625 0.29583333333333334 0.37421875 0.2902777777777778 0.37578125 0.2847222222222222 0.38359375 0.2777777777777778
1 0.46015625 0.25 0.46328125 0.25972222222222224 0.4640625 0.27361111111111114 0.46328125 0.28194444444444444 0.46015625 0.2847222222222222 0.453125 0.2763888888888889 0.44453125 0.2847222222222222 0.4390625 0.2847222222222222 0.4359375 0.2777777777777778 0.4375 0.2611111111111111 0.4421875 0.24722222222222223 0.45390625 0.24583333333333332 0.459375 0.25
1 0.36328125 0.25972222222222224 0.3671875 0.2652777777777778 0.371875 0.2833333333333333 0.36875 0.29305555555555557 0.3609375 0.2986111111111111 0.35546875 0.3111111111111111 0.34140625 0.30972222222222223 0.33984375 0.30277777777777776 0.34140625 0.26944444444444443 0.34453125 0.2611111111111111 0.3625 0.25972222222222224
1 0.79453125 0.4930555555555556 0.81875 0.4986111111111111 0.82421875 0.5041666666666667 0.82578125 0.5111111111111111 0.82578125 0.5361111111111111 0.8234375 0.5666666666666667 0.8203125 0.5666666666666667 0.8140625 0.5597222222222222 0.8125 0.5458333333333333 0.809375 0.5402777777777777 0.7828125 0.5194444444444445 0.7671875 0.5152777777777777 0.765625 0.5125 0.7671875 0.5055555555555555 0.77265625 0.49722222222222223 0.79375 0.4930555555555556
1 0.33125 0.41388888888888886 0.3390625 0.42083333333333334 0.35 0.44027777777777777 0.34765625 0.4513888888888889 0.35078125 0.4791666666666667 0.35 0.49583333333333335 0.34609375 0.5 0.31953125 0.49722222222222223 0.30390625 0.4986111111111111 0.30078125 0.5013888888888889 0.29609375 0.5 0.29296875 0.4875 0.2953125 0.45555555555555555 0.2921875 0.4444444444444444 0.2984375 0.4222222222222222 0.309375 0.4152777777777778 0.33046875 0.41388888888888886
1 0.74140625 0.48194444444444445 0.75546875 0.49583333333333335 0.7609375 0.5125 0.7578125 0.5152777777777777 0.725 0.5152777777777777 0.71484375 0.5194444444444445 0.71171875 0.5263888888888889 0.71015625 0.5583333333333333 0.70546875 0.5694444444444444 0.696875 0.5652777777777778 0.6875 0.5305555555555556 0.68828125 0.5180555555555556 0.6921875 0.5027777777777778 0.69765625 0.49166666666666664 0.70625 0.48333333333333334 0.7234375 0.48055555555555557 0.740625 0.48194444444444445
1 0.4 0.7527777777777778 0.41171875 0.7638888888888888 0.42265625 0.7805555555555556 0.42890625 0.7944444444444444 0.440625 0.8319444444444445 0.45234375 0.8319444444444445 0.45703125 0.8361111111111111 0.45703125 0.8458333333333333 0.446875 0.8583333333333333 0.446875 0.8652777777777778 0.45390625 0.8930555555555556 0.45625 0.9125 0.45625 0.9638888888888889 0.45390625 0.9680555555555556 0.44140625 0.9597222222222223 0.4046875 0.9597222222222223 0.3859375 0.9 0.371875 0.8819444444444444 0.35859375 0.8791666666666667 0.3171875 0.8805555555555555 0.31640625 0.8777777777777778 0.315625 0.8430555555555556 0.3171875 0.8236111111111111 0.3203125 0.8097222222222222 0.32734375 0.7930555555555555 0.33125 0.7680555555555556 0.3359375 0.7583333333333333 0.34375 0.7541666666666667 0.378125 0.75 0.39921875 0.7527777777777778
1 0.27265625 0.5666666666666667 0.2796875 0.5722222222222222 0.28984375 0.6027777777777777 0.30390625 0.6208333333333333 0.30390625 0.625 0.3 0.6305555555555555 0.29765625 0.6472222222222223 0.2921875 0.6527777777777778 0.2609375 0.6555555555555556 0.25390625 0.6597222222222222 0.23046875 0.7194444444444444 0.22109375 0.7319444444444444 0.21640625 0.7319444444444444 0.21328125 0.7263888888888889 0.20859375 0.6958333333333333 0.2078125 0.6375 0.20546875 0.6263888888888889 0.21484375 0.6055555555555555 0.2140625 0.5944444444444444 0.215625 0.5875 0.21328125 0.5847222222222223 0.2109375 0.5861111111111111 0.21015625 0.5902777777777778 0.21171875 0.5944444444444444 0.20546875 0.5944444444444444 0.20859375 0.5916666666666667 0.20625 0.5819444444444445 0.21640625 0.5819444444444445 0.22265625 0.575 0.2296875 0.5722222222222222 0.271875 0.5666666666666667
1 0.378125 0.23333333333333334 0.37890625 0.21944444444444444 0.38125 0.2152777777777778 0.39375 0.2111111111111111 0.39921875 0.22361111111111112 0.4 0.24861111111111112 0.3984375 0.25277777777777777 0.38359375 0.25277777777777777 0.37890625 0.23472222222222222
1 0.43203125 0.22916666666666666 0.43515625 0.2375 0.43515625 0.25277777777777777 0.4328125 0.25833333333333336 0.42734375 0.25972222222222224 0.41484375 0.25833333333333336 0.4125 0.2513888888888889 0.4125 0.24027777777777778 0.4140625 0.23194444444444445 0.4171875 0.22777777777777777 0.428125 0.2263888888888889 0.43125 0.22916666666666666
1 0.3125 0.21666666666666667 0.3171875 0.24722222222222223 0.3171875 0.25833333333333336 0.31484375 0.2611111111111111 0.30390625 0.25833333333333336 0.29296875 0.25972222222222224 0.290625 0.24027777777777778 0.29140625 0.2222222222222222 0.29375 0.21805555555555556 0.31171875 0.21666666666666667
1 0.42890625 0.1986111111111111 0.43515625 0.2013888888888889 0.4390625 0.20972222222222223 0.440625 0.21805555555555556 0.4390625 0.23333333333333334 0.43515625 0.23333333333333334 0.4296875 0.2263888888888889 0.41796875 0.22361111111111112 0.41796875 0.2152777777777778 0.42109375 0.20277777777777778 0.428125 0.1986111111111111
1 0.66953125 0.43194444444444446 0.69296875 0.44305555555555554 0.70078125 0.45694444444444443 0.70625 0.4777777777777778 0.7046875 0.4847222222222222 0.69296875 0.49722222222222223 0.6859375 0.5236111111111111 0.68203125 0.5222222222222223 0.678125 0.5097222222222222 0.66953125 0.4986111111111111 0.65859375 0.49444444444444446 0.63984375 0.49444444444444446 0.63828125 0.49166666666666664 0.6390625 0.4625 0.64375 0.4486111111111111 0.65234375 0.4375 0.66875 0.43194444444444446
1 0.50859375 0.3125 0.5234375 0.31527777777777777 0.5296875 0.32083333333333336 0.5390625 0.34444444444444444 0.53984375 0.3861111111111111 0.534375 0.3888888888888889 0.51484375 0.38472222222222224 0.51328125 0.3819444444444444 0.509375 0.34444444444444444 0.503125 0.325 0.50390625 0.31666666666666665 0.5078125 0.3138888888888889
1 0.48046875 0.17222222222222222 0.4875 0.18194444444444444 0.48671875 0.19583333333333333 0.47734375 0.2 0.47265625 0.18888888888888888 0.47265625 0.17777777777777778 0.4796875 0.1736111111111111
1 0.2890625 0.2625 0.29296875 0.2708333333333333 0.29296875 0.2847222222222222 0.28671875 0.29305555555555557 0.26484375 0.28888888888888886 0.26328125 0.2722222222222222 0.26484375 0.2652777777777778 0.2703125 0.2625 0.28828125 0.2625
1 0.4703125 0.18888888888888888 0.4765625 0.20277777777777778 0.4765625 0.20833333333333334 0.471875 0.22083333333333333 0.471875 0.23055555555555557 0.46875 0.23472222222222222 0.45859375 0.23055555555555557 0.45546875 0.22361111111111112 0.45390625 0.20972222222222223 0.4546875 0.2013888888888889 0.45859375 0.19166666666666668 0.46953125 0.18888888888888888
1 0.31953125 0.31666666666666665 0.3265625 0.32222222222222224 0.3375 0.3402777777777778 0.33671875 0.3972222222222222 0.33203125 0.4 0.31875 0.39444444444444443 0.30703125 0.39444444444444443 0.2984375 0.4013888888888889 0.2953125 0.4013888888888889 0.29296875 0.39444444444444443 0.29453125 0.36944444444444446 0.29296875 0.3458333333333333 0.29453125 0.3333333333333333 0.29921875 0.32222222222222224 0.31875 0.31666666666666665
1 0.54296875 0.3972222222222222 0.5578125 0.40555555555555556 0.56875 0.4305555555555556 0.57265625 0.4527777777777778 0.571875 0.475 0.5703125 0.4791666666666667 0.5671875 0.4791666666666667 0.5640625 0.4736111111111111 0.5625 0.45694444444444443 0.5578125 0.4388888888888889 0.5515625 0.44305555555555554 0.5453125 0.46111111111111114 0.54375 0.475 0.5296875 0.475 0.52109375 0.4791666666666667 0.5109375 0.4638888888888889 0.51328125 0.41805555555555557 0.51953125 0.4027777777777778 0.52734375 0.3972222222222222 0.5421875 0.3972222222222222
1 0.378125 0.2388888888888889 0.38359375 0.2513888888888889 0.384375 0.2652777777777778 0.38203125 0.2763888888888889 0.3734375 0.2847222222222222 0.37109375 0.28194444444444444 0.365625 0.2625 0.3578125 0.2569444444444444 0.35625 0.24861111111111112 0.35859375 0.2388888888888889 0.37734375 0.2388888888888889
1 0.50234375 0.17083333333333334 0.50703125 0.1736111111111111 0.50859375 0.17777777777777778 0.50859375 0.18472222222222223 0.50546875 0.18888888888888888 0.4984375 0.18888888888888888 0.49375 0.18194444444444444 0.49609375 0.1736111111111111 0.5015625 0.17083333333333334
1 0.6609375 0.49722222222222223 0.67265625 0.5041666666666667 0.6796875 0.5222222222222223 0.6890625 0.5388888888888889 0.6953125 0.5680555555555555 0.6953125 0.5777777777777777 0.69296875 0.5819444444444445 0.6890625 0.5805555555555556 0.684375 0.5611111111111111 0.675 0.5430555555555555 0.6625 0.5305555555555556 0.64453125 0.5194444444444445 0.61640625 0.5194444444444445 0.6125 0.5166666666666667 0.6125 0.5097222222222222 0.6171875 0.5013888888888889 0.6234375 0.49722222222222223 0.66015625 0.49722222222222223
1 0.48671875 0.4444444444444444 0.50234375 0.45416666666666666 0.5125 0.475 0.5203125 0.5111111111111111 0.5203125 0.5361111111111111 0.51875 0.5430555555555555 0.515625 0.5444444444444444 0.50859375 0.5416666666666666 0.46640625 0.5444444444444444 0.4625 0.5430555555555555 0.453125 0.5291666666666667 0.45078125 0.5180555555555556 0.45078125 0.49027777777777776 0.45625 0.4652777777777778 0.46640625 0.45 0.47734375 0.4444444444444444 0.4859375 0.4444444444444444
1 0.496875 0.21944444444444444 0.5125 0.22361111111111112 0.51796875 0.2361111111111111 0.51796875 0.24444444444444444 0.515625 0.25 0.49765625 0.25 0.4921875 0.24027777777777778 0.48515625 0.2361111111111111 0.484375 0.23194444444444445 0.4875 0.225 0.49609375 0.21944444444444444
1 0.41171875 0.19166666666666668 0.415625 0.19444444444444445 0.41875 0.20416666666666666 0.41796875 0.21805555555555556 0.41484375 0.225 0.4 0.22361111111111112 0.39375 0.20833333333333334 0.40078125 0.19444444444444445 0.4109375 0.19166666666666668
1 0.3015625 0.6527777777777778 0.31015625 0.6583333333333333 0.31328125 0.6638888888888889 0.32890625 0.7055555555555556 0.33828125 0.7083333333333334 0.33828125 0.7138888888888889 0.3328125 0.7208333333333333 0.3328125 0.7305555555555555 0.33671875 0.7527777777777778 0.33203125 0.7611111111111111 0.32578125 0.7833333333333333 0.325 0.7944444444444444 0.31875 0.8111111111111111 0.31484375 0.8152777777777778 0.265625 0.8208333333333333 0.25546875 0.8263888888888888 0.2484375 0.8347222222222223 0.24453125 0.8347222222222223 0.24296875 0.8305555555555556 0.240625 0.7986111111111112 0.23671875 0.7861111111111111 0.23359375 0.7138888888888889 0.253125 0.6625 0.26484375 0.6569444444444444 0.30078125 0.6527777777777778
0 0.2609375 0.30972222222222223 0.26875 0.3236111111111111 0.2765625 0.35138888888888886 0.27890625 0.38333333333333336 0.2828125 0.3888888888888889 0.2859375 0.4013888888888889 0.28515625 0.4166666666666667 0.28125 0.4222222222222222 0.2828125 0.5388888888888889 0.27578125 0.5527777777777778 0.27109375 0.5513888888888889 0.26171875 0.5388888888888889 0.25859375 0.4777777777777778 0.25390625 0.45555555555555555 0.24765625 0.4527777777777778 0.21796875 0.45416666666666666 0.19609375 0.45694444444444443 0.19140625 0.46111111111111114 0.1890625 0.45 0.18828125 0.3194444444444444 0.19140625 0.30972222222222223 0.1953125 0.3055555555555556 0.2125 0.3013888888888889 0.24453125 0.3013888888888889 0.26015625 0.30972222222222223