0 0.47734375 0.4861111111111111 0.49921875 0.49027777777777776 0.51796875 0.5152777777777777 0.51640625 0.5194444444444445 0.51015625 0.5236111111111111 0.5125 0.5375 0.5125 0.5819444444444445 0.50859375 0.6041666666666666 0.50234375 0.6041666666666666 0.4984375 0.5916666666666667 0.490625 0.5972222222222222 0.4875 0.5930555555555556 0.478125 0.5902777777777778 0.46015625 0.5930555555555556 0.45625 0.6013888888888889 0.45234375 0.6041666666666666 0.4484375 0.6041666666666666 0.446875 0.6 0.44609375 0.5708333333333333 0.44765625 0.5361111111111111 0.45 0.5222222222222223 0.4453125 0.5152777777777777 0.4453125 0.5097222222222222 0.45234375 0.5069444444444444 0.45546875 0.49583333333333335 0.459375 0.49027777777777776 0.4765625 0.4875
0 0.07265625 0.24444444444444444 0.078125 0.24305555555555555 0.08828125 0.25277777777777777 0.0953125 0.2513888888888889 0.0984375 0.2569444444444444 0.103125 0.25555555555555554 0.10546875 0.25 0.10625 0.25833333333333336 0.109375 0.2652777777777778 0.109375 0.2791666666666667 0.103125 0.28888888888888886 0.1 0.3055555555555556 0.09140625 0.3055555555555556 0.08515625 0.2902777777777778 0.07734375 0.2861111111111111 0.07734375 0.2777777777777778 0.0734375 0.26805555555555555 0.075 0.2569444444444444 0.07265625 0.24583333333333332
0 0.1390625 0.46944444444444444 0.140625 0.4652777777777778 0.14609375 0.4625 0.15234375 0.44722222222222224 0.1578125 0.44027777777777777 0.18046875 0.4361111111111111 0.19453125 0.4375 0.196875 0.44166666666666665 0.19921875 0.4625 0.1953125 0.48055555555555557 0.1953125 0.49027777777777776 0.19296875 0.49444444444444446 0.18515625 0.49722222222222223 0.17578125 0.5055555555555555 0.16953125 0.5166666666666667 0.15859375 0.5194444444444445 0.146875 0.5333333333333333 0.13984375 0.5333333333333333 0.13828125 0.5277777777777778 0.1375 0.5041666666666667 0.1421875 0.4777777777777778 0.13984375 0.4708333333333333
0 0.7046875 0.22083333333333333 0.7109375 0.225 0.71484375 0.23194444444444445 0.715625 0.24861111111111112 0.70078125 0.25833333333333336 0.69921875 0.2652777777777778 0.6953125 0.25833333333333336 0.6953125 0.24583333333333332 0.69140625 0.23333333333333334 0.69453125 0.225 0.70390625 0.22083333333333333
0 0.53828125 0.3111111111111111 0.54609375 0.3125 0.55 0.31666666666666665 0.55546875 0.3388888888888889 0.55625 0.35555555555555557 0.553125 0.38472222222222224 0.55 0.38472222222222224 0.5484375 0.35833333333333334 0.5453125 0.3527777777777778 0.5390625 0.35 0.51171875 0.35138888888888886 0.5109375 0.3486111111111111 0.51875 0.3138888888888889 0.52265625 0.3111111111111111 0.5375 0.3111111111111111
0 0.558203125 0.27152777777777776 0.04453125 0.07083333333333333
0 0 0.26666666666666666 0.0046875 0.26666666666666666 0.01953125 0.2777777777777778 0.02421875 0.2902777777777778 0.02421875 0.3 0.02265625 0.30277777777777776 0.01015625 0.30416666666666664 0.00703125 0.3125 0 0.30416666666666664 0.0015625 0.3 0 0.29583333333333334 0 0.26805555555555555
0 0.82421875 0.25833333333333336 0.82734375 0.2625 0.8265625 0.2902777777777778 0.8203125 0.29444444444444445 0.8078125 0.31666666666666665 0.803125 0.31666666666666665 0.79609375 0.30277777777777776 0.7953125 0.2972222222222222 0.79921875 0.2763888888888889 0.803125 0.26666666666666666 0.81328125 0.2611111111111111 0.8234375 0.25972222222222224
0 0.74375 0.5472222222222223 0.7796875 0.5513888888888889 0.7859375 0.5583333333333333 0.78984375 0.5680555555555555 0.796875 0.6013888888888889 0.7984375 0.6361111111111111 0.796875 0.6847222222222222 0.79609375 0.6916666666666667 0.79296875 0.6972222222222222 0.78515625 0.6944444444444444 0.78203125 0.6763888888888889 0.75 0.675 0.7453125 0.6791666666666667 0.73125 0.6819444444444445 0.7265625 0.675 0.7265625 0.6708333333333333 0.721875 0.6611111111111111 0.7125 0.6305555555555555 0.7125 0.6111111111111112 0.71875 0.5819444444444445 0.709375 0.5777777777777777 0.709375 0.5722222222222222 0.71328125 0.5680555555555555 0.7203125 0.5666666666666667 0.72578125 0.5527777777777778 0.73125 0.5472222222222223 0.74296875 0.5472222222222223
0 0.7359375 0.3263888888888889 0.74609375 0.33611111111111114 0.7484375 0.3472222222222222 0.7546875 0.35833333333333334 0.75546875 0.3680555555555556 0.74921875 0.3763888888888889 0.74453125 0.39444444444444443 0.7203125 0.39444444444444443 0.70625 0.4166666666666667 0.7 0.41388888888888886 0.69453125 0.4013888888888889 0.69375 0.3888888888888889 0.69140625 0.3819444444444444 0.69296875 0.3402777777777778 0.69765625 0.33611111111111114 0.70390625 0.3236111111111111 0.73046875 0.3236111111111111 0.73515625 0.3263888888888889
0 0.21796875 0.2361111111111111 0.225 0.24305555555555555 0.225 0.25833333333333336 0.221875 0.25972222222222224 0.2203125 0.2652777777777778 0.21640625 0.2652777777777778 0.2171875 0.2625 0.21484375 0.2569444444444444 0.21484375 0.24027777777777778 0.2171875 0.2361111111111111
0 0.3921875 0.7430555555555556 0.4359375 0.7458333333333333 0.45078125 0.7430555555555556 0.459375 0.7569444444444444 0.46640625 0.7763888888888889 0.48046875 0.7819444444444444 0.48125 0.7902777777777777 0.4765625 0.7944444444444444 0.47265625 0.8027777777777778 0.4765625 0.8222222222222222 0.475 0.8291666666666667 0.475 0.8902777777777777 0.46796875 0.9027777777777778 0.4671875 0.9388888888888889 0.46328125 0.9444444444444444 0.45625 0.9430555555555555 0.45234375 0.9291666666666667 0.446875 0.9222222222222223 0.4296875 0.9208333333333333 0.4109375 0.9236111111111112 0.4078125 0.9208333333333333 0.396875 0.9236111111111112 0.38984375 0.9194444444444444 0.37578125 0.9194444444444444 0.371875 0.925 0.36953125 0.9388888888888889 0.36171875 0.9361111111111111 0.3546875 0.9236111111111112 0.35625 0.8583333333333333 0.359375 0.8416666666666667 0.36015625 0.8236111111111111 0.36640625 0.8013888888888889 0.36640625 0.7944444444444444 0.36015625 0.7902777777777777 0.35859375 0.7819444444444444 0.36953125 0.7777777777777778 0.37265625 0.7722222222222223 0.37265625 0.7611111111111111 0.3765625 0.7541666666666667 0.38359375 0.7458333333333333 0.39140625 0.7430555555555556
0 0.7171875 0.2722222222222222 0.72265625 0.275 0.72578125 0.28194444444444444 0.7078125 0.2861111111111111 0.7046875 0.29305555555555557 0.703125 0.31805555555555554 0.696875 0.3277777777777778 0.69296875 0.3236111111111111 0.69140625 0.31666666666666665 0.69140625 0.3 0.69609375 0.28055555555555556 0.703125 0.2722222222222222 0.71640625 0.2722222222222222
0 0.26171875 0.2111111111111111 0.26953125 0.21388888888888888 0.27890625 0.24166666666666667 0.2765625 0.2611111111111111 0.2734375 0.2652777777777778 0.26328125 0.2611111111111111 0.25625 0.24583333333333332 0.24140625 0.2375 0.25 0.2152777777777778 0.2609375 0.2111111111111111
0 0.4875 0.4222222222222222 0.5125 0.42083333333333334 0.52265625 0.4236111111111111 0.5265625 0.4305555555555556 0.53125 0.44722222222222224 0.53203125 0.4625 0.53125 0.49583333333333335 0.5296875 0.5041666666666667 0.5265625 0.5083333333333333 0.51640625 0.5013888888888889 0.50859375 0.5041666666666667 0.5046875 0.49444444444444446 0.49921875 0.4888888888888889 0.478125 0.4847222222222222 0.4765625 0.48194444444444445 0.478125 0.4486111111111111 0.4875 0.4236111111111111
0 0.68046875 0.36944444444444446 0.68359375 0.375 0.68828125 0.4083333333333333 0.6859375 0.43194444444444446 0.665625 0.44027777777777777 0.659375 0.45555555555555555 0.65390625 0.4777777777777778 0.640625 0.48055555555555557 0.63671875 0.4930555555555556 0.6328125 0.49583333333333335 0.62421875 0.49444444444444446 0.62265625 0.49166666666666664 0.6203125 0.4666666666666667 0.62265625 0.4388888888888889 0.621875 0.4013888888888889 0.62578125 0.37916666666666665 0.63515625 0.3736111111111111 0.64765625 0.375 0.665625 0.36944444444444446 0.6796875 0.36944444444444446
0 0.19921875 0.21805555555555556 0.20625 0.22361111111111112 0.20625 0.23472222222222222 0.20390625 0.23055555555555557 0.19140625 0.23194444444444445 0.17890625 0.2513888888888889 0.1671875 0.25 0.16484375 0.23472222222222222 0.16796875 0.22777777777777777 0.18125 0.21666666666666667 0.1984375 0.21805555555555556
0 0.075 0.5041666666666667 0.0796875 0.5111111111111111 0.08203125 0.5305555555555556 0.08125 0.5416666666666666 0.07890625 0.5541666666666667 0.06875 0.5638888888888889 0.06484375 0.5625 0.0609375 0.5458333333333333 0.05859375 0.5222222222222223 0.059375 0.5055555555555555 0.06640625 0.5027777777777778 0.07421875 0.5041666666666667
0 0.25 0.24305555555555555 0.2578125 0.24861111111111112 0.26171875 0.2625 0.26171875 0.27361111111111114 0.2578125 0.2791666666666667 0.2421875 0.2875 0.234375 0.2861111111111111 0.2296875 0.2791666666666667 0.2265625 0.25416666666666665 0.23046875 0.24722222222222223 0.23359375 0.2638888888888889 0.2375 0.24444444444444444 0.24921875 0.24305555555555555
0 0.02578125 0.24444444444444444 0.03359375 0.24722222222222223 0.0359375 0.2513888888888889 0.03671875 0.25833333333333336 0.040625 0.26666666666666666 0.0421875 0.28194444444444444 0.03671875 0.2972222222222222 0.03125 0.2986111111111111 0.02578125 0.2972222222222222 0.0234375 0.2847222222222222 0.01953125 0.2777777777777778 0 0.2611111111111111 0 0.24583333333333332 0.025 0.24444444444444444
0 0.9046875 0.6069444444444444 0.9328125 0.6138888888888889 0.9546875 0.6402777777777777 0.96328125 0.6888888888888889 0.965625 0.7194444444444444 0.96328125 0.7708333333333334 0.9578125 0.7916666666666666 0.95390625 0.7958333333333333 0.94296875 0.7916666666666666 0.9078125 0.7888888888888889 0.90390625 0.7819444444444444 0.9 0.7597222222222222 0.88515625 0.7291666666666666 0.8765625 0.7236111111111111 0.853125 0.7194444444444444 0.85 0.7125 0.8484375 0.6569444444444444 0.8546875 0.65 0.85390625 0.6402777777777777 0.8609375 0.625 0.86171875 0.6166666666666667 0.86484375 0.6111111111111112 0.871875 0.6069444444444444 0.90390625 0.6069444444444444
0 0.36640625 0.4986111111111111 0.37578125 0.5069444444444444 0.38125 0.5180555555555556 0.38203125 0.5291666666666667 0.38515625 0.5388888888888889 0.3828125 0.5847222222222223 0.378125 0.5861111111111111 0.37265625 0.6027777777777777 0.3671875 0.6013888888888889 0.36171875 0.5916666666666667 0.33984375 0.5916666666666667 0.33125 0.6069444444444444 0.32734375 0.6055555555555555 0.32265625 0.5875 0.32265625 0.55 0.31328125 0.5402777777777777 0.3203125 0.5111111111111111 0.32421875 0.5027777777777778 0.33125 0.49722222222222223 0.35625 0.49583333333333335 0.365625 0.4986111111111111
0 0.6890625 0.23472222222222222 0.69453125 0.24583333333333332 0.696875 0.26666666666666666 0.69453125 0.275 0.69453125 0.2847222222222222 0.6828125 0.28888888888888886 0.6703125 0.2833333333333333 0.67109375 0.24305555555555555 0.675 0.23472222222222222 0.68828125 0.23472222222222222
0 0.8734375 0.5458333333333333 0.89375 0.55 0.9046875 0.5486111111111112 0.92890625 0.5666666666666667 0.934375 0.5736111111111111 0.9359375 0.5805555555555556 0.93359375 0.6097222222222223 0.93125 0.6125 0.91015625 0.6055555555555555 0.86875 0.6069444444444444 0.86171875 0.6152777777777778 0.859375 0.6305555555555555 0.8546875 0.6430555555555556 0.85546875 0.65 0.8484375 0.6611111111111111 0.84921875 0.6791666666666667 0.8453125 0.6847222222222222 0.84140625 0.6791666666666667 0.834375 0.6805555555555556 0.82734375 0.6736111111111112 0.8296875 0.6097222222222223 0.8390625 0.6 0.8390625 0.5833333333333334 0.8328125 0.5722222222222222 0.834375 0.5569444444444445 0.84765625 0.5444444444444444 0.87265625 0.5458333333333333
0 0.87890625 0.5083333333333333 0.8875 0.5111111111111111 0.896875 0.5194444444444445 0.90078125 0.5263888888888889 0.90390625 0.5472222222222223 0.89453125 0.55 0.8625 0.5430555555555555 0.84765625 0.5444444444444444 0.83828125 0.5527777777777778 0.83359375 0.5652777777777778 0.834375 0.5722222222222222 0.83984375 0.575 0.8390625 0.6027777777777777 0.83125 0.6055555555555555 0.828125 0.6097222222222223 0.825 0.6055555555555555 0.82734375 0.5486111111111112 0.8328125 0.5388888888888889 0.8375 0.5125 0.84140625 0.5069444444444444 0.878125 0.5083333333333333
0 0.2171875 0.7013888888888888 0.23671875 0.7055555555555556 0.2421875 0.7111111111111111 0.25234375 0.7319444444444444 0.2578125 0.75 0.26171875 0.7777777777777778 0.26171875 0.8041666666666667 0.259375 0.8291666666666667 0.25234375 0.8347222222222223 0.24375 0.8319444444444445 0.2390625 0.8472222222222222 0.2296875 0.8486111111111111 0.22265625 0.8333333333333334 0.221875 0.8194444444444444 0.21796875 0.8027777777777778 0.21328125 0.7958333333333333 0.2046875 0.7958333333333333 0.1953125 0.8069444444444445 0.19140625 0.8222222222222222 0.19296875 0.8305555555555556 0.18515625 0.8472222222222222 0.1578125 0.8541666666666666 0.153125 0.8708333333333333 0.146875 0.8777777777777778 0.140625 0.8763888888888889 0.1375 0.8666666666666667 0.1359375 0.8527777777777777 0.1359375 0.8083333333333333 0.1390625 0.7791666666666667 0.14921875 0.7513888888888889 0.1578125 0.7194444444444444 0.16484375 0.7083333333333334 0.17109375 0.7055555555555556 0.21640625 0.7013888888888888
0 0.37890625 0.275 0.38359375 0.28194444444444444 0.38671875 0.2763888888888889 0.39453125 0.2847222222222222 0.39453125 0.3055555555555556 0.38671875 0.3111111111111111 0.38515625 0.30972222222222223 0.384375 0.3 0.38046875 0.29444444444444445 0.37890625 0.2986111111111111 0.375 0.2986111111111111 0.3703125 0.29444444444444445 0.3640625 0.29444444444444445 0.3609375 0.28888888888888886 0.3625 0.2763888888888889 0.378125 0.275
0 0.20625 0.2638888888888889 0.20859375 0.275 0.21171875 0.2777777777777778 0.20859375 0.2902777777777778 0.2078125 0.3138888888888889 0.1859375 0.32916666666666666 0.18203125 0.325 0.18203125 0.3 0.18671875 0.2861111111111111 0.18828125 0.27361111111111114 0.19296875 0.26666666666666666 0.20546875 0.2638888888888889
0 0.48359375 0.29305555555555557 0.48828125 0.2972222222222222 0.49609375 0.31805555555555554 0.4953125 0.35 0.49140625 0.35694444444444445 0.4890625 0.35555555555555557 0.4890625 0.3458333333333333 0.48046875 0.32222222222222224 0.4734375 0.31805555555555554 0.459375 0.31805555555555554 0.4578125 0.3138888888888889 0.4578125 0.30277777777777776 0.46171875 0.29583333333333334 0.4828125 0.29305555555555557
0 0.46015625 0.3486111111111111 0.46484375 0.3541666666666667 0.47265625 0.38055555555555554 0.471875 0.4166666666666667 0.4671875 0.4305555555555556 0.4640625 0.43333333333333335 0.4609375 0.43194444444444446 0.45625 0.42083333333333334 0.4421875 0.4236111111111111 0.42109375 0.4236111111111111 0.41953125 0.42083333333333334 0.41953125 0.40555555555555556 0.42265625 0.3958333333333333 0.4234375 0.3680555555555556 0.42734375 0.3541666666666667 0.4328125 0.3486111111111111 0.459375 0.3486111111111111
0 0.12578125 0.2388888888888889 0.1359375 0.24305555555555555 0.140625 0.25555555555555554 0.140625 0.2791666666666667 0.1328125 0.2861111111111111 0.11015625 0.28194444444444444 0.11015625 0.26805555555555555 0.10546875 0.25833333333333336 0.1125 0.24166666666666667 0.125 0.2388888888888889
0 0.42265625 0.425 0.43515625 0.42777777777777776 0.4390625 0.4388888888888889 0.44609375 0.44166666666666665 0.44765625 0.44583333333333336 0.44375 0.4527777777777778 0.4453125 0.46111111111111114 0.4453125 0.4986111111111111 0.4421875 0.5138888888888888 0.4390625 0.5138888888888888 0.43203125 0.5027777777777778 0.428125 0.5013888888888889 0.40703125 0.5013888888888889 0.38984375 0.5111111111111111 0.3875 0.49722222222222223 0.3875 0.48333333333333334 0.38984375 0.4736111111111111 0.38828125 0.4625 0.3921875 0.45416666666666666 0.390625 0.44305555555555554 0.39375 0.44166666666666665 0.39921875 0.4305555555555556 0.40390625 0.4263888888888889 0.421875 0.425
0 0.82734375 0.30694444444444446 0.82734375 0.3375 0.82421875 0.35694444444444445 0.82109375 0.35555555555555557 0.8125 0.3375 0.81015625 0.33055555555555555 0.81015625 0.32083333333333336 0.815625 0.30833333333333335 0.8203125 0.3055555555555556 0.8265625 0.30694444444444446
0 0.2828125 0.5416666666666666 0.3140625 0.5430555555555555 0.321875 0.55 0.3234375 0.5986111111111111 0.32734375 0.6111111111111112 0.32890625 0.6333333333333333 0.32890625 0.6625 0.32578125 0.7069444444444445 0.32265625 0.7125 0.31328125 0.7125 0.31015625 0.7361111111111112 0.3046875 0.7402777777777778 0.29921875 0.7361111111111112 0.29765625 0.7166666666666667 0.29375 0.7125 0.278125 0.7125 0.2734375 0.7166666666666667 0.2640625 0.7166666666666667 0.2609375 0.7194444444444444 0.24453125 0.7097222222222223 0.2390625 0.7027777777777777 0.2234375 0.6958333333333333 0.22109375 0.6875 0.22109375 0.675 0.215625 0.6625 0.21640625 0.6194444444444445 0.22109375 0.6013888888888889 0.22109375 0.5736111111111111 0.2234375 0.5555555555555556 0.24609375 0.5430555555555555 0.28203125 0.5416666666666666
0 0.7625 0.7833333333333333 0.7984375 0.7888888888888889 0.8390625 0.7888888888888889 0.91015625 0.7972222222222223 0.921875 0.7958333333333333 0.94765625 0.8013888888888889 0.99140625 0.8013888888888889 0.9953125 0.8027777777777778 0.99921875 0.8097222222222222 0.99921875 0.8194444444444444 0.99765625 0.8208333333333333 0.99921875 0.8222222222222222 0.99921875 0.85 0.996875 0.8513888888888889 0.99453125 0.8625 0.9890625 0.8694444444444445 0.9828125 0.8722222222222222 0.98359375 0.8791666666666667 0.9875 0.8833333333333333 0.98515625 0.8861111111111111 0.990625 0.8861111111111111 0.99453125 0.8958333333333334 0.99453125 0.925 0.98984375 0.9263888888888889 0.98828125 0.9291666666666667 0.98984375 0.9319444444444445 0.971875 0.9319444444444445 0.96953125 0.9347222222222222 0.96953125 0.9402777777777778 0.97265625 0.9444444444444444 0.9875 0.9444444444444444 0.99921875 0.9625 0.99921875 0.9736111111111111 0.996875 0.9763888888888889 0.9953125 0.9916666666666667 0.9890625 0.9958333333333333 0.95859375 0.9958333333333333 0.94921875 0.9930555555555556 0.9453125 0.9958333333333333 0.88359375 0.9958333333333333 0.88203125 0.9986111111111111 0.878125 0.9986111111111111 0.87734375 0.9958333333333333 0.87265625 0.9986111111111111 0.86953125 0.9958333333333333 0.84375 0.9972222222222222 0.8328125 0.9930555555555556 0.828125 0.9958333333333333 0.79609375 0.9972222222222222 0.7921875 0.9944444444444445 0.7703125 0.9986111111111111 0.7640625 0.9958333333333333 0.74375 0.9986111111111111 0.7359375 0.9944444444444445 0.7375 0.9916666666666667 0.73671875 0.9736111111111111 0.7421875 0.9472222222222222 0.7421875 0.9277777777777778 0.740625 0.9222222222222223 0.7421875 0.9 0.7390625 0.8930555555555556 0.74140625 0.8916666666666667 0.74296875 0.8763888888888889 0.74296875 0.8583333333333333 0.74140625 0.8527777777777777 0.74375 0.8208333333333333 0.7421875 0.7944444444444444 0.746875 0.7833333333333333 0.76171875 0.7833333333333333
0 0.47734375 0.3194444444444444 0.48203125 0.3236111111111111 0.48984375 0.35138888888888886 0.48828125 0.37083333333333335 0.48515625 0.3763888888888889 0.4734375 0.3763888888888889 0.46171875 0.35 0.45 0.34305555555555556 0.453125 0.3277777777777778 0.45859375 0.3194444444444444 0.4765625 0.3194444444444444
0 0.82421875 0.38055555555555554 0.83984375 0.3861111111111111 0.8453125 0.39444444444444443 0.84921875 0.4166666666666667 0.85 0.4388888888888889 0.8484375 0.44166666666666665 0.8140625 0.4388888888888889 0.80859375 0.44583333333333336 0.8046875 0.45694444444444443 0.80234375 0.4736111111111111 0.8046875 0.48055555555555557 0.7984375 0.4861111111111111 0.78828125 0.4875 0.78359375 0.49444444444444446 0.77890625 0.4888888888888889 0.778125 0.4444444444444444 0.7828125 0.4027777777777778 0.7859375 0.3902777777777778 0.79296875 0.38055555555555554 0.8234375 0.38055555555555554
0 0.64609375 0.1597222222222222 0.66015625 0.16111111111111112 0.6671875 0.16666666666666666 0.66796875 0.21805555555555556 0.6609375 0.24722222222222223 0.63828125 0.24722222222222223 0.63125 0.25833333333333336 0.62578125 0.25833333333333336 0.62421875 0.25416666666666665 0.62421875 0.20555555555555555 0.62734375 0.18888888888888888 0.6265625 0.18055555555555555 0.63125 0.1638888888888889 0.6453125 0.1597222222222222
0 0.1171875 0.3125 0.1265625 0.33055555555555555 0.1265625 0.35138888888888886 0.12578125 0.3597222222222222 0.1234375 0.3638888888888889 0.1140625 0.35555555555555557 0.1125 0.3472222222222222 0.1078125 0.3416666666666667 0.0875 0.3402777777777778 0.0828125 0.34444444444444444 0.07734375 0.34305555555555556 0.07734375 0.33055555555555555 0.08984375 0.3111111111111111 0.11640625 0.3125
0 0.20546875 0.3625 0.2078125 0.375 0.2078125 0.4166666666666667 0.20625 0.425 0.1859375 0.42777777777777776 0.18125 0.42777777777777776 0.18046875 0.425 0.18046875 0.4125 0.18359375 0.4027777777777778 0.17734375 0.37916666666666665 0.17421875 0.375 0.17421875 0.36944444444444446 0.17890625 0.3625 0.1828125 0.3611111111111111 0.2046875 0.3625
0 0.24921875 0.39166666666666666 0.2515625 0.3972222222222222 0.25234375 0.41388888888888886 0.25546875 0.4222222222222222 0.25546875 0.44305555555555554 0.2515625 0.4527777777777778 0.2375 0.4597222222222222 0.2203125 0.4583333333333333 0.2171875 0.45416666666666666 0.215625 0.44583333333333336 0.21640625 0.4013888888888889 0.21875 0.39305555555555555 0.2296875 0.3902777777777778 0.2484375 0.39166666666666666
0 0.71796875 0.9375 0.73984375 0.9416666666666667 0.73984375 0.9527777777777777 0.734375 0.9763888888888889 0.734375 0.9958333333333333 0.7328125 0.9986111111111111 0.684375 0.9986111111111111 0.68203125 0.9958333333333333 0.64765625 0.9986111111111111 0.64453125 0.9944444444444445 0.6296875 0.9930555555555556 0.62578125 0.9888888888888889 0.625 0.9736111111111111 0.6265625 0.9694444444444444 0.640625 0.9666666666666667 0.64375 0.9722222222222222 0.646875 0.9722222222222222 0.6609375 0.9375 0.7171875 0.9375
0 0.68515625 0.4361111111111111 0.69453125 0.4375 0.7 0.44166666666666665 0.70703125 0.4652777777777778 0.70078125 0.46944444444444444 0.690625 0.46944444444444444 0.68671875 0.4722222222222222 0.68359375 0.48055555555555557 0.6765625 0.48333333333333334 0.6578125 0.48194444444444445 0.65546875 0.4791666666666667 0.65546875 0.46805555555555556 0.6578125 0.45555555555555555 0.66328125 0.44166666666666665 0.67109375 0.4361111111111111 0.684375 0.4361111111111111
0 0.25859375 0.9222222222222223 0.2640625 0.9291666666666667 0.30859375 0.925 0.33828125 0.9263888888888889 0.3453125 0.9222222222222223 0.34921875 0.9236111111111112 0.3578125 0.9305555555555556 0.37109375 0.9569444444444445 0.3734375 0.9666666666666667 0.38828125 0.9736111111111111 0.38828125 0.9930555555555556 0.384375 0.9986111111111111 0.3109375 0.9958333333333333 0.3015625 0.9944444444444445 0.3 0.9888888888888889 0.29921875 0.9930555555555556 0.284375 0.9902777777777778 0.28046875 0.9930555555555556 0.2734375 0.9916666666666667 0.2703125 0.9944444444444445 0.2375 0.9972222222222222 0.228125 0.9944444444444445 0.225 0.9875 0.22578125 0.975 0.23984375 0.9625 0.25078125 0.9347222222222222 0.2578125 0.9236111111111112
0 0.825 0.7194444444444444 0.859375 0.7222222222222222 0.88359375 0.7291666666666666 0.896875 0.7555555555555555 0.903125 0.7875 0.9015625 0.7916666666666666 0.79921875 0.7847222222222222 0.796875 0.7694444444444445 0.78671875 0.7666666666666667 0.7828125 0.7625 0.7828125 0.7513888888888889 0.78828125 0.7472222222222222 0.8 0.7472222222222222 0.803125 0.7375 0.8140625 0.7194444444444444 0.82421875 0.7194444444444444
0 0.65859375 0.24722222222222223 0.66640625 0.25416666666666665 0.6671875 0.26944444444444443 0.665625 0.2722222222222222 0.64375 0.2722222222222222 0.634375 0.2791666666666667 0.6296875 0.2777777777777778 0.62890625 0.2638888888888889 0.63515625 0.24861111111111112 0.6578125 0.24722222222222223
0 0.43125 0.26805555555555555 0.434375 0.2722222222222222 0.43515625 0.2777777777777778 0.4328125 0.2833333333333333 0.42734375 0.2861111111111111 0.421875 0.2861111111111111 0.4203125 0.28055555555555556 0.4109375 0.2777777777777778 0.41015625 0.27361111111111114 0.415625 0.26805555555555555 0.43046875 0.26805555555555555
0 0.41796875 0.28055555555555556 0.4203125 0.28888888888888886 0.41875 0.2916666666666667 0.4109375 0.3 0.40234375 0.30416666666666664 0.396875 0.3013888888888889 0.396875 0.2847222222222222 0.3984375 0.28194444444444444 0.40546875 0.2777777777777778 0.4171875 0.28055555555555556
0 0.109375 0.34305555555555556 0.1125 0.3486111111111111 0.1125 0.3527777777777778 0.11796875 0.3597222222222222 0.11953125 0.36944444444444446 0.11015625 0.38333333333333336 0.10546875 0.4027777777777778 0.103125 0.40694444444444444 0.08046875 0.40694444444444444 0.07421875 0.4097222222222222 0.0671875 0.4097222222222222 0.065625 0.40694444444444444 0.065625 0.38472222222222224 0.0703125 0.3611111111111111 0.07734375 0.3486111111111111 0.084375 0.34444444444444444 0.09296875 0.3416666666666667 0.10859375 0.34305555555555556
0 0.72734375 0.28055555555555556 0.74609375 0.29305555555555557 0.75234375 0.30416666666666664 0.7515625 0.30972222222222223 0.7484375 0.3125 0.7375 0.3125 0.728125 0.32083333333333336 0.7046875 0.3236111111111111 0.70078125 0.3236111111111111 0.703125 0.2902777777777778 0.71171875 0.28194444444444444 0.7265625 0.28055555555555556
0 0.7484375 0.3111111111111111 0.775 0.31805555555555554 0.7796875 0.31666666666666665 0.78203125 0.3194444444444444 0.7921875 0.31666666666666665 0.8 0.3236111111111111 0.80234375 0.3347222222222222 0.80234375 0.3736111111111111 0.79921875 0.37777777777777777 0.78984375 0.37777777777777777 0.77734375 0.37083333333333335 0.76015625 0.36944444444444446 0.75703125 0.35555555555555557 0.7484375 0.3416666666666667 0.74609375 0.33194444444444443 0.73125 0.32083333333333336 0.73671875 0.3111111111111111 0.74765625 0.3111111111111111
0 0.67578125 0.3388888888888889 0.67890625 0.34305555555555556 0.68203125 0.35833333333333334 0.68203125 0.37083333333333335 0.675 0.3680555555555556 0.6640625 0.3736111111111111 0.64375 0.37222222222222223 0.640625 0.35 0.64375 0.35 0.64453125 0.34444444444444444 0.640625 0.3472222222222222 0.63984375 0.3416666666666667 0.64375 0.3375 0.6484375 0.3388888888888889 0.65234375 0.33611111111111114 0.675 0.3388888888888889
0 0.5203125 0.8513888888888889 0.5203125 0.8638888888888889 0.515625 0.8708333333333333 0.515625 0.875 0.51875 0.8833333333333333 0.52265625 0.8861111111111111 0.52421875 0.9430555555555555 0.52265625 0.9486111111111111 0.51640625 0.9527777777777777 0.51015625 0.9638888888888889 0.509375 0.9763888888888889 0.50625 0.9805555555555555 0.50078125 0.9805555555555555 0.4875 0.9527777777777777 0.48515625 0.9430555555555555 0.48671875 0.9319444444444445 0.48515625 0.9138888888888889 0.4859375 0.8944444444444445 0.484375 0.8875 0.484375 0.8791666666666667 0.48671875 0.8736111111111111 0.4859375 0.8625 0.48828125 0.8513888888888889 0.49453125 0.8486111111111111 0.5078125 0.8513888888888889 0.51015625 0.8569444444444444 0.515625 0.8569444444444444 0.5171875 0.8513888888888889 0.51953125 0.8513888888888889
0 0.76953125 0.40555555555555556 0.040625 0.06944444444444445
0 0.64375 0.48194444444444445 0.66953125 0.4847222222222222 0.6828125 0.48055555555555557 0.6875 0.4861111111111111 0.69453125 0.5083333333333333 0.70078125 0.5388888888888889 0.70234375 0.5680555555555555 0.69921875 0.6125 0.69140625 0.6138888888888889 0.67109375 0.5958333333333333 0.66875 0.5625 0.6703125 0.5416666666666666 0.66953125 0.5083333333333333 0.6671875 0.5041666666666667 0.6390625 0.5 0.6375 0.49722222222222223 0.6390625 0.49027777777777776 0.64296875 0.48333333333333334
0 0.54296875 0.3527777777777778 0.54765625 0.35833333333333334 0.54765625 0.37777777777777777 0.55078125 0.3861111111111111 0.55234375 0.41388888888888886 0.55078125 0.4375 0.546875 0.4444444444444444 0.53046875 0.44027777777777777 0.5203125 0.4222222222222222 0.503125 0.41805555555555557 0.5 0.39861111111111114 0.50078125 0.3861111111111111 0.5046875 0.37083333333333335 0.5125 0.3527777777777778 0.5421875 0.3527777777777778
0 0.5234375 0.26944444444444443 0.52890625 0.275 0.53125 0.2847222222222222 0.53046875 0.3013888888888889 0.5296875 0.30694444444444446 0.51875 0.3125 0.51484375 0.3111111111111111 0.50625 0.27361111111111114 0.5125 0.26944444444444443 0.52265625 0.26944444444444443
0 0.82890625 0.44027777777777777 0.84765625 0.44166666666666665 0.8546875 0.44583333333333336 0.86015625 0.45555555555555555 0.86796875 0.49166666666666664 0.86796875 0.5 0.8625 0.5055555555555555 0.8375 0.5041666666666667 0.83359375 0.49583333333333335 0.828125 0.49166666666666664 0.80546875 0.4861111111111111 0.803125 0.46805555555555556 0.809375 0.44583333333333336 0.8171875 0.4388888888888889 0.828125 0.44027777777777777
0 0.81796875 0.49027777777777776 0.8328125 0.49722222222222223 0.8359375 0.5041666666666667 0.8359375 0.5166666666666667 0.8328125 0.5361111111111111 0.82734375 0.5513888888888889 0.82421875 0.5791666666666667 0.81640625 0.5847222222222223 0.7984375 0.5833333333333334 0.79375 0.5791666666666667 0.79140625 0.5694444444444444 0.78203125 0.55 0.77421875 0.5458333333333333 0.77421875 0.5375 0.78125 0.5027777777777778 0.78984375 0.49027777777777776 0.8171875 0.49027777777777776
0 0.6625 0.5027777777777778 0.66875 0.5041666666666667 0.6703125 0.5111111111111111 0.6703125 0.5361111111111111 0.66796875 0.5527777777777778 0.6703125 0.5722222222222222 0.66953125 0.6194444444444445 0.66796875 0.6222222222222222 0.66328125 0.6208333333333333 0.64921875 0.6263888888888889 0.640625 0.6388888888888888 0.6328125 0.6416666666666667 0.62421875 0.6388888888888888 0.60625 0.6527777777777778 0.6 0.6486111111111111 0.6 0.6319444444444444 0.596875 0.6097222222222223 0.59921875 0.5555555555555556 0.59765625 0.5361111111111111 0.6 0.5319444444444444 0.603125 0.5027777777777778 0.6046875 0.5 0.66171875 0.5027777777777778
0 0.67421875 0.6277777777777778 0.71015625 0.6333333333333333 0.72109375 0.6625 0.72890625 0.6986111111111111 0.73359375 0.7319444444444444 0.73359375 0.7902777777777777 0.73203125 0.8069444444444445 0.72734375 0.8152777777777778 0.71953125 0.8138888888888889 0.7125 0.7902777777777777 0.6953125 0.7819444444444444 0.68125 0.7791666666666667 0.66015625 0.7805555555555556 0.6578125 0.7833333333333333 0.64765625 0.7819444444444444 0.62890625 0.7527777777777778 0.6296875 0.7 0.63203125 0.6833333333333333 0.6359375 0.6736111111111112 0.6265625 0.6680555555555555 0.625 0.6625 0.62578125 0.6569444444444444 0.628125 0.6541666666666667 0.63984375 0.6527777777777778 0.646875 0.6333333333333333 0.65078125 0.6277777777777778 0.66015625 0.625 0.6734375 0.6277777777777778
0 0.82578125 0.2375 0.828125 0.24444444444444444 0.8265625 0.2569444444444444 0.8046875 0.2652777777777778 0.8 0.275 0.79296875 0.3 0.78828125 0.2972222222222222 0.7859375 0.2847222222222222 0.78515625 0.2569444444444444 0.78671875 0.24722222222222223 0.825 0.2375
0 0.0640625 0.2388888888888889 0.0734375 0.24444444444444444 0.07578125 0.25 0.0765625 0.25972222222222224 0.075 0.26666666666666666 0.078125 0.28194444444444444 0.075 0.2861111111111111 0.065625 0.2875 0.0609375 0.29444444444444445 0.05234375 0.29444444444444445 0.0421875 0.2861111111111111 0.03984375 0.2763888888888889 0.03984375 0.2638888888888889 0.0359375 0.2569444444444444 0.03515625 0.25 0.03203125 0.24444444444444444 0.02734375 0.24305555555555555 0.03125 0.24305555555555555 0.03671875 0.2375 0.06328125 0.2388888888888889
0 0.6625 0.2875 0.66875 0.2902777777777778 0.67109375 0.29444444444444445 0.67421875 0.32083333333333336 0.67109375 0.32222222222222224 0.65703125 0.31666666666666665 0.64609375 0.3194444444444444 0.63828125 0.3388888888888889 0.634375 0.3611111111111111 0.62890625 0.35694444444444445 0.6265625 0.33194444444444443 0.62734375 0.3236111111111111 0.634375 0.30694444444444446 0.63828125 0.2902777777777778 0.640625 0.2875 0.66171875 0.2875
0 0.60859375 0.7430555555555556 0.615625 0.7541666666666667 0.6296875 0.7555555555555555 0.63515625 0.7611111111111111 0.646875 0.7875 0.6546875 0.7888888888888889 0.659375 0.7958333333333333 0.6578125 0.8013888888888889 0.6515625 0.8069444444444445 0.65390625 0.8222222222222222 0.653125 0.8847222222222222 0.65 0.9305555555555556 0.646875 0.9361111111111111 0.63984375 0.9361111111111111 0.63515625 0.9194444444444444 0.61953125 0.9152777777777777 0.5703125 0.9125 0.56328125 0.9166666666666666 0.55703125 0.9305555555555556 0.54921875 0.9319444444444445 0.546875 0.9263888888888889 0.54609375 0.9125 0.54765625 0.8986111111111111 0.5453125 0.8680555555555556 0.55 0.8527777777777777 0.5515625 0.8138888888888889 0.55390625 0.8027777777777778 0.54609375 0.7930555555555555 0.54453125 0.7861111111111111 0.55078125 0.7791666666666667 0.559375 0.7791666666666667 0.57265625 0.7513888888888889 0.5890625 0.7513888888888889 0.59453125 0.7430555555555556 0.6078125 0.7430555555555556
0 0.71640625 0.46944444444444444 0.72578125 0.4777777777777778 0.73125 0.49444444444444446 0.73671875 0.5263888888888889 0.734375 0.5430555555555555 0.72578125 0.55 0.7203125 0.5625 0.709375 0.5666666666666667 0.703125 0.5652777777777778 0.70078125 0.5333333333333333 0.69609375 0.5222222222222223 0.69453125 0.5055555555555555 0.684375 0.48333333333333334 0.68359375 0.475 0.68671875 0.46944444444444444 0.715625 0.46944444444444444
0 0.5546875 0.28194444444444444 0.55859375 0.2847222222222222 0.56171875 0.2916666666666667 0.56484375 0.3125 0.5640625 0.33611111111111114 0.56015625 0.3416666666666667 0.55546875 0.3375 0.546875 0.3125 0.53125 0.30833333333333335 0.5328125 0.29583333333333334 0.53828125 0.28194444444444444 0.55390625 0.28194444444444444
0 0.275 0.3125 0.2828125 0.3263888888888889 0.28515625 0.3375 0.28515625 0.3486111111111111 0.2765625 0.36666666666666664 0.2640625 0.36666666666666664 0.2625 0.3486111111111111 0.259375 0.33611111111111114 0.2546875 0.33055555555555555 0.25 0.3472222222222222 0.24921875 0.36527777777777776 0.246875 0.36944444444444446 0.240625 0.36944444444444446 0.23984375 0.36527777777777776 0.240625 0.33611111111111114 0.2453125 0.32083333333333336 0.2546875 0.3111111111111111 0.26953125 0.30972222222222223 0.27421875 0.3125
0 0.7484375 0.39861111111111114 0.75234375 0.4027777777777778 0.76015625 0.43333333333333335 0.7609375 0.45 0.75859375 0.4736111111111111 0.753125 0.4736111111111111 0.74375 0.4666666666666667 0.715625 0.4666666666666667 0.7078125 0.4625 0.70546875 0.4513888888888889 0.70625 0.42777777777777776 0.7171875 0.3972222222222222 0.73984375 0.3958333333333333 0.74765625 0.39861111111111114
0 0.3328125 0.19027777777777777 0.3390625 0.1986111111111111 0.3390625 0.22083333333333333 0.3375 0.2263888888888889 0.3328125 0.23194444444444445 0.31796875 0.23472222222222222 0.3140625 0.24305555555555555 0.31015625 0.2375 0.30546875 0.2222222222222222 0.3046875 0.20833333333333334 0.30625 0.2 0.3125 0.19305555555555556 0.33203125 0.19027777777777777