3 0.68203125 0.20277777777777778 0.6859375 0.20416666666666666 0.6875 0.2125 0.68125 0.24722222222222223 0.67734375 0.25416666666666665 0.6703125 0.25277777777777777 0.6625 0.24305555555555555 0.66328125 0.20694444444444443 0.66640625 0.20277777777777778 0.68125 0.20277777777777778
3 0.0546875 0.16805555555555557 0.059375 0.175 0.06796875 0.1763888888888889 0.078125 0.18333333333333332 0.0828125 0.19444444444444445 0.08671875 0.2388888888888889 0.0890625 0.24722222222222223 0.08125 0.25833333333333336 0.07734375 0.25972222222222224 0.040625 0.25555555555555554 0.03828125 0.25277777777777777 0.0390625 0.2375 0.0375 0.22916666666666666 0.0390625 0.2125 0.0375 0.20277777777777778 0.0390625 0.1986111111111111 0.04375 0.19583333333333333 0.04140625 0.18055555555555555 0.0390625 0.17777777777777778 0.0453125 0.16805555555555557 0.05390625 0.16805555555555557
3 0.06875 0.17777777777777778 0.07734375 0.18333333333333332 0.08125 0.19027777777777777 0.084375 0.20694444444444443 0.0859375 0.24722222222222223 0.0796875 0.25833333333333336 0.0625 0.25555555555555554 0.06015625 0.25416666666666665 0.0609375 0.2513888888888889 0.05859375 0.24583333333333332 0.05859375 0.17916666666666667 0.06796875 0.17777777777777778
3 0.31015625 0.6055555555555555 0.32109375 0.6236111111111111 0.33046875 0.6527777777777778 0.33671875 0.6763888888888889 0.33984375 0.7069444444444445 0.3453125 0.7166666666666667 0.34609375 0.7222222222222222 0.3453125 0.7263888888888889 0.3390625 0.7305555555555555 0.3 0.7347222222222223 0.2859375 0.7402777777777778 0.2828125 0.7458333333333333 0.27578125 0.8 0.278125 0.8180555555555555 0.275 0.8361111111111111 0.27578125 0.8472222222222222 0.27265625 0.8694444444444445 0.26875 0.8708333333333333 0.259375 0.8833333333333333 0.253125 0.8833333333333333 0.25078125 0.8791666666666667 0.24609375 0.8444444444444444 0.240625 0.8375 0.2375 0.8263888888888888 0.2375 0.7972222222222223 0.2328125 0.7638888888888888 0.2328125 0.7430555555555556 0.2359375 0.7347222222222223 0.2328125 0.7152777777777778 0.23359375 0.6597222222222222 0.23203125 0.625 0.2375 0.6152777777777778 0.26171875 0.6083333333333333 0.309375 0.6055555555555555
3 0.33046875 0.2125 0.3328125 0.1763888888888889 0.3375 0.1486111111111111 0.35859375 0.14583333333333334 0.36640625 0.14722222222222223 0.37109375 0.15 0.37265625 0.15416666666666667 0.37265625 0.19444444444444445 0.3703125 0.20694444444444443 0.36953125 0.22777777777777777 0.3625 0.2263888888888889 0.3578125 0.2361111111111111 0.34296875 0.2361111111111111 0.33984375 0.2222222222222222 0.33515625 0.21388888888888888 0.33125 0.2125
3 0.4671875 0.1763888888888889 0.0203125 0.03888888888888889
3 0.63359375 0.6236111111111111 0.6453125 0.6361111111111111 0.6625 0.6611111111111111 0.66484375 0.6861111111111111 0.671875 0.7111111111111111 0.67578125 0.7375 0.61640625 0.7361111111111112 0.6078125 0.7416666666666667 0.603125 0.7486111111111111 0.596875 0.7666666666666667 0.5921875 0.7902777777777777 0.5859375 0.8 0.5875 0.8097222222222222 0.5875 0.8402777777777778 0.58359375 0.8444444444444444 0.578125 0.8416666666666667 0.578125 0.8361111111111111 0.57578125 0.8319444444444445 0.5609375 0.8305555555555556 0.55546875 0.7847222222222222 0.5484375 0.7652777777777777 0.54765625 0.7513888888888889 0.55 0.7388888888888889 0.5484375 0.6916666666666667 0.55234375 0.6680555555555555 0.55078125 0.6291666666666667 0.55859375 0.6263888888888889 0.6328125 0.6236111111111111
2 0.4703125 0.27361111111111114 0.47109375 0.2875 0.46796875 0.2972222222222222 0.46484375 0.29305555555555557 0.4640625 0.2763888888888889 0.46953125 0.27361111111111114
2 0.3 0.29305555555555557 0.30078125 0.30972222222222223 0.296875 0.32083333333333336 0.29375 0.31666666666666665 0.29296875 0.29583333333333334 0.29921875 0.29305555555555557
2 0.3796875 0.29305555555555557 0.38359375 0.29583333333333334 0.38359375 0.31666666666666665 0.38125 0.32083333333333336 0.378125 0.32083333333333336 0.37578125 0.3138888888888889 0.37578125 0.29583333333333334 0.37890625 0.29444444444444445
2 0.6609375 0.5111111111111111 0.66328125 0.5236111111111111 0.66328125 0.5819444444444445 0.66171875 0.5944444444444444 0.65859375 0.5972222222222222 0.64375 0.5902777777777778 0.640625 0.5805555555555556 0.6421875 0.5722222222222222 0.64453125 0.5694444444444444 0.646875 0.5527777777777778 0.646875 0.5444444444444444 0.64453125 0.5388888888888889 0.64765625 0.5361111111111111 0.64765625 0.5305555555555556 0.65625 0.5138888888888888 0.66015625 0.5111111111111111
2 0.365625 0.23194444444444445 0.36640625 0.24722222222222223 0.36484375 0.2513888888888889 0.36171875 0.2513888888888889 0.359375 0.24583333333333332 0.36015625 0.23333333333333334 0.36171875 0.23055555555555557 0.36484375 0.23194444444444445
2 0.05390625 0.6416666666666667 0.07109375 0.6444444444444445 0.07265625 0.6513888888888889 0.071875 0.6680555555555555 0.07578125 0.6875 0.07421875 0.7013888888888888 0.06484375 0.7222222222222222 0.05703125 0.7236111111111111 0.0546875 0.7194444444444444 0.05 0.6791666666666667 0.05234375 0.6652777777777777 0.0515625 0.65 0.05390625 0.6430555555555556
2 0.3453125 0.2861111111111111 0.34765625 0.2902777777777778 0.34765625 0.30416666666666664 0.3453125 0.3111111111111111 0.33984375 0.30972222222222223 0.3375 0.3 0.33828125 0.28888888888888886 0.34453125 0.2861111111111111
2 0.2859375 0.2875 0.28828125 0.29305555555555557 0.2859375 0.3111111111111111 0.28125 0.30833333333333335 0.28046875 0.2986111111111111 0.28046875 0.28888888888888886 0.28515625 0.2875
2 0.078125 0.5805555555555556 0.08359375 0.5763888888888888 0.0953125 0.5763888888888888 0.096875 0.5805555555555556 0.09453125 0.5972222222222222 0.0953125 0.6291666666666667 0.0921875 0.6416666666666667 0.08828125 0.6472222222222223 0.084375 0.6472222222222223 0.0796875 0.6347222222222222 0.0765625 0.6097222222222223 0.0765625 0.5861111111111111 0.078125 0.5819444444444445
2 0.33984375 0.30972222222222223 0.3375 0.2972222222222222 0.34140625 0.2708333333333333 0.34609375 0.275 0.34765625 0.30277777777777776 0.3453125 0.3111111111111111 0.340625 0.30972222222222223
2 0.17109375 0.4083333333333333 0.175 0.4097222222222222 0.1765625 0.41388888888888886 0.17734375 0.43472222222222223 0.17421875 0.4527777777777778 0.171875 0.45555555555555555 0.16484375 0.45416666666666666 0.1609375 0.4375 0.1625 0.4125 0.1703125 0.4097222222222222
2 0.53125 0.2833333333333333 0.5328125 0.2847222222222222 0.53203125 0.3013888888888889 0.52890625 0.3013888888888889 0.52421875 0.29305555555555557 0.525 0.2847222222222222 0.53046875 0.2833333333333333
2 0.5015625 0.2263888888888889 0.50390625 0.23194444444444445 0.50234375 0.25 0.4984375 0.24861111111111112 0.49765625 0.24444444444444444 0.49765625 0.22916666666666666 0.50078125 0.2263888888888889
2 0.1125 0.75 0.115625 0.7541666666666667 0.11328125 0.7916666666666666 0.1140625 0.8097222222222222 0.109375 0.8361111111111111 0.10390625 0.8513888888888889 0.096875 0.8513888888888889 0.09140625 0.8402777777777778 0.08984375 0.825 0.08515625 0.8069444444444445 0.08671875 0.7930555555555555 0.0859375 0.7638888888888888 0.08671875 0.7555555555555555 0.08984375 0.7486111111111111 0.11171875 0.75
1 0.74765625 0.2652777777777778 0.7546875 0.2777777777777778 0.75546875 0.2861111111111111 0.74453125 0.3 0.7375 0.30416666666666664 0.7265625 0.3 0.725 0.29444444444444445 0.7265625 0.2777777777777778 0.73125 0.26666666666666666 0.7359375 0.2638888888888889 0.746875 0.2652777777777778
1 0.42265625 0.6277777777777778 0.440625 0.6291666666666667 0.45078125 0.6416666666666667 0.46640625 0.6805555555555556 0.46953125 0.6763888888888889 0.48046875 0.6791666666666667 0.48046875 0.6875 0.46953125 0.6958333333333333 0.471875 0.7083333333333334 0.48046875 0.7305555555555555 0.48125 0.7472222222222222 0.47421875 0.7513888888888889 0.440625 0.7527777777777778 0.434375 0.7569444444444444 0.42890625 0.7652777777777777 0.42890625 0.7597222222222222 0.43359375 0.7555555555555555 0.4296875 0.7513888888888889 0.4328125 0.7472222222222222 0.4265625 0.7388888888888889 0.421875 0.7375 0.41875 0.7236111111111111 0.41015625 0.7222222222222222 0.40546875 0.7277777777777777 0.40234375 0.7375 0.40390625 0.7402777777777778 0.40234375 0.7555555555555555 0.39765625 0.7708333333333334 0.39375 0.7708333333333334 0.3875 0.7638888888888888 0.3734375 0.7347222222222223 0.365625 0.7277777777777777 0.3640625 0.7041666666666667 0.36875 0.6708333333333333 0.37890625 0.6388888888888888 0.3828125 0.6319444444444444 0.421875 0.6277777777777778
1 0.446875 0.2013888888888889 0.45078125 0.20555555555555555 0.45234375 0.2125 0.4484375 0.2263888888888889 0.44765625 0.2375 0.4453125 0.24166666666666667 0.4328125 0.24027777777777778 0.428125 0.2125 0.43359375 0.2 0.44609375 0.2013888888888889
1 0.490625 0.26944444444444443 0.50078125 0.27361111111111114 0.50546875 0.2916666666666667 0.496875 0.30833333333333335 0.49375 0.3277777777777778 0.4921875 0.32916666666666666 0.47421875 0.32916666666666666 0.47109375 0.32083333333333336 0.47265625 0.30416666666666664 0.471875 0.28888888888888886 0.4734375 0.2833333333333333 0.48046875 0.2722222222222222 0.48984375 0.26944444444444443
1 0.38515625 0.19444444444444445 0.3875 0.2 0.3890625 0.21388888888888888 0.3859375 0.22083333333333333 0.3796875 0.22361111111111112 0.37265625 0.22083333333333333 0.37265625 0.2 0.37578125 0.19444444444444445 0.384375 0.19444444444444445
1 0.45078125 0.25277777777777777 0.45703125 0.26666666666666666 0.45625 0.3 0.4546875 0.30277777777777776 0.44296875 0.2972222222222222 0.43203125 0.3013888888888889 0.4265625 0.2986111111111111 0.4265625 0.275 0.43046875 0.2569444444444444 0.4375 0.2513888888888889 0.45 0.25277777777777777
1 0.86015625 0.9083333333333333 0.8859375 0.9138888888888889 0.89453125 0.9208333333333333 0.90859375 0.9375 0.92109375 0.9638888888888889 0.91953125 0.9694444444444444 0.9109375 0.9694444444444444 0.875 0.9819444444444444 0.87421875 0.9875 0.88046875 0.9916666666666667 0.87265625 0.9930555555555556 0.8703125 0.9902777777777778 0.8703125 0.9861111111111112 0.86796875 0.9861111111111112 0.86015625 0.9944444444444445 0.853125 0.9902777777777778 0.84921875 0.9930555555555556 0.8203125 0.9902777777777778 0.81328125 0.9944444444444445 0.76796875 0.9944444444444445 0.76171875 0.9902777777777778 0.7625 0.9875 0.76015625 0.9833333333333333 0.76015625 0.9763888888888889 0.76640625 0.9472222222222222 0.7921875 0.9166666666666666 0.81953125 0.9083333333333333 0.859375 0.9083333333333333
1 0.33359375 0.1763888888888889 0.334375 0.18611111111111112 0.33125 0.1986111111111111 0.328125 0.2013888888888889 0.3140625 0.1986111111111111 0.31171875 0.18611111111111112 0.3234375 0.1763888888888889 0.3328125 0.1763888888888889
1 0.48046875 0.2125 0.48828125 0.2222222222222222 0.48984375 0.24305555555555555 0.48828125 0.24722222222222223 0.484375 0.24722222222222223 0.48125 0.23472222222222222 0.471875 0.21944444444444444 0.471875 0.21666666666666667 0.4796875 0.2125
1 0.1109375 0.2652777777777778 0.11953125 0.28194444444444444 0.11953125 0.3055555555555556 0.11640625 0.32083333333333336 0.1140625 0.3236111111111111 0.0921875 0.31527777777777777 0.0828125 0.31527777777777777 0.07734375 0.30833333333333335 0.07734375 0.2861111111111111 0.0875 0.2625 0.096875 0.2611111111111111 0.11015625 0.2652777777777778
1 0.4046875 0.2125 0.40390625 0.22916666666666666 0.4 0.225 0.3875 0.22361111111111112 0.3890625 0.2152777777777778 0.39375 0.20972222222222223 0.40390625 0.2125
1 0.42578125 0.5347222222222222 0.4296875 0.5375 0.43828125 0.5527777777777778 0.44296875 0.5694444444444444 0.45 0.5833333333333334 0.45703125 0.5833333333333334 0.46015625 0.5875 0.46015625 0.5958333333333333 0.453125 0.6041666666666666 0.4609375 0.6361111111111111 0.46015625 0.6555555555555556 0.440625 0.6277777777777778 0.40859375 0.6263888888888889 0.38515625 0.6305555555555555 0.3796875 0.6361111111111111 0.37109375 0.6569444444444444 0.36640625 0.6763888888888889 0.3640625 0.6708333333333333 0.36484375 0.6652777777777777 0.3625 0.65 0.36328125 0.6055555555555555 0.37578125 0.5458333333333333 0.3796875 0.5388888888888889 0.39296875 0.5347222222222222 0.425 0.5347222222222222
1 0.34375 0.3347222222222222 0.35 0.3375 0.3546875 0.35 0.36171875 0.35833333333333334 0.3578125 0.36527777777777776 0.36015625 0.38055555555555554 0.36015625 0.40555555555555556 0.35546875 0.41388888888888886 0.3421875 0.4111111111111111 0.315625 0.41388888888888886 0.3125 0.40555555555555556 0.3125 0.36944444444444446 0.31015625 0.35833333333333334 0.315625 0.3527777777777778 0.3171875 0.3416666666666667 0.32109375 0.33611111111111114 0.34296875 0.3347222222222222
1 0.65234375 0.7375 0.665625 0.7347222222222223 0.68203125 0.7430555555555556 0.7046875 0.7708333333333334 0.7109375 0.7819444444444444 0.72578125 0.8222222222222222 0.73046875 0.8263888888888888 0.7359375 0.8236111111111111 0.74296875 0.8236111111111111 0.7453125 0.8263888888888888 0.74453125 0.8347222222222223 0.7375 0.8430555555555556 0.73515625 0.85 0.746875 0.8805555555555555 0.75625 0.9180555555555555 0.75703125 0.9833333333333333 0.75546875 0.9916666666666667 0.753125 0.9944444444444445 0.73359375 0.9944444444444445 0.7328125 0.9861111111111112 0.72734375 0.9777777777777777 0.709375 0.9736111111111111 0.684375 0.9277777777777778 0.678125 0.9236111111111112 0.6609375 0.9027777777777778 0.621875 0.9013888888888889 0.6015625 0.9041666666666667 0.5984375 0.9013888888888889 0.58828125 0.8652777777777778 0.5828125 0.8527777777777777 0.5875 0.8319444444444445 0.58671875 0.7944444444444444 0.59375 0.7861111111111111 0.59921875 0.7583333333333333 0.60546875 0.7444444444444445 0.61015625 0.7402777777777778 0.6296875 0.7361111111111112 0.6515625 0.7375
1 0.21640625 0.7722222222222223 0.20703125 0.7388888888888889 0.2046875 0.6861111111111111 0.21015625 0.6805555555555556 0.20625 0.675 0.20625 0.6666666666666666 0.2125 0.65 0.215625 0.6347222222222222 0.2234375 0.6263888888888889 0.23046875 0.6263888888888889 0.23203125 0.6361111111111111 0.23203125 0.7666666666666667 0.23046875 0.7763888888888889 0.2203125 0.7763888888888889 0.2171875 0.7722222222222223
1 0.390625 0.2222222222222222 0.39375 0.225 0.403125 0.225 0.40546875 0.24444444444444444 0.39609375 0.24861111111111112 0.39140625 0.2611111111111111 0.390625 0.26944444444444443 0.3828125 0.2722222222222222 0.38125 0.26805555555555555 0.38046875 0.2388888888888889 0.38984375 0.22361111111111112
1 0.334375 0.21666666666666667 0.33828125 0.2222222222222222 0.340625 0.23194444444444445 0.3421875 0.2611111111111111 0.3390625 0.2652777777777778 0.32265625 0.26666666666666666 0.3171875 0.2625 0.3171875 0.23472222222222222 0.32421875 0.2222222222222222 0.33359375 0.21805555555555556
1 0.1296875 0.23472222222222222 0.13359375 0.2388888888888889 0.13515625 0.25277777777777777 0.1359375 0.2763888888888889 0.13359375 0.2833333333333333 0.12265625 0.2847222222222222 0.11015625 0.2652777777777778 0.0890625 0.25972222222222224 0.090625 0.25416666666666665 0.096875 0.25 0.11484375 0.25277777777777777 0.11953125 0.25833333333333336 0.1234375 0.25833333333333336 0.128125 0.25 0.1296875 0.2361111111111111
1 0.49609375 0.7513888888888889 0.50546875 0.7569444444444444 0.51328125 0.7694444444444445 0.52109375 0.8 0.52890625 0.8208333333333333 0.53984375 0.8222222222222222 0.5421875 0.8305555555555556 0.53671875 0.8347222222222223 0.52890625 0.8347222222222223 0.521875 0.8388888888888889 0.50703125 0.8388888888888889 0.49765625 0.8430555555555556 0.48671875 0.8638888888888889 0.4765625 0.9 0.471875 0.9444444444444444 0.46640625 0.95 0.44921875 0.9541666666666667 0.4421875 0.9541666666666667 0.4390625 0.9486111111111111 0.434375 0.9166666666666666 0.425 0.8833333333333333 0.428125 0.8638888888888889 0.428125 0.8458333333333333 0.425 0.8333333333333334 0.428125 0.8222222222222222 0.42890625 0.7916666666666666 0.43203125 0.7708333333333334 0.43984375 0.7569444444444444 0.4875 0.75 0.4953125 0.7513888888888889
1 0.5578125 0.8375 0.56484375 0.8402777777777778 0.578125 0.8555555555555555 0.59140625 0.8875 0.59453125 0.9041666666666667 0.590625 0.9083333333333333 0.578125 0.9111111111111111 0.5734375 0.9180555555555555 0.571875 0.9305555555555556 0.565625 0.9472222222222222 0.5640625 0.9611111111111111 0.5578125 0.9791666666666666 0.53359375 0.9833333333333333 0.53046875 0.9875 0.534375 0.9944444444444445 0.5 0.9944444444444445 0.496875 0.9888888888888889 0.49296875 0.9888888888888889 0.4921875 0.9930555555555556 0.47734375 0.9930555555555556 0.47421875 0.9805555555555555 0.4734375 0.9638888888888889 0.475 0.9486111111111111 0.4734375 0.9305555555555556 0.47578125 0.9097222222222222 0.4828125 0.8902777777777777 0.4828125 0.8805555555555555 0.4875 0.8638888888888889 0.496875 0.8458333333333333 0.5046875 0.8402777777777778 0.55703125 0.8375
1 0.4125 0.24722222222222223 0.41875 0.2652777777777778 0.41796875 0.2847222222222222 0.39453125 0.2847222222222222 0.39140625 0.28194444444444444 0.390625 0.2652777777777778 0.3953125 0.24861111111111112 0.403125 0.24444444444444444 0.41171875 0.24722222222222223
1 0.30390625 0.21666666666666667 0.30703125 0.22361111111111112 0.30859375 0.2388888888888889 0.30859375 0.25416666666666665 0.30546875 0.2569444444444444 0.28828125 0.2569444444444444 0.28125 0.24027777777777778 0.28125 0.23333333333333334 0.28828125 0.21666666666666667 0.303125 0.21666666666666667
1 0.46015625 0.18472222222222223 0.4640625 0.19444444444444445 0.46328125 0.20277777777777778 0.46015625 0.20833333333333334 0.44765625 0.2 0.44765625 0.19166666666666668 0.45 0.18611111111111112 0.459375 0.18472222222222223
1 0.35859375 0.475 0.37265625 0.47638888888888886 0.3796875 0.4875 0.3859375 0.5138888888888888 0.396875 0.5166666666666667 0.3984375 0.525 0.37734375 0.5402777777777777 0.3625 0.5972222222222222 0.334375 0.6027777777777777 0.328125 0.6152777777777778 0.32421875 0.6180555555555556 0.31796875 0.6013888888888889 0.31796875 0.5513888888888889 0.32109375 0.5388888888888889 0.31640625 0.5319444444444444 0.31484375 0.525 0.321875 0.5152777777777777 0.32421875 0.49583333333333335 0.33125 0.4791666666666667 0.3578125 0.475
1 0.57578125 0.4166666666666667 0.5921875 0.42916666666666664 0.60234375 0.4513888888888889 0.61015625 0.45555555555555555 0.60625 0.4652777777777778 0.61171875 0.49444444444444446 0.61171875 0.5236111111111111 0.609375 0.5361111111111111 0.60546875 0.5361111111111111 0.596875 0.5194444444444445 0.58359375 0.5111111111111111 0.53671875 0.5083333333333333 0.53515625 0.5055555555555555 0.53515625 0.47638888888888886 0.5390625 0.43472222222222223 0.54453125 0.4222222222222222 0.55078125 0.41388888888888886 0.571875 0.41388888888888886 0.575 0.4166666666666667
1 0.4890625 0.19583333333333333 0.49765625 0.2013888888888889 0.49921875 0.21944444444444444 0.49609375 0.225 0.48984375 0.22361111111111112 0.4828125 0.20972222222222223 0.48359375 0.1986111111111111 0.48828125 0.19583333333333333
1 0.43046875 0.19305555555555556 0.4328125 0.2 0.43046875 0.20555555555555555 0.42890625 0.21944444444444444 0.41953125 0.20972222222222223 0.41875 0.1986111111111111 0.42109375 0.19305555555555556 0.4296875 0.19305555555555556
1 0.7265625 0.25972222222222224 0.72890625 0.2638888888888889 0.72890625 0.2708333333333333 0.7234375 0.29583333333333334 0.7046875 0.29305555555555557 0.703125 0.2791666666666667 0.70625 0.2652777777777778 0.71015625 0.25833333333333336 0.72265625 0.2569444444444444 0.72578125 0.25972222222222224
1 0.5078125 0.35833333333333334 0.515625 0.3625 0.52578125 0.3875 0.52734375 0.4236111111111111 0.52578125 0.43194444444444446 0.50390625 0.4263888888888889 0.4875 0.4305555555555556 0.48046875 0.425 0.47734375 0.41805555555555557 0.478125 0.3875 0.48359375 0.3625 0.4875 0.35833333333333334 0.50703125 0.35833333333333334
1 0.93828125 0.37916666666666665 0.9453125 0.37777777777777777 0.953125 0.3819444444444444 0.9546875 0.39444444444444443 0.9578125 0.4 0.959375 0.4097222222222222 0.959375 0.42916666666666664 0.95625 0.43472222222222223 0.94609375 0.4361111111111111 0.94375 0.43194444444444446 0.93828125 0.4041666666666667 0.93828125 0.39444444444444443 0.93515625 0.3888888888888889 0.928125 0.3972222222222222 0.93359375 0.40694444444444444 0.93359375 0.43194444444444446 0.93203125 0.43472222222222223 0.92421875 0.4361111111111111 0.91953125 0.43333333333333335 0.9171875 0.42916666666666664 0.9171875 0.4152777777777778 0.9140625 0.40694444444444444 0.915625 0.39305555555555555 0.9296875 0.38472222222222224 0.93515625 0.38472222222222224 0.93828125 0.38055555555555554
1 0.4125 0.18472222222222223 0.4171875 0.19166666666666668 0.4171875 0.2013888888888889 0.41484375 0.20694444444444443 0.40546875 0.20694444444444443 0.40390625 0.20416666666666666 0.4046875 0.18888888888888888 0.4078125 0.18472222222222223 0.41171875 0.18472222222222223
1 0.2125 0.20555555555555555 0.22109375 0.2152777777777778 0.2296875 0.21805555555555556 0.23203125 0.2222222222222222 0.2296875 0.2375 0.21953125 0.24166666666666667 0.2109375 0.24166666666666667 0.20390625 0.2375 0.1921875 0.24027777777777778 0.1890625 0.23055555555555557 0.18828125 0.2125 0.190625 0.20416666666666666 0.20859375 0.20277777777777778 0.21171875 0.20555555555555555
1 0.43984375 0.38472222222222224 0.45859375 0.3902777777777778 0.4703125 0.40555555555555556 0.4734375 0.4041666666666667 0.478125 0.44583333333333336 0.478125 0.49166666666666664 0.47421875 0.5083333333333333 0.4671875 0.5069444444444444 0.4609375 0.5 0.43828125 0.49722222222222223 0.42578125 0.5097222222222222 0.42109375 0.5041666666666667 0.41875 0.4930555555555556 0.41015625 0.475 0.41015625 0.45694444444444443 0.41328125 0.44305555555555554 0.41484375 0.3972222222222222 0.4171875 0.39166666666666666 0.42265625 0.3875 0.4390625 0.38472222222222224
1 0.45703125 0.21666666666666667 0.4703125 0.21805555555555556 0.47421875 0.2222222222222222 0.48359375 0.2375 0.48515625 0.24305555555555555 0.48359375 0.2513888888888889 0.4515625 0.24861111111111112 0.4484375 0.24305555555555555 0.44921875 0.225 0.45234375 0.21805555555555556 0.45625 0.21666666666666667
1 0.6203125 0.9041666666666667 0.6546875 0.9041666666666667 0.6671875 0.9097222222222222 0.68515625 0.9319444444444445 0.696875 0.9541666666666667 0.709375 0.9833333333333333 0.71171875 0.9930555555555556 0.7109375 0.9986111111111111 0.68359375 0.9986111111111111 0.68203125 0.9958333333333333 0.60078125 0.9986111111111111 0.59375 0.9916666666666667 0.59921875 0.9847222222222223 0.59609375 0.9819444444444444 0.58125 0.9833333333333333 0.5609375 0.9791666666666666 0.559375 0.9763888888888889 0.5765625 0.9138888888888889 0.5828125 0.9097222222222222 0.61953125 0.9041666666666667
1 0.55703125 0.5097222222222222 0.584375 0.5138888888888888 0.5984375 0.5263888888888889 0.60234375 0.5361111111111111 0.584375 0.5333333333333333 0.5390625 0.5333333333333333 0.53046875 0.5361111111111111 0.52578125 0.5444444444444444 0.5203125 0.5652777777777778 0.515625 0.5958333333333333 0.51484375 0.6166666666666667 0.51171875 0.6166666666666667 0.50859375 0.5847222222222223 0.509375 0.5569444444444445 0.5140625 0.5361111111111111 0.51484375 0.5236111111111111 0.52421875 0.5138888888888888 0.55625 0.5097222222222222
1 0.478125 0.19722222222222222 0.48046875 0.20277777777777778 0.48046875 0.20972222222222223 0.4734375 0.21666666666666667 0.46328125 0.21388888888888888 0.46328125 0.2013888888888889 0.46640625 0.19583333333333333 0.47734375 0.19722222222222222
1 0.51875 0.20833333333333334 0.5265625 0.21666666666666667 0.52734375 0.23333333333333334 0.51796875 0.24444444444444444 0.5125 0.24027777777777778 0.5109375 0.225 0.51640625 0.20972222222222223 0.51796875 0.20972222222222223
1 0.3828125 0.8861111111111111 0.390625 0.8972222222222223 0.39296875 0.9083333333333333 0.4046875 0.9333333333333333 0.409375 0.9513888888888888 0.41953125 0.9694444444444444 0.4203125 0.9944444444444445 0.4078125 0.9986111111111111 0.378125 0.9986111111111111 0.3703125 0.9958333333333333 0.328125 0.9958333333333333 0.3265625 0.9986111111111111 0.28125 0.9972222222222222 0.284375 0.9555555555555556 0.28984375 0.9430555555555555 0.29140625 0.9291666666666667 0.303125 0.9027777777777778 0.31953125 0.8916666666666667 0.38203125 0.8861111111111111
1 0.69296875 0.4930555555555556 0.69453125 0.49722222222222223 0.6953125 0.5222222222222223 0.6921875 0.5597222222222222 0.690625 0.6180555555555556 0.68828125 0.6291666666666667 0.67734375 0.6347222222222222 0.66796875 0.6333333333333333 0.6640625 0.6152777777777778 0.6640625 0.5333333333333333 0.675 0.49444444444444446 0.68359375 0.49027777777777776 0.6921875 0.4930555555555556
0 0.76171875 0.4638888888888889 0.7859375 0.4666666666666667 0.796875 0.475 0.82109375 0.48194444444444445 0.85078125 0.4986111111111111 0.87734375 0.4986111111111111 0.9046875 0.5055555555555555 0.928125 0.5194444444444445 0.94375 0.525 0.94921875 0.5319444444444444 0.9515625 0.5486111111111112 0.95390625 0.5527777777777778 0.99921875 0.5791666666666667 0.99921875 0.6513888888888889 0.996875 0.6597222222222222 0.996875 0.6708333333333333 0.99921875 0.675 0.99921875 0.7694444444444445 0.99765625 0.7708333333333334 0.99765625 0.7777777777777778 0.99921875 0.7791666666666667 0.99921875 0.9 0.99453125 0.9055555555555556 0.97421875 0.9069444444444444 0.8859375 0.9055555555555556 0.8546875 0.9027777777777778 0.846875 0.8986111111111111 0.83046875 0.9013888888888889 0.8265625 0.8888888888888888 0.82578125 0.8736111111111111 0.82109375 0.8638888888888889 0.80703125 0.8541666666666666 0.78203125 0.8263888888888888 0.7546875 0.8027777777777778 0.7484375 0.8041666666666667 0.74453125 0.8138888888888889 0.7375 0.8138888888888889 0.73203125 0.7972222222222223 0.72734375 0.7652777777777777 0.725 0.7611111111111111 0.7203125 0.7611111111111111 0.709375 0.7527777777777778 0.70078125 0.7388888888888889 0.69140625 0.7305555555555555 0.690625 0.6527777777777778 0.696875 0.4875 0.70234375 0.48055555555555557 0.7171875 0.47638888888888886 0.73359375 0.4666666666666667 0.7609375 0.4652777777777778
0 0.225 0.2861111111111111 0.25859375 0.2902777777777778 0.26953125 0.28888888888888886 0.2796875 0.29583333333333334 0.284375 0.33055555555555555 0.28359375 0.4125 0.28515625 0.4305555555555556 0.27578125 0.48055555555555557 0.2546875 0.4777777777777778 0.25078125 0.4666666666666667 0.24375 0.42916666666666664 0.23671875 0.4166666666666667 0.21796875 0.4125 0.19921875 0.4166666666666667 0.1953125 0.4125 0.1953125 0.36527777777777776 0.1921875 0.35833333333333334 0.196875 0.32083333333333336 0.20859375 0.2972222222222222 0.21796875 0.2875 0.22421875 0.2861111111111111