0 0.75859375 0.5 0.78359375 0.5027777777777778 0.79296875 0.5069444444444444 0.8015625 0.5208333333333334 0.81796875 0.5666666666666667 0.81796875 0.5736111111111111 0.8125 0.5763888888888888 0.80234375 0.5694444444444444 0.78046875 0.5694444444444444 0.78046875 0.5736111111111111 0.77265625 0.5736111111111111 0.778125 0.5722222222222222 0.77734375 0.5680555555555555 0.74296875 0.5652777777777778 0.7328125 0.5722222222222222 0.73046875 0.5777777777777777 0.72734375 0.5722222222222222 0.72578125 0.5486111111111112 0.73515625 0.525 0.73984375 0.5041666666666667 0.74296875 0.5 0.7578125 0.5
0 0.21640625 0.30416666666666664 0.23125 0.30972222222222223 0.23515625 0.31666666666666665 0.23671875 0.3263888888888889 0.24140625 0.3347222222222222 0.2421875 0.3402777777777778 0.23515625 0.33194444444444443 0.21640625 0.33194444444444443 0.2078125 0.33611111111111114 0.19765625 0.3486111111111111 0.19609375 0.3541666666666667 0.18984375 0.3333333333333333 0.1890625 0.30972222222222223 0.19609375 0.30416666666666664 0.215625 0.30416666666666664
0 0.2421875 0.5180555555555556 0.26328125 0.5222222222222223 0.26953125 0.5263888888888889 0.27578125 0.5472222222222223 0.28046875 0.5736111111111111 0.28125 0.5875 0.2859375 0.6097222222222223 0.2859375 0.6263888888888889 0.28203125 0.6333333333333333 0.26796875 0.6333333333333333 0.24609375 0.6416666666666667 0.2390625 0.6583333333333333 0.23515625 0.6888888888888889 0.23203125 0.6958333333333333 0.228125 0.7 0.22109375 0.7013888888888888 0.2203125 0.7055555555555556 0.21171875 0.7166666666666667 0.20703125 0.7166666666666667 0.203125 0.7097222222222223 0.20234375 0.6986111111111111 0.1984375 0.6888888888888889 0.19765625 0.6569444444444444 0.19453125 0.6430555555555556 0.196875 0.6027777777777777 0.1953125 0.5944444444444444 0.19609375 0.5736111111111111 0.19375 0.5583333333333333 0.19375 0.5361111111111111 0.19609375 0.5291666666666667 0.21015625 0.5208333333333334 0.24140625 0.5180555555555556
0 0.5265625 0.29305555555555557 0.5328125 0.31666666666666665 0.53203125 0.3236111111111111 0.5078125 0.325 0.50078125 0.3402777777777778 0.4953125 0.3375 0.4875 0.31666666666666665 0.490625 0.29583333333333334 0.49453125 0.2916666666666667 0.52578125 0.29305555555555557
0 0.36015625 0.5402777777777777 0.3703125 0.5444444444444444 0.378125 0.5555555555555556 0.384375 0.5902777777777778 0.390625 0.6055555555555555 0.3953125 0.6541666666666667 0.39453125 0.6958333333333333 0.39140625 0.7 0.3828125 0.6986111111111111 0.37421875 0.6861111111111111 0.3375 0.6888888888888889 0.33125 0.6944444444444444 0.328125 0.6888888888888889 0.32265625 0.6875 0.31875 0.6805555555555556 0.31328125 0.6666666666666666 0.31015625 0.65 0.3046875 0.6388888888888888 0.30390625 0.6013888888888889 0.30703125 0.5944444444444444 0.3078125 0.5833333333333334 0.315625 0.55 0.3234375 0.5430555555555555 0.359375 0.5402777777777777
0 0.4796875 0.39444444444444443 0.49609375 0.39861111111111114 0.5109375 0.42777777777777776 0.509375 0.43194444444444446 0.48203125 0.43194444444444446 0.47578125 0.43472222222222223 0.46640625 0.45694444444444443 0.4609375 0.47638888888888886 0.46171875 0.4888888888888889 0.459375 0.4888888888888889 0.4578125 0.48194444444444445 0.45078125 0.4736111111111111 0.44921875 0.42777777777777776 0.45703125 0.39861111111111114 0.4625 0.39444444444444443 0.47890625 0.39444444444444443
0 0.1328125 0.3 0.134375 0.30416666666666664 0.13125 0.31805555555555554 0.13125 0.33055555555555555 0.13359375 0.33611111111111114 0.1390625 0.3402777777777778 0.1375 0.35555555555555557 0.13984375 0.36666666666666664 0.13671875 0.3736111111111111 0.1234375 0.36666666666666664 0.11328125 0.3736111111111111 0.10234375 0.37222222222222223 0.09140625 0.3486111111111111 0.09140625 0.33055555555555555 0.08984375 0.325 0.084375 0.32083333333333336 0.0875 0.31666666666666665 0.08671875 0.30694444444444446 0.09375 0.3 0.13203125 0.3
0 0.459375 0.30833333333333335 0.46484375 0.31527777777777777 0.465625 0.32083333333333336 0.46328125 0.325 0.45625 0.3263888888888889 0.453125 0.33194444444444443 0.453125 0.35138888888888886 0.45 0.3625 0.43828125 0.34305555555555556 0.4328125 0.31805555555555554 0.43515625 0.3125 0.4421875 0.30833333333333335 0.45859375 0.30833333333333335
0 0.38984375 0.29583333333333334 0.40390625 0.2972222222222222 0.409375 0.3138888888888889 0.4015625 0.34444444444444444 0.396875 0.3541666666666667 0.39375 0.3527777777777778 0.390625 0.35555555555555557 0.38671875 0.3541666666666667 0.39375 0.35 0.39453125 0.34444444444444444 0.3890625 0.3416666666666667 0.39375 0.3416666666666667 0.3953125 0.3375 0.39140625 0.33194444444444443 0.38203125 0.33055555555555555 0.3765625 0.3333333333333333 0.37421875 0.32222222222222224 0.37578125 0.30833333333333335 0.37890625 0.3 0.38359375 0.29583333333333334 0.3890625 0.29583333333333334
0 0.878125 0.5375 0.89296875 0.5430555555555555 0.896875 0.5472222222222223 0.896875 0.5541666666666667 0.8546875 0.5569444444444445 0.85 0.5638888888888889 0.8421875 0.5986111111111111 0.8359375 0.5944444444444444 0.8328125 0.5847222222222223 0.8265625 0.5763888888888888 0.8296875 0.5569444444444445 0.8375 0.5416666666666666 0.8421875 0.5388888888888889 0.87734375 0.5375
0 0.8765625 0.9111111111111111 0.9046875 0.9166666666666666 0.90859375 0.9208333333333333 0.90859375 0.925 0.9140625 0.9347222222222222 0.9234375 0.9416666666666667 0.9234375 0.9458333333333333 0.9265625 0.95 0.934375 0.9555555555555556 0.93984375 0.9555555555555556 0.94765625 0.9625 0.94296875 0.9694444444444444 0.94609375 0.975 0.94296875 0.9833333333333333 0.9546875 0.9930555555555556 0.95234375 0.9986111111111111 0.9375 0.9986111111111111 0.93515625 0.9944444444444445 0.9359375 0.9847222222222223 0.934375 0.9819444444444444 0.91484375 0.9666666666666667 0.909375 0.9680555555555556 0.90546875 0.9805555555555555 0.9 0.9833333333333333 0.90625 0.9930555555555556 0.90078125 0.9958333333333333 0.871875 0.9930555555555556 0.8140625 0.9944444444444445 0.7921875 0.9888888888888889 0.7921875 0.9777777777777777 0.80546875 0.9222222222222223 0.8140625 0.9166666666666666 0.84921875 0.9097222222222222 0.87578125 0.9111111111111111
0 0.58515625 0.36666666666666664 0.60546875 0.37222222222222223 0.621875 0.3958333333333333 0.61953125 0.4041666666666667 0.62109375 0.4166666666666667 0.6203125 0.4361111111111111 0.60234375 0.43194444444444446 0.5640625 0.4305555555555556 0.559375 0.4263888888888889 0.559375 0.41805555555555557 0.56171875 0.4111111111111111 0.56171875 0.39166666666666666 0.571875 0.36944444444444446 0.584375 0.36666666666666664
0 0.53671875 0.3263888888888889 0.55 0.3333333333333333 0.55625 0.3541666666666667 0.55625 0.3597222222222222 0.54609375 0.38055555555555554 0.54453125 0.3958333333333333 0.5359375 0.4 0.521875 0.3972222222222222 0.51015625 0.36527777777777776 0.51015625 0.3486111111111111 0.5203125 0.3277777777777778 0.5359375 0.3263888888888889
0 0.3234375 0.375 0.32890625 0.3819444444444444 0.3328125 0.4 0.328125 0.40694444444444444 0.325 0.4222222222222222 0.3046875 0.42777777777777776 0.3 0.43194444444444446 0.29140625 0.45 0.28828125 0.45 0.28515625 0.44166666666666665 0.2875 0.39444444444444443 0.290625 0.38472222222222224 0.29453125 0.37777777777777777 0.3 0.375 0.32265625 0.375
0 0.396875 0.44305555555555554 0.41171875 0.45 0.41875 0.4638888888888889 0.42578125 0.4861111111111111 0.421875 0.49027777777777776 0.41015625 0.49166666666666664 0.40234375 0.5013888888888889 0.39453125 0.5208333333333334 0.39296875 0.5527777777777778 0.38671875 0.5597222222222222 0.38046875 0.5583333333333333 0.37421875 0.5458333333333333 0.35859375 0.5347222222222222 0.3578125 0.5055555555555555 0.359375 0.4736111111111111 0.36953125 0.44722222222222224 0.3828125 0.44305555555555554 0.39609375 0.44305555555555554
0 0.8 0.5694444444444444 0.809375 0.5736111111111111 0.81484375 0.5805555555555556 0.83046875 0.5847222222222223 0.8328125 0.5944444444444444 0.8453125 0.6055555555555555 0.85078125 0.6180555555555556 0.853125 0.6375 0.86171875 0.6777777777777778 0.8609375 0.7055555555555556 0.8625 0.7277777777777777 0.86015625 0.7583333333333333 0.8484375 0.7805555555555556 0.84453125 0.7805555555555556 0.8375 0.7722222222222223 0.82109375 0.7638888888888888 0.77890625 0.7597222222222222 0.77421875 0.7333333333333333 0.76328125 0.7027777777777777 0.76328125 0.6930555555555555 0.7578125 0.6722222222222223 0.75234375 0.6625 0.74765625 0.6611111111111111 0.74375 0.6638888888888889 0.73984375 0.6722222222222223 0.73828125 0.6888888888888889 0.73046875 0.7013888888888888 0.72734375 0.7 0.72578125 0.6916666666666667 0.72734375 0.6097222222222223 0.7296875 0.5875 0.7359375 0.5708333333333333 0.7453125 0.5666666666666667 0.79921875 0.5694444444444444
0 0.48046875 0.3611111111111111 0.5 0.3611111111111111 0.5078125 0.3680555555555556 0.51328125 0.37777777777777777 0.51953125 0.3972222222222222 0.52578125 0.4083333333333333 0.52734375 0.4166666666666667 0.528125 0.4361111111111111 0.525 0.4597222222222222 0.52265625 0.4583333333333333 0.51328125 0.43472222222222223 0.5125 0.41388888888888886 0.51015625 0.41388888888888886 0.50859375 0.41944444444444445 0.50546875 0.41805555555555557 0.4953125 0.3972222222222222 0.48515625 0.39305555555555555 0.46328125 0.39305555555555555 0.45625 0.3972222222222222 0.45625 0.3861111111111111 0.465625 0.3638888888888889 0.4796875 0.3611111111111111
0 0 0.3819444444444444 0.009375 0.3819444444444444 0.01640625 0.3861111111111111 0.01953125 0.39166666666666666 0.02265625 0.40555555555555556 0.01875 0.4583333333333333 0.01171875 0.47638888888888886 0 0.48055555555555557 0 0.38333333333333336
0 0.2546875 0.26666666666666666 0.25546875 0.28194444444444444 0.25390625 0.2861111111111111 0.26171875 0.30972222222222223 0.25546875 0.32083333333333336 0.253125 0.33055555555555555 0.24765625 0.3333333333333333 0.24453125 0.33194444444444443 0.2453125 0.31666666666666665 0.24296875 0.3125 0.2421875 0.2972222222222222 0.23984375 0.29305555555555557 0.23125 0.2847222222222222 0.2125 0.2833333333333333 0.209375 0.2763888888888889 0.21328125 0.2708333333333333 0.23203125 0.26805555555555555 0.2453125 0.26805555555555555 0.2515625 0.27361111111111114 0.25390625 0.26805555555555555
0 0.38828125 0.3277777777777778 0.4015625 0.33194444444444443 0.40234375 0.35 0.39921875 0.35694444444444445 0.38671875 0.3597222222222222 0.37265625 0.35833333333333334 0.371875 0.3375 0.3765625 0.3263888888888889 0.3875 0.3277777777777778
0 0.3 0.30416666666666664 0.3078125 0.3111111111111111 0.31015625 0.3194444444444444 0.31015625 0.3375 0.30703125 0.3333333333333333 0.296875 0.33055555555555555 0.27109375 0.3416666666666667 0.265625 0.3472222222222222 0.265625 0.3277777777777778 0.27421875 0.3236111111111111 0.27890625 0.30833333333333335 0.28671875 0.30277777777777776 0.29921875 0.30416666666666664
0 0.29296875 0.275 0.296875 0.2777777777777778 0.3140625 0.2763888888888889 0.31953125 0.2833333333333333 0.321875 0.29305555555555557 0.31953125 0.3055555555555556 0.31875 0.3416666666666667 0.31328125 0.3402777777777778 0.30859375 0.325 0.3078125 0.31527777777777777 0.3046875 0.30972222222222223 0.29765625 0.30416666666666664 0.28359375 0.30694444444444446 0.28515625 0.2916666666666667 0.2921875 0.2763888888888889
0 0.36640625 0.4027777777777778 0.3765625 0.4166666666666667 0.38125 0.44166666666666665 0.36875 0.44583333333333336 0.359375 0.46944444444444444 0.35546875 0.46805555555555556 0.35 0.44305555555555554 0.34375 0.42916666666666664 0.3390625 0.425 0.328125 0.4236111111111111 0.3265625 0.41805555555555557 0.328125 0.4097222222222222 0.33359375 0.4027777777777778 0.365625 0.4027777777777778
0 0.1640625 0.30277777777777776 0.1765625 0.3138888888888889 0.1828125 0.33055555555555555 0.18203125 0.3625 0.175 0.37777777777777777 0.15390625 0.3763888888888889 0.14765625 0.3375 0.14296875 0.33194444444444443 0.13671875 0.3388888888888889 0.1296875 0.33055555555555555 0.1328125 0.30972222222222223 0.13671875 0.3013888888888889 0.16328125 0.30277777777777776
0 0.99609375 0.6722222222222223 0.99921875 0.6736111111111112 0.99921875 0.7611111111111111 0.99609375 0.7638888888888888 0.99921875 0.7680555555555556 0.99921875 0.8027777777777778 0.99140625 0.8 0.99140625 0.7902777777777777 0.9875 0.7736111111111111 0.984375 0.7736111111111111 0.9796875 0.7611111111111111 0.96875 0.7555555555555555 0.96015625 0.7402777777777778 0.95390625 0.7388888888888889 0.94921875 0.7472222222222222 0.95 0.7652777777777777 0.94609375 0.7680555555555556 0.940625 0.7583333333333333 0.94140625 0.7472222222222222 0.93984375 0.7444444444444445 0.940625 0.7152777777777778 0.94453125 0.6972222222222222 0.94765625 0.6916666666666667 0.96640625 0.6722222222222223 0.9953125 0.6722222222222223
0 0.48828125 0.8027777777777778 0.51640625 0.8041666666666667 0.5296875 0.8125 0.55078125 0.8166666666666667 0.55703125 0.8236111111111111 0.57421875 0.8541666666666666 0.6546875 0.9583333333333334 0.6578125 0.9694444444444444 0.64375 0.9722222222222222 0.64375 0.975 0.66875 0.9777777777777777 0.6796875 0.9902777777777778 0.68203125 0.9944444444444445 0.68125 0.9986111111111111 0.6296875 0.9986111111111111 0.6203125 0.9902777777777778 0.60859375 0.9944444444444445 0.60625 0.9986111111111111 0.5625 0.9986111111111111 0.55703125 0.9944444444444445 0.53828125 0.9958333333333333 0.53125 0.9819444444444444 0.52421875 0.9819444444444444 0.521875 0.9861111111111112 0.52265625 0.9916666666666667 0.50234375 0.9944444444444445 0.4984375 0.9944444444444445 0.4921875 0.9888888888888889 0.48125 0.9916666666666667 0.46796875 0.9902777777777778 0.459375 0.9944444444444445 0.40234375 0.9972222222222222 0.33046875 0.9944444444444445 0.32421875 0.9861111111111112 0.32421875 0.9777777777777777 0.3265625 0.9777777777777777 0.3296875 0.9708333333333333 0.321875 0.9666666666666667 0.32109375 0.9611111111111111 0.32421875 0.9527777777777777 0.3234375 0.9388888888888889 0.3265625 0.9319444444444445 0.3265625 0.9208333333333333 0.32265625 0.9041666666666667 0.3234375 0.8819444444444444 0.32734375 0.8513888888888889 0.33203125 0.8416666666666667 0.35625 0.8208333333333333 0.38046875 0.8125 0.4265625 0.8041666666666667 0.4875 0.8027777777777778
0 0.353125 0.29305555555555557 0.35625 0.29583333333333334 0.3625 0.31666666666666665 0.36328125 0.3611111111111111 0.3609375 0.36666666666666664 0.35703125 0.36666666666666664 0.3484375 0.3597222222222222 0.32578125 0.36666666666666664 0.32265625 0.3625 0.31953125 0.34444444444444444 0.31953125 0.31527777777777777 0.3234375 0.29305555555555557 0.35234375 0.29305555555555557
0 0.42734375 0.32083333333333336 0.43203125 0.3236111111111111 0.43515625 0.33055555555555555 0.43671875 0.3472222222222222 0.4046875 0.3472222222222222 0.403125 0.34444444444444444 0.403125 0.3333333333333333 0.4078125 0.3194444444444444 0.4265625 0.32083333333333336
0 0.2203125 0.3625 0.23046875 0.3680555555555556 0.2328125 0.37777777777777777 0.23203125 0.38333333333333336 0.20703125 0.38472222222222224 0.20078125 0.39305555555555555 0.19921875 0.4013888888888889 0.18984375 0.4097222222222222 0.18203125 0.39861111111111114 0.18203125 0.39305555555555555 0.18828125 0.3861111111111111 0.19296875 0.3680555555555556 0.19921875 0.3638888888888889 0.21953125 0.3625
0 0.2328125 0.2847222222222222 0.24375 0.2902777777777778 0.246875 0.3236111111111111 0.2453125 0.3347222222222222 0.24140625 0.3347222222222222 0.2359375 0.3277777777777778 0.234375 0.31666666666666665 0.23125 0.3111111111111111 0.203125 0.3055555555555556 0.1984375 0.30277777777777776 0.196875 0.2986111111111111 0.1953125 0.2916666666666667 0.20078125 0.2847222222222222 0.209375 0.28194444444444444 0.23203125 0.2847222222222222
0 0.34296875 0.42916666666666664 0.34921875 0.44166666666666665 0.35546875 0.4652777777777778 0.35703125 0.4791666666666667 0.35546875 0.5277777777777778 0.34921875 0.5319444444444444 0.32109375 0.5305555555555556 0.3125 0.5361111111111111 0.3078125 0.5430555555555555 0.303125 0.5430555555555555 0.29296875 0.5236111111111111 0.29140625 0.4583333333333333 0.29609375 0.44166666666666665 0.303125 0.42916666666666664 0.30859375 0.4263888888888889 0.33359375 0.425 0.3421875 0.42916666666666664
0 0.253125 0.45555555555555555 0.26015625 0.4625 0.2609375 0.48055555555555557 0.2640625 0.49583333333333335 0.271875 0.5013888888888889 0.2734375 0.5111111111111111 0.27109375 0.5180555555555556 0.22734375 0.5166666666666667 0.19921875 0.5236111111111111 0.1953125 0.5222222222222223 0.19453125 0.5013888888888889 0.19765625 0.4930555555555556 0.19609375 0.4847222222222222 0.19921875 0.46944444444444444 0.203125 0.46111111111111114 0.21015625 0.45555555555555555 0.2265625 0.4527777777777778 0.24609375 0.4527777777777778 0.25234375 0.45555555555555555
0 0.73125 0.8277777777777777 0.7390625 0.8305555555555556 0.75390625 0.8611111111111112 0.759375 0.8875 0.76640625 0.9097222222222222 0.76875 0.9263888888888889 0.76953125 0.9541666666666667 0.76796875 0.9597222222222223 0.7703125 0.9722222222222222 0.76875 0.9888888888888889 0.76484375 0.9930555555555556 0.75234375 0.9944444444444445 0.74609375 0.9986111111111111 0.6890625 0.9986111111111111 0.675 0.9819444444444444 0.6734375 0.9763888888888889 0.6765625 0.9708333333333333 0.67578125 0.9680555555555556 0.6671875 0.9680555555555556 0.6609375 0.9638888888888889 0.6359375 0.9291666666666667 0.61875 0.9111111111111111 0.60859375 0.8902777777777777 0.609375 0.8861111111111111 0.61875 0.8736111111111111 0.6640625 0.8277777777777777 0.678125 0.825 0.73046875 0.8277777777777777
0 0.24765625 0.35138888888888886 0.24609375 0.3625 0.24921875 0.4 0.24765625 0.4097222222222222 0.24296875 0.40694444444444444 0.2375 0.3861111111111111 0.2328125 0.37916666666666665 0.23203125 0.37222222222222223 0.228125 0.36527777777777776 0.22421875 0.3625 0.19609375 0.3638888888888889 0.1953125 0.3611111111111111 0.1953125 0.35555555555555557 0.20078125 0.3416666666666667 0.21328125 0.3333333333333333 0.23515625 0.33194444444444443 0.246875 0.35138888888888886
0 0.44609375 0.275 0.45078125 0.28055555555555556 0.45390625 0.29444444444444445 0.46015625 0.30277777777777776 0.46015625 0.30833333333333335 0.46328125 0.3138888888888889 0.46328125 0.32083333333333336 0.4578125 0.3194444444444444 0.459375 0.3138888888888889 0.4578125 0.3111111111111111 0.440625 0.3111111111111111 0.4359375 0.3194444444444444 0.43671875 0.3277777777777778 0.4234375 0.31527777777777777 0.42265625 0.2902777777777778 0.428125 0.2777777777777778 0.4453125 0.275
0 0.5765625 0.3611111111111111 0.5796875 0.36527777777777776 0.57421875 0.3680555555555556 0.5625 0.3958333333333333 0.56171875 0.425 0.559375 0.42916666666666664 0.553125 0.42777777777777776 0.54375 0.41805555555555557 0.54296875 0.39444444444444443 0.5453125 0.38055555555555554 0.55625 0.35833333333333334 0.5609375 0.35694444444444445 0.57578125 0.3611111111111111
0 0.60859375 0.43472222222222223 0.6203125 0.44027777777777777 0.6390625 0.45555555555555555 0.64453125 0.46944444444444444 0.64765625 0.4861111111111111 0.65390625 0.49027777777777776 0.65546875 0.49444444444444446 0.65078125 0.5069444444444444 0.65078125 0.5513888888888889 0.64765625 0.575 0.64453125 0.5847222222222223 0.6390625 0.5847222222222223 0.6296875 0.575 0.6125 0.5708333333333333 0.58828125 0.5722222222222222 0.578125 0.5833333333333334 0.5734375 0.5763888888888888 0.5703125 0.5569444444444445 0.5671875 0.5569444444444445 0.5640625 0.5625 0.55859375 0.5625 0.55625 0.5583333333333333 0.5515625 0.5291666666666667 0.5515625 0.4875 0.553125 0.4638888888888889 0.559375 0.4375 0.5703125 0.43333333333333335 0.6078125 0.43472222222222223
0 0.3890625 0.2763888888888889 0.39609375 0.2847222222222222 0.39609375 0.2902777777777778 0.38125 0.2972222222222222 0.375 0.3111111111111111 0.3734375 0.33055555555555555 0.36953125 0.33611111111111114 0.36328125 0.32916666666666666 0.3609375 0.30694444444444446 0.36171875 0.2916666666666667 0.36484375 0.2791666666666667 0.36875 0.27361111111111114 0.38515625 0.27361111111111114 0.38828125 0.2763888888888889
0 0.3328125 0.7611111111111111 0.3453125 0.7638888888888888 0.3515625 0.7708333333333334 0.36328125 0.7958333333333333 0.3671875 0.8125 0.34765625 0.8236111111111111 0.328125 0.8430555555555556 0.32421875 0.8569444444444444 0.3203125 0.9 0.3109375 0.9055555555555556 0.303125 0.9152777777777777 0.3015625 0.9236111111111112 0.2953125 0.9375 0.29140625 0.9555555555555556 0.28828125 0.9597222222222223 0.28984375 0.9625 0.2859375 0.9805555555555555 0.28203125 0.9875 0.28203125 0.9958333333333333 0.278125 0.9944444444444445 0.27578125 0.9666666666666667 0.2734375 0.9625 0.26640625 0.9597222222222223 0.26328125 0.9472222222222222 0.26171875 0.8833333333333333 0.26484375 0.8458333333333333 0.265625 0.8083333333333333 0.27421875 0.7791666666666667 0.27890625 0.7694444444444445 0.33203125 0.7611111111111111
0 0.503125 0.2388888888888889 0.5078125 0.24861111111111112 0.509375 0.2652777777777778 0.5015625 0.26805555555555555 0.48203125 0.2652777777777778 0.48046875 0.2625 0.48046875 0.24444444444444444 0.4859375 0.2361111111111111 0.50234375 0.2388888888888889
0 0.28046875 0.24305555555555555 0.29296875 0.25 0.29453125 0.25833333333333336 0.29375 0.2652777777777778 0.28984375 0.2708333333333333 0.28046875 0.3 0.271875 0.3 0.2703125 0.28055555555555556 0.2671875 0.2708333333333333 0.2578125 0.2611111111111111 0.2515625 0.25 0.25546875 0.24444444444444444 0.2640625 0.24166666666666667 0.2796875 0.24305555555555555
0 0.23515625 0.38472222222222224 0.23828125 0.3888888888888889 0.24296875 0.40694444444444444 0.24765625 0.4097222222222222 0.24921875 0.41388888888888886 0.24453125 0.4222222222222222 0.24453125 0.42777777777777776 0.2328125 0.4263888888888889 0.22109375 0.40555555555555556 0.19921875 0.40694444444444444 0.2015625 0.39166666666666666 0.20625 0.3861111111111111 0.215625 0.38333333333333336 0.234375 0.38472222222222224
0 0.19921875 0.4027777777777778 0.2015625 0.40555555555555556 0.22109375 0.40555555555555556 0.228125 0.4152777777777778 0.23125 0.425 0.23046875 0.42777777777777776 0.209375 0.42916666666666664 0.2015625 0.4388888888888889 0.1953125 0.4583333333333333 0.1984375 0.46944444444444444 0.19609375 0.4736111111111111 0.1921875 0.5083333333333333 0.18515625 0.5069444444444444 0.18125 0.49583333333333335 0.178125 0.4777777777777778 0.17890625 0.4527777777777778 0.17734375 0.44166666666666665 0.1828125 0.43472222222222223 0.1875 0.4111111111111111 0.1984375 0.4027777777777778
0 0.0984375 0.8055555555555556 0.10390625 0.8083333333333333 0.14140625 0.8083333333333333 0.14453125 0.8097222222222222 0.15234375 0.825 0.15859375 0.8472222222222222 0.16015625 0.8736111111111111 0.16640625 0.9027777777777778 0.16796875 0.9208333333333333 0.17109375 0.9347222222222222 0.17578125 0.9444444444444444 0.175 0.9791666666666666 0.17734375 0.9916666666666667 0.17578125 0.9986111111111111 0.090625 0.9958333333333333 0.084375 0.9888888888888889 0.06875 0.9944444444444445 0.04921875 0.9944444444444445 0.0390625 0.9902777777777778 0.03828125 0.9861111111111112 0.02890625 0.9777777777777777 0.028125 0.9694444444444444 0.03125 0.95 0.025 0.9277777777777778 0.02265625 0.8986111111111111 0.0234375 0.8625 0.02734375 0.8277777777777777 0.0328125 0.8194444444444444 0.04453125 0.8125 0.08125 0.8055555555555556 0.09765625 0.8055555555555556
0 0.0703125 0.17777777777777778 0.07890625 0.18472222222222223 0.08515625 0.20555555555555555 0.08515625 0.24444444444444444 0.0828125 0.25416666666666665 0.0796875 0.25833333333333336 0.0640625 0.25555555555555554 0.059375 0.24583333333333332 0.06015625 0.2111111111111111 0.05859375 0.17916666666666667 0.06015625 0.1763888888888889 0.06953125 0.17777777777777778
0 0.98828125 0.8347222222222223 0.99921875 0.8388888888888889 0.99921875 0.9305555555555556 0.9890625 0.9458333333333333 0.99296875 0.9472222222222222 0.9953125 0.9625 0.99921875 0.9708333333333333 0.99921875 0.9847222222222223 0.99375 0.9930555555555556 0.98828125 0.9958333333333333 0.978125 0.9944444444444445 0.98203125 0.9902777777777778 0.9765625 0.9819444444444444 0.96875 0.9833333333333333 0.95 0.9777777777777777 0.93359375 0.9777777777777777 0.9375 0.975 0.9421875 0.9763888888888889 0.94375 0.9736111111111111 0.93515625 0.9555555555555556 0.9359375 0.95 0.9328125 0.9458333333333333 0.91953125 0.9402777777777778 0.9125 0.9263888888888889 0.90390625 0.9208333333333333 0.89609375 0.9055555555555556 0.896875 0.8944444444444445 0.8953125 0.8833333333333333 0.8984375 0.8736111111111111 0.91015625 0.8611111111111112 0.91953125 0.8569444444444444 0.94453125 0.8361111111111111 0.9578125 0.8333333333333334 0.9875 0.8347222222222223
0 0.50546875 0.43194444444444446 0.51328125 0.4388888888888889 0.51953125 0.45 0.52421875 0.4666666666666667 0.528125 0.4986111111111111 0.528125 0.5194444444444445 0.52421875 0.5263888888888889 0.47734375 0.5097222222222222 0.4625 0.49027777777777776 0.4609375 0.475 0.465625 0.45555555555555555 0.47265625 0.4388888888888889 0.47734375 0.43472222222222223 0.5046875 0.43194444444444446
0 0.453125 0.49166666666666664 0.465625 0.49722222222222223 0.4765625 0.5152777777777777 0.44375 0.5194444444444445 0.43828125 0.5236111111111111 0.43359375 0.5458333333333333 0.43203125 0.5875 0.4171875 0.5930555555555556 0.41015625 0.6 0.4046875 0.6125 0.4015625 0.6125 0.39765625 0.6055555555555555 0.3921875 0.5791666666666667 0.39453125 0.5277777777777778 0.4 0.5083333333333333 0.40625 0.49722222222222223 0.4125 0.4930555555555556 0.45234375 0.49166666666666664
0 0.3921875 0.20694444444444443 0.39765625 0.20694444444444443 0.4 0.2111111111111111 0.40078125 0.24305555555555555 0.39765625 0.25 0.38671875 0.2513888888888889 0.37890625 0.24861111111111112 0.3765625 0.2375 0.37734375 0.2222222222222222 0.38046875 0.20972222222222223 0.39140625 0.20694444444444443
0 0.89453125 0.5555555555555556 0.9109375 0.5638888888888889 0.92734375 0.5819444444444445 0.94453125 0.6166666666666667 0.95 0.6416666666666667 0.95703125 0.6541666666666667 0.9578125 0.6652777777777777 0.95390625 0.6805555555555556 0.940625 0.7027777777777777 0.921875 0.7041666666666667 0.91796875 0.7083333333333334 0.890625 0.7041666666666667 0.8859375 0.7097222222222223 0.88203125 0.7208333333333333 0.87734375 0.725 0.86875 0.725 0.86484375 0.7180555555555556 0.8625 0.7055555555555556 0.8640625 0.6777777777777778 0.85859375 0.6569444444444444 0.853125 0.6208333333333333 0.85 0.6097222222222223 0.8421875 0.5986111111111111 0.84375 0.5861111111111111 0.85 0.5638888888888889 0.85546875 0.5569444444444445 0.89375 0.5555555555555556
0 0.76640625 0.7305555555555555 0.7734375 0.7416666666666667 0.7796875 0.7777777777777778 0.77890625 0.8069444444444445 0.77578125 0.8222222222222222 0.775 0.8402777777777778 0.771875 0.8486111111111111 0.76640625 0.8486111111111111 0.75546875 0.8319444444444445 0.746875 0.8291666666666667 0.74453125 0.8097222222222222 0.73671875 0.7930555555555555 0.73828125 0.7888888888888889 0.7375 0.7791666666666667 0.746875 0.7569444444444444 0.74375 0.7513888888888889 0.74453125 0.7486111111111111 0.75 0.7444444444444445 0.75703125 0.7319444444444444 0.765625 0.7305555555555555
0 0.68671875 0.7527777777777778 0.7 0.7569444444444444 0.71015625 0.7666666666666667 0.73125 0.8125 0.74140625 0.8166666666666667 0.740625 0.8236111111111111 0.7296875 0.8277777777777777 0.7140625 0.825 0.66640625 0.825 0.61875 0.8722222222222222 0.60859375 0.8861111111111111 0.60546875 0.8847222222222222 0.60390625 0.8583333333333333 0.6015625 0.8513888888888889 0.6015625 0.8097222222222222 0.6046875 0.7944444444444444 0.609375 0.7833333333333333 0.62578125 0.7597222222222222 0.64375 0.7527777777777778 0.6859375 0.7527777777777778
0 0.1953125 0.4777777777777778 0.19453125 0.46111111111111114 0.203125 0.43472222222222223 0.20859375 0.4305555555555556 0.22578125 0.42777777777777776 0.24453125 0.42777777777777776 0.2515625 0.4527777777777778 0.22890625 0.4513888888888889 0.21171875 0.45416666666666666 0.2046875 0.4583333333333333 0.2015625 0.4638888888888889 0.19921875 0.47638888888888886 0.19609375 0.4777777777777778
0 0.43515625 0.3333333333333333 0.4359375 0.34444444444444444 0.44765625 0.3611111111111111 0.45078125 0.37222222222222223 0.45 0.4222222222222222 0.44609375 0.42777777777777776 0.4390625 0.4305555555555556 0.43515625 0.4152777777777778 0.43046875 0.37777777777777777 0.42734375 0.37083333333333335 0.41796875 0.3597222222222222 0.403125 0.35555555555555557 0.403125 0.35138888888888886 0.4078125 0.3458333333333333 0.43359375 0.3458333333333333 0.434375 0.3347222222222222
0 0.58984375 0.6111111111111112 0.61171875 0.6111111111111112 0.640625 0.6472222222222223 0.6421875 0.6611111111111111 0.646875 0.6722222222222223 0.65390625 0.7055555555555556 0.65703125 0.7125 0.6609375 0.7486111111111111 0.65859375 0.7513888888888889 0.6421875 0.7513888888888889 0.621875 0.7597222222222222 0.6046875 0.7916666666666666 0.60078125 0.8069444444444445 0.60078125 0.8222222222222222 0.5984375 0.8277777777777777 0.578125 0.8263888888888888 0.56796875 0.8333333333333334 0.553125 0.8041666666666667 0.54296875 0.8041666666666667 0.540625 0.7902777777777777 0.53984375 0.7652777777777777 0.53671875 0.7597222222222222 0.53203125 0.7583333333333333 0.528125 0.7486111111111111 0.5265625 0.7402777777777778 0.528125 0.6236111111111111 0.5390625 0.6138888888888889 0.5890625 0.6111111111111112
0 0.4140625 0.3597222222222222 0.425 0.36666666666666664 0.43125 0.38472222222222224 0.43671875 0.4305555555555556 0.43671875 0.4597222222222222 0.4359375 0.4652777777777778 0.4328125 0.46944444444444444 0.4203125 0.4666666666666667 0.4140625 0.45416666666666666 0.4015625 0.44305555555555554 0.38671875 0.44305555555555554 0.38203125 0.4361111111111111 0.37734375 0.4152777777777778 0.36875 0.4013888888888889 0.36875 0.36666666666666664 0.37109375 0.3625 0.41328125 0.3597222222222222
0 0.32734375 0.25416666666666665 0.3265625 0.21944444444444444 0.3296875 0.20694444444444443 0.334375 0.2013888888888889 0.35234375 0.2013888888888889 0.35546875 0.2111111111111111 0.35546875 0.22361111111111112 0.3453125 0.2569444444444444 0.340625 0.2638888888888889 0.33125 0.2652777777777778 0.328125 0.2611111111111111 0.328125 0.25555555555555554
0 0.43671875 0.5902777777777778 0.46015625 0.5888888888888889 0.46875 0.5916666666666667 0.475 0.6027777777777777 0.47578125 0.6097222222222223 0.484375 0.6291666666666667 0.49609375 0.6847222222222222 0.4953125 0.6888888888888889 0.47421875 0.6847222222222222 0.45078125 0.6847222222222222 0.434375 0.6930555555555555 0.4265625 0.7138888888888889 0.421875 0.7388888888888889 0.4171875 0.7986111111111112 0.4109375 0.7944444444444444 0.40859375 0.7638888888888888 0.40390625 0.7569444444444444 0.403125 0.7013888888888888 0.4 0.6819444444444445 0.4 0.6611111111111111 0.40390625 0.6263888888888889 0.41015625 0.6041666666666666 0.42109375 0.5930555555555556 0.4359375 0.5902777777777778
0 0.09765625 0.25416666666666665 0.11484375 0.2611111111111111 0.11796875 0.2708333333333333 0.12265625 0.275 0.12578125 0.2833333333333333 0.121875 0.29305555555555557 0.1171875 0.2972222222222222 0.09609375 0.2986111111111111 0.08359375 0.30833333333333335 0.078125 0.3055555555555556 0.07734375 0.2833333333333333 0.08671875 0.25833333333333336 0.096875 0.25416666666666665
0 0.49609375 0.5194444444444445 0.50703125 0.525 0.52421875 0.5402777777777777 0.5328125 0.5569444444444445 0.5375 0.5763888888888888 0.53984375 0.5805555555555556 0.54296875 0.5777777777777777 0.546875 0.5833333333333334 0.54609375 0.5916666666666667 0.54140625 0.5986111111111111 0.54140625 0.6125 0.53203125 0.6194444444444445 0.52734375 0.6291666666666667 0.525 0.6861111111111111 0.5203125 0.6944444444444444 0.51328125 0.6944444444444444 0.50859375 0.6902777777777778 0.5046875 0.6916666666666667 0.4984375 0.6847222222222222 0.48984375 0.65 0.48828125 0.6347222222222222 0.4703125 0.5902777777777778 0.465625 0.5875 0.43515625 0.5888888888888889 0.43359375 0.5847222222222223 0.43515625 0.5416666666666666 0.43984375 0.5236111111111111 0.4625 0.5180555555555556 0.4953125 0.5194444444444445
0 0.4703125 0.3194444444444444 0.48828125 0.3263888888888889 0.4984375 0.3458333333333333 0.50078125 0.3625 0.46796875 0.3611111111111111 0.46015625 0.37083333333333335 0.4546875 0.36944444444444446 0.453125 0.36527777777777776 0.453125 0.3375 0.45625 0.3277777777777778 0.46328125 0.3263888888888889 0.4671875 0.3194444444444444 0.46953125 0.3194444444444444
0 0.4625 0.2569444444444444 0.4734375 0.2708333333333333 0.47734375 0.28888888888888886 0.47578125 0.30416666666666664 0.46796875 0.3125 0.46484375 0.3111111111111111 0.46171875 0.3013888888888889 0.45546875 0.29583333333333334 0.45078125 0.2791666666666667 0.4453125 0.2722222222222222 0.4453125 0.25833333333333336 0.46171875 0.2569444444444444
0 0.43515625 0.24166666666666667 0.4421875 0.25416666666666665 0.44375 0.2722222222222222 0.44609375 0.2791666666666667 0.4421875 0.275 0.43203125 0.275 0.42265625 0.2875 0.41953125 0.2875 0.415625 0.28194444444444444 0.41328125 0.26805555555555555 0.41953125 0.25555555555555554 0.42109375 0.24722222222222223 0.434375 0.24305555555555555
0 0.478125 0.6847222222222222 0.496875 0.6888888888888889 0.50859375 0.7013888888888888 0.515625 0.7152777777777778 0.5296875 0.7638888888888888 0.53125 0.7791666666666667 0.5375 0.8041666666666667 0.5359375 0.8097222222222222 0.52734375 0.8097222222222222 0.51328125 0.8013888888888889 0.42109375 0.8013888888888889 0.41796875 0.7986111111111112 0.41875 0.7652777777777777 0.42265625 0.7513888888888889 0.42421875 0.7291666666666666 0.43046875 0.7 0.43515625 0.6930555555555555 0.44375 0.6875 0.47734375 0.6847222222222222
0 0.4921875 0.26666666666666666 0.51484375 0.26944444444444443 0.51875 0.2763888888888889 0.5203125 0.28888888888888886 0.51484375 0.2916666666666667 0.49453125 0.2916666666666667 0.49140625 0.2972222222222222 0.490625 0.30972222222222223 0.48828125 0.3138888888888889 0.48046875 0.30694444444444446 0.48046875 0.2916666666666667 0.4828125 0.26805555555555555 0.49140625 0.26666666666666666
0 0.27890625 0.3277777777777778 0.28203125 0.3277777777777778 0.28515625 0.3333333333333333 0.28984375 0.33194444444444443 0.290625 0.3277777777777778 0.29375 0.3263888888888889 0.30703125 0.3277777777777778 0.3125 0.34444444444444444 0.3125 0.3611111111111111 0.31015625 0.37222222222222223 0.29609375 0.37777777777777777 0.2921875 0.38333333333333336 0.28828125 0.3972222222222222 0.28671875 0.4152777777777778 0.278125 0.42083333333333334 0.27109375 0.41944444444444445 0.2640625 0.3819444444444444 0.2640625 0.37222222222222223 0.26640625 0.34305555555555556 0.26875 0.3388888888888889 0.27734375 0.33611111111111114 0.28125 0.33055555555555555 0.2796875 0.3277777777777778
0 0.36171875 0.1486111111111111 0.365625 0.15 0.36796875 0.15694444444444444 0.365625 0.1736111111111111 0.35 0.17222222222222222 0.34765625 0.16666666666666666 0.346875 0.15416666666666667 0.3484375 0.15 0.3609375 0.1486111111111111
0 0.29921875 0.6375 0.3078125 0.6513888888888889 0.31953125 0.6930555555555555 0.32109375 0.6958333333333333 0.3234375 0.6916666666666667 0.328125 0.6944444444444444 0.328125 0.6986111111111111 0.3234375 0.7027777777777777 0.32265625 0.7138888888888889 0.3265625 0.7472222222222222 0.325 0.7583333333333333 0.28203125 0.7666666666666667 0.27734375 0.7694444444444445 0.2734375 0.7763888888888889 0.26875 0.7930555555555555 0.25625 0.7944444444444444 0.24921875 0.7986111111111112 0.24453125 0.7958333333333333 0.240625 0.7819444444444444 0.24140625 0.7777777777777778 0.23515625 0.7513888888888889 0.2328125 0.7111111111111111 0.2328125 0.6986111111111111 0.24375 0.6472222222222223 0.2546875 0.6388888888888888 0.275 0.6361111111111111 0.2984375 0.6375
0 0.35703125 0.2513888888888889 0.36875 0.25555555555555554 0.3671875 0.2722222222222222 0.36328125 0.2875 0.35703125 0.3 0.3515625 0.2916666666666667 0.34453125 0.2875 0.34140625 0.2763888888888889 0.3421875 0.2638888888888889 0.3453125 0.2569444444444444 0.35078125 0.2513888888888889 0.35625 0.2513888888888889
0 0.70078125 0.48055555555555557 0.7265625 0.48333333333333334 0.7390625 0.4986111111111111 0.734375 0.5277777777777778 0.725 0.5527777777777778 0.72734375 0.5805555555555556 0.7265625 0.5833333333333334 0.71953125 0.5819444444444445 0.71484375 0.5875 0.6921875 0.5875 0.684375 0.5666666666666667 0.67890625 0.5666666666666667 0.675 0.5722222222222222 0.67109375 0.5638888888888889 0.67265625 0.5180555555555556 0.67890625 0.49166666666666664 0.684375 0.48333333333333334 0.7 0.48055555555555557