0 0.396875 0.5041666666666667 0.3984375 0.5152777777777777 0.41015625 0.5291666666666667 0.4171875 0.55 0.421875 0.5541666666666667 0.43203125 0.6097222222222223 0.43203125 0.625 0.4203125 0.6013888888888889 0.4140625 0.5944444444444444 0.378125 0.5930555555555556 0.365625 0.5972222222222222 0.35234375 0.6319444444444444 0.3484375 0.6347222222222222 0.3453125 0.6277777777777778 0.3421875 0.6069444444444444 0.34296875 0.6 0.340625 0.5944444444444444 0.3421875 0.5694444444444444 0.346875 0.5416666666666666 0.3546875 0.5180555555555556 0.39375 0.5138888888888888 0.39609375 0.5055555555555555
0 0.4125 0.65 0.41484375 0.6541666666666667 0.4140625 0.6583333333333333 0.41640625 0.6694444444444444 0.41796875 0.8138888888888889 0.415625 0.8166666666666667 0.3828125 0.8166666666666667 0.3765625 0.8208333333333333 0.36953125 0.8166666666666667 0.3671875 0.7930555555555555 0.36328125 0.7861111111111111 0.35859375 0.7833333333333333 0.35625 0.7736111111111111 0.3546875 0.7583333333333333 0.35546875 0.725 0.353125 0.7027777777777777 0.3734375 0.6638888888888889 0.37890625 0.6597222222222222 0.40546875 0.6569444444444444 0.41171875 0.65
0 0.25390625 0.5569444444444445 0.25859375 0.5597222222222222 0.2625 0.5666666666666667 0.26796875 0.5888888888888889 0.2609375 0.5930555555555556 0.2390625 0.5930555555555556 0.2296875 0.6 0.22578125 0.6083333333333333 0.22109375 0.6305555555555555 0.21484375 0.6430555555555556 0.21484375 0.6541666666666667 0.21796875 0.6625 0.2171875 0.675 0.21328125 0.6791666666666667 0.2046875 0.6805555555555556 0.1984375 0.675 0.1953125 0.6486111111111111 0.1953125 0.6083333333333333 0.1921875 0.6055555555555555 0.19140625 0.5986111111111111 0.196875 0.5944444444444444 0.203125 0.5722222222222222 0.2140625 0.5583333333333333 0.2234375 0.5555555555555556 0.253125 0.5569444444444445
0 0.4734375 0.1763888888888889 0.478125 0.18194444444444444 0.478125 0.1986111111111111 0.4765625 0.2013888888888889 0.47265625 0.2013888888888889 0.46328125 0.18472222222222223 0.4640625 0.17916666666666667 0.47265625 0.1763888888888889
0 0.3078125 0.6652777777777777 0.315625 0.6694444444444444 0.32265625 0.6819444444444445 0.33984375 0.7194444444444444 0.34375 0.7333333333333333 0.34375 0.7430555555555556 0.3546875 0.8027777777777778 0.3578125 0.8416666666666667 0.35703125 0.8666666666666667 0.35078125 0.8722222222222222 0.32890625 0.8736111111111111 0.3125 0.8805555555555555 0.30078125 0.8958333333333334 0.2890625 0.9013888888888889 0.2765625 0.9013888888888889 0.26484375 0.8944444444444445 0.2546875 0.8819444444444444 0.25546875 0.8666666666666667 0.2515625 0.8597222222222223 0.24453125 0.8597222222222223 0.2375 0.8486111111111111 0.23125 0.8013888888888889 0.22890625 0.7527777777777778 0.23203125 0.7375 0.2328125 0.7055555555555556 0.23828125 0.6847222222222222 0.2421875 0.6791666666666667 0.25 0.6736111111111112 0.26640625 0.6694444444444444 0.30703125 0.6652777777777777
0 0.096875 0.25972222222222224 0.11171875 0.2652777777777778 0.11875 0.2763888888888889 0.11875 0.30277777777777776 0.11640625 0.31527777777777777 0.1125 0.32222222222222224 0.10703125 0.32222222222222224 0.0953125 0.3138888888888889 0.08125 0.31527777777777777 0.07734375 0.3111111111111111 0.078125 0.2902777777777778 0.08203125 0.275 0.08828125 0.2611111111111111 0.09609375 0.25972222222222224
0 0.46796875 0.19166666666666668 0.471875 0.2 0.471875 0.21944444444444444 0.46875 0.225 0.45703125 0.225 0.453125 0.20416666666666666 0.45390625 0.19166666666666668 0.45703125 0.18888888888888888 0.4671875 0.19166666666666668
0 0.30546875 0.30277777777777776 0.31953125 0.30972222222222223 0.334375 0.30972222222222223 0.3359375 0.30277777777777776 0.3453125 0.2972222222222222 0.35078125 0.3236111111111111 0.3484375 0.3861111111111111 0.3453125 0.39166666666666666 0.34453125 0.3861111111111111 0.33828125 0.37916666666666665 0.3375 0.37222222222222223 0.334375 0.36944444444444446 0.3375 0.3611111111111111 0.3375 0.3541666666666667 0.33515625 0.3486111111111111 0.32578125 0.34444444444444444 0.2984375 0.3486111111111111 0.296875 0.30833333333333335 0.3 0.3013888888888889 0.3046875 0.30277777777777776
0 0.596875 0.4152777777777778 0.60703125 0.4375 0.61328125 0.4388888888888889 0.6140625 0.44583333333333336 0.61171875 0.45 0.61328125 0.4708333333333333 0.61015625 0.4625 0.603125 0.45416666666666666 0.584375 0.44722222222222224 0.56015625 0.45555555555555555 0.55078125 0.48055555555555557 0.54765625 0.47638888888888886 0.54765625 0.4486111111111111 0.55234375 0.43194444444444446 0.5625 0.4152777777777778 0.5765625 0.4125 0.59609375 0.4152777777777778
0 0.2984375 0.6555555555555556 0.3015625 0.6597222222222222 0.3015625 0.6638888888888889 0.29921875 0.6652777777777777 0.26796875 0.6680555555555555 0.25 0.6736111111111112 0.23828125 0.6875 0.23359375 0.7097222222222223 0.2328125 0.7375 0.22890625 0.7680555555555556 0.2296875 0.7791666666666667 0.22734375 0.7833333333333333 0.22578125 0.7597222222222222 0.2234375 0.7513888888888889 0.225 0.7430555555555556 0.221875 0.7291666666666666 0.2203125 0.7013888888888888 0.225 0.6972222222222222 0.22578125 0.6916666666666667 0.2328125 0.6777777777777778 0.24765625 0.6625 0.2640625 0.6583333333333333 0.29296875 0.6583333333333333 0.29765625 0.6555555555555556
0 0.365625 0.8722222222222222 0.371875 0.875 0.39765625 0.875 0.4046875 0.8805555555555555 0.4171875 0.9138888888888889 0.42109375 0.9388888888888889 0.42421875 0.95 0.4296875 0.9583333333333334 0.4296875 0.9625 0.43359375 0.9694444444444444 0.44921875 0.9666666666666667 0.45390625 0.9736111111111111 0.453125 0.9833333333333333 0.44375 0.9916666666666667 0.41484375 0.9986111111111111 0.41171875 0.9958333333333333 0.28671875 0.9986111111111111 0.28828125 0.9847222222222223 0.28515625 0.9736111111111111 0.28515625 0.9652777777777778 0.2875 0.9416666666666667 0.284375 0.9333333333333333 0.28359375 0.9236111111111112 0.28515625 0.9138888888888889 0.28828125 0.9083333333333333 0.3015625 0.9027777777777778 0.309375 0.8875 0.31640625 0.8819444444444444 0.32578125 0.8791666666666667 0.35546875 0.8791666666666667 0.36484375 0.8736111111111111
0 0.52265625 0.30972222222222223 0.53203125 0.31527777777777777 0.5375 0.33055555555555555 0.53828125 0.36527777777777776 0.534375 0.36944444444444446 0.51953125 0.36666666666666664 0.51484375 0.3194444444444444 0.51640625 0.3125 0.521875 0.30972222222222223
0 0.10546875 0.4777777777777778 0.11953125 0.48055555555555557 0.1203125 0.48333333333333334 0.12109375 0.5111111111111111 0.11640625 0.5263888888888889 0.11015625 0.5291666666666667 0.1046875 0.5194444444444445 0.1015625 0.5041666666666667 0.1015625 0.4861111111111111 0.1046875 0.4791666666666667
0 0.21640625 0.3888888888888889 0.22734375 0.4041666666666667 0.22890625 0.4111111111111111 0.228125 0.42083333333333334 0.221875 0.425 0.21796875 0.43194444444444446 0.21328125 0.4513888888888889 0.2078125 0.4597222222222222 0.2078125 0.4708333333333333 0.203125 0.475 0.19296875 0.4736111111111111 0.18359375 0.48333333333333334 0.17734375 0.48055555555555557 0.175 0.4666666666666667 0.17734375 0.42916666666666664 0.175 0.425 0.17421875 0.4166666666666667 0.1796875 0.4083333333333333 0.18203125 0.3972222222222222 0.1859375 0.3902777777777778 0.215625 0.3888888888888889
0 0.46875 0.29444444444444445 0.4875 0.29583333333333334 0.49140625 0.3 0.49765625 0.3 0.5125 0.3138888888888889 0.51640625 0.3486111111111111 0.5171875 0.3763888888888889 0.515625 0.4263888888888889 0.5125 0.4388888888888889 0.49921875 0.43194444444444446 0.47890625 0.43333333333333335 0.47265625 0.4388888888888889 0.46796875 0.43194444444444446 0.46328125 0.4305555555555556 0.459375 0.4222222222222222 0.4546875 0.37777777777777777 0.45390625 0.35 0.45546875 0.3402777777777778 0.45234375 0.3263888888888889 0.45234375 0.30972222222222223 0.4546875 0.29583333333333334 0.46796875 0.29444444444444445
0 0.4984375 0.5125 0.50390625 0.5180555555555556 0.49453125 0.5263888888888889 0.4828125 0.5527777777777778 0.47734375 0.5888888888888889 0.47734375 0.6194444444444445 0.47265625 0.625 0.46328125 0.6208333333333333 0.45625 0.6027777777777777 0.45390625 0.5736111111111111 0.45625 0.5416666666666666 0.46171875 0.525 0.46796875 0.5152777777777777 0.48046875 0.5111111111111111 0.49765625 0.5125
0 0.25859375 0.2569444444444444 0.26015625 0.26666666666666666 0.259375 0.28194444444444444 0.26328125 0.29583333333333334 0.26328125 0.30416666666666664 0.26015625 0.30833333333333335 0.2515625 0.30833333333333335 0.24921875 0.3 0.23828125 0.2861111111111111 0.23203125 0.2708333333333333 0.2328125 0.2638888888888889 0.2375 0.2569444444444444 0.24609375 0.25416666666666665 0.25625 0.25416666666666665 0.2578125 0.2569444444444444
0 0.78828125 0.6638888888888889 0.790625 0.6958333333333333 0.78984375 0.7416666666666667 0.78828125 0.7555555555555555 0.7859375 0.7597222222222222 0.78125 0.7597222222222222 0.7734375 0.75 0.76484375 0.7472222222222222 0.75703125 0.7277777777777777 0.75546875 0.7055555555555556 0.75859375 0.7027777777777777 0.76171875 0.7111111111111111 0.76328125 0.7097222222222223 0.76328125 0.6805555555555556 0.76640625 0.6736111111111112 0.78203125 0.6694444444444444 0.78515625 0.6638888888888889 0.7875 0.6638888888888889
0 0.29765625 0.35138888888888886 0.30859375 0.3472222222222222 0.32734375 0.3458333333333333 0.33671875 0.3486111111111111 0.340625 0.3541666666666667 0.3359375 0.36944444444444446 0.3109375 0.36944444444444446 0.3078125 0.37222222222222223 0.30390625 0.38055555555555554 0.3015625 0.3958333333333333 0.29296875 0.4083333333333333 0.29140625 0.4013888888888889 0.29140625 0.37777777777777777 0.2953125 0.35694444444444445 0.29765625 0.3527777777777778
0 0.028125 0.6902777777777778 0.06875 0.6902777777777778 0.08359375 0.6986111111111111 0.08828125 0.7041666666666667 0.09609375 0.7291666666666666 0.09765625 0.7444444444444445 0.103125 0.7569444444444444 0.103125 0.7916666666666666 0.09921875 0.7972222222222223 0.090625 0.8 0.078125 0.8097222222222222 0.075 0.8222222222222222 0.0625 0.8486111111111111 0.05625 0.8680555555555556 0.053125 0.9138888888888889 0.0484375 0.9166666666666666 0.02421875 0.9166666666666666 0.015625 0.9194444444444444 0 0.9194444444444444 0 0.7944444444444444 0.0015625 0.7930555555555555 0 0.7875 0 0.7277777777777777 0.015625 0.6958333333333333 0.02734375 0.6902777777777778
0 0.73125 0.7652777777777777 0.7453125 0.775 0.76171875 0.7944444444444444 0.7703125 0.8083333333333333 0.7875 0.8513888888888889 0.78984375 0.8541666666666666 0.7953125 0.85 0.80390625 0.8513888888888889 0.8078125 0.8611111111111112 0.80390625 0.8694444444444445 0.7953125 0.875 0.80078125 0.8944444444444445 0.79921875 0.8986111111111111 0.7609375 0.8972222222222223 0.7296875 0.9055555555555556 0.71875 0.9263888888888889 0.7125 0.9583333333333334 0.70234375 0.9666666666666667 0.70390625 0.975 0.7 0.9944444444444445 0.678125 0.9930555555555556 0.678125 0.9888888888888889 0.684375 0.9819444444444444 0.68359375 0.9680555555555556 0.66796875 0.9666666666666667 0.65625 0.9694444444444444 0.63984375 0.9652777777777778 0.63828125 0.9375 0.63671875 0.9347222222222222 0.63828125 0.9277777777777778 0.63671875 0.9083333333333333 0.63828125 0.8972222222222223 0.6375 0.8805555555555555 0.63984375 0.8708333333333333 0.6359375 0.8611111111111112 0.6390625 0.8291666666666667 0.65859375 0.7708333333333334 0.69765625 0.7638888888888888 0.73046875 0.7652777777777777
0 0.87890625 0.6013888888888889 0.91640625 0.6111111111111112 0.94296875 0.6333333333333333 0.9484375 0.6458333333333334 0.9484375 0.6597222222222222 0.95078125 0.6722222222222223 0.9578125 0.7013888888888888 0.96328125 0.7152777777777778 0.965625 0.7319444444444444 0.96328125 0.7652777777777777 0.96015625 0.7736111111111111 0.9265625 0.7763888888888889 0.9125 0.7819444444444444 0.896875 0.7986111111111112 0.88984375 0.8027777777777778 0.8796875 0.8027777777777778 0.87109375 0.7805555555555556 0.85859375 0.7708333333333334 0.83828125 0.7708333333333334 0.834375 0.7652777777777777 0.8328125 0.7541666666666667 0.8328125 0.7097222222222223 0.83125 0.7 0.8328125 0.6486111111111111 0.83125 0.6388888888888888 0.834375 0.6277777777777778 0.83828125 0.6208333333333333 0.84140625 0.6069444444444444 0.85390625 0.6027777777777777 0.878125 0.6013888888888889
0 0.2625 0.5916666666666667 0.278125 0.5930555555555556 0.28515625 0.5972222222222222 0.29765625 0.6263888888888889 0.30625 0.6361111111111111 0.3015625 0.6458333333333334 0.3 0.6583333333333333 0.2671875 0.6583333333333333 0.24609375 0.6638888888888889 0.240625 0.6694444444444444 0.228125 0.6916666666666667 0.22421875 0.7125 0.22109375 0.7166666666666667 0.2171875 0.6916666666666667 0.21796875 0.6763888888888889 0.2125 0.6666666666666666 0.21484375 0.6611111111111111 0.21328125 0.6541666666666667 0.215625 0.6388888888888888 0.22265625 0.6236111111111111 0.22578125 0.6097222222222223 0.23359375 0.5958333333333333 0.26171875 0.5916666666666667
0 0.4171875 0.5972222222222222 0.42578125 0.6111111111111112 0.43203125 0.6305555555555555 0.43125 0.6347222222222222 0.4171875 0.6402777777777777 0.4140625 0.6541666666666667 0.4109375 0.6569444444444444 0.3859375 0.6583333333333333 0.3734375 0.6638888888888889 0.3609375 0.6875 0.35546875 0.7027777777777777 0.3515625 0.7027777777777777 0.35 0.6972222222222222 0.3484375 0.6416666666666667 0.34921875 0.6361111111111111 0.35546875 0.625 0.3625 0.6 0.38203125 0.5930555555555556 0.4109375 0.5930555555555556 0.41640625 0.5972222222222222
0 0.32734375 0.2569444444444444 0.33046875 0.25972222222222224 0.34296875 0.25972222222222224 0.35 0.26944444444444443 0.3515625 0.2777777777777778 0.3515625 0.30694444444444446 0.346875 0.30972222222222223 0.346875 0.3 0.34453125 0.2972222222222222 0.3421875 0.3 0.34296875 0.30972222222222223 0.34140625 0.3111111111111111 0.3203125 0.3111111111111111 0.30703125 0.30277777777777776 0.29921875 0.30416666666666664 0.2953125 0.2972222222222222 0.2953125 0.28194444444444444 0.29375 0.2791666666666667 0.29453125 0.2611111111111111 0.30703125 0.2569444444444444 0.3265625 0.2569444444444444
0 0.23359375 0.2777777777777778 0.2484375 0.2972222222222222 0.25 0.30833333333333335 0.24921875 0.33055555555555555 0.24375 0.3333333333333333 0.2390625 0.30972222222222223 0.2328125 0.30277777777777776 0.2265625 0.3013888888888889 0.209375 0.30694444444444446 0.21015625 0.29444444444444445 0.21328125 0.2875 0.2328125 0.2791666666666667
0 0.2140625 0.20972222222222223 0.23125 0.21944444444444444 0.23203125 0.22361111111111112 0.23046875 0.2361111111111111 0.21640625 0.24166666666666667 0.20078125 0.2375 0.1921875 0.2388888888888889 0.1890625 0.23055555555555557 0.1890625 0.21388888888888888 0.190625 0.20555555555555555 0.19296875 0.20277777777777778 0.2078125 0.20277777777777778 0.21328125 0.20972222222222223
0 0.32890625 0.4125 0.34453125 0.4152777777777778 0.35546875 0.42916666666666664 0.35703125 0.44027777777777777 0.32109375 0.44722222222222224 0.31796875 0.45555555555555555 0.31484375 0.4875 0.30703125 0.5208333333333334 0.303125 0.5208333333333334 0.2984375 0.49166666666666664 0.3 0.48194444444444445 0.29921875 0.4597222222222222 0.303125 0.4486111111111111 0.303125 0.4375 0.30859375 0.41805555555555557 0.315625 0.41388888888888886 0.328125 0.4125
0 0.23125 0.3 0.23515625 0.3013888888888889 0.23984375 0.30972222222222223 0.24375 0.3277777777777778 0.24609375 0.3638888888888889 0.2453125 0.38472222222222224 0.24375 0.3875 0.23671875 0.3861111111111111 0.23515625 0.35833333333333334 0.2265625 0.34444444444444444 0.21875 0.3402777777777778 0.21484375 0.32916666666666666 0.20625 0.32083333333333336 0.20625 0.31666666666666665 0.2125 0.3055555555555556 0.23046875 0.3
0 0.2515625 0.42083333333333334 0.25625 0.4236111111111111 0.26015625 0.4305555555555556 0.26328125 0.45 0.26875 0.4666666666666667 0.2734375 0.5097222222222222 0.26796875 0.5263888888888889 0.2578125 0.5222222222222223 0.25 0.5069444444444444 0.24296875 0.5013888888888889 0.2125 0.5013888888888889 0.2125 0.4736111111111111 0.2109375 0.4652777777777778 0.21953125 0.4305555555555556 0.2328125 0.42083333333333334 0.25078125 0.42083333333333334
0 0.81015625 0.9 0.8296875 0.9041666666666667 0.85859375 0.9319444444444445 0.8671875 0.9458333333333333 0.865625 0.9541666666666667 0.86953125 0.9541666666666667 0.8765625 0.9625 0.884375 0.9833333333333333 0.884375 0.9944444444444445 0.84296875 0.9944444444444445 0.84140625 0.9902777777777778 0.8375 0.9944444444444445 0.8125 0.9916666666666667 0.8078125 0.9944444444444445 0.7640625 0.9944444444444445 0.740625 0.9986111111111111 0.703125 0.9986111111111111 0.70234375 0.9944444444444445 0.70546875 0.9708333333333333 0.7109375 0.9652777777777778 0.71015625 0.9597222222222223 0.7140625 0.9541666666666667 0.71640625 0.9361111111111111 0.728125 0.9097222222222222 0.73515625 0.9041666666666667 0.75859375 0.9 0.809375 0.9
0 0.33828125 0.37222222222222223 0.34375 0.3958333333333333 0.346875 0.4013888888888889 0.34453125 0.4152777777777778 0.33515625 0.4111111111111111 0.33203125 0.4013888888888889 0.3265625 0.3972222222222222 0.31640625 0.3958333333333333 0.30234375 0.4 0.303125 0.3861111111111111 0.30625 0.375 0.309375 0.37222222222222223 0.3375 0.37222222222222223
0 0.7796875 0.4736111111111111 0.80234375 0.4888888888888889 0.80546875 0.49444444444444446 0.80546875 0.5291666666666667 0.8140625 0.5513888888888889 0.82109375 0.5527777777777778 0.81796875 0.5652777777777778 0.82578125 0.5847222222222223 0.825 0.6361111111111111 0.82109375 0.6444444444444445 0.8125 0.6444444444444445 0.80390625 0.6388888888888888 0.790625 0.6388888888888888 0.78046875 0.6263888888888889 0.7734375 0.6083333333333333 0.7671875 0.6069444444444444 0.7640625 0.6111111111111112 0.76328125 0.6194444444444445 0.753125 0.6458333333333334 0.746875 0.6416666666666667 0.74453125 0.625 0.740625 0.6166666666666667 0.73359375 0.6152777777777778 0.72734375 0.6222222222222222 0.72421875 0.6208333333333333 0.72109375 0.6152777777777778 0.71796875 0.5930555555555556 0.7125 0.5791666666666667 0.71328125 0.5152777777777777 0.71640625 0.47638888888888886 0.71875 0.4736111111111111 0.77890625 0.4736111111111111
0 0 0.38055555555555554 0.01328125 0.3819444444444444 0.01640625 0.3861111111111111 0.02109375 0.4013888888888889 0.02109375 0.44583333333333336 0.01875 0.4597222222222222 0.0125 0.475 0.00546875 0.48055555555555557 0 0.48055555555555557 0 0.3819444444444444
0 0.4453125 0.14583333333333334 0.446875 0.15 0.44609375 0.15833333333333333 0.43984375 0.1638888888888889 0.43203125 0.16111111111111112 0.43125 0.15555555555555556 0.4359375 0.14583333333333334 0.44453125 0.14583333333333334
0 0.20703125 0.3236111111111111 0.2125 0.3263888888888889 0.2171875 0.3347222222222222 0.21796875 0.3402777777777778 0.18671875 0.3458333333333333 0.18359375 0.3527777777777778 0.18359375 0.3861111111111111 0.17890625 0.39861111111111114 0.17734375 0.3972222222222222 0.17578125 0.38055555555555554 0.17578125 0.3375 0.18671875 0.325 0.20625 0.3236111111111111
0 0.56796875 0.5083333333333333 0.578125 0.5138888888888888 0.59140625 0.5277777777777778 0.59609375 0.5361111111111111 0.609375 0.5486111111111112 0.6125 0.5555555555555556 0.6140625 0.5888888888888889 0.61796875 0.6041666666666666 0.621875 0.6375 0.62109375 0.6583333333333333 0.61640625 0.6638888888888889 0.60234375 0.6638888888888889 0.5921875 0.675 0.584375 0.6722222222222223 0.5484375 0.6236111111111111 0.51015625 0.6263888888888889 0.50078125 0.6305555555555555 0.48359375 0.6305555555555555 0.47890625 0.6236111111111111 0.478125 0.5875 0.48046875 0.5638888888888889 0.48671875 0.5430555555555555 0.49453125 0.5277777777777778 0.50546875 0.5208333333333334 0.528125 0.5180555555555556 0.55625 0.5069444444444444 0.5671875 0.5083333333333333
0 0.31484375 0.25833333333333336 0.33984375 0.25972222222222224 0.34609375 0.2638888888888889 0.34921875 0.2722222222222222 0.35234375 0.2986111111111111 0.34921875 0.3194444444444444 0.3515625 0.3277777777777778 0.353125 0.35138888888888886 0.3484375 0.35833333333333334 0.3484375 0.3958333333333333 0.3453125 0.39444444444444443 0.340625 0.3736111111111111 0.33671875 0.3680555555555556 0.3375 0.35138888888888886 0.3359375 0.3486111111111111 0.3265625 0.34444444444444444 0.30859375 0.3458333333333333 0.3 0.35 0.2984375 0.3472222222222222 0.2984375 0.30972222222222223 0.29609375 0.30277777777777776 0.29609375 0.2902777777777778 0.29921875 0.28194444444444444 0.29609375 0.2777777777777778 0.2953125 0.2625 0.3140625 0.25833333333333336
0 0.29296875 0.30277777777777776 0.296875 0.31527777777777777 0.29765625 0.34305555555555556 0.29765625 0.3527777777777778 0.29453125 0.3638888888888889 0.29140625 0.3680555555555556 0.2765625 0.3680555555555556 0.2734375 0.35694444444444445 0.27421875 0.3263888888888889 0.27734375 0.31527777777777777 0.2921875 0.30416666666666664
0 0.3609375 0.4444444444444444 0.36640625 0.4527777777777778 0.37109375 0.4666666666666667 0.3421875 0.4708333333333333 0.33671875 0.48333333333333334 0.33515625 0.5 0.33046875 0.5125 0.33046875 0.5361111111111111 0.328125 0.5486111111111112 0.3265625 0.5527777777777778 0.3203125 0.5569444444444445 0.31484375 0.5569444444444445 0.30859375 0.5402777777777777 0.30859375 0.5138888888888888 0.31484375 0.4847222222222222 0.315625 0.46111111111111114 0.31953125 0.45 0.32734375 0.4444444444444444 0.36015625 0.4444444444444444
0 0.2171875 0.3402777777777778 0.228125 0.34444444444444444 0.23671875 0.3597222222222222 0.23828125 0.37916666666666665 0.2375 0.4083333333333333 0.234375 0.41388888888888886 0.228125 0.4125 0.22109375 0.3958333333333333 0.215625 0.39166666666666666 0.190625 0.3902777777777778 0.18359375 0.39444444444444443 0.18203125 0.4 0.17890625 0.4013888888888889 0.1828125 0.39166666666666666 0.18359375 0.35555555555555557 0.1859375 0.3472222222222222 0.19453125 0.34305555555555556 0.2125 0.34305555555555556 0.21640625 0.3402777777777778
0 0.153125 0.7944444444444444 0.18359375 0.8027777777777778 0.21328125 0.8194444444444444 0.22109375 0.8263888888888888 0.24140625 0.8611111111111112 0.2484375 0.8652777777777778 0.246875 0.8694444444444445 0.25390625 0.8875 0.271875 0.9055555555555556 0.28046875 0.9222222222222223 0.284375 0.9458333333333333 0.28046875 0.9611111111111111 0.28203125 0.9875 0.27890625 0.9986111111111111 0.2578125 0.9986111111111111 0.2546875 0.9958333333333333 0.23828125 0.9944444444444445 0.22578125 0.9958333333333333 0.22109375 0.9930555555555556 0.20546875 0.9986111111111111 0.18515625 0.9986111111111111 0.18359375 0.9958333333333333 0.1796875 0.9986111111111111 0.17265625 0.9958333333333333 0.15546875 0.9986111111111111 0.146875 0.9944444444444445 0.11796875 0.9958333333333333 0.10546875 0.9902777777777778 0.10078125 0.9930555555555556 0.09453125 0.9916666666666667 0.08828125 0.9958333333333333 0.07421875 0.9958333333333333 0.0703125 0.9930555555555556 0.06484375 0.9625 0.059375 0.9555555555555556 0.0546875 0.9402777777777778 0.05625 0.8805555555555555 0.0625 0.8583333333333333 0.0765625 0.825 0.08046875 0.8097222222222222 0.10546875 0.7986111111111112 0.128125 0.7944444444444444 0.15234375 0.7944444444444444
0 0.07578125 0.18194444444444444 0.08125 0.18888888888888888 0.08515625 0.20416666666666666 0.08515625 0.24444444444444444 0.0828125 0.25416666666666665 0.07890625 0.25833333333333336 0.0625 0.2569444444444444 0.059375 0.24861111111111112 0.05859375 0.23472222222222222 0.06015625 0.21944444444444444 0.05859375 0.17916666666666667 0.06953125 0.17777777777777778 0.075 0.18194444444444444
0 0.94921875 0.7791666666666667 0.953125 0.7819444444444444 0.98046875 0.7819444444444444 0.99921875 0.7930555555555555 0.99921875 0.8569444444444444 0.99765625 0.8583333333333333 0.99921875 0.8694444444444445 0.996875 0.8722222222222222 0.996875 0.8875 0.99921875 0.8902777777777777 0.99921875 0.9375 0.9953125 0.9416666666666667 0.99609375 0.9763888888888889 0.99453125 0.9791666666666666 0.98671875 0.9763888888888889 0.9515625 0.9833333333333333 0.93203125 0.9805555555555555 0.91796875 0.9638888888888889 0.9140625 0.9625 0.91171875 0.9513888888888888 0.90703125 0.9541666666666667 0.909375 0.9625 0.9015625 0.9722222222222222 0.89453125 0.9680555555555556 0.8921875 0.9583333333333334 0.890625 0.9291666666666667 0.8859375 0.9027777777777778 0.8875 0.8388888888888889 0.8890625 0.8319444444444445 0.89921875 0.8138888888888889 0.90390625 0.7986111111111112 0.909375 0.7888888888888889 0.91640625 0.7847222222222222 0.93203125 0.7791666666666667 0.9484375 0.7791666666666667
0 0.3359375 0.1763888888888889 0.34296875 0.18194444444444444 0.34375 0.19444444444444445 0.33828125 0.2013888888888889 0.325 0.20416666666666666 0.31875 0.20277777777777778 0.3171875 0.19305555555555556 0.31875 0.18472222222222223 0.3234375 0.17777777777777778 0.33515625 0.1763888888888889
0 0.45 0.5097222222222222 0.4515625 0.5152777777777777 0.4515625 0.5611111111111111 0.44453125 0.5805555555555556 0.4390625 0.5777777777777777 0.434375 0.5708333333333333 0.43046875 0.55 0.43046875 0.5347222222222222 0.434375 0.5111111111111111 0.43828125 0.5083333333333333 0.44921875 0.5097222222222222
0 0.3796875 0.46944444444444444 0.38671875 0.4736111111111111 0.39140625 0.48194444444444445 0.3984375 0.5013888888888889 0.40078125 0.5180555555555556 0.39609375 0.5152777777777777 0.3546875 0.5180555555555556 0.346875 0.5444444444444444 0.34296875 0.5666666666666667 0.34375 0.5930555555555556 0.3421875 0.6069444444444444 0.33828125 0.6013888888888889 0.3375 0.5930555555555556 0.33125 0.5888888888888889 0.3296875 0.5819444444444445 0.33046875 0.5069444444444444 0.33828125 0.48055555555555557 0.34375 0.4708333333333333 0.37890625 0.46944444444444444
0 0.35234375 0.2222222222222222 0.359375 0.23472222222222222 0.3609375 0.24166666666666667 0.3625 0.2625 0.359375 0.26805555555555555 0.3484375 0.26666666666666666 0.34140625 0.25972222222222224 0.33359375 0.25972222222222224 0.32734375 0.25555555555555554 0.328125 0.24305555555555555 0.334375 0.22361111111111112 0.3515625 0.2222222222222222
0 0.89921875 0.5513888888888889 0.91171875 0.5569444444444445 0.925 0.5694444444444444 0.94140625 0.6 0.95234375 0.6083333333333333 0.9484375 0.6180555555555556 0.95703125 0.6291666666666667 0.9609375 0.65 0.96171875 0.6736111111111112 0.96015625 0.6972222222222222 0.95234375 0.6722222222222223 0.9484375 0.6402777777777777 0.940625 0.6277777777777778 0.91796875 0.6097222222222223 0.87890625 0.5986111111111111 0.84609375 0.6 0.83828125 0.6069444444444444 0.83671875 0.6180555555555556 0.83203125 0.625 0.83125 0.6305555555555555 0.828125 0.6263888888888889 0.828125 0.5875 0.83515625 0.5791666666666667 0.8453125 0.5486111111111112 0.84921875 0.5458333333333333 0.87421875 0.5444444444444444 0.8875 0.5458333333333333 0.8984375 0.5513888888888889
0 0.23828125 0.5013888888888889 0.25 0.5083333333333333 0.26328125 0.5375 0.26328125 0.55 0.2671875 0.5625 0.265625 0.575 0.25859375 0.5597222222222222 0.2546875 0.5569444444444445 0.22578125 0.5541666666666667 0.21015625 0.5611111111111111 0.20078125 0.5805555555555556 0.2 0.5888888888888889 0.19765625 0.5916666666666667 0.19375 0.5888888888888889 0.196875 0.5527777777777778 0.19140625 0.5458333333333333 0.190625 0.5402777777777777 0.19921875 0.5333333333333333 0.203125 0.5152777777777777 0.20703125 0.5069444444444444 0.2375 0.5013888888888889
0 0.33125 0.2125 0.3328125 0.22083333333333333 0.33125 0.23333333333333334 0.328125 0.24305555555555555 0.32421875 0.24722222222222223 0.3140625 0.24722222222222223 0.31171875 0.24305555555555555 0.3109375 0.22916666666666666 0.3125 0.21666666666666667 0.3203125 0.20972222222222223 0.33046875 0.2125
0 0.55078125 0.6291666666666667 0.5921875 0.6875 0.6015625 0.7055555555555556 0.60390625 0.7916666666666666 0.609375 0.8125 0.6171875 0.8625 0.61875 0.8902777777777777 0.6234375 0.9208333333333333 0.6234375 0.9694444444444444 0.6125 0.9791666666666666 0.59140625 0.9763888888888889 0.55703125 0.9819444444444444 0.5546875 0.9847222222222223 0.54609375 0.9805555555555555 0.54375 0.9833333333333333 0.54296875 0.9916666666666667 0.53984375 0.9916666666666667 0.5359375 0.9861111111111112 0.5328125 0.9888888888888889 0.52890625 0.9861111111111112 0.51640625 0.9944444444444445 0.4984375 0.9902777777777778 0.48984375 0.9916666666666667 0.478125 0.9875 0.475 0.9819444444444444 0.4625 0.9805555555555555 0.45234375 0.9625 0.440625 0.9597222222222223 0.4390625 0.9569444444444445 0.43828125 0.9430555555555555 0.43359375 0.9375 0.4328125 0.9319444444444445 0.43359375 0.8958333333333334 0.4296875 0.8819444444444444 0.4234375 0.8722222222222222 0.42109375 0.8597222222222223 0.42109375 0.7958333333333333 0.41875 0.7736111111111111 0.4203125 0.7333333333333333 0.41796875 0.7208333333333333 0.4171875 0.6458333333333334 0.42109375 0.6416666666666667 0.4609375 0.6347222222222222 0.490625 0.6347222222222222 0.5328125 0.6277777777777778 0.55 0.6291666666666667
0 0.4359375 0.17083333333333334 0.43984375 0.1736111111111111 0.440625 0.17777777777777778 0.43984375 0.20972222222222223 0.428125 0.2111111111111111 0.421875 0.21944444444444444 0.41953125 0.21666666666666667 0.41796875 0.20833333333333334 0.4171875 0.18472222222222223 0.425 0.17222222222222222 0.43515625 0.17083333333333334
0 0.64765625 0.6638888888888889 0.67578125 0.6763888888888889 0.6859375 0.6847222222222222 0.70078125 0.7069444444444445 0.71640625 0.75 0.71953125 0.7416666666666667 0.72734375 0.7402777777777778 0.73046875 0.7444444444444445 0.73046875 0.7569444444444444 0.7265625 0.7611111111111111 0.6640625 0.7652777777777777 0.6578125 0.7694444444444445 0.64453125 0.8125 0.63828125 0.8263888888888888 0.63671875 0.8444444444444444 0.63046875 0.8583333333333333 0.628125 0.8708333333333333 0.6234375 0.8763888888888889 0.6234375 0.8847222222222222 0.61328125 0.8222222222222222 0.60546875 0.7875 0.60390625 0.7083333333333334 0.5921875 0.6805555555555556 0.60234375 0.6680555555555555 0.61171875 0.6694444444444444 0.646875 0.6638888888888889
0 0.44140625 0.2125 0.44765625 0.22916666666666666 0.44765625 0.24166666666666667 0.4453125 0.24861111111111112 0.425 0.24583333333333332 0.421875 0.2375 0.421875 0.22361111111111112 0.42421875 0.21388888888888888 0.428125 0.2111111111111111 0.440625 0.2125
0 0.5828125 0.4486111111111111 0.6015625 0.45416666666666666 0.6125 0.46944444444444444 0.6203125 0.49722222222222223 0.6234375 0.5208333333333334 0.62265625 0.5361111111111111 0.61953125 0.5444444444444444 0.61640625 0.5458333333333333 0.60859375 0.5430555555555555 0.575 0.5097222222222222 0.553125 0.5041666666666667 0.5515625 0.48333333333333334 0.55703125 0.4625 0.5640625 0.4527777777777778 0.58203125 0.4486111111111111
0 0.3234375 0.3958333333333333 0.3328125 0.4 0.3359375 0.4111111111111111 0.3140625 0.41388888888888886 0.309375 0.4166666666666667 0.30546875 0.4236111111111111 0.303125 0.44583333333333336 0.29921875 0.4625 0.3 0.48333333333333334 0.29765625 0.4888888888888889 0.29296875 0.4888888888888889 0.28828125 0.4791666666666667 0.2859375 0.4263888888888889 0.29296875 0.4166666666666667 0.3 0.4 0.30703125 0.4027777777777778 0.3140625 0.3958333333333333 0.32265625 0.3958333333333333
0 0.29296875 0.2875 0.29453125 0.29583333333333334 0.29375 0.30694444444444446 0.284375 0.30833333333333335 0.27734375 0.31666666666666665 0.27578125 0.3388888888888889 0.27109375 0.3527777777777778 0.26484375 0.3527777777777778 0.26328125 0.35 0.26328125 0.30972222222222223 0.2671875 0.2972222222222222 0.2703125 0.2916666666666667 0.278125 0.2861111111111111 0.2921875 0.2875
0 0.37421875 0.15138888888888888 0.3765625 0.15694444444444444 0.37578125 0.16944444444444445 0.36875 0.1736111111111111 0.3609375 0.17222222222222222 0.359375 0.16805555555555557 0.36015625 0.15833333333333333 0.365625 0.15 0.3734375 0.15138888888888888