3 0.596875 0.49444444444444446 0.6046875 0.5263888888888889 0.609375 0.5569444444444445 0.6078125 0.6097222222222223 0.60546875 0.6222222222222222 0.603125 0.625 0.6 0.625 0.58515625 0.6097222222222223 0.57890625 0.6069444444444444 0.5578125 0.6083333333333333 0.54765625 0.6194444444444445 0.540625 0.6180555555555556 0.5390625 0.6083333333333333 0.540625 0.5180555555555556 0.5375 0.5069444444444444 0.54609375 0.5013888888888889 0.5515625 0.49027777777777776 0.55703125 0.4875 0.590625 0.49027777777777776 0.59609375 0.49444444444444446
3 0.60234375 0.18611111111111112 0.60546875 0.19027777777777777 0.60625 0.19583333333333333 0.60625 0.21944444444444444 0.59921875 0.22083333333333333 0.5890625 0.23472222222222222 0.584375 0.23333333333333334 0.57890625 0.19166666666666668 0.58125 0.18611111111111112 0.6015625 0.18611111111111112
2 0.61953125 0.2965277777777778 0.009375 0.029166666666666667
2 0.09609375 0.42916666666666664 0.11328125 0.4305555555555556 0.11640625 0.4444444444444444 0.115625 0.4652777777777778 0.109375 0.4736111111111111 0.10546875 0.4736111111111111 0.10078125 0.48055555555555557 0.096875 0.48055555555555557 0.09375 0.45416666666666666 0.09609375 0.4305555555555556
2 0.27890625 0.22916666666666666 0.28203125 0.2361111111111111 0.28125 0.24861111111111112 0.275 0.2513888888888889 0.275 0.24027777777777778 0.278125 0.23055555555555557
2 0.5046875 0.3111111111111111 0.503125 0.29444444444444445 0.50625 0.28888888888888886 0.5109375 0.29305555555555557 0.5109375 0.30416666666666664 0.50859375 0.3111111111111111 0.50546875 0.3111111111111111
2 0.2546875 0.2791666666666667 0.25625 0.2902777777777778 0.253125 0.30277777777777776 0.246875 0.3 0.246875 0.2847222222222222 0.2484375 0.2791666666666667 0.25390625 0.2791666666666667
2 0.86875 0.5805555555555556 0.87265625 0.5958333333333333 0.87265625 0.6069444444444444 0.86953125 0.6125 0.871875 0.6486111111111111 0.8703125 0.6583333333333333 0.86640625 0.6625 0.85703125 0.6625 0.85234375 0.6583333333333333 0.84140625 0.6388888888888888 0.84140625 0.6305555555555555 0.84609375 0.625 0.846875 0.6152777777777778 0.8515625 0.6041666666666666 0.8546875 0.5847222222222223 0.86796875 0.5805555555555556
2 0.015625 0.4708333333333333 0.01875 0.48055555555555557 0.02890625 0.49166666666666664 0.03125 0.5027777777777778 0.03671875 0.5055555555555555 0.03671875 0.5180555555555556 0.0296875 0.5277777777777778 0.015625 0.5375 0.01171875 0.5361111111111111 0.0109375 0.49583333333333335 0.01328125 0.4861111111111111 0.0109375 0.48055555555555557 0.01484375 0.4722222222222222
2 0.36171875 0.25555555555555554 0.3640625 0.25972222222222224 0.3625 0.2791666666666667 0.3578125 0.2777777777777778 0.353125 0.2625 0.35546875 0.25555555555555554 0.3609375 0.25555555555555554
2 0.7484375 0.48125 0.0171875 0.05416666666666667
2 0.24765625 0.30277777777777776 0.2515625 0.30416666666666664 0.2546875 0.32222222222222224 0.25078125 0.3416666666666667 0.246875 0.34305555555555556 0.24296875 0.3388888888888889 0.24375 0.31527777777777777 0.24765625 0.30416666666666664
2 0.70859375 0.4027777777777778 0.71015625 0.40555555555555556 0.71015625 0.4222222222222222 0.70859375 0.43194444444444446 0.7046875 0.4375 0.70234375 0.4375 0.70078125 0.43194444444444446 0.6984375 0.40555555555555556 0.7 0.4013888888888889 0.7078125 0.4027777777777778
2 0.815625 0.5694444444444444 0.82109375 0.5736111111111111 0.8203125 0.6166666666666667 0.821875 0.6305555555555555 0.81796875 0.6361111111111111 0.8140625 0.6486111111111111 0.81015625 0.6472222222222223 0.80625 0.6347222222222222 0.8 0.625 0.8 0.6208333333333333 0.80546875 0.6 0.80625 0.5736111111111111 0.81484375 0.5694444444444444
2 0.20234375 0.32083333333333336 0.2046875 0.3388888888888889 0.203125 0.35138888888888886 0.2 0.35555555555555557 0.1921875 0.35555555555555557 0.18828125 0.3375 0.190625 0.3194444444444444 0.19609375 0.31666666666666665 0.2015625 0.32083333333333336
2 0.771875 0.49583333333333335 0.771875 0.5041666666666667 0.7796875 0.5152777777777777 0.78203125 0.5236111111111111 0.78203125 0.5361111111111111 0.77890625 0.5444444444444444 0.78125 0.5638888888888889 0.77265625 0.5847222222222223 0.76796875 0.5833333333333334 0.7625 0.5708333333333333 0.7609375 0.55 0.75546875 0.5319444444444444 0.759375 0.5125 0.76875 0.49583333333333335 0.77109375 0.49583333333333335
2 0.3734375 0.25972222222222224 0.378125 0.2652777777777778 0.37578125 0.2791666666666667 0.3734375 0.28055555555555556 0.36953125 0.2791666666666667 0.3671875 0.2722222222222222 0.36796875 0.2625 0.37265625 0.25972222222222224
2 0.33203125 0.21944444444444444 0.33515625 0.2263888888888889 0.33515625 0.23194444444444445 0.3328125 0.2361111111111111 0.3296875 0.2361111111111111 0.32734375 0.23194444444444445 0.328125 0.2222222222222222 0.33125 0.21944444444444444
2 0.6296875 0.2791666666666667 0.6328125 0.2833333333333333 0.63359375 0.28888888888888886 0.63203125 0.30416666666666664 0.628125 0.30694444444444446 0.62421875 0.3 0.62421875 0.2861111111111111 0.6265625 0.28055555555555556 0.62890625 0.28055555555555556
2 0.69921875 0.7888888888888889 0.71171875 0.7958333333333333 0.71171875 0.8444444444444444 0.70703125 0.8541666666666666 0.70234375 0.8736111111111111 0.69921875 0.8736111111111111 0.69375 0.8597222222222223 0.68515625 0.8472222222222222 0.6828125 0.8194444444444444 0.68671875 0.8138888888888889 0.69140625 0.7888888888888889 0.6984375 0.7888888888888889
2 0.7234375 0.42777777777777776 0.72578125 0.43194444444444446 0.72578125 0.4527777777777778 0.7203125 0.46805555555555556 0.7140625 0.4652777777777778 0.71171875 0.44583333333333336 0.7125 0.43472222222222223 0.71484375 0.42916666666666664 0.72265625 0.42777777777777776
2 0.68046875 0.33194444444444443 0.68515625 0.3347222222222222 0.68671875 0.3402777777777778 0.6859375 0.35555555555555557 0.68203125 0.3611111111111111 0.67578125 0.35833333333333334 0.67421875 0.3458333333333333 0.675 0.3347222222222222 0.6796875 0.33194444444444443
1 0.48984375 0.30416666666666664 0.49453125 0.31527777777777777 0.4953125 0.3236111111111111 0.49453125 0.34444444444444444 0.4921875 0.3486111111111111 0.48046875 0.3458333333333333 0.4625 0.3472222222222222 0.46328125 0.3236111111111111 0.46640625 0.30833333333333335 0.46953125 0.30277777777777776 0.4828125 0.3013888888888889 0.4890625 0.30416666666666664
1 0.2125 0.24305555555555555 0.209375 0.23472222222222222 0.20859375 0.21944444444444444 0.2109375 0.2125 0.215625 0.20972222222222223 0.22734375 0.20972222222222223 0.22734375 0.22916666666666666 0.22421875 0.24583333333333332 0.21328125 0.24305555555555555
1 0.18515625 0.3972222222222222 0.18984375 0.4 0.19609375 0.4166666666666667 0.1984375 0.42916666666666664 0.1984375 0.46111111111111114 0.1953125 0.475 0.184375 0.4736111111111111 0.17890625 0.48055555555555557 0.17421875 0.4930555555555556 0.17109375 0.4930555555555556 0.16640625 0.4875 0.14453125 0.4888888888888889 0.134375 0.49027777777777776 0.1265625 0.49722222222222223 0.12265625 0.49722222222222223 0.11875 0.4875 0.11640625 0.4736111111111111 0.11640625 0.45416666666666666 0.11796875 0.4444444444444444 0.13515625 0.41388888888888886 0.14375 0.4027777777777778 0.14921875 0.4 0.184375 0.3972222222222222
1 0.57421875 0.21944444444444444 0.57578125 0.23333333333333334 0.5625 0.23194444444444445 0.56015625 0.23472222222222222 0.55703125 0.22777777777777777 0.5609375 0.2152777777777778 0.5671875 0.21388888888888888 0.5734375 0.21944444444444444
1 0.4671875 0.3541666666666667 0.47578125 0.35833333333333334 0.48359375 0.37222222222222223 0.48359375 0.40555555555555556 0.48125 0.4152777777777778 0.47734375 0.41944444444444445 0.47265625 0.4152777777777778 0.45078125 0.4152777777777778 0.44296875 0.41805555555555557 0.44140625 0.4125 0.44140625 0.39861111111111114 0.44609375 0.3763888888888889 0.44453125 0.36944444444444446 0.45703125 0.35555555555555557 0.46640625 0.3541666666666667
1 0.675 0.4 0.6890625 0.4013888888888889 0.696875 0.4125 0.703125 0.44027777777777777 0.703125 0.46805555555555556 0.7 0.4875 0.69453125 0.4875 0.6875 0.4777777777777778 0.66796875 0.47638888888888886 0.6546875 0.4847222222222222 0.6515625 0.48194444444444445 0.64609375 0.4597222222222222 0.64609375 0.44166666666666665 0.6484375 0.4236111111111111 0.646875 0.41388888888888886 0.6609375 0.4 0.67421875 0.4
1 0.7796875 0.016666666666666666 0.784375 0.02361111111111111 0.7859375 0.030555555555555555 0.78515625 0.04722222222222222 0.77890625 0.059722222222222225 0.7625 0.06805555555555555 0.740625 0.06388888888888888 0.73046875 0.058333333333333334 0.72734375 0.05416666666666667 0.73046875 0.04027777777777778 0.73671875 0.03333333333333333 0.74765625 0.030555555555555555 0.7515625 0.02638888888888889 0.7625 0.025 0.7703125 0.016666666666666666 0.77890625 0.016666666666666666
1 0.29375 0.19305555555555556 0.303125 0.20416666666666666 0.303125 0.20833333333333334 0.29921875 0.2152777777777778 0.2953125 0.2152777777777778 0.2890625 0.20416666666666666 0.28046875 0.1986111111111111 0.28984375 0.19166666666666668 0.29296875 0.19305555555555556
1 0.57578125 0.23333333333333334 0.57890625 0.2388888888888889 0.58125 0.2625 0.57890625 0.2708333333333333 0.575 0.2722222222222222 0.559375 0.2708333333333333 0.55703125 0.2638888888888889 0.55859375 0.2375 0.5609375 0.23333333333333334 0.575 0.23333333333333334
1 0.7 0.49583333333333335 0.7296875 0.4986111111111111 0.734375 0.5013888888888889 0.73828125 0.5111111111111111 0.7484375 0.5597222222222222 0.746875 0.6041666666666666 0.74453125 0.6125 0.74140625 0.6111111111111112 0.73359375 0.5972222222222222 0.71796875 0.5930555555555556 0.7015625 0.5930555555555556 0.696875 0.5958333333333333 0.69140625 0.6055555555555555 0.6875 0.6041666666666666 0.684375 0.5819444444444445 0.678125 0.5680555555555555 0.67734375 0.5208333333333334 0.68515625 0.5138888888888888 0.6921875 0.5 0.69921875 0.49583333333333335
1 0.3390625 0.7152777777777778 0.3625 0.7222222222222222 0.38359375 0.75 0.38046875 0.8333333333333334 0.365625 0.8736111111111111 0.35625 0.9194444444444444 0.35078125 0.9208333333333333 0.3453125 0.9138888888888889 0.33125 0.9152777777777777 0.325 0.9111111111111111 0.30234375 0.9083333333333333 0.28125 0.9097222222222222 0.2703125 0.9138888888888889 0.26015625 0.925 0.2546875 0.9222222222222223 0.24921875 0.9069444444444444 0.25 0.8861111111111111 0.24765625 0.8791666666666667 0.2484375 0.8486111111111111 0.2515625 0.8277777777777777 0.2578125 0.8083333333333333 0.2671875 0.7597222222222222 0.2765625 0.7361111111111112 0.2859375 0.7208333333333333 0.29921875 0.7166666666666667 0.33828125 0.7152777777777778
1 0.60859375 0.2222222222222222 0.61171875 0.22916666666666666 0.61171875 0.2375 0.60546875 0.2388888888888889 0.59765625 0.2569444444444444 0.59296875 0.25277777777777777 0.59296875 0.23333333333333334 0.59453125 0.22777777777777777 0.59765625 0.2222222222222222 0.6078125 0.2222222222222222
1 0 0.3388888888888889 0.00625 0.34305555555555556 0.0125 0.36527777777777776 0.01171875 0.4027777777777778 0.009375 0.40555555555555556 0 0.4041666666666667 0 0.3402777777777778
1 0.4171875 0.22777777777777777 0.41953125 0.2361111111111111 0.41953125 0.24722222222222223 0.41015625 0.25277777777777777 0.4 0.2513888888888889 0.4 0.23472222222222222 0.40703125 0.2263888888888889 0.41484375 0.225 0.41640625 0.22777777777777777
1 0.395703125 0.19236111111111112 0.01796875 0.02638888888888889
1 0.5015625 0.23472222222222222 0.5015625 0.22361111111111112 0.50625 0.21805555555555556 0.51171875 0.21805555555555556 0.51171875 0.23194444444444445 0.509375 0.2361111111111111 0.50234375 0.23472222222222222
1 0.46328125 0.25833333333333336 0.46640625 0.2722222222222222 0.4671875 0.30277777777777776 0.4640625 0.30694444444444446 0.45 0.30416666666666664 0.44453125 0.30833333333333335 0.4421875 0.30833333333333335 0.440625 0.30277777777777776 0.43984375 0.2722222222222222 0.4421875 0.25972222222222224 0.44921875 0.25555555555555554 0.4625 0.25833333333333336
1 0.56953125 0.3972222222222222 0.58046875 0.4013888888888889 0.58828125 0.4152777777777778 0.58515625 0.4236111111111111 0.58671875 0.4375 0.58515625 0.4597222222222222 0.58046875 0.46805555555555556 0.56328125 0.4638888888888889 0.55234375 0.46944444444444444 0.5484375 0.46944444444444444 0.54609375 0.4652777777777778 0.54609375 0.44583333333333336 0.54921875 0.4236111111111111 0.54765625 0.41388888888888886 0.5546875 0.39861111111111114 0.56875 0.3972222222222222
1 0.24765625 0.6375 0.25859375 0.6486111111111111 0.26875 0.6527777777777778 0.2734375 0.6638888888888889 0.275 0.6708333333333333 0.275 0.7305555555555555 0.27421875 0.7430555555555556 0.265625 0.7597222222222222 0.26171875 0.7583333333333333 0.25703125 0.7625 0.24765625 0.7763888888888889 0.24296875 0.8111111111111111 0.2375 0.825 0.22890625 0.8222222222222222 0.22578125 0.8166666666666667 0.225 0.8097222222222222 0.2203125 0.8041666666666667 0.1703125 0.8069444444444445 0.1609375 0.8097222222222222 0.15546875 0.8180555555555555 0.14375 0.8194444444444444 0.13828125 0.8055555555555556 0.13359375 0.775 0.13359375 0.7555555555555555 0.13671875 0.7236111111111111 0.1421875 0.7055555555555556 0.14921875 0.6916666666666667 0.15 0.6805555555555556 0.153125 0.6708333333333333 0.175 0.6388888888888888 0.18515625 0.6333333333333333 0.19921875 0.6319444444444444 0.23828125 0.6333333333333333 0.246875 0.6375
1 0.26875 0.19722222222222222 0.2765625 0.2013888888888889 0.2796875 0.20972222222222223 0.2796875 0.22083333333333333 0.271875 0.2263888888888889 0.26484375 0.225 0.2625 0.20972222222222223 0.25625 0.2 0.26796875 0.19722222222222222
1 0.6515625 0.9541666666666667 0.66171875 0.9583333333333334 0.690625 0.9583333333333334 0.725 0.9652777777777778 0.73203125 0.9694444444444444 0.740625 0.9833333333333333 0.759375 0.9902777777777778 0.7609375 0.9944444444444445 0.76015625 0.9986111111111111 0.6890625 0.9986111111111111 0.6859375 0.9958333333333333 0.67734375 0.9958333333333333 0.675 0.9986111111111111 0.6421875 0.9986111111111111 0.640625 0.9958333333333333 0.615625 0.9986111111111111 0.615625 0.9902777777777778 0.6109375 0.9819444444444444 0.6125 0.9722222222222222 0.6203125 0.9680555555555556 0.6296875 0.9694444444444444 0.6328125 0.9611111111111111 0.6375 0.9569444444444445 0.65078125 0.9541666666666667
1 0.61953125 0.24722222222222223 0.6265625 0.25972222222222224 0.62578125 0.2722222222222222 0.62265625 0.2791666666666667 0.61953125 0.2763888888888889 0.6140625 0.2861111111111111 0.609375 0.28888888888888886 0.60234375 0.2875 0.60078125 0.2833333333333333 0.60078125 0.25416666666666665 0.60390625 0.24861111111111112 0.61875 0.24722222222222223
1 0.284375 0.19722222222222222 0.290625 0.2013888888888889 0.296875 0.2125 0.2921875 0.22361111111111112 0.28125 0.22361111111111112 0.2796875 0.22083333333333333 0.2796875 0.2111111111111111 0.27421875 0.1986111111111111 0.28359375 0.19722222222222222
1 0.3890625 0.26458333333333334 0.021875 0.034722222222222224
1 0.52734375 0.2125 0.53046875 0.22083333333333333 0.53046875 0.23194444444444445 0.5265625 0.24583333333333332 0.5140625 0.24583333333333332 0.5109375 0.24305555555555555 0.51171875 0.21944444444444444 0.5140625 0.2111111111111111 0.5234375 0.20972222222222223 0.5265625 0.2125
1 0.578125 0.27361111111111114 0.58828125 0.28055555555555556 0.590625 0.3013888888888889 0.5890625 0.30416666666666664 0.57734375 0.30694444444444446 0.56796875 0.3263888888888889 0.56328125 0.3263888888888889 0.5609375 0.32222222222222224 0.5625 0.3 0.5609375 0.2833333333333333 0.56796875 0.275 0.57734375 0.27361111111111114
1 0.390625 0.21944444444444444 0.3953125 0.22361111111111112 0.396875 0.23194444444444445 0.396875 0.24166666666666667 0.3953125 0.24444444444444444 0.38671875 0.24444444444444444 0.3796875 0.23472222222222222 0.37265625 0.23333333333333334 0.378125 0.22361111111111112 0.38984375 0.21944444444444444
1 0.44375 0.2152777777777778 0.4453125 0.21944444444444444 0.44453125 0.2263888888888889 0.4375 0.23194444444444445 0.4296875 0.23055555555555557 0.4296875 0.21666666666666667 0.43203125 0.21388888888888888 0.44296875 0.2152777777777778
1 0.1859375 0.3375 0.1921875 0.3638888888888889 0.1921875 0.38333333333333336 0.18984375 0.39444444444444443 0.15078125 0.3972222222222222 0.14296875 0.4013888888888889 0.13359375 0.41388888888888886 0.1296875 0.40694444444444444 0.128125 0.3763888888888889 0.1421875 0.3472222222222222 0.14921875 0.3416666666666667 0.175 0.3347222222222222 0.18515625 0.3375
1 0.6453125 0.29444444444444445 0.6546875 0.3 0.6578125 0.3111111111111111 0.65703125 0.31527777777777777 0.6546875 0.31805555555555554 0.64296875 0.3194444444444444 0.64453125 0.3236111111111111 0.63671875 0.3236111111111111 0.6296875 0.32916666666666666 0.6265625 0.3375 0.62578125 0.31805555555555554 0.63203125 0.2972222222222222 0.63671875 0.29305555555555557 0.64453125 0.29444444444444445
1 0.6125 0.2375 0.61796875 0.24027777777777778 0.62265625 0.24722222222222223 0.62265625 0.2513888888888889 0.61171875 0.24861111111111112 0.60625 0.25277777777777777 0.59921875 0.2652777777777778 0.59765625 0.25416666666666665 0.60078125 0.24444444444444444 0.6046875 0.2388888888888889 0.61171875 0.2375
1 0.48046875 0.21944444444444444 0.490625 0.2152777777777778 0.49453125 0.22083333333333333 0.49609375 0.23333333333333334 0.49453125 0.24722222222222223 0.4796875 0.24583333333333332 0.47890625 0.23055555555555557 0.48046875 0.22083333333333333
1 0.61875 0.4305555555555556 0.6265625 0.43333333333333335 0.63828125 0.4583333333333333 0.63828125 0.5013888888888889 0.6359375 0.5347222222222222 0.63359375 0.5388888888888889 0.6296875 0.5388888888888889 0.62109375 0.5291666666666667 0.60859375 0.5291666666666667 0.60546875 0.5263888888888889 0.6 0.5 0.58671875 0.4847222222222222 0.5859375 0.46111111111111114 0.5875 0.4527777777777778 0.5953125 0.43472222222222223 0.6 0.4305555555555556 0.61796875 0.4305555555555556
1 0.5734375 0.33611111111111114 0.5859375 0.3416666666666667 0.58984375 0.3527777777777778 0.5921875 0.38472222222222224 0.59140625 0.4027777777777778 0.58828125 0.4097222222222222 0.575 0.3972222222222222 0.553125 0.3972222222222222 0.55703125 0.3597222222222222 0.55625 0.3486111111111111 0.56484375 0.3375 0.57265625 0.33611111111111114
1 0.4796875 0.2513888888888889 0.484375 0.25416666666666665 0.48828125 0.2638888888888889 0.48828125 0.28194444444444444 0.484375 0.2847222222222222 0.46953125 0.2847222222222222 0.46796875 0.28194444444444444 0.465625 0.26666666666666666 0.46640625 0.25555555555555554 0.471875 0.2513888888888889 0.47890625 0.2513888888888889
1 0.37578125 0.1875 0.378125 0.19444444444444445 0.378125 0.20277777777777778 0.3765625 0.20972222222222223 0.37265625 0.2125 0.359375 0.2111111111111111 0.35859375 0.19722222222222222 0.3625 0.1875 0.36953125 0.18472222222222223 0.375 0.1875
1 0.2578125 0.20277777777777778 0.26171875 0.20555555555555555 0.26484375 0.22361111111111112 0.25546875 0.23194444444444445 0.25078125 0.23055555555555557 0.24765625 0.21805555555555556 0.2359375 0.20555555555555555 0.24296875 0.2013888888888889 0.25703125 0.20277777777777778
1 0.55703125 0.21805555555555556 0.55703125 0.20277777777777778 0.56015625 0.1986111111111111 0.5703125 0.1986111111111111 0.571875 0.20277777777777778 0.571875 0.2152777777777778 0.5578125 0.21805555555555556
1 0.59921875 0.30972222222222223 0.6015625 0.3138888888888889 0.60390625 0.33194444444444443 0.6015625 0.3486111111111111 0.5984375 0.3527777777777778 0.5921875 0.3527777777777778 0.5859375 0.3402777777777778 0.571875 0.33194444444444443 0.5734375 0.31805555555555554 0.57734375 0.30694444444444446 0.59296875 0.3055555555555556 0.5984375 0.30972222222222223
0 0.33984375 0.2375 0.34296875 0.24166666666666667 0.34375 0.25 0.3421875 0.25416666666666665 0.34296875 0.27361111111111114 0.334375 0.28888888888888886 0.3359375 0.30416666666666664 0.3328125 0.3194444444444444 0.328125 0.3277777777777778 0.32421875 0.32916666666666666 0.321875 0.3388888888888889 0.3171875 0.3472222222222222 0.30078125 0.3472222222222222 0.2953125 0.35138888888888886 0.2859375 0.35138888888888886 0.2828125 0.35555555555555557 0.278125 0.3541666666666667 0.27109375 0.3416666666666667 0.26875 0.29583333333333334 0.26640625 0.2902777777777778 0.26953125 0.2722222222222222 0.27734375 0.25416666666666665 0.284375 0.24583333333333332 0.3 0.2388888888888889 0.3390625 0.2375
0 0.32109375 0.19166666666666668 0.32109375 0.18055555555555555 0.3234375 0.17083333333333334 0.3484375 0.17083333333333334 0.3546875 0.18888888888888888 0.35078125 0.20277777777777778 0.3484375 0.20277777777777778 0.3453125 0.19583333333333333 0.34140625 0.19722222222222222 0.3390625 0.20277777777777778 0.3234375 0.2 0.321875 0.19305555555555556