3 0.8421875 0.6430555555555556 0.915625 0.6527777777777778 0.95234375 0.6944444444444444 0.9625 0.7125 0.959375 0.7527777777777778 0.959375 0.7958333333333333 0.95625 0.8583333333333333 0.9578125 0.925 0.953125 0.9305555555555556 0.93515625 0.9333333333333333 0.93125 0.9402777777777778 0.9296875 0.95 0.921875 0.9569444444444445 0.909375 0.9513888888888888 0.8859375 0.95 0.85859375 0.9416666666666667 0.83125 0.9472222222222222 0.82734375 0.9430555555555555 0.82421875 0.9305555555555556 0.825 0.9208333333333333 0.82265625 0.9111111111111111 0.82421875 0.8944444444444445 0.81640625 0.8847222222222222 0.80703125 0.8833333333333333 0.79921875 0.8652777777777778 0.7984375 0.8444444444444444 0.79453125 0.8194444444444444 0.79375 0.7930555555555555 0.79609375 0.7444444444444445 0.8015625 0.7069444444444445 0.80625 0.6875 0.8078125 0.6694444444444444 0.80703125 0.6472222222222223 0.81015625 0.6416666666666667 0.84140625 0.6430555555555556
3 0.3375 0.6416666666666667 0.38359375 0.6444444444444445 0.396875 0.6583333333333333 0.3984375 0.6611111111111111 0.3984375 0.6736111111111112 0.39609375 0.6819444444444445 0.396875 0.7097222222222223 0.4046875 0.7138888888888889 0.40390625 0.7236111111111111 0.39765625 0.725 0.39609375 0.7291666666666666 0.3984375 0.7444444444444445 0.3953125 0.7527777777777778 0.3953125 0.8 0.40234375 0.8305555555555556 0.40078125 0.8597222222222223 0.40234375 0.8930555555555556 0.39609375 0.9277777777777778 0.39453125 0.9472222222222222 0.3796875 0.9986111111111111 0.33828125 0.9986111111111111 0.33671875 0.9958333333333333 0.3296875 0.9958333333333333 0.32734375 0.9986111111111111 0.296875 0.9986111111111111 0.2953125 0.9958333333333333 0.275 0.9958333333333333 0.2734375 0.9986111111111111 0.2125 0.9986111111111111 0.2109375 0.9958333333333333 0.16328125 0.9986111111111111 0.16875 0.9819444444444444 0.18125 0.9611111111111111 0.19296875 0.9375 0.19453125 0.9305555555555556 0.2046875 0.9152777777777777 0.20625 0.9069444444444444 0.21640625 0.8958333333333334 0.2234375 0.875 0.23203125 0.8652777777777778 0.23828125 0.8527777777777777 0.23671875 0.8388888888888889 0.23828125 0.7861111111111111 0.2375 0.6930555555555555 0.24140625 0.6625 0.253125 0.6458333333333334 0.33671875 0.6416666666666667
3 0.5140625 0.4041666666666667 0.53203125 0.40555555555555556 0.53671875 0.4111111111111111 0.53984375 0.42083333333333334 0.54453125 0.4236111111111111 0.546875 0.4361111111111111 0.546875 0.4583333333333333 0.54296875 0.475 0.5390625 0.48055555555555557 0.53046875 0.48333333333333334 0.525 0.49166666666666664 0.49921875 0.49166666666666664 0.48828125 0.5013888888888889 0.48203125 0.49583333333333335 0.48046875 0.44722222222222224 0.48828125 0.43194444444444446 0.490625 0.41805555555555557 0.49453125 0.4097222222222222 0.49921875 0.40555555555555556 0.51328125 0.4041666666666667
2 0.48046875 0.3902777777777778 0.48203125 0.4125 0.47734375 0.42083333333333334 0.47421875 0.4222222222222222 0.46953125 0.41388888888888886 0.46953125 0.3958333333333333 0.47265625 0.39166666666666666 0.4796875 0.3902777777777778
2 0.8515625 0.6027777777777777 0.85546875 0.6055555555555555 0.8671875 0.6041666666666666 0.86875 0.6069444444444444 0.8671875 0.6333333333333333 0.8640625 0.6430555555555556 0.8609375 0.6444444444444445 0.84765625 0.6430555555555556 0.8453125 0.6402777777777777 0.84296875 0.6013888888888889 0.8453125 0.5958333333333333 0.8484375 0.5944444444444444 0.85078125 0.6027777777777777
2 0.07890625 0.4986111111111111 0.090625 0.5041666666666667 0.0921875 0.5180555555555556 0.090625 0.5444444444444444 0.0859375 0.5541666666666667 0.0796875 0.5569444444444445 0.07734375 0.5625 0.07421875 0.5625 0.071875 0.5569444444444445 0.0703125 0.5041666666666667 0.07265625 0.4986111111111111 0.078125 0.4986111111111111
2 0.278125 0.38333333333333336 0.2828125 0.3888888888888889 0.2828125 0.40694444444444444 0.27890625 0.4152777777777778 0.271875 0.4152777777777778 0.26875 0.39861111111111114 0.26953125 0.3875 0.27734375 0.38333333333333336
2 0.10546875 0.5277777777777778 0.1171875 0.5333333333333333 0.12109375 0.5444444444444444 0.12109375 0.5625 0.11328125 0.5722222222222222 0.11015625 0.5916666666666667 0.1078125 0.5944444444444444 0.10390625 0.5930555555555556 0.1 0.575 0.10078125 0.5361111111111111 0.1046875 0.5291666666666667
2 0.2859375 0.3458333333333333 0.2875 0.35555555555555557 0.2859375 0.36666666666666664 0.27265625 0.3638888888888889 0.27578125 0.3486111111111111 0.28515625 0.3458333333333333
2 0.97421875 0.7722222222222223 0.9765625 0.7777777777777778 0.9765625 0.8013888888888889 0.975 0.8194444444444444 0.971875 0.8305555555555556 0.971875 0.8472222222222222 0.9671875 0.8569444444444444 0.96171875 0.8777777777777778 0.9578125 0.8763888888888889 0.95625 0.8666666666666667 0.96015625 0.7722222222222223 0.96328125 0.7694444444444445 0.9734375 0.7722222222222223
2 0.99921875 0.8263888888888888 0.99921875 0.9347222222222222 0.99296875 0.9333333333333333 0.98671875 0.9263888888888889 0.98671875 0.9125 0.9828125 0.8847222222222222 0.9828125 0.8416666666666667 0.9796875 0.8333333333333334 0.98125 0.8263888888888888 0.9984375 0.8263888888888888
2 0.72734375 0.39166666666666666 0.7296875 0.4 0.7296875 0.41388888888888886 0.72734375 0.4222222222222222 0.72265625 0.4222222222222222 0.71953125 0.4097222222222222 0.7203125 0.39444444444444443 0.7265625 0.39166666666666666
2 0.80625 0.5194444444444445 0.81796875 0.5180555555555556 0.81953125 0.5333333333333333 0.821875 0.5388888888888889 0.821875 0.5472222222222223 0.815625 0.5625 0.81015625 0.5652777777777778 0.80703125 0.5583333333333333 0.80625 0.5208333333333334
1 0.69140625 0.34305555555555556 0.69765625 0.3472222222222222 0.7 0.3527777777777778 0.70234375 0.3625 0.70234375 0.375 0.6984375 0.37777777777777777 0.68515625 0.37777777777777777 0.67265625 0.39305555555555555 0.66640625 0.3902777777777778 0.6640625 0.38055555555555554 0.6671875 0.35138888888888886 0.67109375 0.34444444444444444 0.6765625 0.3416666666666667 0.690625 0.34305555555555556
1 0.6375 0.2791666666666667 0.64140625 0.28888888888888886 0.6421875 0.3013888888888889 0.63828125 0.3138888888888889 0.634375 0.31805555555555554 0.615625 0.3138888888888889 0.6140625 0.3111111111111111 0.61328125 0.29305555555555557 0.61953125 0.2777777777777778 0.62890625 0.2763888888888889 0.63671875 0.2791666666666667
1 0.42734375 0.55 0.44375 0.5708333333333333 0.44375 0.6291666666666667 0.4390625 0.6416666666666667 0.4375 0.6625 0.4328125 0.6666666666666666 0.42734375 0.6638888888888889 0.41796875 0.6527777777777778 0.40625 0.6486111111111111 0.39140625 0.6486111111111111 0.38359375 0.6402777777777777 0.36875 0.6402777777777777 0.36640625 0.6263888888888889 0.36875 0.6041666666666666 0.375 0.5833333333333334 0.3734375 0.5666666666666667 0.38359375 0.5527777777777778 0.39453125 0.5472222222222223 0.41875 0.5472222222222223 0.4265625 0.55
1 0.5078125 0.26944444444444443 0.5140625 0.2722222222222222 0.5171875 0.2833333333333333 0.5078125 0.2875 0.5046875 0.29305555555555557 0.5015625 0.30833333333333335 0.49765625 0.3111111111111111 0.49296875 0.30694444444444446 0.49375 0.28194444444444444 0.49765625 0.2722222222222222 0.50703125 0.26944444444444443
1 0.5953125 0.29583333333333334 0.60859375 0.3013888888888889 0.61171875 0.30833333333333335 0.6125 0.3138888888888889 0.609375 0.3277777777777778 0.60390625 0.3388888888888889 0.603125 0.3527777777777778 0.60703125 0.3611111111111111 0.60234375 0.3625 0.59375 0.34305555555555556 0.584375 0.3375 0.584375 0.31805555555555554 0.58671875 0.3055555555555556 0.58828125 0.3013888888888889 0.59453125 0.2972222222222222
1 0.63359375 0.24722222222222223 0.64375 0.2513888888888889 0.6484375 0.25833333333333336 0.6484375 0.275 0.640625 0.2833333333333333 0.6359375 0.2777777777777778 0.6171875 0.2763888888888889 0.61328125 0.2708333333333333 0.61640625 0.25 0.6328125 0.24722222222222223
1 0.26796875 0.2111111111111111 0.27421875 0.22916666666666666 0.271875 0.2388888888888889 0.2578125 0.2375 0.25546875 0.23472222222222222 0.253125 0.21388888888888888 0.26171875 0.20833333333333334 0.2671875 0.2111111111111111
1 0.5703125 0.3819444444444444 0.57734375 0.3861111111111111 0.58125 0.39305555555555555 0.58515625 0.4166666666666667 0.584375 0.44166666666666665 0.58125 0.4444444444444444 0.56015625 0.44166666666666665 0.55 0.44722222222222224 0.5453125 0.41944444444444445 0.54609375 0.4027777777777778 0.54453125 0.39444444444444443 0.55625 0.3819444444444444 0.56953125 0.3819444444444444
1 0.70390625 0.8402777777777778 0.74140625 0.8458333333333333 0.75703125 0.8583333333333333 0.765625 0.8722222222222222 0.77578125 0.8791666666666667 0.7765625 0.8861111111111111 0.7703125 0.8902777777777777 0.771875 0.9097222222222222 0.7765625 0.9208333333333333 0.7765625 0.9291666666666667 0.7828125 0.9458333333333333 0.79140625 0.9833333333333333 0.79140625 0.9902777777777778 0.796875 0.9902777777777778 0.796875 0.9944444444444445 0.77109375 0.9986111111111111 0.73203125 0.9986111111111111 0.7109375 0.9944444444444445 0.678125 0.9972222222222222 0.66484375 0.9930555555555556 0.66171875 0.9763888888888889 0.65546875 0.9583333333333334 0.6546875 0.9069444444444444 0.65625 0.875 0.6515625 0.8652777777777778 0.65703125 0.8583333333333333 0.66796875 0.8597222222222223 0.68203125 0.8430555555555556 0.703125 0.8402777777777778
1 0.75234375 0.4305555555555556 0.76484375 0.43472222222222223 0.7734375 0.44583333333333336 0.77890625 0.46805555555555556 0.7796875 0.4861111111111111 0.77734375 0.49027777777777776 0.7484375 0.49166666666666664 0.7265625 0.5222222222222223 0.72265625 0.5194444444444445 0.72109375 0.5097222222222222 0.71640625 0.5027777777777778 0.71640625 0.47638888888888886 0.71875 0.45416666666666666 0.72421875 0.43472222222222223 0.728125 0.42916666666666664 0.7515625 0.4305555555555556
1 0.5453125 0.8736111111111111 0.578125 0.8791666666666667 0.5875 0.8902777777777777 0.5921875 0.9 0.60390625 0.9055555555555556 0.609375 0.9125 0.60859375 0.9236111111111112 0.59609375 0.9291666666666667 0.603125 0.9666666666666667 0.6046875 0.9944444444444445 0.5953125 0.9986111111111111 0.53125 0.9986111111111111 0.5296875 0.9958333333333333 0.46640625 0.9986111111111111 0.46875 0.9875 0.46796875 0.9791666666666666 0.46953125 0.9569444444444445 0.471875 0.9486111111111111 0.471875 0.9347222222222222 0.47421875 0.9277777777777778 0.4625 0.9166666666666666 0.46171875 0.9069444444444444 0.46328125 0.9027777777777778 0.47109375 0.8986111111111111 0.48125 0.8986111111111111 0.4859375 0.8875 0.49609375 0.8763888888888889 0.54453125 0.8736111111111111
1 0.16796875 0.3111111111111111 0.1765625 0.3263888888888889 0.1765625 0.3472222222222222 0.14140625 0.3527777777777778 0.13671875 0.35694444444444445 0.1265625 0.375 0.12578125 0.3486111111111111 0.1296875 0.3347222222222222 0.13671875 0.32083333333333336 0.14375 0.31527777777777777 0.1671875 0.3111111111111111
1 0.17890625 0.3527777777777778 0.1859375 0.36666666666666664 0.1875 0.3875 0.1859375 0.4083333333333333 0.175 0.4097222222222222 0.1671875 0.41944444444444445 0.14453125 0.41805555555555557 0.128125 0.4236111111111111 0.1234375 0.42083333333333334 0.12265625 0.3902777777777778 0.1359375 0.35833333333333334 0.14921875 0.35138888888888886 0.175 0.35 0.178125 0.3527777777777778
1 0.31953125 0.19027777777777777 0.328125 0.1986111111111111 0.328125 0.20972222222222223 0.32265625 0.21805555555555556 0.3046875 0.21805555555555556 0.30234375 0.2125 0.30234375 0.2013888888888889 0.3046875 0.19305555555555556 0.31875 0.19027777777777777
1 0.25390625 0.3 0.259375 0.30694444444444446 0.2625 0.31666666666666665 0.2625 0.3458333333333333 0.2609375 0.3527777777777778 0.25078125 0.3541666666666667 0.2453125 0.3611111111111111 0.2390625 0.35833333333333334 0.215625 0.3611111111111111 0.21328125 0.3541666666666667 0.2125 0.3375 0.21640625 0.31805555555555554 0.2234375 0.30694444444444446 0.23359375 0.3013888888888889 0.253125 0.3
1 0.5234375 0.2875 0.52734375 0.29305555555555557 0.5296875 0.30694444444444446 0.5296875 0.3277777777777778 0.528125 0.33055555555555555 0.50546875 0.32916666666666666 0.50078125 0.3111111111111111 0.503125 0.29583333333333334 0.50703125 0.2875 0.52265625 0.2875
1 0.51640625 0.225 0.51875 0.22777777777777777 0.51875 0.24305555555555555 0.515625 0.25277777777777777 0.5046875 0.25277777777777777 0.5015625 0.24027777777777778 0.5015625 0.23194444444444445 0.50390625 0.2263888888888889 0.515625 0.225
1 0.69296875 0.6333333333333333 0.709375 0.6375 0.71640625 0.6430555555555556 0.72421875 0.6611111111111111 0.73125 0.6666666666666666 0.728125 0.675 0.728125 0.6819444444444445 0.7375 0.7236111111111111 0.7375 0.7819444444444444 0.73515625 0.8069444444444445 0.7296875 0.8208333333333333 0.71796875 0.8180555555555555 0.71640625 0.8111111111111111 0.69921875 0.7958333333333333 0.69609375 0.7888888888888889 0.6796875 0.7875 0.66953125 0.7944444444444444 0.66796875 0.8 0.659375 0.8013888888888889 0.653125 0.8125 0.646875 0.8125 0.64140625 0.8041666666666667 0.6390625 0.7625 0.634375 0.7430555555555556 0.6359375 0.6875 0.63828125 0.6805555555555556 0.63984375 0.6611111111111111 0.65625 0.6347222222222222 0.6921875 0.6333333333333333
1 0.2390625 0.20833333333333334 0.2515625 0.20972222222222223 0.25625 0.2152777777777778 0.25703125 0.23472222222222222 0.24609375 0.24166666666666667 0.240625 0.24166666666666667 0.23203125 0.23194444444444445 0.23125 0.2125 0.2328125 0.20833333333333334 0.23828125 0.20833333333333334
1 0.7859375 0.4930555555555556 0.79375 0.4986111111111111 0.796875 0.5041666666666667 0.8046875 0.525 0.80703125 0.5430555555555555 0.8078125 0.5736111111111111 0.80546875 0.6041666666666666 0.80390625 0.6125 0.80078125 0.6152777777777778 0.79296875 0.6125 0.790625 0.6027777777777777 0.784375 0.5958333333333333 0.75703125 0.5944444444444444 0.74453125 0.6083333333333333 0.740625 0.6055555555555555 0.73828125 0.5875 0.7328125 0.5805555555555556 0.73125 0.5736111111111111 0.73125 0.5277777777777778 0.7328125 0.5194444444444445 0.74609375 0.49444444444444446 0.75078125 0.49166666666666664 0.78515625 0.4930555555555556
1 0.6625 0.5277777777777778 0.68359375 0.5319444444444444 0.69609375 0.5305555555555556 0.70234375 0.5333333333333333 0.71171875 0.5444444444444444 0.7171875 0.5611111111111111 0.7203125 0.5791666666666667 0.7203125 0.5972222222222222 0.7234375 0.6069444444444444 0.72265625 0.6430555555555556 0.7203125 0.6486111111111111 0.71328125 0.6375 0.6953125 0.6319444444444444 0.6625 0.6319444444444444 0.65546875 0.6347222222222222 0.64375 0.6527777777777778 0.63671875 0.65 0.63203125 0.6222222222222222 0.6328125 0.5819444444444445 0.63515625 0.5736111111111111 0.63515625 0.5611111111111111 0.64375 0.5347222222222222 0.6515625 0.5277777777777778 0.66171875 0.5277777777777778
1 0.56484375 0.44305555555555554 0.58125 0.4444444444444444 0.58671875 0.45555555555555555 0.59375 0.4625 0.58984375 0.4708333333333333 0.5921875 0.5097222222222222 0.58984375 0.525 0.58671875 0.5291666666666667 0.5828125 0.5263888888888889 0.57109375 0.4861111111111111 0.56640625 0.48333333333333334 0.54296875 0.48333333333333334 0.55 0.44722222222222224 0.5640625 0.44305555555555554
1 0.2921875 0.5555555555555556 0.30078125 0.5583333333333333 0.309375 0.5694444444444444 0.3171875 0.575 0.31875 0.5930555555555556 0.3171875 0.6333333333333333 0.31328125 0.6388888888888888 0.2859375 0.6430555555555556 0.253125 0.6430555555555556 0.234375 0.6694444444444444 0.23046875 0.6611111111111111 0.22890625 0.6486111111111111 0.23046875 0.6083333333333333 0.2390625 0.5902777777777778 0.24375 0.5736111111111111 0.2578125 0.5569444444444445 0.29140625 0.5555555555555556
1 0.453125 0.28888888888888886 0.46171875 0.30694444444444446 0.46171875 0.3194444444444444 0.45703125 0.3416666666666667 0.44296875 0.3402777777777778 0.428125 0.3111111111111111 0.43046875 0.29583333333333334 0.43359375 0.2902777777777778 0.43828125 0.2875 0.45234375 0.28888888888888886
1 0.52578125 0.23055555555555557 0.5328125 0.23194444444444445 0.5359375 0.2388888888888889 0.5390625 0.25277777777777777 0.5375 0.2722222222222222 0.53046875 0.26944444444444443 0.51796875 0.2722222222222222 0.51640625 0.2652777777777778 0.5171875 0.24861111111111112 0.5203125 0.23333333333333334 0.525 0.23055555555555557
1 0.24453125 0.24583333333333332 0.24765625 0.25833333333333336 0.24765625 0.26944444444444443 0.23984375 0.2875 0.2171875 0.2861111111111111 0.215625 0.28194444444444444 0.21640625 0.25833333333333336 0.22421875 0.24583333333333332 0.23671875 0.24305555555555555 0.24375 0.24583333333333332
1 0.43046875 0.31666666666666665 0.43515625 0.32222222222222224 0.44296875 0.34444444444444444 0.4421875 0.37083333333333335 0.43671875 0.38055555555555554 0.421875 0.375 0.41640625 0.375 0.4078125 0.38055555555555554 0.4046875 0.37916666666666665 0.40234375 0.37222222222222223 0.40390625 0.3375 0.40703125 0.325 0.41484375 0.31666666666666665 0.4296875 0.31666666666666665
1 0.49140625 0.2388888888888889 0.49453125 0.24444444444444444 0.49453125 0.25277777777777777 0.484375 0.25555555555555554 0.47734375 0.2763888888888889 0.4734375 0.27361111111111114 0.47421875 0.24861111111111112 0.478125 0.24027777777777778 0.490625 0.2388888888888889
1 0.57421875 0.22361111111111112 0.5859375 0.2222222222222222 0.59140625 0.23472222222222222 0.59140625 0.24305555555555555 0.58984375 0.24027777777777778 0.5796875 0.24305555555555555 0.575 0.25416666666666665 0.57421875 0.2652777777777778 0.571875 0.24444444444444444 0.57421875 0.225
1 0.3734375 0.43194444444444446 0.38203125 0.43472222222222223 0.39375 0.4486111111111111 0.3921875 0.49166666666666664 0.38828125 0.49444444444444446 0.38359375 0.5083333333333333 0.38125 0.5097222222222222 0.3703125 0.5041666666666667 0.353125 0.5041666666666667 0.3453125 0.5055555555555555 0.33984375 0.5111111111111111 0.33515625 0.5097222222222222 0.334375 0.4930555555555556 0.33671875 0.47638888888888886 0.3359375 0.4708333333333333 0.34140625 0.44722222222222224 0.35078125 0.43333333333333335 0.37265625 0.43194444444444446
1 0.5859375 0.29583333333333334 0.5890625 0.3 0.5859375 0.3055555555555556 0.5828125 0.3375 0.57734375 0.3402777777777778 0.56875 0.3402777777777778 0.5671875 0.3375 0.5671875 0.3111111111111111 0.5734375 0.29583333333333334 0.58515625 0.29583333333333334
1 0.62734375 0.31666666666666665 0.634375 0.32222222222222224 0.63984375 0.34444444444444444 0.63984375 0.35833333333333334 0.61484375 0.3597222222222222 0.60703125 0.3736111111111111 0.60546875 0.3736111111111111 0.603125 0.3597222222222222 0.6046875 0.3347222222222222 0.6140625 0.31527777777777777 0.6265625 0.31666666666666665
1 0.489453125 0.27152777777777776 0.02265625 0.0375
1 0.7546875 0.6569444444444444 0.7640625 0.6541666666666667 0.77421875 0.6430555555555556 0.7828125 0.6402777777777777 0.80703125 0.6444444444444445 0.8078125 0.6583333333333333 0.8046875 0.7 0.8015625 0.7111111111111111 0.8015625 0.7194444444444444 0.79765625 0.7277777777777777 0.79296875 0.7722222222222223 0.784375 0.775 0.77421875 0.775 0.77109375 0.7722222222222223 0.7640625 0.7416666666666667 0.753125 0.7236111111111111 0.7546875 0.6583333333333333
1 0.26171875 0.26805555555555555 0.26953125 0.2763888888888889 0.27265625 0.2902777777777778 0.271875 0.30416666666666664 0.26171875 0.30833333333333335 0.2546875 0.2986111111111111 0.24296875 0.29444444444444445 0.24296875 0.28055555555555556 0.2484375 0.2708333333333333 0.2609375 0.26944444444444443
1 0.12265625 0.7527777777777778 0.12578125 0.7555555555555555 0.1609375 0.7555555555555555 0.16640625 0.7583333333333333 0.17109375 0.7625 0.18359375 0.7833333333333333 0.19453125 0.7875 0.19921875 0.8 0.2015625 0.8347222222222223 0.19609375 0.8930555555555556 0.19296875 0.9 0.1890625 0.9027777777777778 0.175 0.9013888888888889 0.15859375 0.9263888888888889 0.1546875 0.9444444444444444 0.1546875 0.9708333333333333 0.14765625 0.9930555555555556 0.13984375 0.9944444444444445 0.13671875 0.9888888888888889 0.13125 0.9888888888888889 0.109375 0.9694444444444444 0.1078125 0.9611111111111111 0.1109375 0.9513888888888888 0.1125 0.9347222222222222 0.11015625 0.9277777777777778 0.1046875 0.925 0.0953125 0.925 0.09140625 0.9319444444444445 0.08984375 0.9416666666666667 0.090625 0.9597222222222223 0.08046875 0.9736111111111111 0.07734375 0.9833333333333333 0.07890625 0.9875 0.0765625 0.9944444444444445 0.03359375 0.9944444444444445 0.03125 0.9902777777777778 0.0359375 0.9916666666666667 0.0375 0.9833333333333333 0.03359375 0.9777777777777777 0.02734375 0.9763888888888889 0.02265625 0.9666666666666667 0.02578125 0.9597222222222223 0.025 0.9291666666666667 0.02734375 0.9194444444444444 0.02578125 0.9 0.03203125 0.8597222222222223 0.0375 0.8430555555555556 0.04140625 0.8166666666666667 0.05703125 0.8 0.0609375 0.7916666666666666 0.09140625 0.7597222222222222 0.10234375 0.7555555555555555 0.1125 0.7569444444444444 0.121875 0.7541666666666667
1 0.19453125 0.22083333333333333 0.1984375 0.2263888888888889 0.20390625 0.22083333333333333 0.21015625 0.22083333333333333 0.221875 0.23333333333333334 0.22109375 0.24444444444444444 0.21328125 0.25833333333333336 0.209375 0.2611111111111111 0.203125 0.2611111111111111 0.19921875 0.23333333333333334 0.19609375 0.24444444444444444 0.19609375 0.2513888888888889 0.1921875 0.25972222222222224 0.178125 0.25 0.17578125 0.22777777777777777 0.18046875 0.2222222222222222 0.19375 0.22083333333333333
1 0.58828125 0.3416666666666667 0.59609375 0.3486111111111111 0.60078125 0.36666666666666664 0.6 0.39861111111111114 0.59609375 0.40555555555555556 0.584375 0.4041666666666667 0.578125 0.3861111111111111 0.56328125 0.37916666666666665 0.56328125 0.35555555555555557 0.56875 0.34305555555555556 0.57734375 0.3388888888888889 0.5875 0.3416666666666667
1 0.62890625 0.41944444444444445 0.65 0.4236111111111111 0.65625 0.43472222222222223 0.6609375 0.4791666666666667 0.6578125 0.49166666666666664 0.63984375 0.4875 0.6125 0.4875 0.6125 0.44583333333333336 0.621875 0.42083333333333334 0.628125 0.41944444444444445
1 0.341015625 0.23125 0.02265625 0.03194444444444444
1 0.5625 0.5861111111111111 0.5703125 0.6125 0.57109375 0.6333333333333333 0.56875 0.6513888888888889 0.5671875 0.6541666666666667 0.5328125 0.6541666666666667 0.51953125 0.6958333333333333 0.51171875 0.7111111111111111 0.503125 0.7097222222222223 0.49921875 0.6986111111111111 0.50078125 0.6444444444444445 0.50546875 0.6222222222222222 0.50546875 0.6125 0.5015625 0.6083333333333333 0.5015625 0.6027777777777777 0.50625 0.5986111111111111 0.51015625 0.5875 0.515625 0.5805555555555556 0.55390625 0.5805555555555556 0.56171875 0.5861111111111111
1 0.5640625 0.4847222222222222 0.57265625 0.49027777777777776 0.58203125 0.5291666666666667 0.58359375 0.5597222222222222 0.58125 0.6027777777777777 0.57890625 0.6055555555555555 0.57109375 0.6027777777777777 0.5703125 0.5888888888888889 0.5671875 0.5805555555555556 0.5546875 0.5777777777777777 0.5203125 0.5791666666666667 0.5171875 0.5777777777777777 0.51640625 0.5736111111111111 0.5171875 0.5416666666666666 0.52109375 0.5291666666666667 0.52421875 0.5055555555555555 0.5296875 0.4875 0.53203125 0.4847222222222222 0.56328125 0.4847222222222222
1 0.584375 0.2763888888888889 0.5953125 0.2791666666666667 0.59765625 0.29305555555555557 0.5953125 0.29583333333333334 0.57421875 0.29444444444444445 0.5765625 0.28055555555555556 0.578125 0.2777777777777778 0.58359375 0.2777777777777778
1 0.578125 0.2777777777777778 0.57578125 0.26944444444444443 0.57734375 0.2569444444444444 0.5828125 0.2513888888888889 0.59296875 0.2513888888888889 0.59921875 0.2625 0.59921875 0.28055555555555556 0.59453125 0.28055555555555556 0.590625 0.2763888888888889 0.57890625 0.2763888888888889
1 0.65859375 0.49444444444444446 0.6828125 0.49722222222222223 0.6859375 0.5 0.68984375 0.5111111111111111 0.6953125 0.5152777777777777 0.69296875 0.5291666666666667 0.6828125 0.5305555555555556 0.6625 0.5263888888888889 0.65 0.5291666666666667 0.640625 0.5402777777777777 0.634375 0.5625 0.63125 0.5569444444444445 0.63515625 0.5236111111111111 0.6328125 0.5125 0.63984375 0.5055555555555555 0.64609375 0.49444444444444446 0.6578125 0.49444444444444446
1 0.590625 0.2375 0.5953125 0.24583333333333332 0.59609375 0.2513888888888889 0.58125 0.25277777777777777 0.57734375 0.2652777777777778 0.575 0.26666666666666666 0.5734375 0.2569444444444444 0.57578125 0.24583333333333332 0.58203125 0.2375 0.5875 0.23472222222222222 0.58984375 0.2375
1 0.6578125 0.2986111111111111 0.66328125 0.30277777777777776 0.66640625 0.3111111111111111 0.66875 0.3347222222222222 0.66796875 0.34305555555555556 0.66484375 0.3486111111111111 0.64296875 0.3472222222222222 0.640625 0.34444444444444444 0.63671875 0.3263888888888889 0.63671875 0.3194444444444444 0.64375 0.3 0.65703125 0.2986111111111111
1 0.5375 0.6541666666666667 0.54296875 0.6569444444444444 0.5671875 0.6555555555555556 0.58125 0.6611111111111111 0.5921875 0.6597222222222222 0.6015625 0.6777777777777778 0.60546875 0.6888888888888889 0.6109375 0.7791666666666667 0.61015625 0.8291666666666667 0.60859375 0.8402777777777778 0.60546875 0.8458333333333333 0.60078125 0.8458333333333333 0.590625 0.8291666666666667 0.58125 0.8263888888888888 0.5328125 0.8236111111111111 0.521875 0.8388888888888889 0.51484375 0.8402777777777778 0.51171875 0.8361111111111111 0.51015625 0.8125 0.51328125 0.7472222222222222 0.515625 0.7361111111111112 0.51484375 0.7166666666666667 0.53203125 0.6583333333333333 0.53671875 0.6541666666666667
1 0.37265625 0.2638888888888889 0.38046875 0.26944444444444443 0.3828125 0.2847222222222222 0.38046875 0.2972222222222222 0.3609375 0.31527777777777777 0.3484375 0.31666666666666665 0.34765625 0.3138888888888889 0.34765625 0.2875 0.3546875 0.26944444444444443 0.371875 0.2652777777777778
1 0.36953125 0.25416666666666665 0.3734375 0.2638888888888889 0.35859375 0.26666666666666666 0.3484375 0.28194444444444444 0.34765625 0.2708333333333333 0.353125 0.25972222222222224 0.35859375 0.25416666666666665 0.36875 0.25416666666666665
1 0.70078125 0.37916666666666665 0.71328125 0.38472222222222224 0.7203125 0.4111111111111111 0.72109375 0.4263888888888889 0.71875 0.45 0.7171875 0.45694444444444443 0.71328125 0.4597222222222222 0.709375 0.45 0.703125 0.45555555555555555 0.6859375 0.4513888888888889 0.67734375 0.45555555555555555 0.675 0.45416666666666666 0.67265625 0.4444444444444444 0.6734375 0.40694444444444444 0.68046875 0.38333333333333336 0.684375 0.37916666666666665 0.7 0.37916666666666665
1 0.4984375 0.22916666666666666 0.50234375 0.24166666666666667 0.5015625 0.2569444444444444 0.49765625 0.2569444444444444 0.49375 0.2513888888888889 0.49375 0.24444444444444444 0.49140625 0.2388888888888889 0.484375 0.23472222222222222 0.4875 0.22916666666666666 0.49765625 0.22916666666666666