3 0.0640625 0.1763888888888889 0.07421875 0.18055555555555555 0.08203125 0.19166666666666668 0.0859375 0.2222222222222222 0.08515625 0.23472222222222222 0.08671875 0.24722222222222223 0.0796875 0.25833333333333336 0.06796875 0.25833333333333336 0.0625 0.25555555555555554 0.059375 0.25 0.05859375 0.17777777777777778 0.06328125 0.1763888888888889
3 0.253125 0.2513888888888889 0.2546875 0.25555555555555554 0.2546875 0.30694444444444446 0.2515625 0.31527777777777777 0.24375 0.30694444444444446 0.23671875 0.28888888888888886 0.22734375 0.2847222222222222 0.22109375 0.275 0.2234375 0.25972222222222224 0.22734375 0.25416666666666665 0.24453125 0.25 0.25234375 0.2513888888888889
3 0.14453125 0.19166666666666668 0.146875 0.19583333333333333 0.1484375 0.20972222222222223 0.1484375 0.23055555555555557 0.146875 0.23333333333333334 0.1390625 0.23333333333333334 0.1296875 0.22777777777777777 0.1265625 0.20833333333333334 0.12890625 0.19166666666666668 0.14375 0.19166666666666668
3 0.1390625 0.8069444444444445 0.14765625 0.8138888888888889 0.1578125 0.8375 0.16796875 0.9194444444444444 0.171875 0.9375 0.175 0.9416666666666667 0.17578125 0.9680555555555556 0.17421875 0.9763888888888889 0.17734375 0.9875 0.1765625 0.9986111111111111 0.13203125 0.9986111111111111 0.12578125 0.9861111111111112 0.10859375 0.9722222222222222 0.08359375 0.9736111111111111 0.07421875 0.9708333333333333 0.07109375 0.9652777777777778 0.0671875 0.9638888888888889 0.03359375 0.9666666666666667 0.02890625 0.9625 0.02734375 0.9361111111111111 0.021875 0.9097222222222222 0.02421875 0.8555555555555555 0.0265625 0.8458333333333333 0.02734375 0.8277777777777777 0.03046875 0.8222222222222222 0.040625 0.8138888888888889 0.07578125 0.8055555555555556 0.10703125 0.8041666666666667 0.13828125 0.8069444444444445
3 0.240625 0.18333333333333332 0.24453125 0.20972222222222223 0.2421875 0.2222222222222222 0.23828125 0.22777777777777777 0.22578125 0.2152777777777778 0.21953125 0.20277777777777778 0.21953125 0.18333333333333332 0.22578125 0.17916666666666667 0.23984375 0.18333333333333332
3 0.2171875 0.20694444444444443 0.23125 0.2222222222222222 0.23203125 0.2263888888888889 0.22890625 0.23472222222222222 0.22890625 0.24027777777777778 0.225 0.24722222222222223 0.20703125 0.24444444444444444 0.20234375 0.2388888888888889 0.2046875 0.20833333333333334 0.20703125 0.20555555555555555 0.21640625 0.20694444444444443
3 0.19140625 0.18194444444444444 0.2015625 0.18611111111111112 0.20703125 0.2013888888888889 0.20390625 0.2125 0.203125 0.23194444444444445 0.2 0.2388888888888889 0.18203125 0.2375 0.17890625 0.23333333333333334 0.18125 0.2263888888888889 0.18125 0.19166666666666668 0.18515625 0.18194444444444444 0.190625 0.18194444444444444
3 0.2328125 0.2875 0.23828125 0.2916666666666667 0.24140625 0.3013888888888889 0.24140625 0.30833333333333335 0.23828125 0.3125 0.2234375 0.3138888888888889 0.21171875 0.32083333333333336 0.20625 0.33055555555555555 0.20625 0.3416666666666667 0.2046875 0.31666666666666665 0.2015625 0.30277777777777776 0.20234375 0.29444444444444445 0.21015625 0.28888888888888886 0.23203125 0.2875
3 0.18515625 0.18194444444444444 0.196875 0.18333333333333332 0.203125 0.1875 0.209375 0.20416666666666666 0.2171875 0.20694444444444443 0.23125 0.22361111111111112 0.23125 0.22916666666666666 0.22578125 0.24583333333333332 0.2109375 0.24583333333333332 0.20234375 0.24027777777777778 0.1828125 0.2375 0.17890625 0.23333333333333334 0.18125 0.23055555555555557 0.18125 0.19305555555555556 0.18515625 0.18333333333333332
3 0.27890625 0.24513888888888888 0.0359375 0.0625
3 0.0609375 0.9652777777777778 0.071875 0.9666666666666667 0.078125 0.9736111111111111 0.1 0.9722222222222222 0.10859375 0.975 0.12421875 0.9861111111111112 0.128125 0.9916666666666667 0.1296875 0.9986111111111111 0.003125 0.9986111111111111 0.00234375 0.9861111111111112 0.0046875 0.9708333333333333 0.06015625 0.9652777777777778
2 0.5015625 0.2125 0.50234375 0.22361111111111112 0.50078125 0.2263888888888889 0.49765625 0.2263888888888889 0.4953125 0.21666666666666667 0.496875 0.2125 0.50078125 0.2125
2 0.0953125 0.36527777777777776 0.10234375 0.36666666666666664 0.1046875 0.37222222222222223 0.103125 0.40694444444444444 0.10234375 0.4097222222222222 0.0984375 0.4097222222222222 0.09453125 0.3888888888888889 0.0953125 0.36666666666666664
2 0.35546875 0.3638888888888889 0.35234375 0.3625 0.3484375 0.3541666666666667 0.346875 0.3236111111111111 0.3515625 0.30694444444444446 0.3546875 0.3055555555555556 0.36015625 0.32083333333333336 0.359375 0.35 0.35625 0.3625
2 0.79453125 0.7041666666666667 0.7984375 0.7166666666666667 0.79921875 0.7305555555555555 0.80546875 0.7513888888888889 0.79609375 0.7847222222222222 0.7984375 0.7958333333333333 0.79375 0.8 0.7890625 0.7972222222222223 0.77890625 0.7833333333333333 0.77265625 0.7694444444444445 0.7734375 0.7541666666666667 0.7765625 0.7458333333333333 0.77421875 0.7375 0.77578125 0.7125 0.7796875 0.7055555555555556 0.784375 0.7027777777777777 0.79375 0.7041666666666667
2 0.45625 0.25 0.46328125 0.24722222222222223 0.465625 0.25416666666666665 0.46328125 0.26666666666666666 0.459375 0.26805555555555555 0.45625 0.2638888888888889 0.4546875 0.25416666666666665 0.45625 0.2513888888888889
2 0.367578125 0.22847222222222222 0.00859375 0.020833333333333332
1 0.66796875 0.4361111111111111 0.6984375 0.4388888888888889 0.70546875 0.44583333333333336 0.7125 0.4625 0.71015625 0.4652777777777778 0.6640625 0.4652777777777778 0.65625 0.4847222222222222 0.653125 0.5013888888888889 0.6515625 0.525 0.646875 0.525 0.64609375 0.5208333333333334 0.6453125 0.4708333333333333 0.64765625 0.46111111111111114 0.659375 0.4361111111111111 0.6671875 0.4361111111111111
1 0.50703125 0.275 0.515625 0.2777777777777778 0.5234375 0.28888888888888886 0.5265625 0.3111111111111111 0.52421875 0.3111111111111111 0.525 0.30416666666666664 0.5234375 0.3013888888888889 0.5015625 0.3013888888888889 0.49921875 0.30694444444444446 0.49765625 0.32222222222222224 0.490625 0.3333333333333333 0.484375 0.3277777777777778 0.4828125 0.32222222222222224 0.48828125 0.29305555555555557 0.4890625 0.2791666666666667 0.49375 0.27361111111111114 0.50625 0.275
1 0.55390625 0.38333333333333336 0.5609375 0.3861111111111111 0.56796875 0.4152777777777778 0.54921875 0.4222222222222222 0.540625 0.44166666666666665 0.53671875 0.45694444444444443 0.52890625 0.4638888888888889 0.5203125 0.4625 0.5140625 0.4444444444444444 0.5125 0.41388888888888886 0.515625 0.39166666666666666 0.51953125 0.3861111111111111 0.553125 0.38333333333333336
1 0.6984375 0.4652777777777778 0.71328125 0.4652777777777778 0.7203125 0.4736111111111111 0.73203125 0.4986111111111111 0.7390625 0.5041666666666667 0.7359375 0.5152777777777777 0.7390625 0.525 0.74140625 0.5472222222222223 0.73671875 0.5527777777777778 0.71953125 0.5513888888888889 0.71015625 0.5541666666666667 0.70625 0.5569444444444445 0.696875 0.575 0.69140625 0.5805555555555556 0.67578125 0.5888888888888889 0.67109375 0.5875 0.6640625 0.5680555555555555 0.6609375 0.5666666666666667 0.6578125 0.5694444444444444 0.6546875 0.5652777777777778 0.65234375 0.5458333333333333 0.65390625 0.49722222222222223 0.65703125 0.48333333333333334 0.66484375 0.4652777777777778 0.675 0.46805555555555556 0.69765625 0.4652777777777778
1 0.4390625 0.20416666666666666 0.44453125 0.20833333333333334 0.44921875 0.21944444444444444 0.44765625 0.23333333333333334 0.44375 0.2375 0.42421875 0.22083333333333333 0.42578125 0.2125 0.43125 0.20416666666666666 0.43828125 0.20416666666666666
1 0.53671875 0.3111111111111111 0.55 0.3138888888888889 0.55625 0.3194444444444444 0.56484375 0.33611111111111114 0.5640625 0.3402777777777778 0.5609375 0.3416666666666667 0.55078125 0.33611111111111114 0.52421875 0.3347222222222222 0.5234375 0.3277777777777778 0.52578125 0.31666666666666665 0.52890625 0.3111111111111111 0.5359375 0.3111111111111111
1 0.74140625 0.7555555555555555 0.75625 0.7569444444444444 0.76484375 0.7638888888888888 0.78515625 0.7944444444444444 0.79296875 0.8013888888888889 0.796875 0.8125 0.80703125 0.8277777777777777 0.81015625 0.8375 0.8125 0.8569444444444444 0.81484375 0.8611111111111112 0.81953125 0.8625 0.825 0.8583333333333333 0.828125 0.8583333333333333 0.82890625 0.8611111111111112 0.828125 0.8722222222222222 0.82421875 0.8708333333333333 0.82421875 0.8763888888888889 0.82109375 0.8819444444444444 0.821875 0.8902777777777777 0.82890625 0.9055555555555556 0.82890625 0.9097222222222222 0.82421875 0.9152777777777777 0.81015625 0.9194444444444444 0.8046875 0.9277777777777778 0.80390625 0.9361111111111111 0.79453125 0.9555555555555556 0.79453125 0.975 0.790625 0.9875 0.7890625 0.9902777777777778 0.7703125 0.9944444444444445 0.715625 0.9944444444444445 0.7109375 0.9847222222222223 0.71484375 0.9805555555555555 0.7140625 0.9722222222222222 0.71796875 0.9694444444444444 0.715625 0.9638888888888889 0.6890625 0.9638888888888889 0.684375 0.9652777777777778 0.68203125 0.9736111111111111 0.678125 0.9736111111111111 0.6734375 0.9625 0.67109375 0.9277777777777778 0.671875 0.9166666666666666 0.6671875 0.8902777777777777 0.6671875 0.8430555555555556 0.6703125 0.8166666666666667 0.67734375 0.7958333333333333 0.68125 0.7694444444444445 0.68515625 0.7625 0.68984375 0.7597222222222222 0.740625 0.7569444444444444
1 0.309765625 0.20069444444444445 0.01953125 0.02361111111111111
1 0.34921875 0.22916666666666666 0.3546875 0.23333333333333334 0.35859375 0.24444444444444444 0.33515625 0.24444444444444444 0.334375 0.24166666666666667 0.3375 0.23333333333333334 0.3484375 0.22916666666666666
1 0.75234375 0.5541666666666667 0.7734375 0.5694444444444444 0.7953125 0.6152777777777778 0.7984375 0.6263888888888889 0.8 0.6472222222222223 0.79765625 0.675 0.796875 0.6777777777777778 0.7921875 0.675 0.78203125 0.6430555555555556 0.76875 0.6361111111111111 0.7640625 0.6472222222222223 0.7640625 0.6583333333333333 0.7515625 0.6819444444444445 0.7328125 0.6777777777777778 0.725 0.6847222222222222 0.71875 0.6833333333333333 0.71328125 0.6666666666666666 0.69765625 0.6597222222222222 0.690625 0.6472222222222223 0.690625 0.6111111111111112 0.69375 0.5875 0.7015625 0.5666666666666667 0.7109375 0.5555555555555556 0.728125 0.5527777777777778 0.7515625 0.5541666666666667
1 0.3203125 0.20972222222222223 0.32890625 0.21666666666666667 0.325 0.2388888888888889 0.30859375 0.24027777777777778 0.30703125 0.2375 0.30703125 0.22083333333333333 0.31171875 0.2125 0.31953125 0.2111111111111111
1 0.3921875 0.24722222222222223 0.39453125 0.26805555555555555 0.38984375 0.275 0.3796875 0.2763888888888889 0.37421875 0.28194444444444444 0.371875 0.28055555555555556 0.36953125 0.26805555555555555 0.371875 0.2569444444444444 0.38125 0.24861111111111112 0.39140625 0.24722222222222223
1 0.20078125 0.3902777777777778 0.215625 0.39305555555555555 0.221875 0.4027777777777778 0.2234375 0.4097222222222222 0.20703125 0.41388888888888886 0.19765625 0.42916666666666664 0.19453125 0.4375 0.19375 0.4527777777777778 0.190625 0.4625 0.18984375 0.48333333333333334 0.1875 0.4875 0.1828125 0.4888888888888889 0.17890625 0.4875 0.17734375 0.48194444444444445 0.17578125 0.46944444444444444 0.1765625 0.4361111111111111 0.1734375 0.425 0.18125 0.4152777777777778 0.184375 0.4 0.1875 0.39444444444444443 0.2 0.3902777777777778
1 0.32890625 0.24444444444444444 0.334375 0.25 0.33203125 0.29305555555555557 0.3140625 0.2972222222222222 0.31015625 0.2902777777777778 0.3125 0.25555555555555554 0.3171875 0.24722222222222223 0.328125 0.24444444444444444
1 0.24453125 0.3111111111111111 0.2484375 0.3138888888888889 0.25234375 0.3375 0.25234375 0.39166666666666666 0.25078125 0.39444444444444443 0.24375 0.39166666666666666 0.2359375 0.3680555555555556 0.23671875 0.3611111111111111 0.23515625 0.3541666666666667 0.23125 0.3486111111111111 0.2046875 0.34444444444444444 0.20625 0.33055555555555555 0.21328125 0.3194444444444444 0.22578125 0.3138888888888889 0.24375 0.3125
1 0.2234375 0.4097222222222222 0.234375 0.4152777777777778 0.24453125 0.42777777777777776 0.215625 0.43194444444444446 0.20546875 0.4375 0.20234375 0.44305555555555554 0.20234375 0.4486111111111111 0.1953125 0.4583333333333333 0.19765625 0.4638888888888889 0.196875 0.4847222222222222 0.1921875 0.4888888888888889 0.1890625 0.4861111111111111 0.18828125 0.4708333333333333 0.19140625 0.46111111111111114 0.1953125 0.43333333333333335 0.20703125 0.41388888888888886 0.22265625 0.4097222222222222
1 0.50546875 0.4388888888888889 0.515625 0.4527777777777778 0.51796875 0.4638888888888889 0.515625 0.4666666666666667 0.49609375 0.46944444444444444 0.4921875 0.4736111111111111 0.4890625 0.5111111111111111 0.4890625 0.5416666666666666 0.48515625 0.5458333333333333 0.4765625 0.5472222222222223 0.47265625 0.5527777777777778 0.46875 0.5527777777777778 0.46328125 0.5402777777777777 0.45625 0.5388888888888889 0.4515625 0.5305555555555556 0.45078125 0.48055555555555557 0.45546875 0.4486111111111111 0.46015625 0.4375 0.46875 0.43333333333333335 0.4953125 0.43333333333333335 0.5046875 0.4388888888888889
1 0.79453125 0.5180555555555556 0.8140625 0.5291666666666667 0.825 0.5527777777777778 0.825 0.5597222222222222 0.8171875 0.5652777777777778 0.81328125 0.5791666666666667 0.80703125 0.5805555555555556 0.803125 0.5861111111111111 0.8015625 0.6 0.796875 0.6083333333333333 0.79375 0.6083333333333333 0.77265625 0.5666666666666667 0.75078125 0.55 0.75078125 0.5444444444444444 0.76015625 0.5222222222222223 0.77421875 0.5180555555555556 0.79375 0.5180555555555556
1 0.34921875 0.3611111111111111 0.353125 0.36527777777777776 0.365625 0.4111111111111111 0.3390625 0.40694444444444444 0.32578125 0.4083333333333333 0.31953125 0.4152777777777778 0.31328125 0.43194444444444446 0.31015625 0.43194444444444446 0.3078125 0.4236111111111111 0.3078125 0.3902777777777778 0.31328125 0.3680555555555556 0.3203125 0.3597222222222222 0.3453125 0.35833333333333334 0.3484375 0.3611111111111111
1 0.43984375 0.525 0.4484375 0.5305555555555556 0.45703125 0.5444444444444444 0.4734375 0.5861111111111111 0.48125 0.5861111111111111 0.48359375 0.5888888888888889 0.48359375 0.5958333333333333 0.4765625 0.6013888888888889 0.48203125 0.6236111111111111 0.4828125 0.6486111111111111 0.48125 0.6541666666666667 0.4734375 0.6541666666666667 0.471875 0.6513888888888889 0.4671875 0.6388888888888888 0.4671875 0.6291666666666667 0.4609375 0.6055555555555555 0.45078125 0.5958333333333333 0.41640625 0.5958333333333333 0.40859375 0.5986111111111111 0.4015625 0.6083333333333333 0.39765625 0.6236111111111111 0.39765625 0.6333333333333333 0.3890625 0.6347222222222222 0.3875 0.6319444444444444 0.38671875 0.6 0.38828125 0.5958333333333333 0.3890625 0.5583333333333333 0.396875 0.5347222222222222 0.409375 0.5277777777777778 0.4390625 0.525
1 0.35078125 0.18194444444444444 0.3484375 0.1986111111111111 0.34375 0.20277777777777778 0.33359375 0.20277777777777778 0.33203125 0.2 0.33125 0.19027777777777777 0.33359375 0.18194444444444444 0.35 0.18194444444444444
1 0.34765625 0.4986111111111111 0.35703125 0.5027777777777778 0.36171875 0.5083333333333333 0.36484375 0.5333333333333333 0.37109375 0.5472222222222223 0.37265625 0.5555555555555556 0.3703125 0.5597222222222222 0.3703125 0.5652777777777778 0.3734375 0.6347222222222222 0.36953125 0.6402777777777777 0.36640625 0.6388888888888888 0.35859375 0.6236111111111111 0.33203125 0.6277777777777778 0.31015625 0.6347222222222222 0.30703125 0.6388888888888888 0.3 0.6277777777777778 0.296875 0.6152777777777778 0.29765625 0.5694444444444444 0.2921875 0.5527777777777778 0.3 0.5388888888888889 0.303125 0.5180555555555556 0.30703125 0.5069444444444444 0.31015625 0.5027777777777778 0.346875 0.4986111111111111
1 0.440625 0.2652777777777778 0.43359375 0.26944444444444443 0.43203125 0.2722222222222222 0.43359375 0.2777777777777778 0.446875 0.2777777777777778 0.44921875 0.27361111111111114 0.46328125 0.28888888888888886 0.46484375 0.30416666666666664 0.4625 0.3111111111111111 0.459375 0.3125 0.43828125 0.30694444444444446 0.434375 0.28055555555555556 0.4296875 0.26944444444444443 0.434375 0.2652777777777778 0.43984375 0.2652777777777778
1 0.39296875 0.35138888888888886 0.40546875 0.3541666666666667 0.4109375 0.3597222222222222 0.41640625 0.37222222222222223 0.41796875 0.3861111111111111 0.4078125 0.4152777777777778 0.3890625 0.4152777777777778 0.38046875 0.41944444444444445 0.37265625 0.4152777777777778 0.36875 0.4041666666666667 0.36875 0.375 0.37890625 0.3541666666666667 0.3921875 0.35138888888888886
1 0.35390625 0.4097222222222222 0.36484375 0.41388888888888886 0.371875 0.4375 0.35625 0.44166666666666665 0.35234375 0.44583333333333336 0.34921875 0.4583333333333333 0.34765625 0.48055555555555557 0.34453125 0.49166666666666664 0.33125 0.49166666666666664 0.32109375 0.4986111111111111 0.309375 0.49722222222222223 0.30859375 0.4597222222222222 0.31015625 0.44027777777777777 0.31328125 0.42916666666666664 0.3234375 0.4097222222222222 0.353125 0.4097222222222222
1 0.45625 0.18055555555555555 0.4625 0.18333333333333332 0.46484375 0.19444444444444445 0.459375 0.19583333333333333 0.45703125 0.2 0.4578125 0.20555555555555555 0.45546875 0.2152777777777778 0.45234375 0.21666666666666667 0.44921875 0.21388888888888888 0.446875 0.20555555555555555 0.44765625 0.18888888888888888 0.45546875 0.18194444444444444
1 0.30546875 0.3055555555555556 0.3140625 0.30972222222222223 0.31796875 0.32083333333333336 0.32421875 0.3277777777777778 0.325 0.33194444444444443 0.31796875 0.3416666666666667 0.30625 0.3472222222222222 0.30234375 0.3541666666666667 0.3 0.37777777777777777 0.28671875 0.38333333333333336 0.28203125 0.38333333333333336 0.2796875 0.3736111111111111 0.2796875 0.3416666666666667 0.2765625 0.33055555555555555 0.27890625 0.31666666666666665 0.28828125 0.3055555555555556 0.3046875 0.3055555555555556
1 0.6421875 0.42083333333333334 0.65390625 0.425 0.65859375 0.4305555555555556 0.6578125 0.4375 0.6453125 0.4708333333333333 0.64375 0.5013888888888889 0.6328125 0.5 0.6234375 0.5041666666666667 0.61875 0.5041666666666667 0.60859375 0.49027777777777776 0.6046875 0.4625 0.60546875 0.4527777777777778 0.60859375 0.44027777777777777 0.61875 0.42083333333333334 0.64140625 0.42083333333333334
1 0.46640625 0.19305555555555556 0.4703125 0.2013888888888889 0.47578125 0.20555555555555555 0.4765625 0.2111111111111111 0.4734375 0.21805555555555556 0.46171875 0.21666666666666667 0.459375 0.21944444444444444 0.45546875 0.21944444444444444 0.45 0.21388888888888888 0.45390625 0.20972222222222223 0.45390625 0.1986111111111111 0.45703125 0.19305555555555556 0.4625 0.18888888888888888 0.465625 0.19305555555555556
1 0.4671875 0.21805555555555556 0.4703125 0.21944444444444444 0.47734375 0.2361111111111111 0.46328125 0.25972222222222224 0.45703125 0.25833333333333336 0.4515625 0.2513888888888889 0.45 0.22916666666666666 0.4515625 0.22361111111111112 0.45546875 0.22083333333333333 0.46640625 0.21805555555555556
1 0.33671875 0.3458333333333333 0.34140625 0.35 0.34375 0.35694444444444445 0.32265625 0.35833333333333334 0.315625 0.3625 0.31171875 0.37083333333333335 0.3078125 0.3875 0.30703125 0.4263888888888889 0.30234375 0.425 0.29921875 0.4152777777777778 0.2984375 0.3861111111111111 0.303125 0.3527777777777778 0.3140625 0.34305555555555556 0.33046875 0.3416666666666667 0.3359375 0.3458333333333333
1 0.41015625 0.24305555555555555 0.41484375 0.25 0.41484375 0.2638888888888889 0.4125 0.26666666666666666 0.39921875 0.26805555555555555 0.39609375 0.26805555555555555 0.39375 0.2638888888888889 0.39375 0.24583333333333332 0.40078125 0.24027777777777778 0.409375 0.24305555555555555
1 0.47578125 0.17777777777777778 0.48125 0.1875 0.48046875 0.1986111111111111 0.478125 0.20277777777777778 0.4734375 0.20277777777777778 0.465625 0.19166666666666668 0.46640625 0.17916666666666667 0.475 0.17777777777777778
1 0.44296875 0.2625 0.4515625 0.26805555555555555 0.45390625 0.2777777777777778 0.4375 0.28055555555555556 0.4359375 0.2833333333333333 0.42734375 0.2722222222222222 0.42734375 0.26944444444444443 0.43359375 0.2625 0.4421875 0.2625
1 0.22890625 0.36944444444444446 0.2359375 0.37222222222222223 0.23984375 0.38055555555555554 0.24453125 0.3972222222222222 0.2453125 0.41805555555555557 0.24375 0.4222222222222222 0.23984375 0.4222222222222222 0.234375 0.4152777777777778 0.225 0.4111111111111111 0.22265625 0.4027777777777778 0.21328125 0.3902777777777778 0.2015625 0.3888888888888889 0.20234375 0.37916666666666665 0.20703125 0.37222222222222223 0.228125 0.36944444444444446
1 0.2171875 0.3472222222222222 0.22890625 0.35555555555555557 0.2296875 0.3638888888888889 0.23203125 0.3680555555555556 0.21015625 0.36944444444444446 0.203125 0.37777777777777777 0.2 0.3888888888888889 0.1890625 0.39305555555555555 0.1859375 0.39166666666666666 0.18359375 0.37777777777777777 0.18828125 0.37222222222222223 0.1921875 0.3541666666666667 0.19921875 0.3486111111111111 0.21640625 0.3472222222222222
1 0.25546875 0.6958333333333333 0.2578125 0.6986111111111111 0.2578125 0.7041666666666667 0.25546875 0.7111111111111111 0.2546875 0.7236111111111111 0.2546875 0.7583333333333333 0.25 0.7763888888888889 0.2515625 0.7791666666666667 0.25 0.8263888888888888 0.2515625 0.8375 0.2453125 0.8416666666666667 0.23984375 0.8416666666666667 0.23828125 0.8333333333333334 0.23671875 0.75 0.2375 0.7430555555555556 0.240625 0.7375 0.240625 0.7222222222222222 0.25 0.7 0.2546875 0.6958333333333333
1 0.89921875 0.9097222222222222 0.9125 0.9208333333333333 0.928125 0.9444444444444444 0.934375 0.9486111111111111 0.93515625 0.9597222222222223 0.9453125 0.9763888888888889 0.9421875 0.9805555555555555 0.93203125 0.9819444444444444 0.92109375 0.9708333333333333 0.91015625 0.9666666666666667 0.90625 0.9722222222222222 0.90625 0.9805555555555555 0.91328125 0.9916666666666667 0.9109375 0.9986111111111111 0.8828125 0.9986111111111111 0.8796875 0.9944444444444445 0.871875 0.9930555555555556 0.8453125 0.9958333333333333 0.81015625 0.9916666666666667 0.80625 0.9944444444444445 0.79296875 0.9944444444444445 0.790625 0.9902777777777778 0.79609375 0.9736111111111111 0.7953125 0.9611111111111111 0.8046875 0.9388888888888889 0.80625 0.9263888888888889 0.81015625 0.9208333333333333 0.83203125 0.9125 0.89140625 0.9125 0.8984375 0.9097222222222222
1 0.4796875 0.3472222222222222 0.48828125 0.35138888888888886 0.49921875 0.375 0.50390625 0.4027777777777778 0.50390625 0.42083333333333334 0.5015625 0.42777777777777776 0.46953125 0.4263888888888889 0.46484375 0.40694444444444444 0.4546875 0.38472222222222224 0.4546875 0.3597222222222222 0.45859375 0.3486111111111111 0.46640625 0.3458333333333333 0.47890625 0.3472222222222222
1 0.47890625 0.6986111111111111 0.48515625 0.7027777777777777 0.49140625 0.7125 0.49921875 0.7347222222222223 0.50625 0.7472222222222222 0.5078125 0.7583333333333333 0.5015625 0.7555555555555555 0.4953125 0.7444444444444445 0.48828125 0.7388888888888889 0.46640625 0.7055555555555556 0.46796875 0.6986111111111111 0.478125 0.6986111111111111
1 0.54140625 0.3375 0.55625 0.3402777777777778 0.56484375 0.35138888888888886 0.56796875 0.36527777777777776 0.5625 0.3763888888888889 0.5609375 0.3861111111111111 0.55078125 0.3819444444444444 0.51640625 0.38333333333333336 0.515625 0.3680555555555556 0.52109375 0.3402777777777778 0.540625 0.3375
1 0.40625 0.2013888888888889 0.4109375 0.20694444444444443 0.4125 0.21944444444444444 0.41015625 0.23472222222222222 0.40703125 0.2388888888888889 0.396875 0.2361111111111111 0.3875 0.2263888888888889 0.38515625 0.21944444444444444 0.38515625 0.21388888888888888 0.3890625 0.20555555555555555 0.40078125 0.2 0.40546875 0.2013888888888889
1 0.6203125 0.6027777777777777 0.6609375 0.6055555555555555 0.66796875 0.6111111111111112 0.68046875 0.6291666666666667 0.68203125 0.6347222222222222 0.6859375 0.6347222222222222 0.6890625 0.6402777777777777 0.70546875 0.7055555555555556 0.70546875 0.7208333333333333 0.703125 0.7319444444444444 0.6953125 0.7430555555555556 0.68828125 0.7416666666666667 0.675 0.725 0.66875 0.7208333333333333 0.63359375 0.7166666666666667 0.63125 0.6944444444444444 0.6359375 0.6847222222222222 0.63359375 0.6791666666666667 0.6296875 0.6791666666666667 0.62734375 0.675 0.61875 0.6416666666666667 0.6171875 0.6208333333333333 0.609375 0.6083333333333333 0.609375 0.6041666666666666 0.61953125 0.6027777777777777
1 0.6578125 0.7208333333333333 0.67578125 0.7291666666666666 0.68671875 0.7472222222222222 0.6890625 0.7583333333333333 0.684375 0.7625 0.6796875 0.7722222222222223 0.67578125 0.7958333333333333 0.66640625 0.8319444444444445 0.66484375 0.8763888888888889 0.66640625 0.9027777777777778 0.65234375 0.9069444444444444 0.61484375 0.9013888888888889 0.6125 0.8986111111111111 0.61015625 0.8861111111111111 0.6046875 0.8763888888888889 0.59453125 0.8652777777777778 0.58671875 0.8611111111111112 0.5828125 0.8486111111111111 0.57890625 0.7972222222222223 0.58046875 0.7652777777777777 0.59765625 0.7319444444444444 0.6171875 0.7222222222222222 0.65703125 0.7208333333333333
1 0.22578125 0.4125 0.2375 0.41805555555555557 0.24375 0.42777777777777776 0.2125 0.43194444444444446 0.2 0.4375 0.19609375 0.4444444444444444 0.1953125 0.43472222222222223 0.20390625 0.4166666666666667 0.22265625 0.4097222222222222 0.225 0.4125
1 0.4453125 0.1736111111111111 0.0140625 0.019444444444444445
1 0.565625 0.41944444444444445 0.58671875 0.42777777777777776 0.59296875 0.4361111111111111 0.596875 0.44722222222222224 0.60546875 0.4791666666666667 0.6078125 0.5125 0.60625 0.5263888888888889 0.60390625 0.5291666666666667 0.590625 0.5277777777777778 0.578125 0.5208333333333334 0.57421875 0.5097222222222222 0.5734375 0.49444444444444446 0.57109375 0.4861111111111111 0.55703125 0.46805555555555556 0.5375 0.4625 0.53828125 0.45416666666666666 0.54609375 0.42777777777777776 0.55 0.4222222222222222 0.56484375 0.41944444444444445
1 0.43828125 0.38472222222222224 0.453125 0.3861111111111111 0.45546875 0.3888888888888889 0.46328125 0.40694444444444444 0.4671875 0.42777777777777776 0.45625 0.44166666666666665 0.45 0.4652777777777778 0.43125 0.4666666666666667 0.42890625 0.46944444444444444 0.421875 0.4652777777777778 0.40859375 0.44583333333333336 0.40703125 0.44166666666666665 0.4078125 0.4263888888888889 0.415625 0.39305555555555555 0.4203125 0.38333333333333336 0.4375 0.38472222222222224
1 0.378125 0.18333333333333332 0.38203125 0.19166666666666668 0.3828125 0.20972222222222223 0.38125 0.2125 0.36953125 0.2125 0.365625 0.20277777777777778 0.365625 0.18888888888888888 0.36796875 0.18333333333333332 0.37734375 0.18333333333333332
1 0.44921875 0.5958333333333333 0.4578125 0.6 0.46171875 0.6055555555555555 0.47265625 0.6541666666666667 0.48046875 0.6569444444444444 0.48359375 0.6625 0.48359375 0.6861111111111111 0.48125 0.6958333333333333 0.47734375 0.6986111111111111 0.46015625 0.6972222222222222 0.4328125 0.6611111111111111 0.4171875 0.6541666666666667 0.396875 0.6513888888888889 0.39140625 0.6458333333333334 0.38984375 0.6375 0.396875 0.6291666666666667 0.4 0.6097222222222223 0.40625 0.6 0.42578125 0.5958333333333333 0.4484375 0.5958333333333333
1 0.484375 0.24305555555555555 0.49140625 0.24861111111111112 0.49375 0.2569444444444444 0.4921875 0.2708333333333333 0.48984375 0.27361111111111114 0.4765625 0.27361111111111114 0.46953125 0.2833333333333333 0.4671875 0.2833333333333333 0.465625 0.2777777777777778 0.465625 0.25833333333333336 0.4734375 0.24305555555555555 0.48359375 0.24305555555555555
1 0.2875 0.6166666666666667 0.29375 0.6208333333333333 0.29921875 0.6291666666666667 0.3078125 0.6569444444444444 0.278125 0.6680555555555555 0.26015625 0.6847222222222222 0.2484375 0.7027777777777777 0.23984375 0.7263888888888889 0.240625 0.7375 0.234375 0.75 0.23046875 0.7486111111111111 0.228125 0.7402777777777778 0.22734375 0.6986111111111111 0.22890625 0.675 0.2390625 0.6263888888888889 0.24765625 0.6208333333333333 0.28671875 0.6166666666666667
1 0.4671875 0.2847222222222222 0.4703125 0.2847222222222222 0.4734375 0.2791666666666667 0.48046875 0.275 0.4859375 0.275 0.4890625 0.2791666666666667 0.484375 0.325 0.46953125 0.3236111111111111 0.4671875 0.2861111111111111
1 0.58828125 0.36666666666666664 0.60078125 0.3736111111111111 0.6109375 0.39305555555555555 0.615625 0.3972222222222222 0.615625 0.40555555555555556 0.61875 0.41805555555555557 0.60703125 0.44027777777777777 0.60234375 0.45694444444444443 0.5890625 0.42916666666666664 0.57109375 0.41805555555555557 0.56328125 0.3875 0.56328125 0.3763888888888889 0.5703125 0.36527777777777776 0.5875 0.36666666666666664
1 0.525 0.30277777777777776 0.52578125 0.3138888888888889 0.5234375 0.31805555555555554 0.521875 0.32916666666666666 0.52421875 0.3402777777777778 0.52109375 0.34444444444444444 0.52109375 0.35 0.51484375 0.37083333333333335 0.50625 0.37083333333333335 0.49765625 0.3638888888888889 0.49375 0.3541666666666667 0.490625 0.33194444444444443 0.4953125 0.32083333333333336 0.496875 0.30972222222222223 0.5015625 0.3013888888888889 0.52109375 0.3 0.52421875 0.30277777777777776
1 0.41875 0.1638888888888889 0.41875 0.1736111111111111 0.415625 0.18194444444444444 0.4078125 0.18194444444444444 0.40546875 0.17777777777777778 0.40546875 0.16944444444444445 0.40859375 0.1625 0.41484375 0.16111111111111112 0.41796875 0.1638888888888889
1 0.99921875 0.36527777777777776 0.99921875 0.4083333333333333 0.99453125 0.4125 0.98671875 0.4097222222222222 0.9859375 0.39305555555555555 0.990625 0.36944444444444446 0.99296875 0.36527777777777776 0.9984375 0.36527777777777776
1 0.396875 0.23333333333333334 0.39921875 0.2375 0.3921875 0.24861111111111112 0.390625 0.25555555555555554 0.38671875 0.25277777777777777 0.37265625 0.25555555555555554 0.36875 0.24305555555555555 0.37265625 0.23333333333333334 0.38046875 0.22916666666666666 0.39375 0.22916666666666666 0.39609375 0.23333333333333334
1 0.61484375 0.9027777777777778 0.62421875 0.9041666666666667 0.63046875 0.9138888888888889 0.63828125 0.9152777777777777 0.64921875 0.925 0.67109375 0.9763888888888889 0.6765625 0.9847222222222223 0.6796875 0.9944444444444445 0.67890625 0.9986111111111111 0.62890625 0.9986111111111111 0.62890625 0.9861111111111112 0.625 0.9791666666666666 0.621875 0.9513888888888888 0.6140625 0.9180555555555555 0.60859375 0.9083333333333333 0.609375 0.9041666666666667 0.6140625 0.9027777777777778
0 0.40859375 0.6541666666666667 0.43125 0.6625 0.44765625 0.6805555555555556 0.45703125 0.6972222222222222 0.47578125 0.7208333333333333 0.49140625 0.7458333333333333 0.49453125 0.7458333333333333 0.49765625 0.7541666666666667 0.5125 0.7680555555555556 0.5390625 0.8083333333333333 0.54765625 0.8152777777777778 0.565625 0.8444444444444444 0.57890625 0.8611111111111112 0.59375 0.8902777777777777 0.603125 0.9013888888888889 0.6125 0.9180555555555555 0.61640625 0.9402777777777778 0.61953125 0.9472222222222222 0.621875 0.9652777777777778 0.61953125 0.9736111111111111 0.6140625 0.9763888888888889 0.61484375 0.9847222222222223 0.625 0.9902777777777778 0.62265625 0.9944444444444445 0.6171875 0.9916666666666667 0.61484375 0.9986111111111111 0.53828125 0.9986111111111111 0.53203125 0.9930555555555556 0.525 0.9944444444444445 0.51796875 0.9916666666666667 0.50078125 0.9930555555555556 0.49921875 0.9986111111111111 0.48203125 0.9944444444444445 0.4390625 0.9944444444444445 0.43046875 0.9958333333333333 0.42890625 0.9986111111111111 0.3578125 0.9986111111111111 0.35546875 0.9958333333333333 0.35234375 0.9986111111111111 0.25703125 0.9986111111111111 0.25390625 0.9944444444444445 0.25234375 0.9527777777777777 0.24921875 0.9347222222222222 0.25234375 0.925 0.25078125 0.9111111111111111 0.2515625 0.8819444444444444 0.25 0.8708333333333333 0.24296875 0.8638888888888889 0.240625 0.8513888888888889 0.240625 0.8444444444444444 0.25 0.8402777777777778 0.25 0.8236111111111111 0.2515625 0.8180555555555555 0.25078125 0.7958333333333333 0.24765625 0.7847222222222222 0.24453125 0.7847222222222222 0.23984375 0.7777777777777778 0.24375 0.7708333333333334 0.24765625 0.7791666666666667 0.2515625 0.7763888888888889 0.25390625 0.7611111111111111 0.25546875 0.7208333333333333 0.2578125 0.7083333333333334 0.25703125 0.6944444444444444 0.259375 0.6888888888888889 0.265625 0.6805555555555556 0.2828125 0.6680555555555555 0.3125 0.6583333333333333 0.35625 0.6527777777777778 0.4078125 0.6541666666666667
0 0.9046875 0.5402777777777777 0.91875 0.5513888888888889 0.934375 0.5513888888888889 0.95703125 0.5569444444444445 0.99921875 0.5805555555555556 0.99921875 0.9416666666666667 0.9953125 0.9444444444444444 0.99609375 0.9472222222222222 0.99921875 0.9472222222222222 0.99921875 0.9888888888888889 0.99453125 0.9944444444444445 0.9890625 0.9930555555555556 0.990625 0.9888888888888889 0.978125 0.9763888888888889 0.94921875 0.9777777777777777 0.94453125 0.9736111111111111 0.93515625 0.9569444444444445 0.93515625 0.9513888888888888 0.940625 0.95 0.94140625 0.9444444444444444 0.92890625 0.9416666666666667 0.91640625 0.9222222222222223 0.90234375 0.9083333333333333 0.846875 0.9097222222222222 0.834375 0.9055555555555556 0.82421875 0.8875 0.82421875 0.8819444444444444 0.83046875 0.8722222222222222 0.83203125 0.8625 0.82734375 0.8555555555555555 0.815625 0.8555555555555555 0.8140625 0.8513888888888889 0.80859375 0.7930555555555555 0.809375 0.7277777777777777 0.8078125 0.6986111111111111 0.8109375 0.6944444444444444 0.80703125 0.6847222222222222 0.80390625 0.6847222222222222 0.803125 0.6819444444444445 0.80390625 0.6625 0.8015625 0.6402777777777777 0.80234375 0.6069444444444444 0.8046875 0.5875 0.8078125 0.5833333333333334 0.8140625 0.5819444444444445 0.8171875 0.5680555555555555 0.821875 0.5625 0.87890625 0.55 0.8828125 0.5416666666666666 0.8859375 0.5402777777777777 0.90390625 0.5402777777777777