3 0.646875 0.325 0.67109375 0.3277777777777778 0.678125 0.3347222222222222 0.675 0.3416666666666667 0.67265625 0.3680555555555556 0.67265625 0.4097222222222222 0.66875 0.4527777777777778 0.6609375 0.44166666666666665 0.63671875 0.4375 0.625 0.44305555555555554 0.61953125 0.46111111111111114 0.61640625 0.46111111111111114 0.615625 0.4583333333333333 0.61328125 0.4375 0.61484375 0.4083333333333333 0.61484375 0.37916666666666665 0.61328125 0.37083333333333335 0.61640625 0.3375 0.6203125 0.3263888888888889 0.64609375 0.325
3 0.37890625 0.3527777777777778 0.384375 0.3541666666666667 0.38671875 0.35833333333333334 0.38828125 0.4305555555555556 0.38671875 0.44722222222222224 0.37890625 0.44722222222222224 0.36875 0.4777777777777778 0.3578125 0.48333333333333334 0.346875 0.4847222222222222 0.340625 0.48194444444444445 0.328125 0.4625 0.32578125 0.4527777777777778 0.325 0.42083333333333334 0.32734375 0.3597222222222222 0.340625 0.35138888888888886 0.378125 0.3527777777777778
3 0.259375 0.5875 0.26875 0.5972222222222222 0.27890625 0.6152777777777778 0.28359375 0.6180555555555556 0.28984375 0.6361111111111111 0.29140625 0.6486111111111111 0.29140625 0.6916666666666667 0.28828125 0.7194444444444444 0.27421875 0.725 0.26875 0.7333333333333333 0.26640625 0.7430555555555556 0.265625 0.7666666666666667 0.26328125 0.775 0.25859375 0.7805555555555556 0.2515625 0.7791666666666667 0.24453125 0.7611111111111111 0.23671875 0.7680555555555556 0.2265625 0.7694444444444445 0.21640625 0.7694444444444445 0.20625 0.7638888888888888 0.18828125 0.7611111111111111 0.18359375 0.7666666666666667 0.1796875 0.7791666666666667 0.175 0.7833333333333333 0.16484375 0.7819444444444444 0.159375 0.7638888888888888 0.15703125 0.7069444444444445 0.15859375 0.6833333333333333 0.1609375 0.675 0.1796875 0.65 0.184375 0.625 0.1890625 0.6152777777777778 0.19140625 0.6041666666666666 0.1984375 0.5930555555555556 0.2078125 0.5875 0.25859375 0.5875
3 0.49765625 0.2125 0.50859375 0.2152777777777778 0.51015625 0.22083333333333333 0.509375 0.24583333333333332 0.50390625 0.2569444444444444 0.4984375 0.2611111111111111 0.490625 0.2611111111111111 0.4875 0.2513888888888889 0.48828125 0.21944444444444444 0.4921875 0.21388888888888888 0.496875 0.21388888888888888
3 0.6296875 0.2611111111111111 0.6359375 0.26666666666666666 0.63828125 0.27361111111111114 0.63984375 0.30416666666666664 0.6375 0.3194444444444444 0.63359375 0.32222222222222224 0.6234375 0.3138888888888889 0.61640625 0.30277777777777776 0.61328125 0.2916666666666667 0.615625 0.26944444444444443 0.61953125 0.2625 0.62890625 0.2625
2 0.531640625 0.2604166666666667 0.00703125 0.015277777777777777
2 0.4203125 0.5819444444444445 0.4265625 0.5916666666666667 0.42578125 0.6152777777777778 0.428125 0.6291666666666667 0.42578125 0.6347222222222222 0.42109375 0.6333333333333333 0.41171875 0.6194444444444445 0.403125 0.6166666666666667 0.4015625 0.6097222222222223 0.403125 0.5902777777777778 0.4078125 0.5763888888888888 0.41328125 0.5763888888888888 0.41953125 0.5819444444444445
2 0.54453125 0.25277777777777777 0.5453125 0.2625 0.54296875 0.26944444444444443 0.53984375 0.2638888888888889 0.53984375 0.25555555555555554 0.54375 0.25277777777777777
2 0.521875 0.25833333333333336 0.52578125 0.25972222222222224 0.528125 0.26805555555555555 0.5265625 0.2763888888888889 0.52265625 0.28055555555555556 0.51953125 0.27361111111111114 0.521875 0.25972222222222224
2 0.1765625 0.32083333333333336 0.18203125 0.3236111111111111 0.18515625 0.33194444444444443 0.1859375 0.3402777777777778 0.18046875 0.34444444444444444 0.17578125 0.34444444444444444 0.17265625 0.3388888888888889 0.1734375 0.3263888888888889 0.17578125 0.32083333333333336
2 0.27890625 0.25277777777777777 0.28125 0.25833333333333336 0.28125 0.275 0.27734375 0.2791666666666667 0.2734375 0.2763888888888889 0.2734375 0.2611111111111111 0.27578125 0.25416666666666665 0.278125 0.25416666666666665
2 0.50859375 0.4722222222222222 0.0125 0.03888888888888889
2 0.31484375 0.24444444444444444 0.31796875 0.24166666666666667 0.321875 0.24583333333333332 0.321875 0.25555555555555554 0.3171875 0.25972222222222224 0.3140625 0.25555555555555554 0.31484375 0.24583333333333332
2 0.2375 0.275 0.24453125 0.275 0.2453125 0.2833333333333333 0.24453125 0.29305555555555557 0.23828125 0.29444444444444445 0.2375 0.2763888888888889
2 0.38359375 0.4861111111111111 0.38984375 0.5180555555555556 0.38046875 0.5319444444444444 0.3765625 0.5305555555555556 0.37578125 0.5208333333333334 0.371875 0.5138888888888888 0.371875 0.5041666666666667 0.37265625 0.49166666666666664 0.37578125 0.4861111111111111 0.3828125 0.4861111111111111
2 0.484375 0.3236111111111111 0.4875 0.32083333333333336 0.4921875 0.32222222222222224 0.4921875 0.3402777777777778 0.48828125 0.35 0.48515625 0.35 0.48359375 0.3458333333333333 0.4828125 0.33055555555555555 0.484375 0.325
2 0.5046875 0.2652777777777778 0.50390625 0.25555555555555554 0.50625 0.25 0.51015625 0.25 0.51171875 0.25972222222222224 0.509375 0.2652777777777778 0.50546875 0.2652777777777778
2 0.728125 0.3861111111111111 0.73359375 0.38472222222222224 0.73828125 0.39444444444444443 0.73828125 0.4152777777777778 0.73671875 0.42083333333333334 0.73359375 0.4222222222222222 0.7296875 0.40694444444444444 0.728125 0.3875
1 0.25 0.9097222222222222 0.2640625 0.9111111111111111 0.27578125 0.9083333333333333 0.28046875 0.9125 0.3 0.9111111111111111 0.3140625 0.9166666666666666 0.31875 0.9236111111111112 0.325 0.9402777777777778 0.328125 0.9569444444444445 0.33046875 0.9611111111111111 0.33828125 0.9638888888888889 0.33984375 0.9944444444444445 0.30078125 0.9958333333333333 0.2984375 0.9986111111111111 0.29375 0.9958333333333333 0.26640625 0.9958333333333333 0.2546875 0.9888888888888889 0.2453125 0.9944444444444445 0.23046875 0.9930555555555556 0.2234375 0.9875 0.22578125 0.9722222222222222 0.2234375 0.9666666666666667 0.21875 0.9694444444444444 0.21640625 0.9819444444444444 0.1921875 0.9805555555555555 0.190625 0.9847222222222223 0.1953125 0.9902777777777778 0.19375 0.9944444444444445 0.153125 0.9958333333333333 0.15078125 0.9986111111111111 0.13984375 0.9944444444444445 0.1640625 0.9472222222222222 0.18359375 0.9166666666666666 0.203125 0.9125 0.24921875 0.9097222222222222
1 0.709375 0.35694444444444445 0.71484375 0.37916666666666665 0.69453125 0.38472222222222224 0.6859375 0.4097222222222222 0.68125 0.4166666666666667 0.675 0.41388888888888886 0.6734375 0.40694444444444444 0.675 0.36944444444444446 0.6796875 0.35555555555555557 0.68203125 0.3527777777777778 0.703125 0.3527777777777778 0.70859375 0.35694444444444445
1 0.315625 0.28958333333333336 0.0296875 0.04583333333333333
1 0.5953125 0.2902777777777778 0.60546875 0.2916666666666667 0.609375 0.29583333333333334 0.609375 0.3 0.60234375 0.3111111111111111 0.59921875 0.3333333333333333 0.59140625 0.3402777777777778 0.584375 0.3277777777777778 0.5828125 0.32083333333333336 0.584375 0.3 0.59453125 0.2916666666666667
1 0.403125 0.6180555555555556 0.41171875 0.6208333333333333 0.43203125 0.6430555555555556 0.43203125 0.6486111111111111 0.42890625 0.6527777777777778 0.43046875 0.6638888888888889 0.4296875 0.7083333333333334 0.42421875 0.7166666666666667 0.42265625 0.7486111111111111 0.41796875 0.7555555555555555 0.41171875 0.7541666666666667 0.40703125 0.7458333333333333 0.40234375 0.7430555555555556 0.3890625 0.7402777777777778 0.35625 0.7416666666666667 0.3484375 0.7555555555555555 0.34375 0.7555555555555555 0.340625 0.7486111111111111 0.34140625 0.6944444444444444 0.34921875 0.6597222222222222 0.34921875 0.6541666666666667 0.3453125 0.6472222222222223 0.3453125 0.6402777777777777 0.35390625 0.6375 0.36015625 0.6236111111111111 0.36875 0.6180555555555556 0.40234375 0.6180555555555556
1 0.53046875 0.33055555555555555 0.5328125 0.3416666666666667 0.53984375 0.35555555555555557 0.53828125 0.3861111111111111 0.5359375 0.39444444444444443 0.53203125 0.3972222222222222 0.525 0.39305555555555555 0.51953125 0.38055555555555554 0.51640625 0.36666666666666664 0.50078125 0.3597222222222222 0.49921875 0.3458333333333333 0.5 0.3375 0.50703125 0.3277777777777778 0.5265625 0.3277777777777778 0.5296875 0.33055555555555555
1 0.80625 0 0.82578125 0 0.83359375 0.005555555555555556 0.83359375 0.0375 0.828125 0.04722222222222222 0.81796875 0.05138888888888889 0.8125 0.058333333333333334 0.80625 0.06111111111111111 0.78515625 0.05694444444444444 0.77890625 0.05138888888888889 0.77109375 0.05 0.7671875 0.043055555555555555 0.76875 0.025 0.771875 0.020833333333333332 0.79296875 0.0125 0.79375 0.008333333333333333 0.80078125 0.006944444444444444 0.80625 0.001388888888888889
1 0.28359375 0.20972222222222223 0.28828125 0.2152777777777778 0.290625 0.22916666666666666 0.2890625 0.23472222222222222 0.28359375 0.2375 0.275 0.2361111111111111 0.2703125 0.22083333333333333 0.27265625 0.2125 0.2828125 0.20972222222222223
1 0.67734375 0.5277777777777778 0.68828125 0.5319444444444444 0.69375 0.5416666666666666 0.70546875 0.5916666666666667 0.70546875 0.6458333333333334 0.703125 0.6625 0.7 0.6680555555555555 0.6921875 0.6638888888888889 0.690625 0.6458333333333334 0.67109375 0.6402777777777777 0.64609375 0.6430555555555556 0.63671875 0.6583333333333333 0.63359375 0.6597222222222222 0.6234375 0.6208333333333333 0.6234375 0.5680555555555555 0.625 0.5597222222222222 0.6234375 0.5472222222222223 0.63359375 0.5444444444444444 0.64296875 0.5277777777777778 0.6765625 0.5277777777777778
1 0.85 0.7847222222222222 0.88671875 0.7875 0.9109375 0.8 0.9171875 0.8097222222222222 0.92890625 0.8402777777777778 0.94921875 0.9055555555555556 0.94921875 0.9583333333333334 0.94609375 0.975 0.9390625 0.9944444444444445 0.92421875 0.9944444444444445 0.928125 0.9875 0.925 0.9819444444444444 0.921875 0.9833333333333333 0.921875 0.9763888888888889 0.91796875 0.9708333333333333 0.8578125 0.9625 0.82421875 0.8763888888888889 0.8171875 0.8625 0.80546875 0.8527777777777777 0.80390625 0.8402777777777778 0.80390625 0.8138888888888889 0.80546875 0.8083333333333333 0.8375 0.7861111111111111 0.84921875 0.7847222222222222
1 0.36953125 0.24027777777777778 0.3734375 0.24305555555555555 0.3765625 0.25277777777777777 0.3765625 0.26805555555555555 0.36015625 0.26944444444444443 0.35234375 0.2833333333333333 0.34921875 0.2791666666666667 0.3484375 0.26944444444444443 0.3515625 0.2513888888888889 0.35625 0.24305555555555555 0.36875 0.24027777777777778
1 0.18828125 0.3472222222222222 0.18984375 0.35138888888888886 0.190625 0.38055555555555554 0.1890625 0.4013888888888889 0.1828125 0.4041666666666667 0.178125 0.4125 0.1515625 0.4097222222222222 0.14140625 0.4152777777777778 0.13828125 0.4125 0.1375 0.40694444444444444 0.13828125 0.37916666666666665 0.13984375 0.37222222222222223 0.153125 0.35 0.16875 0.34444444444444444 0.1828125 0.34444444444444444 0.1875 0.3472222222222222
1 0.32421875 0.19444444444444445 0.328125 0.20416666666666666 0.328125 0.20972222222222223 0.32109375 0.22083333333333333 0.3046875 0.21666666666666667 0.30234375 0.20833333333333334 0.303125 0.2 0.30703125 0.19305555555555556 0.31875 0.19166666666666668 0.3234375 0.19444444444444445
1 0.45703125 0.38472222222222224 0.4671875 0.3958333333333333 0.4640625 0.425 0.45234375 0.43194444444444446 0.4453125 0.44583333333333336 0.43359375 0.44722222222222224 0.425 0.44722222222222224 0.42265625 0.44027777777777777 0.421875 0.4125 0.42421875 0.3958333333333333 0.4296875 0.3861111111111111 0.43515625 0.3819444444444444 0.4515625 0.3819444444444444 0.45625 0.38472222222222224
1 0.415625 0.2361111111111111 0.42265625 0.2361111111111111 0.4265625 0.25 0.42421875 0.25833333333333336 0.4171875 0.2611111111111111 0.41328125 0.25416666666666665 0.41328125 0.24444444444444444 0.415625 0.2375
1 0.265625 0.20972222222222223 0.26953125 0.2125 0.26953125 0.22083333333333333 0.27265625 0.22916666666666666 0.27265625 0.23333333333333334 0.26796875 0.2388888888888889 0.25703125 0.2375 0.2546875 0.22777777777777777 0.2546875 0.21388888888888888 0.26484375 0.20972222222222223
1 0.06171875 0.4111111111111111 0.0765625 0.4166666666666667 0.08671875 0.42916666666666664 0.08984375 0.44583333333333336 0.084375 0.4736111111111111 0.08125 0.47638888888888886 0.07578125 0.4736111111111111 0.0671875 0.475 0.0609375 0.4791666666666667 0.0546875 0.49027777777777776 0.03671875 0.4888888888888889 0.0171875 0.49166666666666664 0.00625 0.49027777777777776 0.00234375 0.475 0.003125 0.45694444444444443 0.01328125 0.4361111111111111 0.0296875 0.41388888888888886 0.040625 0.4097222222222222 0.0609375 0.4111111111111111
1 0.7734375 0.5319444444444444 0.79921875 0.5388888888888889 0.80703125 0.5541666666666667 0.81015625 0.5763888888888888 0.81640625 0.6 0.81484375 0.6069444444444444 0.81015625 0.6111111111111112 0.771875 0.6097222222222223 0.765625 0.6194444444444445 0.765625 0.6416666666666667 0.75859375 0.6569444444444444 0.7546875 0.6555555555555556 0.7515625 0.6611111111111111 0.74296875 0.6569444444444444 0.7390625 0.6347222222222222 0.73203125 0.6236111111111111 0.73125 0.5861111111111111 0.7328125 0.5638888888888889 0.74140625 0.5361111111111111 0.7453125 0.5319444444444444 0.77265625 0.5319444444444444
1 0.578125 0.6152777777777778 0.5890625 0.6319444444444444 0.5953125 0.6513888888888889 0.5984375 0.65 0.60078125 0.6541666666666667 0.59765625 0.6569444444444444 0.59765625 0.6625 0.6015625 0.6694444444444444 0.6 0.675 0.603125 0.6972222222222222 0.60234375 0.7194444444444444 0.59765625 0.7222222222222222 0.5875 0.7194444444444444 0.5546875 0.7194444444444444 0.5421875 0.7319444444444444 0.5328125 0.7305555555555555 0.528125 0.7333333333333333 0.52265625 0.7472222222222222 0.52265625 0.7555555555555555 0.515625 0.7611111111111111 0.51171875 0.7583333333333333 0.51015625 0.7527777777777778 0.51015625 0.6986111111111111 0.51328125 0.6597222222222222 0.50859375 0.6430555555555556 0.509375 0.6375 0.51171875 0.6347222222222222 0.5234375 0.6347222222222222 0.52734375 0.6194444444444445 0.53359375 0.6138888888888889 0.57734375 0.6152777777777778
1 0.60390625 0.2777777777777778 0.609375 0.28888888888888886 0.60859375 0.29444444444444445 0.590625 0.29305555555555557 0.590625 0.2791666666666667 0.5953125 0.2763888888888889 0.603125 0.2777777777777778
1 0.55703125 0.5375 0.57734375 0.5416666666666666 0.58515625 0.5569444444444445 0.59375 0.5597222222222222 0.59375 0.5666666666666667 0.58984375 0.575 0.5890625 0.5819444444444445 0.590625 0.6055555555555555 0.58828125 0.625 0.57734375 0.6152777777777778 0.52890625 0.6138888888888889 0.528125 0.5819444444444445 0.5359375 0.5527777777777778 0.54296875 0.5402777777777777 0.55625 0.5375
1 0.43046875 0.5041666666666667 0.4390625 0.5069444444444444 0.44375 0.5138888888888888 0.453125 0.5472222222222223 0.45546875 0.5819444444444445 0.45390625 0.6013888888888889 0.45078125 0.6083333333333333 0.44609375 0.6069444444444444 0.4421875 0.6013888888888889 0.43515625 0.6027777777777777 0.42734375 0.5944444444444444 0.428125 0.5805555555555556 0.42421875 0.5555555555555556 0.41875 0.5444444444444444 0.4125 0.5486111111111112 0.4109375 0.5597222222222222 0.4046875 0.575 0.40390625 0.5902777777777778 0.40078125 0.6027777777777777 0.396875 0.6041666666666666 0.39296875 0.5875 0.3859375 0.5777777777777777 0.3859375 0.5569444444444445 0.3890625 0.5361111111111111 0.39296875 0.5166666666666667 0.396875 0.5097222222222222 0.40546875 0.5041666666666667 0.4296875 0.5041666666666667
1 0.27890625 0.30416666666666664 0.28125 0.30694444444444446 0.28359375 0.32083333333333336 0.28359375 0.3402777777777778 0.28046875 0.35138888888888886 0.27265625 0.3597222222222222 0.265625 0.35694444444444445 0.240625 0.3597222222222222 0.2390625 0.35694444444444445 0.23984375 0.3347222222222222 0.24375 0.3194444444444444 0.2515625 0.3055555555555556 0.26953125 0.3013888888888889 0.278125 0.30416666666666664
1 0.21328125 0.4027777777777778 0.22421875 0.4013888888888889 0.23125 0.40694444444444444 0.2359375 0.43333333333333335 0.2359375 0.44722222222222224 0.23359375 0.4583333333333333 0.2265625 0.4666666666666667 0.20859375 0.4708333333333333 0.20625 0.46805555555555556 0.20546875 0.44027777777777777 0.20234375 0.43472222222222223 0.19921875 0.44027777777777777 0.19921875 0.48055555555555557 0.178125 0.48055555555555557 0.17578125 0.47638888888888886 0.178125 0.44166666666666665 0.18046875 0.43194444444444446 0.1890625 0.4166666666666667 0.1921875 0.4152777777777778 0.1921875 0.4222222222222222 0.19609375 0.43194444444444446 0.19921875 0.43472222222222223 0.20625 0.43333333333333335 0.21171875 0.4222222222222222 0.21328125 0.4041666666666667
1 0.44140625 0.31805555555555554 0.44609375 0.3194444444444444 0.453125 0.3375 0.453125 0.3625 0.44921875 0.36944444444444446 0.44296875 0.36666666666666664 0.41875 0.3680555555555556 0.41640625 0.3625 0.4171875 0.3347222222222222 0.41953125 0.3277777777777778 0.42734375 0.3194444444444444 0.440625 0.31805555555555554
1 0.7203125 0.38333333333333336 0.72421875 0.3861111111111111 0.728125 0.3958333333333333 0.73203125 0.4152777777777778 0.73125 0.43333333333333335 0.715625 0.4388888888888889 0.70625 0.45416666666666666 0.7015625 0.45416666666666666 0.69609375 0.4597222222222222 0.68828125 0.4597222222222222 0.68515625 0.44166666666666665 0.68671875 0.4097222222222222 0.69375 0.3861111111111111 0.69921875 0.3819444444444444 0.71953125 0.38333333333333336
1 0.58515625 0.225 0.59140625 0.23194444444444445 0.59609375 0.24305555555555555 0.58359375 0.24444444444444444 0.57421875 0.25 0.5703125 0.25 0.57109375 0.22916666666666666 0.57578125 0.225 0.584375 0.225
1 0.34609375 0.3013888888888889 0.35078125 0.31666666666666665 0.35 0.33194444444444443 0.3484375 0.3347222222222222 0.33359375 0.3375 0.33046875 0.3416666666666667 0.32421875 0.3375 0.31640625 0.32222222222222224 0.315625 0.31666666666666665 0.3171875 0.3111111111111111 0.328125 0.2986111111111111 0.33671875 0.2972222222222222 0.3453125 0.3013888888888889
1 0.32734375 0.4666666666666667 0.3328125 0.4722222222222222 0.3453125 0.49722222222222223 0.34765625 0.5138888888888888 0.3453125 0.5555555555555556 0.33515625 0.5597222222222222 0.33359375 0.5638888888888889 0.33359375 0.5777777777777777 0.32890625 0.5847222222222223 0.3234375 0.5819444444444445 0.3171875 0.5736111111111111 0.29765625 0.5666666666666667 0.28671875 0.5680555555555555 0.2796875 0.5791666666666667 0.27265625 0.5805555555555556 0.26953125 0.5763888888888888 0.26796875 0.5666666666666667 0.26953125 0.55 0.26875 0.5194444444444445 0.271875 0.5 0.28203125 0.4722222222222222 0.2953125 0.4652777777777778 0.3265625 0.4666666666666667
1 0.575 0.33055555555555555 0.58046875 0.3333333333333333 0.58671875 0.3416666666666667 0.5890625 0.35138888888888886 0.5890625 0.3625 0.5875 0.3638888888888889 0.5765625 0.3638888888888889 0.57421875 0.3611111111111111 0.57421875 0.35694444444444445 0.5546875 0.3541666666666667 0.55546875 0.3388888888888889 0.5578125 0.3333333333333333 0.57421875 0.33055555555555555
1 0.571875 0.4111111111111111 0.58671875 0.41388888888888886 0.59140625 0.42777777777777776 0.59453125 0.4486111111111111 0.59375 0.4847222222222222 0.59140625 0.49722222222222223 0.58828125 0.49583333333333335 0.5875 0.46944444444444444 0.5828125 0.45 0.57890625 0.44305555555555554 0.553125 0.44027777777777777 0.55 0.4375 0.55 0.43194444444444446 0.55546875 0.41388888888888886 0.57109375 0.4111111111111111
1 0.59609375 0.24444444444444444 0.60234375 0.25833333333333336 0.6015625 0.2722222222222222 0.5984375 0.2722222222222222 0.596875 0.26666666666666666 0.5921875 0.2625 0.578125 0.2611111111111111 0.578125 0.2513888888888889 0.58046875 0.24722222222222223 0.5953125 0.24444444444444444
1 0.31328125 0.3236111111111111 0.321875 0.3347222222222222 0.3234375 0.3527777777777778 0.31015625 0.3638888888888889 0.3 0.37777777777777777 0.28203125 0.3763888888888889 0.28046875 0.36944444444444446 0.28203125 0.35138888888888886 0.2859375 0.33611111111111114 0.29296875 0.325 0.3125 0.3236111111111111
1 0.57421875 0.44027777777777777 0.584375 0.44583333333333336 0.58359375 0.45 0.5859375 0.46111111111111114 0.59140625 0.46944444444444444 0.59375 0.4875 0.5921875 0.5 0.58828125 0.49722222222222223 0.58671875 0.4875 0.58203125 0.4791666666666667 0.57265625 0.4736111111111111 0.546875 0.4722222222222222 0.540625 0.475 0.5359375 0.4861111111111111 0.53359375 0.48333333333333334 0.534375 0.4666666666666667 0.5296875 0.4597222222222222 0.53203125 0.45555555555555555 0.5359375 0.45555555555555555 0.5421875 0.44166666666666665 0.54921875 0.4375 0.5734375 0.44027777777777777
1 0.7375 0.4388888888888889 0.7484375 0.4444444444444444 0.75625 0.45694444444444443 0.75625 0.48055555555555557 0.74609375 0.4847222222222222 0.74140625 0.49444444444444446 0.73125 0.5069444444444444 0.72890625 0.5041666666666667 0.7265625 0.48055555555555557 0.7234375 0.475 0.70625 0.4625 0.71640625 0.44027777777777777 0.73671875 0.4388888888888889
1 0.5921875 0.36666666666666664 0.596875 0.37222222222222223 0.59921875 0.38333333333333336 0.6046875 0.3888888888888889 0.60078125 0.3972222222222222 0.6015625 0.4513888888888889 0.5984375 0.4597222222222222 0.5953125 0.4597222222222222 0.59453125 0.45694444444444443 0.5953125 0.4486111111111111 0.59296875 0.44305555555555554 0.59296875 0.43472222222222223 0.5859375 0.41388888888888886 0.57109375 0.4111111111111111 0.56015625 0.4111111111111111 0.55703125 0.4166666666666667 0.5546875 0.41388888888888886 0.5546875 0.3958333333333333 0.5609375 0.36944444444444446 0.584375 0.3638888888888889 0.59140625 0.36666666666666664
1 0.57734375 0.3375 0.58125 0.3388888888888889 0.584375 0.34444444444444444 0.58515625 0.35555555555555557 0.58046875 0.3625 0.5640625 0.36527777777777776 0.559375 0.37222222222222223 0.5546875 0.3888888888888889 0.55390625 0.4125 0.5515625 0.425 0.55 0.42777777777777776 0.546875 0.4263888888888889 0.5453125 0.4152777777777778 0.5453125 0.3972222222222222 0.55078125 0.3611111111111111 0.55703125 0.35138888888888886 0.55703125 0.3416666666666667 0.5640625 0.3416666666666667 0.5625 0.3472222222222222 0.5640625 0.35138888888888886 0.57890625 0.3527777777777778 0.578125 0.3458333333333333 0.575 0.3416666666666667 0.5765625 0.3388888888888889
1 0.75859375 0.48194444444444445 0.77265625 0.48333333333333334 0.7859375 0.4888888888888889 0.79609375 0.5125 0.79921875 0.5291666666666667 0.79765625 0.5347222222222222 0.7765625 0.5305555555555556 0.74296875 0.5305555555555556 0.7375 0.5347222222222222 0.734375 0.5152777777777777 0.73828125 0.49444444444444446 0.74609375 0.48333333333333334 0.7578125 0.48194444444444445
1 0.725 0.7 0.74375 0.7055555555555556 0.75234375 0.7180555555555556 0.77109375 0.8013888888888889 0.77265625 0.8333333333333334 0.7703125 0.8444444444444444 0.76484375 0.8472222222222222 0.7375 0.8416666666666667 0.69921875 0.8430555555555556 0.690625 0.8541666666666666 0.68203125 0.8777777777777778 0.66875 0.8805555555555555 0.66328125 0.8666666666666667 0.66171875 0.8375 0.65390625 0.8194444444444444 0.653125 0.7694444444444445 0.65625 0.7652777777777777 0.65625 0.7597222222222222 0.65546875 0.7444444444444445 0.65 0.7277777777777777 0.65 0.7222222222222222 0.65390625 0.7166666666666667 0.6625 0.7152777777777778 0.675 0.6986111111111111 0.70390625 0.6972222222222222 0.72421875 0.7
1 0.5390625 0.4777777777777778 0.5484375 0.4736111111111111 0.57734375 0.47638888888888886 0.5859375 0.49027777777777776 0.58984375 0.5097222222222222 0.59140625 0.5361111111111111 0.590625 0.5527777777777778 0.58828125 0.5583333333333333 0.57578125 0.5388888888888889 0.56484375 0.5361111111111111 0.54296875 0.5375 0.53828125 0.5444444444444444 0.52890625 0.5722222222222222 0.52578125 0.5652777777777778 0.52421875 0.5527777777777778 0.53125 0.5027777777777778 0.52734375 0.49027777777777776 0.5359375 0.4875 0.5390625 0.4791666666666667
1 0.50078125 0.3611111111111111 0.51484375 0.36666666666666664 0.521875 0.3888888888888889 0.52109375 0.4305555555555556 0.51875 0.4388888888888889 0.509375 0.41805555555555557 0.5046875 0.41805555555555557 0.50078125 0.4305555555555556 0.4828125 0.425 0.48125 0.42083333333333334 0.48359375 0.3736111111111111 0.49140625 0.3625 0.5 0.3611111111111111
1 0.36953125 0.22361111111111112 0.365625 0.22083333333333333 0.36640625 0.20416666666666666 0.36953125 0.2 0.375 0.2 0.38125 0.2111111111111111 0.3796875 0.22083333333333333 0.3703125 0.2222222222222222
1 0.23203125 0.20972222222222223 0.24765625 0.20972222222222223 0.25546875 0.21666666666666667 0.25546875 0.23333333333333334 0.25390625 0.2361111111111111 0.246875 0.24166666666666667 0.240625 0.24166666666666667 0.2328125 0.2361111111111111 0.23203125 0.2111111111111111
1 0.58828125 0.25972222222222224 0.59921875 0.26805555555555555 0.59921875 0.275 0.5921875 0.28055555555555556 0.57421875 0.28055555555555556 0.57109375 0.2722222222222222 0.57890625 0.25972222222222224 0.5875 0.25972222222222224
1 0.56875 0.7208333333333333 0.6171875 0.7277777777777777 0.6234375 0.7347222222222223 0.628125 0.75 0.64140625 0.7583333333333333 0.6421875 0.7638888888888888 0.640625 0.7666666666666667 0.63125 0.7722222222222223 0.63984375 0.8166666666666667 0.6421875 0.8652777777777778 0.63984375 0.9236111111111112 0.63671875 0.9402777777777778 0.6328125 0.9430555555555555 0.62578125 0.9416666666666667 0.621875 0.9361111111111111 0.61875 0.9236111111111112 0.61328125 0.9208333333333333 0.60078125 0.9208333333333333 0.57109375 0.9125 0.52890625 0.9111111111111111 0.52890625 0.8611111111111112 0.5296875 0.8416666666666667 0.53203125 0.8333333333333334 0.53046875 0.8055555555555556 0.53359375 0.7583333333333333 0.5265625 0.7541666666666667 0.525 0.7430555555555556 0.53125 0.7333333333333333 0.54296875 0.7333333333333333 0.5546875 0.7208333333333333 0.56796875 0.7208333333333333
1 0.48359375 0.25277777777777777 0.4890625 0.2638888888888889 0.490625 0.2861111111111111 0.48828125 0.29305555555555557 0.465625 0.2916666666666667 0.4640625 0.2861111111111111 0.4671875 0.2569444444444444 0.47265625 0.25277777777777777 0.4828125 0.25277777777777777
1 0.66015625 0.44166666666666665 0.66484375 0.4486111111111111 0.66953125 0.4625 0.6703125 0.5027777777777778 0.66796875 0.5180555555555556 0.66171875 0.5236111111111111 0.6328125 0.5222222222222223 0.6265625 0.525 0.62265625 0.5305555555555556 0.61875 0.5305555555555556 0.6171875 0.525 0.61640625 0.49444444444444446 0.62421875 0.44583333333333336 0.6265625 0.44166666666666665 0.63359375 0.4388888888888889 0.659375 0.44166666666666665
1 0.58515625 0.2763888888888889 0.59140625 0.2777777777777778 0.59296875 0.2833333333333333 0.58984375 0.29305555555555557 0.5828125 0.2986111111111111 0.57109375 0.29583333333333334 0.56875 0.2916666666666667 0.56875 0.2861111111111111 0.57421875 0.2763888888888889 0.584375 0.2763888888888889
1 0.62578125 0.31666666666666665 0.63046875 0.3194444444444444 0.63125 0.3236111111111111 0.62109375 0.3277777777777778 0.6171875 0.3333333333333333 0.6140625 0.3597222222222222 0.60546875 0.37222222222222223 0.60078125 0.3527777777777778 0.60078125 0.3388888888888889 0.6046875 0.3263888888888889 0.609375 0.31805555555555554 0.6140625 0.31527777777777777 0.625 0.31666666666666665
1 0.58359375 0.9180555555555555 0.59609375 0.9236111111111112 0.6046875 0.9430555555555555 0.61328125 0.9444444444444444 0.6203125 0.95 0.621875 0.9555555555555556 0.6203125 0.9625 0.60625 0.9680555555555556 0.6109375 0.9944444444444445 0.609375 0.9986111111111111 0.53984375 0.9944444444444445 0.5203125 0.9944444444444445 0.50234375 0.9986111111111111 0.5 0.9944444444444445 0.503125 0.9902777777777778 0.5 0.9805555555555555 0.5 0.9666666666666667 0.49609375 0.9625 0.4875 0.9611111111111111 0.484375 0.9555555555555556 0.484375 0.9486111111111111 0.48671875 0.9430555555555555 0.50078125 0.9402777777777778 0.51796875 0.9180555555555555 0.53515625 0.9152777777777777 0.5828125 0.9180555555555555
1 0.3765625 0.26666666666666666 0.37890625 0.26944444444444443 0.38046875 0.28055555555555556 0.37890625 0.29305555555555557 0.3734375 0.30277777777777776 0.359375 0.31805555555555554 0.35234375 0.31805555555555554 0.35078125 0.3138888888888889 0.35078125 0.29444444444444445 0.35390625 0.2777777777777778 0.36015625 0.26944444444444443 0.37578125 0.26666666666666666
0 0.6671875 0.23333333333333334 0.68515625 0.24444444444444444 0.68984375 0.25416666666666665 0.69140625 0.30694444444444446 0.6890625 0.3277777777777778 0.67734375 0.3277777777777778 0.6671875 0.3236111111111111 0.6453125 0.3236111111111111 0.63984375 0.3194444444444444 0.64140625 0.31527777777777777 0.63984375 0.30694444444444446 0.64140625 0.29583333333333334 0.63828125 0.2833333333333333 0.63671875 0.2625 0.63828125 0.24722222222222223 0.64609375 0.23472222222222222 0.66640625 0.23333333333333334