3 0.665625 0.5361111111111111 0.715625 0.5388888888888889 0.75625 0.5458333333333333 0.76875 0.5611111111111111 0.79765625 0.6055555555555555 0.7953125 0.6222222222222222 0.79453125 0.6916666666666667 0.79140625 0.7263888888888889 0.78828125 0.8347222222222223 0.7828125 0.8652777777777778 0.7734375 0.8680555555555556 0.76875 0.8833333333333333 0.76171875 0.8875 0.75546875 0.8861111111111111 0.74765625 0.8777777777777778 0.740625 0.8777777777777778 0.72890625 0.8708333333333333 0.7015625 0.8680555555555556 0.684375 0.875 0.665625 0.8763888888888889 0.6609375 0.8694444444444445 0.6578125 0.8388888888888889 0.659375 0.8333333333333334 0.65859375 0.8152777777777778 0.65703125 0.8055555555555556 0.6515625 0.7944444444444444 0.6515625 0.7861111111111111 0.64296875 0.7416666666666667 0.64453125 0.6958333333333333 0.64296875 0.6722222222222223 0.6453125 0.6625 0.6484375 0.6208333333333333 0.65 0.5777777777777777 0.64765625 0.5694444444444444 0.65 0.5472222222222223 0.6515625 0.5388888888888889 0.6546875 0.5361111111111111 0.66484375 0.5361111111111111
3 0.81796875 0.6069444444444444 0.84765625 0.6111111111111112 0.859375 0.6236111111111111 0.86328125 0.6305555555555555 0.86328125 0.6541666666666667 0.86484375 0.6611111111111111 0.875 0.6763888888888889 0.87578125 0.7 0.87265625 0.7625 0.87109375 0.7708333333333334 0.86328125 0.7791666666666667 0.859375 0.7930555555555555 0.8546875 0.7930555555555555 0.85078125 0.7875 0.84296875 0.7833333333333333 0.79296875 0.7791666666666667 0.79296875 0.7180555555555556 0.7953125 0.7111111111111111 0.796875 0.6819444444444445 0.796875 0.6208333333333333 0.80078125 0.6069444444444444 0.8171875 0.6069444444444444
3 0.4390625 0.3236111111111111 0.44765625 0.34305555555555556 0.446875 0.37222222222222223 0.4453125 0.37777777777777777 0.4421875 0.37777777777777777 0.44453125 0.36944444444444446 0.44375 0.3611111111111111 0.440625 0.35 0.4359375 0.3472222222222222 0.43046875 0.3625 0.43046875 0.3819444444444444 0.42890625 0.3861111111111111 0.41796875 0.38472222222222224 0.40625 0.37222222222222223 0.40625 0.3486111111111111 0.409375 0.3347222222222222 0.41484375 0.3236111111111111 0.4234375 0.32083333333333336 0.43828125 0.3236111111111111
3 0.65546875 0.24166666666666667 0.65859375 0.24861111111111112 0.65859375 0.2791666666666667 0.65625 0.2861111111111111 0.65 0.2916666666666667 0.64765625 0.30277777777777776 0.64375 0.30972222222222223 0.63984375 0.30972222222222223 0.63671875 0.3055555555555556 0.63203125 0.2861111111111111 0.62734375 0.2777777777777778 0.628125 0.24444444444444444 0.63125 0.24027777777777778 0.6546875 0.24166666666666667
2 0.4140625 0.4222222222222222 0.41796875 0.44305555555555554 0.41796875 0.4638888888888889 0.415625 0.475 0.409375 0.4847222222222222 0.40625 0.4847222222222222 0.40390625 0.48055555555555557 0.40234375 0.46944444444444444 0.39765625 0.46111111111111114 0.396875 0.43472222222222223 0.39921875 0.4236111111111111 0.41328125 0.4222222222222222
2 0.20625 0.275 0.2078125 0.2791666666666667 0.20703125 0.29583333333333334 0.20234375 0.29583333333333334 0.20234375 0.2791666666666667 0.20546875 0.2763888888888889
2 0.1609375 0.3138888888888889 0.165625 0.31805555555555554 0.16640625 0.3333333333333333 0.16328125 0.3416666666666667 0.16015625 0.34305555555555556 0.15625 0.3402777777777778 0.15546875 0.33194444444444443 0.15625 0.31666666666666665 0.16015625 0.3138888888888889
2 0.00546875 0.44583333333333336 0.009375 0.45416666666666666 0.009375 0.4736111111111111 0.0015625 0.4861111111111111 0 0.4861111111111111 0 0.4486111111111111 0.0046875 0.44583333333333336
2 0.115625 0.43472222222222223 0.128125 0.4375 0.13046875 0.44166666666666665 0.13125 0.46111111111111114 0.13125 0.4708333333333333 0.1296875 0.4736111111111111 0.11640625 0.48055555555555557 0.1140625 0.4583333333333333 0.115625 0.4361111111111111
2 0.2890625 0.30416666666666664 0.290625 0.32083333333333336 0.2875 0.3263888888888889 0.28203125 0.3236111111111111 0.28203125 0.3111111111111111 0.28359375 0.30416666666666664 0.28828125 0.30416666666666664
2 0.334375 0.3375 0.33359375 0.32083333333333336 0.334375 0.3138888888888889 0.33671875 0.3111111111111111 0.3421875 0.3138888888888889 0.34375 0.32916666666666666 0.3421875 0.33611111111111114 0.33515625 0.3375
2 0.165625 0.3902777777777778 0.18125 0.39305555555555555 0.1828125 0.4013888888888889 0.1828125 0.4222222222222222 0.17890625 0.42916666666666664 0.175 0.42916666666666664 0.171875 0.43333333333333335 0.16875 0.43194444444444446 0.16640625 0.39166666666666666
2 0.1234375 0.32916666666666666 0.12734375 0.33055555555555555 0.1296875 0.3402777777777778 0.1296875 0.35138888888888886 0.12421875 0.3597222222222222 0.11796875 0.35833333333333334 0.11640625 0.3416666666666667 0.11796875 0.33194444444444443 0.12265625 0.32916666666666666
2 0.471875 0.33055555555555555 0.47734375 0.32916666666666666 0.48046875 0.33611111111111114 0.48046875 0.3541666666666667 0.47734375 0.36527777777777776 0.46796875 0.36527777777777776 0.465625 0.3625 0.46875 0.3333333333333333 0.47109375 0.33055555555555555
2 0.43828125 0.42777777777777776 0.44609375 0.425 0.45078125 0.43472222222222223 0.44921875 0.45694444444444443 0.4421875 0.4625 0.43828125 0.44027777777777777 0.43828125 0.42916666666666664
2 0.4359375 0.37222222222222223 0.440625 0.37777777777777777 0.44140625 0.3861111111111111 0.440625 0.3958333333333333 0.4359375 0.40555555555555556 0.43125 0.4013888888888889 0.42890625 0.3902777777777778 0.43046875 0.3763888888888889 0.43515625 0.37222222222222223
2 0.4875 0.28194444444444444 0.490625 0.2875 0.48828125 0.3055555555555556 0.484375 0.30694444444444446 0.48203125 0.29583333333333334 0.4828125 0.2861111111111111 0.48671875 0.2833333333333333
2 0.43828125 0.4652777777777778 0.43984375 0.4736111111111111 0.42578125 0.49444444444444446 0.42421875 0.4930555555555556 0.42421875 0.4861111111111111 0.42734375 0.46805555555555556 0.42890625 0.4652777777777778 0.4375 0.4652777777777778
1 0.68046875 0.24861111111111112 0.6828125 0.25416666666666665 0.6828125 0.2625 0.6796875 0.26944444444444443 0.67578125 0.26944444444444443 0.67109375 0.2611111111111111 0.671875 0.25277777777777777 0.6796875 0.24861111111111112
1 0.48359375 0.3680555555555556 0.490625 0.37222222222222223 0.4984375 0.38333333333333336 0.49765625 0.4152777777777778 0.49296875 0.42916666666666664 0.4765625 0.4222222222222222 0.4640625 0.4263888888888889 0.46015625 0.4236111111111111 0.45546875 0.425 0.45234375 0.41805555555555557 0.45234375 0.39861111111111114 0.4546875 0.39166666666666666 0.45546875 0.37916666666666665 0.46484375 0.3680555555555556 0.4828125 0.3680555555555556
1 0.5640625 0.4027777777777778 0.58203125 0.40555555555555556 0.584375 0.4222222222222222 0.55859375 0.4222222222222222 0.553125 0.425 0.55078125 0.42916666666666664 0.54296875 0.4666666666666667 0.53984375 0.4652777777777778 0.53984375 0.4361111111111111 0.54296875 0.42916666666666664 0.546875 0.4083333333333333 0.54921875 0.4041666666666667 0.56328125 0.4027777777777778
1 0.61171875 0.23472222222222222 0.6140625 0.24027777777777778 0.6140625 0.2513888888888889 0.6125 0.25416666666666665 0.596875 0.24861111111111112 0.5984375 0.2361111111111111 0.6015625 0.23333333333333334 0.6109375 0.23472222222222222
1 0.27265625 0.2986111111111111 0.27578125 0.30277777777777776 0.27578125 0.3125 0.265625 0.3541666666666667 0.24375 0.35833333333333334 0.23828125 0.35555555555555557 0.2375 0.33055555555555555 0.2390625 0.3194444444444444 0.2515625 0.3013888888888889 0.271875 0.2986111111111111
1 0.53984375 0.23194444444444445 0.5421875 0.24027777777777778 0.540625 0.25277777777777777 0.52890625 0.25277777777777777 0.5265625 0.24861111111111112 0.5265625 0.2361111111111111 0.528125 0.23194444444444445 0.5390625 0.23194444444444445
1 0.8265625 0 0.83203125 0.004166666666666667 0.8328125 0.034722222222222224 0.82578125 0.05138888888888889 0.8171875 0.05277777777777778 0.809375 0.0625 0.80390625 0.0625 0.796875 0.05694444444444444 0.7796875 0.05694444444444444 0.76953125 0.05138888888888889 0.765625 0.043055555555555555 0.76796875 0.03194444444444444 0.77421875 0.018055555555555554 0.79375 0.015277777777777777 0.79765625 0.008333333333333333 0.8125 0 0.82578125 0
1 0.64453125 0.3972222222222222 0.64921875 0.4111111111111111 0.65 0.42777777777777776 0.63515625 0.4305555555555556 0.63046875 0.44027777777777777 0.62265625 0.4708333333333333 0.6171875 0.4652777777777778 0.6125 0.46805555555555556 0.6078125 0.4652777777777778 0.60546875 0.45694444444444443 0.60546875 0.44722222222222224 0.6078125 0.44166666666666665 0.60859375 0.41805555555555557 0.6046875 0.41388888888888886 0.6046875 0.4097222222222222 0.6125 0.40555555555555556 0.61875 0.39305555555555555 0.63515625 0.39305555555555555 0.64375 0.3972222222222222
1 0.58359375 0.31666666666666665 0.58828125 0.32083333333333336 0.5921875 0.3375 0.58828125 0.35138888888888886 0.575 0.3486111111111111 0.56875 0.3388888888888889 0.55703125 0.3375 0.559375 0.325 0.56640625 0.31666666666666665 0.5828125 0.31666666666666665
1 0.7734375 0.8916666666666667 0.803125 0.9041666666666667 0.82109375 0.9388888888888889 0.8234375 0.9458333333333333 0.82265625 0.9583333333333334 0.82890625 0.9930555555555556 0.825 0.9986111111111111 0.803125 0.9986111111111111 0.80078125 0.9958333333333333 0.78671875 0.9944444444444445 0.76328125 0.9958333333333333 0.759375 0.9930555555555556 0.75390625 0.9958333333333333 0.74375 0.9958333333333333 0.740625 0.9930555555555556 0.73984375 0.9958333333333333 0.73359375 0.9958333333333333 0.72890625 0.9930555555555556 0.71875 0.9944444444444445 0.71640625 0.9986111111111111 0.68828125 0.9986111111111111 0.6875 0.9916666666666667 0.6890625 0.9861111111111112 0.68515625 0.9777777777777777 0.68515625 0.9486111111111111 0.684375 0.9388888888888889 0.68046875 0.9305555555555556 0.68125 0.9208333333333333 0.6875 0.9166666666666666 0.696875 0.9180555555555555 0.71015625 0.8958333333333334 0.7171875 0.8916666666666667 0.77265625 0.8916666666666667
1 0.63125 0.3 0.63515625 0.30277777777777776 0.63984375 0.31527777777777777 0.63984375 0.35 0.6375 0.3541666666666667 0.63359375 0.33611111111111114 0.6296875 0.3277777777777778 0.6265625 0.325 0.609375 0.325 0.6078125 0.3194444444444444 0.6078125 0.3111111111111111 0.615625 0.3 0.63046875 0.3
1 0.59140625 0.25416666666666665 0.5984375 0.25 0.609375 0.25416666666666665 0.6109375 0.25555555555555554 0.61015625 0.2611111111111111 0.61171875 0.2652777777777778 0.61171875 0.275 0.609375 0.2791666666666667 0.59765625 0.2791666666666667 0.59453125 0.27361111111111114 0.59140625 0.25555555555555554
1 0.36875 0.24027777777777778 0.371875 0.2375 0.38515625 0.2375 0.3890625 0.24305555555555555 0.3890625 0.2513888888888889 0.3828125 0.25416666666666665 0.3765625 0.27361111111111114 0.36640625 0.275 0.36484375 0.25416666666666665 0.36875 0.24166666666666667
1 0.31953125 0.19166666666666668 0.32578125 0.19583333333333333 0.328125 0.20416666666666666 0.328125 0.20972222222222223 0.32109375 0.21944444444444444 0.3046875 0.21805555555555556 0.30234375 0.21388888888888888 0.30390625 0.19722222222222222 0.31015625 0.19166666666666668 0.31875 0.19166666666666668
1 0.334375 0.2875 0.33671875 0.2916666666666667 0.33515625 0.30972222222222223 0.3328125 0.30694444444444446 0.33359375 0.28888888888888886
1 0.5671875 0.3402777777777778 0.57421875 0.34444444444444444 0.57421875 0.35138888888888886 0.5640625 0.35138888888888886 0.5609375 0.35694444444444445 0.55390625 0.3861111111111111 0.5484375 0.3958333333333333 0.5453125 0.3958333333333333 0.54296875 0.3902777777777778 0.54375 0.3611111111111111 0.553125 0.3402777777777778 0.56640625 0.3402777777777778
1 0.2484375 0.20972222222222223 0.25390625 0.21388888888888888 0.25625 0.23333333333333334 0.246875 0.24166666666666667 0.240625 0.24166666666666667 0.23203125 0.23333333333333334 0.23203125 0.2111111111111111 0.24765625 0.20972222222222223
1 0.771875 0.5333333333333333 0.79609375 0.5388888888888889 0.80625 0.5486111111111112 0.81015625 0.5569444444444445 0.8171875 0.5875 0.81796875 0.6041666666666666 0.803125 0.6055555555555555 0.79375 0.5972222222222222 0.76171875 0.55 0.7546875 0.5430555555555555 0.75 0.5430555555555555 0.7484375 0.5402777777777777 0.75390625 0.5347222222222222 0.77109375 0.5347222222222222
1 0.69921875 0.4083333333333333 0.7203125 0.4111111111111111 0.725 0.41388888888888886 0.72734375 0.42083333333333334 0.7234375 0.425 0.7125 0.425 0.7046875 0.43333333333333335 0.7046875 0.45694444444444443 0.69765625 0.48333333333333334 0.69453125 0.4875 0.6890625 0.4861111111111111 0.68203125 0.4722222222222222 0.68125 0.45555555555555555 0.68203125 0.4444444444444444 0.68984375 0.4166666666666667 0.69453125 0.4097222222222222 0.6984375 0.4083333333333333
1 0.56171875 0.4888888888888889 0.58125 0.49166666666666664 0.5875 0.5013888888888889 0.5890625 0.5180555555555556 0.59296875 0.5319444444444444 0.59140625 0.5763888888888888 0.56796875 0.5708333333333333 0.53203125 0.5708333333333333 0.53203125 0.5375 0.53671875 0.5152777777777777 0.53203125 0.5111111111111111 0.53046875 0.5055555555555555 0.5390625 0.5013888888888889 0.54453125 0.49027777777777776 0.5609375 0.4888888888888889
1 0.2125 0.7319444444444444 0.22109375 0.7430555555555556 0.25 0.7472222222222222 0.27578125 0.7722222222222223 0.278125 0.8027777777777778 0.278125 0.8277777777777777 0.27578125 0.8486111111111111 0.271875 0.8555555555555555 0.2625 0.8597222222222223 0.25859375 0.8666666666666667 0.25078125 0.8861111111111111 0.25 0.8986111111111111 0.240625 0.9208333333333333 0.22890625 0.9180555555555555 0.1609375 0.9194444444444444 0.15546875 0.9277777777777778 0.14921875 0.9319444444444445 0.14453125 0.9319444444444445 0.13359375 0.9041666666666667 0.13359375 0.8736111111111111 0.13984375 0.8402777777777778 0.14453125 0.8263888888888888 0.15234375 0.8125 0.1703125 0.7597222222222222 0.18046875 0.7458333333333333 0.1953125 0.7444444444444445 0.20390625 0.7333333333333333 0.21171875 0.7319444444444444
1 0.44609375 0.3055555555555556 0.453125 0.3125 0.45703125 0.3277777777777778 0.45703125 0.3486111111111111 0.453125 0.35833333333333334 0.44921875 0.3597222222222222 0.4484375 0.34305555555555556 0.4390625 0.3236111111111111 0.42421875 0.3194444444444444 0.42421875 0.3138888888888889 0.428125 0.30833333333333335 0.4453125 0.3055555555555556
1 0.28359375 0.20833333333333334 0.28828125 0.21388888888888888 0.290625 0.23055555555555557 0.28671875 0.23472222222222222 0.2796875 0.2361111111111111 0.2734375 0.23333333333333334 0.27109375 0.2152777777777778 0.2734375 0.2111111111111111 0.2828125 0.20833333333333334
1 0.40625 0.3736111111111111 0.41171875 0.37777777777777777 0.4203125 0.39444444444444443 0.41875 0.41944444444444445 0.41796875 0.4222222222222222 0.40546875 0.3958333333333333 0.4015625 0.3958333333333333 0.3953125 0.4125 0.396875 0.4263888888888889 0.39453125 0.4375 0.390625 0.43472222222222223 0.3765625 0.4375 0.3734375 0.43194444444444446 0.37578125 0.4 0.37890625 0.3861111111111111 0.38359375 0.3763888888888889 0.3890625 0.3736111111111111 0.40546875 0.3736111111111111
1 0.578125 0.20833333333333334 0.0171875 0.019444444444444445
1 0.35703125 0.45 0.36953125 0.45555555555555555 0.38125 0.4722222222222222 0.3796875 0.4791666666666667 0.38046875 0.5125 0.371875 0.525 0.37109375 0.5347222222222222 0.3671875 0.5388888888888889 0.359375 0.5305555555555556 0.334375 0.5305555555555556 0.32265625 0.5375 0.31796875 0.5361111111111111 0.31640625 0.5305555555555556 0.31640625 0.5069444444444444 0.32578125 0.4597222222222222 0.33359375 0.4513888888888889 0.35625 0.45
1 0.5078125 0.3138888888888889 0.50546875 0.30833333333333335 0.49765625 0.3013888888888889 0.5 0.2777777777777778 0.5046875 0.26944444444444443 0.51875 0.2708333333333333 0.5234375 0.2875 0.52421875 0.30972222222222223 0.52265625 0.31666666666666665 0.515625 0.3194444444444444 0.50859375 0.3138888888888889
1 0.60859375 0.2777777777777778 0.60546875 0.29444444444444445 0.60390625 0.3236111111111111 0.59453125 0.3236111111111111 0.5921875 0.2847222222222222 0.5984375 0.2777777777777778 0.6078125 0.2791666666666667
1 0.628125 0.3277777777777778 0.63359375 0.3375 0.6359375 0.35555555555555557 0.63203125 0.3625 0.6203125 0.3625 0.609375 0.3763888888888889 0.60546875 0.3763888888888889 0.6015625 0.36944444444444446 0.6015625 0.35694444444444445 0.60703125 0.33055555555555555 0.61015625 0.3263888888888889 0.62734375 0.3277777777777778
1 0.46875 0.26944444444444443 0.4734375 0.2861111111111111 0.475 0.3111111111111111 0.4734375 0.31527777777777777 0.46328125 0.31666666666666665 0.45546875 0.31527777777777777 0.45078125 0.30694444444444446 0.44765625 0.3055555555555556 0.44609375 0.30277777777777776 0.44609375 0.2902777777777778 0.45 0.2722222222222222 0.453125 0.26944444444444443 0.46796875 0.26944444444444443
1 0.42890625 0.2513888888888889 0.4265625 0.24722222222222223 0.42734375 0.23472222222222222 0.43828125 0.23194444444444445 0.4421875 0.2375 0.43984375 0.24722222222222223 0.4296875 0.25
1 0.28671875 0.3576388888888889 0.04375 0.059722222222222225
1 0.23203125 0.39166666666666666 0.240625 0.4083333333333333 0.24140625 0.42777777777777776 0.23984375 0.4388888888888889 0.23671875 0.4444444444444444 0.23125 0.44722222222222224 0.225 0.4583333333333333 0.2078125 0.45694444444444443 0.20546875 0.4375 0.209375 0.43472222222222223 0.2125 0.425 0.21171875 0.39861111111111114 0.21328125 0.3888888888888889 0.21484375 0.3861111111111111 0.2203125 0.3861111111111111 0.23125 0.39166666666666666
1 0.265625 0.20694444444444443 0.271875 0.2125 0.2703125 0.21944444444444444 0.2734375 0.23333333333333334 0.26875 0.2388888888888889 0.25859375 0.2375 0.25546875 0.23333333333333334 0.2546875 0.22777777777777777 0.253125 0.2125 0.25703125 0.20833333333333334 0.26484375 0.20694444444444443
1 0.584375 0.35138888888888886 0.5890625 0.3541666666666667 0.5921875 0.3625 0.5953125 0.37916666666666665 0.5953125 0.4041666666666667 0.59140625 0.4 0.590625 0.3888888888888889 0.58515625 0.3763888888888889 0.55859375 0.37222222222222223 0.559375 0.3638888888888889 0.5640625 0.3527777777777778 0.58359375 0.35138888888888886
1 0.66796875 0.31666666666666665 0.6828125 0.3194444444444444 0.6875 0.3375 0.66796875 0.3402777777777778 0.6609375 0.36666666666666664 0.6578125 0.36666666666666664 0.6546875 0.3597222222222222 0.65546875 0.3458333333333333 0.65703125 0.33611111111111114 0.66015625 0.33055555555555555 0.66015625 0.3194444444444444 0.6671875 0.31666666666666665
1 0.48828125 0.2513888888888889 0.49140625 0.25972222222222224 0.490625 0.28055555555555556 0.48203125 0.2847222222222222 0.47265625 0.28194444444444444 0.46953125 0.26666666666666666 0.475 0.2513888888888889 0.4875 0.2513888888888889
1 0.65859375 0.4722222222222222 0.675 0.4777777777777778 0.68046875 0.4875 0.68515625 0.49027777777777776 0.6859375 0.49722222222222223 0.6828125 0.5013888888888889 0.68359375 0.5138888888888888 0.65390625 0.5138888888888888 0.64765625 0.5166666666666667 0.640625 0.5361111111111111 0.63203125 0.5513888888888889 0.6296875 0.5722222222222222 0.6265625 0.5708333333333333 0.625 0.5652777777777778 0.6234375 0.5430555555555555 0.6234375 0.5041666666666667 0.625 0.5 0.62109375 0.49027777777777776 0.62265625 0.4861111111111111 0.62890625 0.4861111111111111 0.6328125 0.4777777777777778 0.63984375 0.4722222222222222 0.6578125 0.4722222222222222
1 0.5703125 0.5736111111111111 0.5890625 0.5791666666666667 0.5921875 0.5944444444444444 0.6015625 0.6027777777777777 0.5953125 0.6097222222222223 0.6 0.6305555555555555 0.6015625 0.6694444444444444 0.6015625 0.6930555555555555 0.5984375 0.725 0.59453125 0.7208333333333333 0.58984375 0.7083333333333334 0.5828125 0.7041666666666667 0.5515625 0.7 0.52265625 0.7013888888888888 0.5203125 0.6986111111111111 0.51875 0.6847222222222222 0.5203125 0.6166666666666667 0.51953125 0.6083333333333333 0.51484375 0.6027777777777777 0.515625 0.5958333333333333 0.52265625 0.5930555555555556 0.53203125 0.5763888888888888 0.56953125 0.5736111111111111
1 0.575 0.9125 0.60390625 0.9194444444444444 0.61875 0.9444444444444444 0.62890625 0.9444444444444444 0.63359375 0.9486111111111111 0.63515625 0.9527777777777777 0.634375 0.9625 0.621875 0.9680555555555556 0.6203125 0.9722222222222222 0.62265625 0.9916666666666667 0.62109375 0.9986111111111111 0.6 0.9986111111111111 0.5984375 0.9958333333333333 0.5421875 0.9958333333333333 0.5390625 0.9986111111111111 0.5359375 0.9944444444444445 0.5328125 0.9972222222222222 0.51875 0.9972222222222222 0.5140625 0.9930555555555556 0.51484375 0.9666666666666667 0.51171875 0.9611111111111111 0.50078125 0.9569444444444445 0.4984375 0.9513888888888888 0.5 0.9402777777777778 0.51171875 0.9375 0.51484375 0.9416666666666667 0.51875 0.9416666666666667 0.52109375 0.9277777777777778 0.52734375 0.9152777777777777 0.57421875 0.9125
1 0.590625 0.2875 0.59375 0.30694444444444446 0.5921875 0.3277777777777778 0.590625 0.3277777777777778 0.5890625 0.30694444444444446 0.58671875 0.30277777777777776 0.57109375 0.29583333333333334 0.575 0.2875 0.58984375 0.2875
1 0.50234375 0.30694444444444446 0.50625 0.30972222222222223 0.509375 0.3194444444444444 0.51171875 0.34444444444444444 0.51015625 0.35138888888888886 0.50546875 0.35555555555555557 0.49765625 0.3527777777777778 0.4828125 0.3541666666666667 0.48046875 0.34305555555555556 0.48046875 0.325 0.4859375 0.30972222222222223 0.48984375 0.30694444444444446 0.5015625 0.30694444444444446
1 0.5625 0.37222222222222223 0.5875 0.3763888888888889 0.59453125 0.40694444444444444 0.59453125 0.42083333333333334 0.59140625 0.4236111111111111 0.5859375 0.4222222222222222 0.58359375 0.4097222222222222 0.58046875 0.4041666666666667 0.55078125 0.4013888888888889 0.55703125 0.375 0.56171875 0.37222222222222223
1 0.5859375 0.24166666666666667 0.58828125 0.24583333333333332 0.58671875 0.25416666666666665 0.5765625 0.25555555555555554 0.57109375 0.2611111111111111 0.56953125 0.2513888888888889 0.57265625 0.24166666666666667 0.58515625 0.24166666666666667
1 0.55078125 0.7013888888888888 0.58515625 0.7083333333333334 0.596875 0.7236111111111111 0.5984375 0.7319444444444444 0.60625 0.7347222222222223 0.609375 0.7388888888888889 0.61015625 0.7444444444444445 0.6015625 0.7541666666666667 0.60390625 0.7819444444444444 0.60703125 0.7958333333333333 0.609375 0.8361111111111111 0.60703125 0.9 0.60546875 0.9097222222222222 0.60234375 0.9152777777777777 0.5890625 0.9083333333333333 0.58359375 0.8958333333333334 0.575 0.8930555555555556 0.534375 0.8916666666666667 0.521875 0.8972222222222223 0.51875 0.8958333333333334 0.5171875 0.9041666666666667 0.51015625 0.9111111111111111 0.5015625 0.9125 0.49765625 0.9069444444444444 0.49765625 0.8222222222222222 0.4984375 0.8111111111111111 0.50234375 0.8055555555555556 0.50234375 0.8013888888888889 0.5 0.7875 0.5015625 0.75 0.4953125 0.7375 0.4953125 0.7319444444444444 0.5 0.7263888888888889 0.51171875 0.725 0.51796875 0.7083333333333334 0.52265625 0.7027777777777777 0.55 0.7013888888888888
1 0.66953125 0.43333333333333335 0.67734375 0.4513888888888889 0.67890625 0.48194444444444445 0.67109375 0.48055555555555557 0.65625 0.4708333333333333 0.63984375 0.4708333333333333 0.62734375 0.4861111111111111 0.62421875 0.48333333333333334 0.62578125 0.46111111111111114 0.63515625 0.43194444444444446 0.653125 0.4305555555555556 0.66875 0.43333333333333335
1 0.590625 0.25555555555555554 0.5953125 0.2763888888888889 0.59140625 0.2847222222222222 0.5875 0.2875 0.5703125 0.2861111111111111 0.5703125 0.26944444444444443 0.571875 0.2611111111111111 0.5765625 0.25555555555555554 0.5875 0.25277777777777777 0.58984375 0.25555555555555554
1 0.30234375 0.5527777777777778 0.32109375 0.5708333333333333 0.3203125 0.5805555555555556 0.3234375 0.6097222222222223 0.32265625 0.6347222222222222 0.3203125 0.6472222222222223 0.31640625 0.6513888888888889 0.309375 0.6513888888888889 0.30625 0.6569444444444444 0.30390625 0.6805555555555556 0.3 0.6861111111111111 0.29453125 0.6847222222222222 0.2875 0.6736111111111112 0.28203125 0.675 0.265625 0.6708333333333333 0.25 0.6708333333333333 0.24140625 0.6847222222222222 0.23515625 0.6861111111111111 0.23203125 0.6819444444444445 0.228125 0.6611111111111111 0.228125 0.6291666666666667 0.2296875 0.6083333333333333 0.23671875 0.5819444444444445 0.25 0.5555555555555556 0.2640625 0.5486111111111112 0.29609375 0.5486111111111112 0.3015625 0.5527777777777778
1 0.57109375 0.2986111111111111 0.58515625 0.30694444444444446 0.5796875 0.30972222222222223 0.57890625 0.3055555555555556 0.5734375 0.3055555555555556 0.57265625 0.3125 0.5625 0.31805555555555554 0.55859375 0.325 0.55625 0.3375 0.5484375 0.3472222222222222 0.54375 0.3611111111111111 0.53984375 0.35694444444444445 0.53515625 0.33055555555555555 0.5375 0.31527777777777777 0.54140625 0.30416666666666664 0.55078125 0.2986111111111111 0.5703125 0.2986111111111111
1 0.660546875 0.31180555555555556 0.03203125 0.04861111111111111
1 0.64296875 0.3680555555555556 0.6484375 0.37916666666666665 0.64765625 0.3888888888888889 0.65078125 0.4097222222222222 0.64296875 0.39444444444444443 0.6359375 0.39166666666666666 0.621875 0.39166666666666666 0.61640625 0.39444444444444443 0.6125 0.4041666666666667 0.609375 0.4027777777777778 0.61171875 0.37916666666666665 0.61875 0.36527777777777776 0.63671875 0.3638888888888889 0.6421875 0.3680555555555556
1 0.6125 0.28055555555555556 0.63046875 0.2847222222222222 0.63359375 0.29305555555555557 0.63359375 0.3 0.61484375 0.3 0.609375 0.30972222222222223 0.60859375 0.32083333333333336 0.61015625 0.3236111111111111 0.60546875 0.3236111111111111 0.6046875 0.2986111111111111 0.6078125 0.2833333333333333 0.61171875 0.28194444444444444
1 0.6609375 0.31666666666666665 0.68125 0.31805555555555554 0.68515625 0.32222222222222224 0.68828125 0.3333333333333333 0.6875 0.3375 0.66640625 0.3375 0.66015625 0.3347222222222222 0.659375 0.3236111111111111 0.6609375 0.31805555555555554
1 0.3484375 0.8833333333333333 0.359375 0.8930555555555556 0.37109375 0.8972222222222223 0.37421875 0.9069444444444444 0.38125 0.9180555555555555 0.3796875 0.9986111111111111 0.3171875 0.9986111111111111 0.3140625 0.9958333333333333 0.30546875 0.9986111111111111 0.30078125 0.9958333333333333 0.240625 0.9958333333333333 0.2375 0.9986111111111111 0.23046875 0.9958333333333333 0.22734375 0.9986111111111111 0.21640625 0.9986111111111111 0.23046875 0.9472222222222222 0.24609375 0.9152777777777777 0.24765625 0.9069444444444444 0.25390625 0.8930555555555556 0.26015625 0.8847222222222222 0.309375 0.8805555555555555 0.34765625 0.8833333333333333
1 0.6765625 0.5152777777777777 0.69921875 0.5194444444444445 0.7046875 0.5361111111111111 0.65390625 0.5361111111111111 0.6484375 0.5555555555555556 0.64765625 0.5694444444444444 0.65 0.5777777777777777 0.65 0.5875 0.64765625 0.6222222222222222 0.64375 0.6402777777777777 0.6375 0.6444444444444445 0.6375 0.6263888888888889 0.63203125 0.6125 0.63203125 0.5833333333333334 0.6265625 0.5736111111111111 0.625 0.5611111111111111 0.63125 0.5569444444444445 0.63203125 0.5486111111111112 0.6375 0.5430555555555555 0.63828125 0.5361111111111111 0.646875 0.5166666666666667 0.65234375 0.5138888888888888 0.67578125 0.5152777777777777
0 0.98828125 0.5888888888888889 0.99921875 0.5916666666666667 0.99921875 0.8708333333333333 0.996875 0.8722222222222222 0.99921875 0.8805555555555555 0.99921875 0.9944444444444445 0.9953125 0.9986111111111111 0.93359375 0.9986111111111111 0.928125 0.9944444444444445 0.9171875 0.975 0.9078125 0.975 0.903125 0.9708333333333333 0.89296875 0.9402777777777778 0.88984375 0.9111111111111111 0.87734375 0.8888888888888888 0.87265625 0.8347222222222223 0.87421875 0.7944444444444444 0.8734375 0.7472222222222222 0.87578125 0.7333333333333333 0.87734375 0.6708333333333333 0.86953125 0.6652777777777777 0.865625 0.6597222222222222 0.86484375 0.6541666666666667 0.865625 0.6305555555555555 0.86875 0.6222222222222222 0.8734375 0.6166666666666667 0.8890625 0.6194444444444445 0.8984375 0.5972222222222222 0.90859375 0.5888888888888889 0.9328125 0.5847222222222223 0.9875 0.5888888888888889