0 0.82578125 0.25833333333333336 0.82734375 0.2611111111111111 0.82734375 0.28888888888888886 0.82109375 0.29305555555555557 0.8171875 0.30416666666666664 0.8078125 0.31805555555555554 0.80234375 0.31666666666666665 0.7953125 0.2986111111111111 0.8 0.27361111111111114 0.80546875 0.2638888888888889 0.825 0.25833333333333336
0 0.6296875 0.5388888888888889 0.63515625 0.5458333333333333 0.63828125 0.5625 0.64453125 0.5777777777777777 0.64453125 0.5888888888888889 0.6265625 0.5819444444444445 0.59921875 0.5805555555555556 0.58671875 0.5819444444444445 0.57734375 0.5930555555555556 0.57421875 0.5916666666666667 0.5734375 0.5805555555555556 0.57734375 0.5680555555555555 0.57109375 0.5625 0.571875 0.5569444444444445 0.57734375 0.5541666666666667 0.58125 0.5583333333333333 0.5859375 0.5444444444444444 0.59140625 0.5375 0.61640625 0.5361111111111111 0.62890625 0.5388888888888889
0 0.1609375 0.5152777777777777 0.15703125 0.5125 0.15546875 0.5027777777777778 0.15546875 0.475 0.16015625 0.45555555555555555 0.159375 0.4444444444444444 0.175 0.4166666666666667 0.1859375 0.41388888888888886 0.20703125 0.41388888888888886 0.21015625 0.4388888888888889 0.20859375 0.4666666666666667 0.20625 0.4708333333333333 0.19921875 0.4722222222222222 0.19296875 0.4791666666666667 0.19375 0.4875 0.190625 0.4930555555555556 0.16171875 0.5138888888888888
0 0.4375 0.45555555555555555 0.47421875 0.4583333333333333 0.5015625 0.4652777777777778 0.5078125 0.48194444444444445 0.51484375 0.5291666666666667 0.521875 0.5430555555555555 0.52109375 0.5583333333333333 0.51328125 0.5625 0.51015625 0.575 0.50859375 0.6861111111111111 0.5015625 0.7125 0.4984375 0.7347222222222223 0.4875 0.7680555555555556 0.484375 0.8 0.48046875 0.8041666666666667 0.40078125 0.7944444444444444 0.3421875 0.7944444444444444 0.33671875 0.7861111111111111 0.33828125 0.7430555555555556 0.33671875 0.7055555555555556 0.340625 0.6569444444444444 0.34140625 0.5958333333333333 0.3453125 0.5833333333333334 0.34453125 0.5694444444444444 0.346875 0.5555555555555556 0.34453125 0.5430555555555555 0.3453125 0.5375 0.3796875 0.48194444444444445 0.3984375 0.4625 0.40390625 0.4583333333333333 0.43671875 0.45555555555555555
0 0.51875 0.2625 0.5234375 0.2652777777777778 0.525 0.26944444444444443 0.52578125 0.2916666666666667 0.52421875 0.31805555555555554 0.51875 0.325 0.5171875 0.31666666666666665 0.5203125 0.30694444444444446 0.51796875 0.28055555555555556 0.5125 0.2722222222222222 0.5046875 0.27361111111111114 0.49921875 0.26944444444444443 0.503125 0.2625 0.51796875 0.2625
0 0.0046875 0.2638888888888889 0.01875 0.275 0.02265625 0.28194444444444444 0.02578125 0.2972222222222222 0.0234375 0.30277777777777776 0.01015625 0.30416666666666664 0.00625 0.31666666666666665 0.00390625 0.31666666666666665 0.00703125 0.3111111111111111 0.003125 0.3055555555555556 0.00234375 0.2861111111111111 0 0.2833333333333333 0 0.2652777777777778 0.00390625 0.2638888888888889
0 0.66640625 0.3 0.67265625 0.30277777777777776 0.67734375 0.3111111111111111 0.6859375 0.31666666666666665 0.6890625 0.3236111111111111 0.6921875 0.36527777777777776 0.68828125 0.39166666666666666 0.68671875 0.3972222222222222 0.6828125 0.4 0.6796875 0.3972222222222222 0.67578125 0.3472222222222222 0.67265625 0.3402777777777778 0.6390625 0.3347222222222222 0.64140625 0.32222222222222224 0.64765625 0.30694444444444446 0.6609375 0.2986111111111111 0.665625 0.3
0 0.7875 0.24722222222222223 0.81953125 0.2375 0.828125 0.24027777777777778 0.8265625 0.2569444444444444 0.80390625 0.2652777777777778 0.7984375 0.2791666666666667 0.7953125 0.2972222222222222 0.7890625 0.29583333333333334 0.784375 0.2763888888888889 0.7875 0.24861111111111112
0 0.559375 0.3597222222222222 0.56953125 0.36944444444444446 0.5671875 0.4041666666666667 0.56875 0.40694444444444444 0.56875 0.42916666666666664 0.57109375 0.44166666666666665 0.56796875 0.4527777777777778 0.56328125 0.4597222222222222 0.5578125 0.4597222222222222 0.55390625 0.45 0.54921875 0.4527777777777778 0.5359375 0.4486111111111111 0.5296875 0.4597222222222222 0.52109375 0.4597222222222222 0.5140625 0.4513888888888889 0.515625 0.43333333333333335 0.5125 0.4097222222222222 0.51640625 0.4013888888888889 0.5171875 0.3888888888888889 0.51640625 0.37916666666666665 0.51171875 0.3763888888888889 0.51484375 0.37083333333333335 0.515625 0.3625 0.53125 0.35694444444444445 0.55859375 0.3597222222222222
0 0.8625 0.8597222222222223 0.925 0.8625 0.946875 0.8722222222222222 0.96953125 0.9208333333333333 0.97578125 0.9694444444444444 0.9796875 0.9777777777777777 0.98203125 0.9902777777777778 0.9859375 0.9944444444444445 0.98203125 0.9986111111111111 0.96953125 0.9986111111111111 0.9671875 0.9958333333333333 0.92421875 0.9958333333333333 0.92109375 0.9986111111111111 0.91484375 0.9944444444444445 0.903125 0.9986111111111111 0.8859375 0.9986111111111111 0.884375 0.9958333333333333 0.87265625 0.9944444444444445 0.865625 0.9972222222222222 0.85234375 0.9944444444444445 0.84140625 0.9958333333333333 0.83984375 0.9986111111111111 0.81953125 0.9986111111111111 0.81796875 0.9944444444444445 0.81796875 0.9611111111111111 0.821875 0.9180555555555555 0.8140625 0.9013888888888889 0.81328125 0.8944444444444445 0.8265625 0.8861111111111111 0.834375 0.8861111111111111 0.84765625 0.8611111111111112 0.86171875 0.8597222222222223
0 0.20234375 0.17916666666666667 0.20625 0.18055555555555555 0.20859375 0.18611111111111112 0.20625 0.19722222222222222 0.1671875 0.19722222222222222 0.1640625 0.19305555555555556 0.165625 0.18472222222222223 0.175 0.17777777777777778 0.1890625 0.1763888888888889 0.2015625 0.17916666666666667
0 0.72734375 0.33611111111111114 0.740625 0.34444444444444444 0.74375 0.35833333333333334 0.74296875 0.3638888888888889 0.7453125 0.37777777777777777 0.74453125 0.4083333333333333 0.7375 0.4166666666666667 0.73359375 0.4125 0.73203125 0.4027777777777778 0.728125 0.3972222222222222 0.70546875 0.39305555555555555 0.70078125 0.3888888888888889 0.70234375 0.3611111111111111 0.70546875 0.34444444444444444 0.71328125 0.33611111111111114 0.7265625 0.33611111111111114
0 0.10703125 0.28055555555555556 0.11015625 0.2861111111111111 0.11015625 0.29583333333333334 0.1046875 0.2986111111111111 0.07890625 0.3 0.06640625 0.30833333333333335 0.06015625 0.3194444444444444 0.059375 0.3347222222222222 0.0546875 0.33055555555555555 0.05390625 0.32083333333333336 0.05625 0.31527777777777777 0.05703125 0.30416666666666664 0.0640625 0.2902777777777778 0.08046875 0.28055555555555556 0.10625 0.28055555555555556
0 0.31015625 0.3 0.3140625 0.30277777777777776 0.31484375 0.3138888888888889 0.31640625 0.32222222222222224 0.31875 0.3236111111111111 0.31796875 0.3277777777777778 0.31953125 0.33194444444444443 0.31640625 0.34444444444444444 0.31328125 0.3472222222222222 0.30390625 0.3472222222222222 0.29765625 0.3347222222222222 0.2890625 0.33194444444444443 0.2859375 0.30972222222222223 0.2875 0.30277777777777776 0.2921875 0.3 0.309375 0.3
0 0.20546875 0.3472222222222222 0.20859375 0.35138888888888886 0.21015625 0.3597222222222222 0.20859375 0.3875 0.21171875 0.39861111111111114 0.2140625 0.4 0.21640625 0.39444444444444443 0.21484375 0.38055555555555554 0.21484375 0.35694444444444445 0.21640625 0.3486111111111111 0.22421875 0.3541666666666667 0.22890625 0.37222222222222223 0.2203125 0.39444444444444443 0.21328125 0.4013888888888889 0.20703125 0.4125 0.178125 0.4125 0.1765625 0.4041666666666667 0.17890625 0.38055555555555554 0.178125 0.37222222222222223 0.18125 0.37083333333333335 0.19140625 0.35 0.2046875 0.3472222222222222
0 0.30390625 0.16944444444444445 0.3140625 0.175 0.31875 0.18194444444444444 0.32890625 0.18611111111111112 0.33046875 0.19722222222222222 0.328125 0.2 0.32109375 0.1986111111111111 0.3171875 0.18333333333333332 0.3140625 0.1986111111111111 0.29453125 0.1986111111111111 0.2921875 0.18333333333333332 0.29296875 0.17083333333333334 0.303125 0.16944444444444445
0 0.42421875 0.3972222222222222 0.42890625 0.4027777777777778 0.43046875 0.41388888888888886 0.434375 0.41805555555555557 0.4359375 0.425 0.43515625 0.4388888888888889 0.43671875 0.4486111111111111 0.43359375 0.4527777777777778 0.425 0.4527777777777778 0.41640625 0.44583333333333336 0.40078125 0.44166666666666665 0.39296875 0.42777777777777776 0.3765625 0.425 0.37890625 0.40694444444444444 0.3890625 0.39444444444444443 0.4109375 0.39166666666666666 0.4234375 0.3972222222222222
0 0.1109375 0.2986111111111111 0.12265625 0.2986111111111111 0.12578125 0.30416666666666664 0.128125 0.32083333333333336 0.12734375 0.3402777777777778 0.1296875 0.3638888888888889 0.125 0.36944444444444446 0.11171875 0.3763888888888889 0.1078125 0.3819444444444444 0.10546875 0.39305555555555555 0.103125 0.39444444444444443 0.08984375 0.39444444444444443 0.08125 0.38333333333333336 0.07734375 0.38472222222222224 0.0703125 0.39861111111111114 0.06640625 0.3972222222222222 0.059375 0.37916666666666665 0.059375 0.34444444444444444 0.0625 0.3125 0.0765625 0.3013888888888889 0.084375 0.2986111111111111 0.11015625 0.2986111111111111
0 0.2859375 0.33194444444444443 0.296875 0.33611111111111114 0.30078125 0.34444444444444444 0.30390625 0.3763888888888889 0.3 0.3888888888888889 0.29296875 0.4013888888888889 0.27265625 0.4236111111111111 0.26171875 0.42777777777777776 0.2515625 0.4375 0.246875 0.43472222222222223 0.24609375 0.4222222222222222 0.2421875 0.4083333333333333 0.2421875 0.39166666666666666 0.24375 0.3736111111111111 0.25 0.3458333333333333 0.2609375 0.3347222222222222 0.28515625 0.3333333333333333
0 0.896875 0.5152777777777777 0.92265625 0.5263888888888889 0.9421875 0.5472222222222223 0.9421875 0.5763888888888888 0.93984375 0.5902777777777778 0.94140625 0.6222222222222222 0.9390625 0.6263888888888889 0.93203125 0.6277777777777778 0.91015625 0.6277777777777778 0.9015625 0.6444444444444445 0.896875 0.6597222222222222 0.8875 0.6708333333333333 0.878125 0.6666666666666666 0.8703125 0.6708333333333333 0.86640625 0.6680555555555555 0.8609375 0.6486111111111111 0.84921875 0.6291666666666667 0.84140625 0.6236111111111111 0.83828125 0.6180555555555556 0.83828125 0.5861111111111111 0.8421875 0.5763888888888888 0.84140625 0.5694444444444444 0.84453125 0.5652777777777778 0.84453125 0.525 0.846875 0.5208333333333334 0.86171875 0.5138888888888888 0.89609375 0.5152777777777777
0 0.67265625 0.3402777777777778 0.6765625 0.3472222222222222 0.6765625 0.37222222222222223 0.6796875 0.4125 0.67890625 0.43194444444444446 0.675 0.4527777777777778 0.6703125 0.45 0.6671875 0.43472222222222223 0.6578125 0.4083333333333333 0.640625 0.4041666666666667 0.62265625 0.4041666666666667 0.62265625 0.3597222222222222 0.62578125 0.3458333333333333 0.63984375 0.3375 0.671875 0.3402777777777778
0 0.82578125 0.49166666666666664 0.84765625 0.49722222222222223 0.85234375 0.5041666666666667 0.85390625 0.5111111111111111 0.853125 0.5152777777777777 0.84453125 0.525 0.84375 0.55 0.840625 0.5625 0.8390625 0.5833333333333334 0.83515625 0.5958333333333333 0.809375 0.5972222222222222 0.8 0.6097222222222223 0.79609375 0.6097222222222223 0.79375 0.6055555555555555 0.7921875 0.5944444444444444 0.7859375 0.5819444444444445 0.78828125 0.5333333333333333 0.803125 0.4930555555555556 0.825 0.49166666666666664
0 0.43984375 0.3486111111111111 0.440625 0.3402777777777778 0.44453125 0.3347222222222222 0.471875 0.3347222222222222 0.47734375 0.35 0.478125 0.35833333333333334 0.48359375 0.3680555555555556 0.48359375 0.3972222222222222 0.47890625 0.4097222222222222 0.47578125 0.4111111111111111 0.46328125 0.4027777777777778 0.45859375 0.40555555555555556 0.45625 0.4125 0.45625 0.3958333333333333 0.4515625 0.3597222222222222 0.44609375 0.35 0.440625 0.3486111111111111
0 0.47265625 0.29305555555555557 0.4796875 0.29444444444444445 0.484375 0.3013888888888889 0.4875 0.32222222222222224 0.4859375 0.32916666666666666 0.48203125 0.3277777777777778 0.48125 0.31666666666666665 0.47578125 0.30833333333333335 0.4515625 0.3055555555555556 0.4515625 0.3 0.45390625 0.29583333333333334 0.471875 0.29305555555555557
0 0.07578125 0.5208333333333334 0.07890625 0.525 0.078125 0.5291666666666667 0.08359375 0.5541666666666667 0.078125 0.575 0.07265625 0.5777777777777777 0.06953125 0.5833333333333334 0.06640625 0.5833333333333334 0.06484375 0.5777777777777777 0.0625 0.5347222222222222 0.06640625 0.5208333333333334 0.075 0.5208333333333334
0 0.75546875 0.7222222222222222 0.79296875 0.7277777777777777 0.80078125 0.7333333333333333 0.80703125 0.7486111111111111 0.809375 0.7736111111111111 0.821875 0.8097222222222222 0.82265625 0.8208333333333333 0.834375 0.8583333333333333 0.83515625 0.8777777777777778 0.83203125 0.8833333333333333 0.8125 0.8930555555555556 0.81171875 0.9013888888888889 0.81640625 0.9138888888888889 0.81796875 0.9277777777777778 0.80703125 0.9333333333333333 0.79609375 0.9208333333333333 0.78984375 0.9291666666666667 0.79140625 0.9180555555555555 0.784375 0.9097222222222222 0.77578125 0.9083333333333333 0.771875 0.9125 0.76328125 0.9013888888888889 0.74765625 0.8958333333333334 0.73984375 0.875 0.73359375 0.8666666666666667 0.70390625 0.8569444444444444 0.703125 0.7972222222222223 0.7046875 0.7930555555555555 0.7046875 0.7722222222222223 0.696875 0.7597222222222222 0.696875 0.7541666666666667 0.7 0.75 0.71328125 0.7486111111111111 0.721875 0.7277777777777777 0.72734375 0.7222222222222222 0.7546875 0.7222222222222222
0 0.0421875 0.2361111111111111 0.0703125 0.24027777777777778 0.0734375 0.24444444444444444 0.075 0.25 0.07578125 0.2791666666666667 0.05859375 0.29444444444444445 0.0515625 0.29444444444444445 0.040625 0.28194444444444444 0.040625 0.2652777777777778 0.03515625 0.25 0.034375 0.24166666666666667 0.03671875 0.2375 0.04140625 0.2361111111111111
0 0.95 0.6291666666666667 0.97109375 0.6333333333333333 0.98046875 0.6416666666666667 0.99140625 0.6638888888888889 0.99765625 0.7055555555555556 0.99453125 0.7097222222222223 0.97265625 0.7083333333333334 0.96328125 0.7111111111111111 0.953125 0.7277777777777777 0.9390625 0.7361111111111112 0.93515625 0.7430555555555556 0.93671875 0.75 0.93203125 0.7597222222222222 0.92109375 0.7638888888888888 0.915625 0.7763888888888889 0.909375 0.7805555555555556 0.90390625 0.7777777777777778 0.9015625 0.7555555555555555 0.8984375 0.75 0.88984375 0.7444444444444445 0.8875 0.6944444444444444 0.88984375 0.6736111111111112 0.89921875 0.6541666666666667 0.90390625 0.6388888888888888 0.909375 0.6305555555555555 0.94921875 0.6291666666666667
0 0.30703125 0.5597222222222222 0.32734375 0.5430555555555555 0.3390625 0.5430555555555555 0.34375 0.5513888888888889 0.3421875 0.5861111111111111 0.3390625 0.6097222222222223 0.3390625 0.6541666666666667 0.334375 0.6625 0.32421875 0.6597222222222222 0.3171875 0.6652777777777777 0.31484375 0.6430555555555556 0.31875 0.6347222222222222 0.309375 0.6263888888888889 0.30078125 0.6055555555555555 0.29296875 0.5958333333333333 0.30703125 0.5611111111111111
0 0.6921875 0.21388888888888888 0.69609375 0.21944444444444444 0.69609375 0.2263888888888889 0.6890625 0.22916666666666666 0.68671875 0.23333333333333334 0.68203125 0.25833333333333336 0.6796875 0.2625 0.675 0.2638888888888889 0.67109375 0.25833333333333336 0.67109375 0.24444444444444444 0.6765625 0.21666666666666667 0.6796875 0.21388888888888888 0.69140625 0.21388888888888888
0 0.603125 0.5805555555555556 0.609375 0.5833333333333334 0.62734375 0.5833333333333334 0.640625 0.5888888888888889 0.6453125 0.5958333333333333 0.6453125 0.6027777777777777 0.6484375 0.6097222222222223 0.653125 0.6097222222222223 0.6578125 0.6152777777777778 0.6578125 0.6194444444444445 0.653125 0.6263888888888889 0.653125 0.7125 0.64921875 0.7416666666666667 0.64609375 0.7472222222222222 0.63671875 0.7444444444444445 0.6359375 0.7263888888888889 0.63359375 0.7194444444444444 0.6296875 0.7263888888888889 0.62265625 0.7263888888888889 0.61796875 0.7180555555555556 0.6125 0.7152777777777778 0.603125 0.7194444444444444 0.59609375 0.7152777777777778 0.58125 0.7180555555555556 0.5734375 0.7402777777777778 0.56484375 0.7430555555555556 0.56171875 0.7375 0.5625 0.65 0.56796875 0.6361111111111111 0.56875 0.6263888888888889 0.56328125 0.6194444444444445 0.56328125 0.6138888888888889 0.56640625 0.6069444444444444 0.5734375 0.6055555555555555 0.58125 0.5875 0.60234375 0.5805555555555556
0 0.30078125 0.2152777777777778 0.30625 0.2222222222222222 0.31015625 0.24722222222222223 0.30703125 0.2513888888888889 0.28046875 0.2652777777777778 0.27578125 0.2652777777777778 0.275 0.2625 0.275 0.2361111111111111 0.278125 0.22361111111111112 0.28359375 0.21805555555555556 0.3 0.2152777777777778
0 0.4 0.27361111111111114 0.40390625 0.2763888888888889 0.40625 0.2861111111111111 0.40703125 0.29444444444444445 0.40546875 0.3 0.39921875 0.30694444444444446 0.3875 0.3125 0.38359375 0.3111111111111111 0.38125 0.3055555555555556 0.378125 0.29305555555555557 0.3796875 0.28194444444444444 0.3859375 0.27361111111111114 0.39921875 0.27361111111111114
0 0.29453125 0.5986111111111111 0.3 0.6027777777777777 0.31015625 0.6291666666666667 0.31484375 0.6291666666666667 0.31875 0.6333333333333333 0.31796875 0.6402777777777777 0.315625 0.6430555555555556 0.3171875 0.6819444444444445 0.315625 0.7055555555555556 0.31328125 0.7111111111111111 0.30625 0.7125 0.30390625 0.7166666666666667 0.303125 0.7333333333333333 0.2984375 0.7416666666666667 0.290625 0.7375 0.2859375 0.7277777777777777 0.28515625 0.7166666666666667 0.2875 0.7055555555555556 0.2859375 0.7027777777777777 0.27890625 0.7027777777777777 0.26484375 0.6791666666666667 0.25859375 0.675 0.22265625 0.6722222222222223 0.21953125 0.6680555555555555 0.21875 0.6625 0.2234375 0.65 0.2296875 0.6194444444444445 0.24140625 0.5986111111111111 0.25234375 0.5958333333333333 0.2859375 0.5958333333333333 0.29375 0.5986111111111111
0 0.50078125 0.2708333333333333 0.515625 0.2722222222222222 0.521875 0.2861111111111111 0.5234375 0.29583333333333334 0.51875 0.33055555555555555 0.5109375 0.33055555555555555 0.509375 0.3263888888888889 0.5078125 0.28888888888888886 0.503125 0.27361111111111114 0.50078125 0.2722222222222222
0 0.128125 0.2388888888888889 0.13671875 0.24305555555555555 0.13984375 0.2513888888888889 0.13984375 0.28055555555555556 0.1328125 0.2861111111111111 0.1125 0.2847222222222222 0.10234375 0.275 0.1046875 0.25972222222222224 0.1125 0.24166666666666667 0.115625 0.2388888888888889 0.12734375 0.2388888888888889
0 0.41796875 0.36527777777777776 0.4359375 0.36944444444444446 0.440625 0.38333333333333336 0.44765625 0.3958333333333333 0.45078125 0.425 0.446875 0.4486111111111111 0.44296875 0.4513888888888889 0.43828125 0.4513888888888889 0.43515625 0.44722222222222224 0.43515625 0.4236111111111111 0.425 0.3972222222222222 0.41640625 0.39305555555555555 0.39765625 0.39305555555555555 0.39453125 0.3902777777777778 0.396875 0.375 0.4 0.37083333333333335 0.4171875 0.36527777777777776
0 0.634375 0.16944444444444445 0.6375 0.17777777777777778 0.6328125 0.19583333333333333 0.63046875 0.1986111111111111 0.62578125 0.1986111111111111 0.621875 0.19444444444444445 0.61953125 0.18888888888888888 0.61953125 0.18055555555555555 0.6203125 0.1736111111111111 0.62421875 0.16805555555555557 0.63359375 0.16944444444444445
0 0.453125 0.30416666666666664 0.47109375 0.3055555555555556 0.48125 0.3138888888888889 0.4828125 0.325 0.49140625 0.3388888888888889 0.4890625 0.3472222222222222 0.4875 0.3763888888888889 0.4828125 0.3763888888888889 0.48203125 0.3680555555555556 0.47578125 0.35694444444444445 0.4734375 0.34305555555555556 0.46953125 0.33611111111111114 0.45703125 0.33194444444444443 0.44296875 0.3347222222222222 0.4453125 0.31527777777777777 0.45234375 0.3055555555555556
0 0.803125 0.3972222222222222 0.82109375 0.39861111111111114 0.83359375 0.4027777777777778 0.8390625 0.4083333333333333 0.840625 0.41388888888888886 0.83984375 0.45 0.8421875 0.45555555555555555 0.83828125 0.475 0.8390625 0.4888888888888889 0.80546875 0.4888888888888889 0.8015625 0.49166666666666664 0.79296875 0.5138888888888888 0.7890625 0.5180555555555556 0.77578125 0.5125 0.7671875 0.49166666666666664 0.7671875 0.48194444444444445 0.771875 0.4666666666666667 0.771875 0.4486111111111111 0.77421875 0.44166666666666665 0.77265625 0.4097222222222222 0.775 0.4027777777777778 0.78125 0.3972222222222222 0.80234375 0.3972222222222222
0 0.728125 0.39861111111111114 0.73046875 0.4013888888888889 0.734375 0.41805555555555557 0.734375 0.4375 0.728125 0.43194444444444446 0.696875 0.4305555555555556 0.690625 0.4361111111111111 0.68515625 0.45694444444444443 0.68203125 0.45694444444444443 0.68203125 0.45 0.68515625 0.44305555555555554 0.6875 0.4083333333333333 0.69140625 0.3972222222222222 0.69609375 0.39444444444444443 0.7109375 0.39444444444444443 0.72734375 0.39861111111111114
0 0.65078125 0.2263888888888889 0.65390625 0.24444444444444444 0.64453125 0.24027777777777778 0.63125 0.24305555555555555 0.63046875 0.23472222222222222 0.6328125 0.2263888888888889 0.65 0.2263888888888889
0 0.653125 0.24305555555555555 0.65546875 0.2513888888888889 0.64609375 0.25 0.640625 0.25277777777777777 0.63359375 0.2777777777777778 0.63046875 0.2722222222222222 0.63203125 0.24444444444444444 0.6375 0.24027777777777778 0.65078125 0.24027777777777778 0.65234375 0.24305555555555555
0 0.69609375 0.21944444444444444 0.69765625 0.2263888888888889 0.709375 0.22916666666666666 0.71328125 0.23333333333333334 0.71328125 0.2375 0.6984375 0.24166666666666667 0.69453125 0.24722222222222223 0.69609375 0.25833333333333336 0.6921875 0.28194444444444444 0.6890625 0.2847222222222222 0.68125 0.28194444444444444 0.67890625 0.275 0.67890625 0.2652777777777778 0.684375 0.24166666666666667 0.68359375 0.23333333333333334 0.68671875 0.22916666666666666 0.69375 0.22777777777777777 0.69609375 0.22361111111111112 0.6953125 0.22083333333333333
0 0.70859375 0.4305555555555556 0.73046875 0.43194444444444446 0.73359375 0.43472222222222223 0.7359375 0.4486111111111111 0.74140625 0.45555555555555555 0.7390625 0.4652777777777778 0.740625 0.4791666666666667 0.7390625 0.48333333333333334 0.71484375 0.4861111111111111 0.7 0.525 0.69296875 0.5291666666666667 0.6828125 0.5291666666666667 0.68125 0.5236111111111111 0.68125 0.4930555555555556 0.684375 0.45694444444444443 0.6921875 0.43333333333333335 0.7078125 0.4305555555555556
0 0.65703125 0.19583333333333333 0.6625 0.2111111111111111 0.66328125 0.2361111111111111 0.66171875 0.25 0.65390625 0.24027777777777778 0.65078125 0.2263888888888889 0.63828125 0.22361111111111112 0.6359375 0.21805555555555556 0.6375 0.2111111111111111 0.64375 0.2013888888888889 0.6484375 0.1986111111111111 0.6546875 0.2 0.65625 0.19722222222222222
0 0.396875 0.4388888888888889 0.4015625 0.4444444444444444 0.41953125 0.4486111111111111 0.42109375 0.4527777777777778 0.3984375 0.4583333333333333 0.37890625 0.48055555555555557 0.3453125 0.5319444444444444 0.34140625 0.5333333333333333 0.334375 0.525 0.34375 0.45694444444444443 0.3484375 0.4513888888888889 0.353125 0.4527777777777778 0.3671875 0.44305555555555554 0.39453125 0.44305555555555554 0.396875 0.44027777777777777
0 0.21640625 0.27361111111111114 0.22734375 0.29305555555555557 0.22734375 0.2986111111111111 0.2234375 0.3055555555555556 0.21640625 0.3111111111111111 0.2140625 0.2986111111111111 0.21171875 0.2972222222222222 0.20859375 0.30277777777777776 0.20625 0.31666666666666665 0.1828125 0.33055555555555555 0.17890625 0.3277777777777778 0.178125 0.28888888888888886 0.190625 0.2708333333333333 0.203125 0.26944444444444443 0.2125 0.28888888888888886 0.2140625 0.2875 0.215625 0.275
0 0.06484375 0.4305555555555556 0.07421875 0.43194444444444446 0.08125 0.44027777777777777 0.08828125 0.45555555555555555 0.090625 0.48055555555555557 0.08828125 0.5055555555555555 0.0796875 0.4847222222222222 0.07890625 0.4708333333333333 0.07421875 0.46805555555555556 0.07109375 0.4736111111111111 0.06328125 0.5208333333333334 0.02109375 0.5236111111111111 0.0078125 0.5236111111111111 0.0046875 0.5166666666666667 0.00546875 0.4875 0.0109375 0.46805555555555556 0.01015625 0.4638888888888889 0.03046875 0.43472222222222223 0.0640625 0.4305555555555556
0 0.99453125 0.6986111111111111 0.9953125 0.7069444444444445 0.99921875 0.7111111111111111 0.99921875 0.8722222222222222 0.99453125 0.8805555555555555 0.98984375 0.8805555555555555 0.98828125 0.875 0.984375 0.875 0.9796875 0.8875 0.98046875 0.8944444444444445 0.9765625 0.8930555555555556 0.97109375 0.8986111111111111 0.96171875 0.8986111111111111 0.95625 0.8916666666666667 0.94765625 0.8666666666666667 0.94296875 0.8625 0.934375 0.8611111111111112 0.93203125 0.8486111111111111 0.93359375 0.7680555555555556 0.93515625 0.7527777777777778 0.9390625 0.7402777777777778 0.94609375 0.7361111111111112 0.95859375 0.7166666666666667 0.96484375 0.7111111111111111 0.971875 0.7069444444444445 0.984375 0.7083333333333334 0.9921875 0.7055555555555556 0.99453125 0.7027777777777777 0.99375 0.7
0 0.6546875 0.40694444444444444 0.66015625 0.4125 0.66171875 0.4236111111111111 0.66875 0.44583333333333336 0.66640625 0.4847222222222222 0.6640625 0.49583333333333335 0.66171875 0.48333333333333334 0.6625 0.4791666666666667 0.6515625 0.4444444444444444 0.6375 0.4375 0.6171875 0.43472222222222223 0.61875 0.42083333333333334 0.625 0.40694444444444444 0.65390625 0.40694444444444444
0 0.79453125 0.3638888888888889 0.8015625 0.3763888888888889 0.8046875 0.39305555555555555 0.80078125 0.3972222222222222 0.778125 0.39861111111111114 0.77421875 0.40555555555555556 0.77265625 0.41388888888888886 0.7734375 0.4361111111111111 0.76484375 0.44027777777777777 0.75703125 0.4527777777777778 0.75390625 0.4527777777777778 0.74609375 0.4361111111111111 0.74609375 0.39305555555555555 0.75234375 0.36944444444444446 0.7609375 0.3597222222222222 0.79375 0.3638888888888889
0 0.70625 0.2763888888888889 0.73125 0.2777777777777778 0.7375 0.2861111111111111 0.7359375 0.3111111111111111 0.7296875 0.31805555555555554 0.73046875 0.325 0.725 0.3347222222222222 0.7265625 0.3375 0.72109375 0.3347222222222222 0.7125 0.33611111111111114 0.70859375 0.3388888888888889 0.703125 0.35 0.69921875 0.35 0.69765625 0.3402777777777778 0.6984375 0.30972222222222223 0.69609375 0.28888888888888886 0.69921875 0.28055555555555556 0.70546875 0.2777777777777778
0 0 0.5486111111111112 0.009375 0.5541666666666667 0.0140625 0.5777777777777777 0.01953125 0.5875 0.02109375 0.5944444444444444 0.01953125 0.6166666666666667 0.021875 0.6388888888888888 0.021875 0.6611111111111111 0.01796875 0.6791666666666667 0.015625 0.6833333333333333 0.0078125 0.6833333333333333 0 0.6888888888888889 0 0.55
0 0.625 0.4375 0.65078125 0.44166666666666665 0.6578125 0.45555555555555555 0.66015625 0.4736111111111111 0.6640625 0.48333333333333334 0.6609375 0.5375 0.65859375 0.5444444444444444 0.65234375 0.5416666666666666 0.6453125 0.5097222222222222 0.6390625 0.49722222222222223 0.63046875 0.4930555555555556 0.60234375 0.4930555555555556 0.60625 0.4597222222222222 0.61015625 0.44583333333333336 0.61484375 0.4388888888888889 0.62421875 0.4375
0 0.50078125 0.27361111111111114 0.50546875 0.2791666666666667 0.509375 0.30277777777777776 0.509375 0.33611111111111114 0.50703125 0.34305555555555556 0.4890625 0.3402777777777778 0.4859375 0.33194444444444443 0.4875 0.32083333333333336 0.48515625 0.30277777777777776 0.48046875 0.29444444444444445 0.471875 0.2916666666666667 0.471875 0.28194444444444444 0.47578125 0.27361111111111114 0.5 0.27361111111111114
0 0.82734375 0.625 0.84453125 0.6291666666666667 0.85546875 0.6430555555555556 0.86328125 0.6638888888888889 0.87109375 0.6944444444444444 0.87109375 0.7597222222222222 0.86875 0.7694444444444445 0.86796875 0.7861111111111111 0.865625 0.7916666666666666 0.8625 0.7930555555555555 0.85625 0.7861111111111111 0.85546875 0.7763888888888889 0.85234375 0.7708333333333334 0.84296875 0.7666666666666667 0.82421875 0.7666666666666667 0.81796875 0.7611111111111111 0.81171875 0.7611111111111111 0.80078125 0.7319444444444444 0.78984375 0.725 0.76875 0.7222222222222222 0.765625 0.7180555555555556 0.765625 0.6902777777777778 0.76796875 0.6736111111111112 0.7828125 0.6361111111111111 0.79375 0.6236111111111111 0.8265625 0.625
0 0.609375 0.49444444444444446 0.6375 0.49722222222222223 0.64375 0.5069444444444444 0.6515625 0.5444444444444444 0.65078125 0.5791666666666667 0.6484375 0.5916666666666667 0.64609375 0.5916666666666667 0.64609375 0.5805555555555556 0.6390625 0.5625 0.6359375 0.5472222222222223 0.63046875 0.5388888888888889 0.6234375 0.5361111111111111 0.59140625 0.5388888888888889 0.58984375 0.5361111111111111 0.59453125 0.5013888888888889 0.5984375 0.49444444444444446 0.60859375 0.49444444444444446
0 0.671875 0.8583333333333333 0.70703125 0.8611111111111112 0.73203125 0.8680555555555556 0.73984375 0.8777777777777778 0.74765625 0.9 0.75625 0.9 0.765625 0.9069444444444444 0.7671875 0.9180555555555555 0.76328125 0.9236111111111112 0.7546875 0.9236111111111112 0.753125 0.9291666666666667 0.75703125 0.9472222222222222 0.76328125 0.9638888888888889 0.7671875 0.9944444444444445 0.7640625 0.9986111111111111 0.7109375 0.9986111111111111 0.70546875 0.9944444444444445 0.69609375 0.9972222222222222 0.64453125 0.9958333333333333 0.63828125 0.9986111111111111 0.63671875 0.9958333333333333 0.61640625 0.9944444444444445 0.61484375 0.9319444444444445 0.6171875 0.9138888888888889 0.61171875 0.9111111111111111 0.60859375 0.9055555555555556 0.60859375 0.8944444444444445 0.615625 0.8875 0.6296875 0.8875 0.64140625 0.8652777777777778 0.646875 0.8611111111111112 0.67109375 0.8597222222222223
0 0.41328125 0.36527777777777776 0.41484375 0.35833333333333334 0.4203125 0.3541666666666667 0.44921875 0.35138888888888886 0.4515625 0.35555555555555557 0.45703125 0.39166666666666666 0.45703125 0.4166666666666667 0.45625 0.4222222222222222 0.44921875 0.4305555555555556 0.446875 0.39861111111111114 0.44296875 0.39305555555555555 0.43828125 0.375 0.4328125 0.3680555555555556 0.4140625 0.36527777777777776
0 0.20625 0.18888888888888888 0.20859375 0.2361111111111111 0.20703125 0.25 0.20234375 0.25 0.19453125 0.24305555555555555 0.17421875 0.24305555555555555 0.1671875 0.24583333333333332 0.16328125 0.22361111111111112 0.1640625 0.2013888888888889 0.16796875 0.19583333333333333 0.19921875 0.19444444444444445 0.20546875 0.19027777777777777
0 0.7265625 0.5402777777777777 0.759375 0.5458333333333333 0.765625 0.5555555555555556 0.76875 0.5666666666666667 0.77421875 0.5666666666666667 0.77734375 0.5708333333333333 0.77734375 0.575 0.771875 0.5805555555555556 0.77421875 0.6 0.77265625 0.6583333333333333 0.76171875 0.6833333333333333 0.75390625 0.675 0.7546875 0.6680555555555555 0.75234375 0.6638888888888889 0.74609375 0.6611111111111111 0.71328125 0.6611111111111111 0.7078125 0.6666666666666666 0.7078125 0.6722222222222223 0.7046875 0.6777777777777778 0.69765625 0.6777777777777778 0.69453125 0.6722222222222223 0.69453125 0.6277777777777778 0.69765625 0.6055555555555555 0.69765625 0.5902777777777778 0.696875 0.5791666666666667 0.6890625 0.5708333333333333 0.68828125 0.5638888888888889 0.69375 0.5597222222222222 0.7 0.5597222222222222 0.703125 0.5458333333333333 0.70703125 0.5416666666666666 0.72578125 0.5402777777777777
0 0.26640625 0.19305555555555556 0.2734375 0.20555555555555555 0.2734375 0.22916666666666666 0.26953125 0.23472222222222222 0.24609375 0.23472222222222222 0.24375 0.22916666666666666 0.24375 0.21388888888888888 0.24765625 0.19722222222222222 0.25390625 0.19305555555555556 0.265625 0.19305555555555556
0 0.67421875 0.19166666666666668 0.678125 0.18194444444444444 0.68203125 0.18055555555555555 0.70546875 0.18194444444444444 0.71015625 0.18472222222222223 0.7125 0.19722222222222222 0.7125 0.20416666666666666 0.709375 0.2111111111111111 0.7 0.20972222222222223 0.69609375 0.21666666666666667 0.69296875 0.2125 0.67734375 0.2111111111111111 0.67421875 0.2013888888888889 0.67421875 0.19305555555555556
0 0 0.24305555555555555 0.0328125 0.24583333333333332 0.040625 0.2652777777777778 0.040625 0.2861111111111111 0.0390625 0.29305555555555557 0.03671875 0.2972222222222222 0.02578125 0.3 0.01875 0.2763888888888889 0 0.25972222222222224 0 0.24444444444444444
0 0.6453125 0.2638888888888889 0.6609375 0.26805555555555555 0.6640625 0.28055555555555556 0.66328125 0.28888888888888886 0.6609375 0.2916666666666667 0.65859375 0.28888888888888886 0.64296875 0.2875 0.63671875 0.29583333333333334 0.63671875 0.3 0.63359375 0.2986111111111111 0.6328125 0.29444444444444445 0.63359375 0.2777777777777778 0.63671875 0.26666666666666666 0.64453125 0.2638888888888889
0 0.553125 0.25972222222222224 0.55703125 0.2611111111111111 0.5640625 0.2722222222222222 0.565625 0.2847222222222222 0.5640625 0.3486111111111111 0.5609375 0.35694444444444445 0.53359375 0.3527777777777778 0.53125 0.35 0.525 0.3277777777777778 0.5265625 0.2763888888888889 0.52890625 0.26805555555555555 0.5359375 0.25972222222222224 0.55234375 0.25972222222222224
0 0.7578125 0.4888888888888889 0.765625 0.49722222222222223 0.77109375 0.525 0.77421875 0.5625 0.76953125 0.5652777777777778 0.7578125 0.5444444444444444 0.73203125 0.5402777777777777 0.709375 0.5416666666666666 0.70625 0.5458333333333333 0.703125 0.5597222222222222 0.7015625 0.5597222222222222 0.70234375 0.5263888888888889 0.71484375 0.4875 0.7453125 0.4847222222222222 0.75703125 0.4888888888888889
0 0.58203125 0.24166666666666667 0.58515625 0.24722222222222223 0.5859375 0.2986111111111111 0.58515625 0.31805555555555554 0.5828125 0.32222222222222224 0.5765625 0.32083333333333336 0.5734375 0.3111111111111111 0.571875 0.29444444444444445 0.56640625 0.2861111111111111 0.56328125 0.26944444444444443 0.55625 0.25416666666666665 0.55703125 0.24722222222222223 0.56328125 0.24027777777777778 0.578125 0.2388888888888889 0.58125 0.24166666666666667
0 0.24375 0.675 0.2578125 0.6763888888888889 0.265625 0.6805555555555556 0.2828125 0.7166666666666667 0.284375 0.7347222222222223 0.28359375 0.7902777777777777 0.28125 0.7958333333333333 0.27265625 0.8 0.26875 0.7972222222222223 0.26796875 0.7791666666666667 0.26484375 0.7708333333333334 0.25390625 0.7527777777777778 0.24921875 0.7361111111111112 0.2390625 0.7236111111111111 0.23359375 0.7111111111111111 0.22265625 0.7152777777777778 0.1984375 0.7138888888888889 0.184375 0.7097222222222223 0.1953125 0.6819444444444445 0.2 0.6777777777777778 0.21015625 0.6736111111111112 0.24296875 0.675
0 0.74140625 0.32222222222222224 0.75859375 0.33194444444444443 0.7625 0.3486111111111111 0.76171875 0.35833333333333334 0.75703125 0.3625 0.74765625 0.38333333333333336 0.74375 0.37083333333333335 0.74296875 0.3486111111111111 0.73984375 0.34305555555555556 0.728125 0.3347222222222222 0.73046875 0.3277777777777778 0.740625 0.32222222222222224
0 0.61171875 0.7486111111111111 0.6359375 0.7541666666666667 0.64453125 0.7638888888888888 0.64921875 0.7777777777777778 0.6578125 0.7805555555555556 0.66171875 0.7861111111111111 0.6625 0.7902777777777777 0.6609375 0.7944444444444444 0.65234375 0.8 0.6546875 0.8555555555555555 0.64296875 0.8611111111111112 0.6296875 0.8833333333333333 0.62109375 0.8833333333333333 0.609375 0.8902777777777777 0.60546875 0.9027777777777778 0.57421875 0.9027777777777778 0.56953125 0.9055555555555556 0.56640625 0.9138888888888889 0.55859375 0.9208333333333333 0.55390625 0.9194444444444444 0.55234375 0.9138888888888889 0.553125 0.8694444444444445 0.5515625 0.8625 0.5515625 0.8333333333333334 0.55390625 0.8208333333333333 0.55390625 0.8041666666666667 0.55234375 0.7930555555555555 0.54453125 0.7861111111111111 0.5453125 0.7777777777777778 0.55078125 0.7736111111111111 0.5578125 0.7736111111111111 0.56875 0.7541666666666667 0.57421875 0.75 0.6109375 0.7486111111111111
0 0.725 0.24166666666666667 0.73046875 0.24861111111111112 0.72890625 0.2652777777777778 0.73125 0.2763888888888889 0.70234375 0.2763888888888889 0.696875 0.2847222222222222 0.6953125 0.29305555555555557 0.69140625 0.2833333333333333 0.69453125 0.25972222222222224 0.69453125 0.24444444444444444 0.6984375 0.24027777777777778 0.70625 0.2388888888888889 0.72421875 0.24166666666666667
0 0.28125 0.3 0.2859375 0.30972222222222223 0.2890625 0.33055555555555555 0.2578125 0.33611111111111114 0.24921875 0.35 0.24453125 0.3680555555555556 0.24140625 0.36527777777777776 0.240625 0.3416666666666667 0.2421875 0.3277777777777778 0.240625 0.32083333333333336 0.2546875 0.3013888888888889 0.28046875 0.3
0 0.40625 0.2861111111111111 0.403125 0.275 0.40546875 0.26805555555555555 0.425 0.2638888888888889 0.4328125 0.26805555555555555 0.4328125 0.28055555555555556 0.421875 0.28888888888888886 0.40703125 0.2861111111111111
0 0.1875 0.7111111111111111 0.2140625 0.7125 0.21953125 0.7152777777777778 0.23515625 0.7125 0.24140625 0.7263888888888889 0.25 0.7375 0.25390625 0.7541666666666667 0.2671875 0.775 0.26796875 0.8097222222222222 0.265625 0.8680555555555556 0.26171875 0.8763888888888889 0.2515625 0.875 0.25 0.8777777777777778 0.246875 0.9152777777777777 0.24453125 0.9236111111111112 0.23671875 0.925 0.23125 0.9111111111111111 0.21875 0.9069444444444444 0.20859375 0.8972222222222223 0.20859375 0.875 0.20703125 0.8680555555555556 0.203125 0.8597222222222223 0.1953125 0.8569444444444444 0.1875 0.8666666666666667 0.1859375 0.8847222222222222 0.18125 0.9013888888888889 0.175 0.9083333333333333 0.16171875 0.9138888888888889 0.1546875 0.9263888888888889 0.1453125 0.9291666666666667 0.1390625 0.925 0.13671875 0.9013888888888889 0.1359375 0.8527777777777777 0.1390625 0.8347222222222223 0.1390625 0.8097222222222222 0.14140625 0.7958333333333333 0.146875 0.7722222222222223 0.153125 0.7513888888888889 0.159375 0.7388888888888889 0.1609375 0.7291666666666666 0.171875 0.7125 0.17734375 0.7097222222222223 0.18671875 0.7111111111111111
0 0.346875 0.18611111111111112 0.35234375 0.19027777777777777 0.35625 0.20694444444444443 0.35625 0.22361111111111112 0.3515625 0.22777777777777777 0.33671875 0.2263888888888889 0.334375 0.22361111111111112 0.33359375 0.20972222222222223 0.3375 0.19583333333333333 0.3375 0.18888888888888888 0.34609375 0.18611111111111112
0 0.378125 0.42777777777777776 0.39453125 0.4305555555555556 0.39765625 0.43472222222222223 0.39921875 0.44305555555555554 0.36953125 0.4444444444444444 0.34375 0.4583333333333333 0.340625 0.45694444444444443 0.34140625 0.4513888888888889 0.35390625 0.42777777777777776 0.37734375 0.42777777777777776