3 0.05859375 0.18194444444444444 0.06015625 0.1763888888888889 0.0640625 0.1763888888888889 0.07890625 0.18472222222222223 0.08515625 0.20833333333333334 0.08359375 0.25416666666666665 0.07890625 0.25833333333333336 0.0640625 0.2569444444444444 0.06015625 0.24861111111111112 0.059375 0.2375 0.059375 0.18333333333333332
3 0.59453125 0.42916666666666664 0.6390625 0.43333333333333335 0.65546875 0.44583333333333336 0.659375 0.45416666666666666 0.665625 0.48055555555555557 0.66953125 0.5069444444444444 0.66875 0.5166666666666667 0.64609375 0.5125 0.61953125 0.5125 0.61015625 0.5236111111111111 0.60859375 0.5361111111111111 0.6046875 0.5402777777777777 0.60234375 0.55 0.59765625 0.5569444444444445 0.5921875 0.5569444444444445 0.5828125 0.525 0.5828125 0.49027777777777776 0.58671875 0.43472222222222223 0.58828125 0.4305555555555556 0.59375 0.4305555555555556
3 0.4890625 0.25 0.51484375 0.25 0.5203125 0.25555555555555554 0.52265625 0.26805555555555555 0.521875 0.2833333333333333 0.51875 0.28888888888888886 0.50625 0.2833333333333333 0.4875 0.2833333333333333 0.4890625 0.2513888888888889
3 0.20703125 0.20277777777777778 0.23203125 0.22083333333333333 0.23203125 0.23194444444444445 0.2296875 0.2375 0.21328125 0.24305555555555555 0.20390625 0.2388888888888889 0.1921875 0.24027777777777778 0.18828125 0.23055555555555557 0.1875 0.21944444444444444 0.18984375 0.20416666666666666 0.20625 0.20277777777777778
2 0.39375 0.2625 0.396875 0.2638888888888889 0.3984375 0.26944444444444443 0.3984375 0.2902777777777778 0.39375 0.29444444444444445 0.38984375 0.2861111111111111 0.3890625 0.26805555555555555 0.390625 0.2638888888888889 0.39296875 0.2638888888888889
2 0.461328125 0.3715277777777778 0.01328125 0.043055555555555555
2 0.109375 0.4736111111111111 0.11796875 0.46805555555555556 0.12265625 0.46944444444444444 0.12421875 0.4736111111111111 0.12421875 0.5180555555555556 0.11796875 0.5305555555555556 0.1125 0.5305555555555556 0.1078125 0.5166666666666667 0.10703125 0.4930555555555556 0.109375 0.475
2 0.13203125 0.39305555555555555 0.134375 0.3958333333333333 0.13515625 0.4083333333333333 0.13359375 0.4305555555555556 0.13125 0.43472222222222223 0.12578125 0.43194444444444446 0.1234375 0.4152777777777778 0.125 0.39444444444444443 0.13125 0.39305555555555555
2 0.27890625 0.2569444444444444 0.28359375 0.2625 0.2828125 0.2763888888888889 0.2796875 0.28055555555555556 0.275 0.2777777777777778 0.275 0.2652777777777778 0.278125 0.25833333333333336
2 0.16875 0.29583333333333334 0.175 0.30694444444444446 0.175 0.32083333333333336 0.16875 0.35 0.16484375 0.3527777777777778 0.1609375 0.35 0.159375 0.3194444444444444 0.16171875 0.3013888888888889 0.16796875 0.29583333333333334
2 0.396875 0.20694444444444443 0.3984375 0.2152777777777778 0.39609375 0.225 0.39296875 0.225 0.390625 0.21666666666666667 0.3921875 0.20694444444444443 0.39609375 0.20694444444444443
1 0.4640625 0.39305555555555555 0.46875 0.3972222222222222 0.47578125 0.4166666666666667 0.4828125 0.4263888888888889 0.48125 0.43333333333333335 0.484375 0.4652777777777778 0.484375 0.4888888888888889 0.4828125 0.4930555555555556 0.47734375 0.4930555555555556 0.46875 0.4847222222222222 0.43125 0.4875 0.42421875 0.48055555555555557 0.421875 0.4361111111111111 0.4265625 0.4222222222222222 0.43046875 0.4 0.4359375 0.39305555555555555 0.46328125 0.39305555555555555
1 0.49140625 0.21944444444444444 0.49765625 0.22916666666666666 0.49921875 0.24305555555555555 0.4984375 0.24583333333333332 0.4875 0.25 0.48046875 0.25 0.4765625 0.24583333333333332 0.475 0.225 0.4796875 0.22083333333333333 0.490625 0.21944444444444444
1 0.22890625 0.30833333333333335 0.23671875 0.325 0.2375 0.35138888888888886 0.228125 0.3375 0.19609375 0.3388888888888889 0.19921875 0.32083333333333336 0.20546875 0.30972222222222223 0.228125 0.30833333333333335
1 0.43984375 0.2569444444444444 0.44921875 0.25972222222222224 0.453125 0.26666666666666666 0.4546875 0.27361111111111114 0.4546875 0.2972222222222222 0.45625 0.2986111111111111 0.4421875 0.2972222222222222 0.4328125 0.3055555555555556 0.42734375 0.3055555555555556 0.42578125 0.3013888888888889 0.4265625 0.2777777777777778 0.4296875 0.2611111111111111 0.4390625 0.2569444444444444
1 0.446875 0.19444444444444445 0.45234375 0.19722222222222222 0.45390625 0.20277777777777778 0.453125 0.2152777777777778 0.44921875 0.225 0.4421875 0.22361111111111112 0.4375 0.20833333333333334 0.4375 0.2013888888888889 0.43984375 0.19583333333333333 0.44609375 0.19444444444444445
1 0.24453125 0.25277777777777777 0.24765625 0.2652777777777778 0.24921875 0.2763888888888889 0.2484375 0.2902777777777778 0.2515625 0.30277777777777776 0.2515625 0.32222222222222224 0.24453125 0.3458333333333333 0.240625 0.3458333333333333 0.2390625 0.3236111111111111 0.23046875 0.29305555555555557 0.2125 0.29305555555555557 0.2109375 0.28888888888888886 0.2171875 0.2652777777777778 0.22265625 0.2569444444444444 0.23203125 0.25277777777777777 0.24375 0.25277777777777777
1 0.50625 0.2833333333333333 0.5125 0.2861111111111111 0.515625 0.29305555555555557 0.50546875 0.2972222222222222 0.5015625 0.30277777777777776 0.49453125 0.32222222222222224 0.49453125 0.34444444444444444 0.48828125 0.3416666666666667 0.47734375 0.32222222222222224 0.4765625 0.29305555555555557 0.48203125 0.2847222222222222 0.50546875 0.2833333333333333
1 0.728125 0.26666666666666666 0.73046875 0.27361111111111114 0.7296875 0.29305555555555557 0.72734375 0.30694444444444446 0.72421875 0.30972222222222223 0.70859375 0.30277777777777776 0.70234375 0.29305555555555557 0.70234375 0.2847222222222222 0.70703125 0.26666666666666666 0.721875 0.2638888888888889 0.72734375 0.26666666666666666
1 0.475 0.325 0.47890625 0.33194444444444443 0.48515625 0.3597222222222222 0.48359375 0.3763888888888889 0.48125 0.38333333333333336 0.46796875 0.38472222222222224 0.465625 0.3875 0.46015625 0.3875 0.446875 0.36944444444444446 0.44453125 0.35 0.44921875 0.3277777777777778 0.453125 0.3236111111111111 0.4640625 0.32083333333333336 0.47421875 0.325
1 0.80078125 0.7 0.81484375 0.7083333333333334 0.828125 0.725 0.8359375 0.7388888888888889 0.8390625 0.7513888888888889 0.84765625 0.7638888888888888 0.85390625 0.7847222222222222 0.8609375 0.7958333333333333 0.86484375 0.8222222222222222 0.86484375 0.8402777777777778 0.86328125 0.8638888888888889 0.86171875 0.8722222222222222 0.85859375 0.8763888888888889 0.8515625 0.8763888888888889 0.8421875 0.8708333333333333 0.80078125 0.8708333333333333 0.78125 0.8666666666666667 0.7609375 0.8708333333333333 0.75703125 0.8652777777777778 0.753125 0.8444444444444444 0.75078125 0.8402777777777778 0.73671875 0.8305555555555556 0.72421875 0.8319444444444445 0.71953125 0.825 0.71640625 0.8 0.71640625 0.7666666666666667 0.71796875 0.7402777777777778 0.72265625 0.7263888888888889 0.7359375 0.7125 0.740625 0.7041666666666667 0.746875 0.7 0.78046875 0.6972222222222222 0.8 0.7
1 0.33515625 0.175 0.3421875 0.18055555555555555 0.34375 0.18611111111111112 0.34375 0.19583333333333333 0.3390625 0.2 0.31953125 0.2 0.31328125 0.19722222222222222 0.31328125 0.18333333333333332 0.32734375 0.175 0.334375 0.175
1 0.60625 0.3625 0.61328125 0.37222222222222223 0.6171875 0.38333333333333336 0.62265625 0.3888888888888889 0.6203125 0.4083333333333333 0.609375 0.42777777777777776 0.58828125 0.425 0.575 0.39861111111111114 0.56171875 0.3902777777777778 0.559375 0.3861111111111111 0.56328125 0.36666666666666664 0.57109375 0.35833333333333334 0.590625 0.35833333333333334 0.60546875 0.3625
1 0.73671875 0.44166666666666665 0.75078125 0.45555555555555555 0.76640625 0.4930555555555556 0.77109375 0.5111111111111111 0.76953125 0.5208333333333334 0.775 0.5388888888888889 0.775 0.5486111111111112 0.77109375 0.5583333333333333 0.765625 0.5638888888888889 0.75546875 0.5569444444444445 0.7234375 0.5555555555555556 0.7140625 0.5597222222222222 0.7078125 0.5666666666666667 0.70234375 0.5666666666666667 0.69296875 0.5513888888888889 0.6859375 0.55 0.68203125 0.5388888888888889 0.68046875 0.5319444444444444 0.68203125 0.48055555555555557 0.684375 0.4708333333333333 0.6890625 0.4638888888888889 0.6921875 0.4486111111111111 0.6984375 0.4375 0.7359375 0.44166666666666665
1 0.36953125 0.8736111111111111 0.38203125 0.8861111111111111 0.3875 0.8972222222222223 0.4109375 0.9666666666666667 0.41875 0.9597222222222223 0.428125 0.9611111111111111 0.4328125 0.9666666666666667 0.43046875 0.9777777777777777 0.41875 0.9875 0.41796875 0.9986111111111111 0.39296875 0.9986111111111111 0.390625 0.9958333333333333 0.36015625 0.9986111111111111 0.34921875 0.9958333333333333 0.2703125 0.9986111111111111 0.2671875 0.9944444444444445 0.26953125 0.9916666666666667 0.26875 0.9833333333333333 0.2734375 0.9722222222222222 0.275 0.9472222222222222 0.28125 0.9291666666666667 0.2875 0.9194444444444444 0.2890625 0.9069444444444444 0.2984375 0.8861111111111111 0.30390625 0.8805555555555555 0.3171875 0.8763888888888889 0.36875 0.8736111111111111
1 0.2234375 0.3611111111111111 0.22890625 0.39305555555555555 0.22890625 0.4111111111111111 0.225 0.4152777777777778 0.221875 0.41388888888888886 0.21796875 0.3861111111111111 0.2140625 0.37777777777777777 0.20703125 0.36944444444444446 0.1921875 0.36666666666666664 0.19609375 0.35833333333333334 0.20078125 0.35694444444444445 0.2140625 0.35694444444444445 0.22265625 0.3611111111111111
1 0.79296875 0.6055555555555555 0.815625 0.6083333333333333 0.825 0.6125 0.834375 0.6222222222222222 0.84296875 0.6375 0.84921875 0.6597222222222222 0.85703125 0.6694444444444444 0.865625 0.6958333333333333 0.86875 0.7222222222222222 0.86640625 0.7333333333333333 0.86640625 0.7472222222222222 0.86328125 0.7555555555555555 0.85625 0.7555555555555555 0.840625 0.7458333333333333 0.8359375 0.7347222222222223 0.81875 0.7097222222222223 0.80078125 0.6972222222222222 0.7828125 0.6944444444444444 0.7625 0.6972222222222222 0.74296875 0.6958333333333333 0.74140625 0.6791666666666667 0.74453125 0.6430555555555556 0.74765625 0.6291666666666667 0.7546875 0.6152777777777778 0.75859375 0.6083333333333333 0.76328125 0.6055555555555555 0.7921875 0.6055555555555555
1 0.421875 0.2 0.42109375 0.19027777777777777 0.42265625 0.18333333333333332 0.42890625 0.17777777777777778 0.43671875 0.18194444444444444 0.4375 0.19583333333333333 0.4328125 0.2013888888888889 0.42265625 0.2
1 0.3140625 0.2222222222222222 0.3203125 0.2263888888888889 0.3234375 0.2361111111111111 0.3234375 0.24166666666666667 0.3171875 0.24722222222222223 0.3046875 0.24444444444444444 0.3 0.23055555555555557 0.30390625 0.22361111111111112 0.31328125 0.2222222222222222
1 0.33046875 0.25416666666666665 0.334375 0.25972222222222224 0.3359375 0.26666666666666666 0.3375 0.3013888888888889 0.3359375 0.3055555555555556 0.315625 0.30694444444444446 0.30859375 0.30694444444444446 0.30625 0.30416666666666664 0.30390625 0.28194444444444444 0.3046875 0.27361111111111114 0.30859375 0.2611111111111111 0.31328125 0.25416666666666665 0.3296875 0.25416666666666665
1 0.35859375 0.3194444444444444 0.37109375 0.3236111111111111 0.38046875 0.3416666666666667 0.3796875 0.3625 0.38125 0.3763888888888889 0.375 0.3819444444444444 0.36953125 0.38055555555555554 0.36640625 0.37222222222222223 0.359375 0.3638888888888889 0.3375 0.35833333333333334 0.3359375 0.3402777777777778 0.3421875 0.3333333333333333 0.34609375 0.32222222222222224 0.3578125 0.3194444444444444
1 0.23203125 0.29444444444444445 0.2359375 0.2986111111111111 0.23671875 0.3111111111111111 0.24296875 0.32222222222222224 0.2421875 0.3402777777777778 0.23984375 0.3388888888888889 0.22734375 0.3111111111111111 0.20234375 0.3138888888888889 0.20546875 0.30277777777777776 0.21171875 0.2916666666666667 0.228125 0.2916666666666667 0.23125 0.29444444444444445
1 0.3578125 0.36666666666666664 0.36328125 0.37083333333333335 0.36796875 0.37916666666666665 0.3765625 0.425 0.3734375 0.46805555555555556 0.36953125 0.47638888888888886 0.35703125 0.4736111111111111 0.340625 0.46111111111111114 0.32265625 0.43194444444444446 0.31875 0.42083333333333334 0.31953125 0.4041666666666667 0.3140625 0.36944444444444446 0.33046875 0.3625 0.35 0.3625 0.35703125 0.36666666666666664
1 0.31953125 0.7361111111111112 0.32734375 0.7430555555555556 0.33515625 0.7555555555555555 0.34453125 0.7777777777777778 0.35546875 0.8166666666666667 0.359375 0.8222222222222222 0.36953125 0.8208333333333333 0.3671875 0.8236111111111111 0.3671875 0.8291666666666667 0.365625 0.8319444444444445 0.3625 0.8291666666666667 0.359375 0.8388888888888889 0.3609375 0.8527777777777777 0.365625 0.8694444444444445 0.3625 0.8722222222222222 0.32265625 0.8736111111111111 0.30703125 0.8777777777777778 0.29921875 0.8833333333333333 0.28828125 0.9069444444444444 0.28671875 0.9166666666666666 0.275 0.9444444444444444 0.27109375 0.9652777777777778 0.27109375 0.9805555555555555 0.2671875 0.9875 0.2671875 0.9944444444444445 0.26484375 0.9958333333333333 0.25078125 0.9930555555555556 0.2484375 0.9833333333333333 0.246875 0.9583333333333334 0.240625 0.9486111111111111 0.23828125 0.9402777777777778 0.234375 0.8944444444444445 0.23671875 0.8055555555555556 0.25078125 0.7569444444444444 0.2578125 0.7444444444444445 0.26875 0.7402777777777778 0.31875 0.7361111111111112
1 0.3703125 0.20416666666666666 0.3734375 0.20972222222222223 0.375 0.225 0.375 0.2388888888888889 0.37265625 0.24444444444444444 0.3625 0.24166666666666667 0.3515625 0.24444444444444444 0.35078125 0.2388888888888889 0.35234375 0.20972222222222223 0.35859375 0.20277777777777778 0.36953125 0.20416666666666666
1 0.4546875 0.3 0.459375 0.30277777777777776 0.46328125 0.30972222222222223 0.4640625 0.31805555555555554 0.45 0.3263888888888889 0.4421875 0.3541666666666667 0.43515625 0.3527777777777778 0.43203125 0.3472222222222222 0.4328125 0.3375 0.43046875 0.33194444444444443 0.43046875 0.31666666666666665 0.43359375 0.30972222222222223 0.4328125 0.30694444444444446 0.4390625 0.3 0.45390625 0.3
1 0.19765625 0.36944444444444446 0.20703125 0.37083333333333335 0.2140625 0.37777777777777777 0.21953125 0.3958333333333333 0.221875 0.41388888888888886 0.2203125 0.4166666666666667 0.196875 0.41805555555555557 0.18671875 0.4222222222222222 0.18046875 0.4375 0.18046875 0.45416666666666666 0.18359375 0.475 0.1828125 0.49444444444444446 0.1796875 0.5 0.1703125 0.5027777777777778 0.16484375 0.5013888888888889 0.16328125 0.49583333333333335 0.1625 0.44305555555555554 0.1578125 0.42083333333333334 0.1609375 0.4152777777777778 0.1640625 0.39305555555555555 0.16875 0.37777777777777777 0.17578125 0.37222222222222223 0.196875 0.36944444444444446
1 0.421875 0.3277777777777778 0.42890625 0.3375 0.4296875 0.3611111111111111 0.41796875 0.37083333333333335 0.4140625 0.3861111111111111 0.40703125 0.4013888888888889 0.39375 0.4041666666666667 0.38984375 0.4041666666666667 0.38671875 0.39861111111111114 0.384375 0.3763888888888889 0.3859375 0.35 0.390625 0.33055555555555555 0.39375 0.3263888888888889 0.40390625 0.3236111111111111 0.4140625 0.3236111111111111 0.42109375 0.3277777777777778
1 0.30703125 0.24722222222222223 0.3125 0.25 0.31328125 0.25416666666666665 0.30546875 0.2722222222222222 0.3046875 0.2861111111111111 0.30078125 0.2902777777777778 0.28515625 0.2902777777777778 0.28203125 0.2763888888888889 0.28359375 0.25972222222222224 0.290625 0.25 0.30625 0.24722222222222223
1 0.43515625 0.20694444444444443 0.43984375 0.21944444444444444 0.43828125 0.23194444444444445 0.43515625 0.23194444444444445 0.43203125 0.2263888888888889 0.41640625 0.22361111111111112 0.41796875 0.20972222222222223 0.421875 0.20555555555555555 0.434375 0.20694444444444443
1 0.29453125 0.3611111111111111 0.31015625 0.3638888888888889 0.3140625 0.36944444444444446 0.31796875 0.4 0.31796875 0.41805555555555557 0.31484375 0.425 0.271875 0.4222222222222222 0.271875 0.3888888888888889 0.27734375 0.37083333333333335 0.28203125 0.36527777777777776 0.29375 0.3611111111111111
1 0.64140625 0.8152777777777778 0.678125 0.8583333333333333 0.69453125 0.8930555555555556 0.69453125 0.8986111111111111 0.70234375 0.9208333333333333 0.70625 0.9166666666666666 0.715625 0.9166666666666666 0.721875 0.9208333333333333 0.7234375 0.925 0.72265625 0.9319444444444445 0.71171875 0.9402777777777778 0.71015625 0.9458333333333333 0.725 0.9847222222222223 0.72578125 0.9944444444444445 0.72265625 0.9986111111111111 0.68984375 0.9986111111111111 0.6828125 0.9958333333333333 0.6796875 0.9986111111111111 0.66875 0.9958333333333333 0.6625 0.9986111111111111 0.6609375 0.9958333333333333 0.64453125 0.9944444444444445 0.62265625 0.9944444444444445 0.6171875 0.9986111111111111 0.57890625 0.9986111111111111 0.5734375 0.9930555555555556 0.58203125 0.9833333333333333 0.5796875 0.9805555555555555 0.55703125 0.9819444444444444 0.55625 0.9875 0.553125 0.9916666666666667 0.55 0.9819444444444444 0.546875 0.9861111111111112 0.5421875 0.9763888888888889 0.5421875 0.9236111111111112 0.5453125 0.8916666666666667 0.54921875 0.8777777777777778 0.5515625 0.8583333333333333 0.565625 0.8236111111111111 0.5875 0.8180555555555555 0.640625 0.8152777777777778
1 0.3765625 0.2638888888888889 0.384375 0.2722222222222222 0.3875 0.2847222222222222 0.38828125 0.31805555555555554 0.38515625 0.32222222222222224 0.35703125 0.31805555555555554 0.35390625 0.3111111111111111 0.35546875 0.28055555555555556 0.35859375 0.26805555555555555 0.3625 0.2638888888888889 0.37578125 0.2638888888888889
1 0.4703125 0.21805555555555556 0.478125 0.24166666666666667 0.478125 0.24722222222222223 0.47421875 0.25 0.4609375 0.24722222222222223 0.453125 0.23333333333333334 0.453125 0.22361111111111112 0.46171875 0.21805555555555556 0.46953125 0.21805555555555556
1 0.315625 0.3347222222222222 0.32734375 0.3402777777777778 0.33203125 0.35694444444444445 0.32890625 0.3611111111111111 0.31875 0.3638888888888889 0.296875 0.3611111111111111 0.29375 0.35833333333333334 0.29765625 0.3416666666666667 0.30078125 0.3375 0.31484375 0.3347222222222222
1 0.48671875 0.2513888888888889 0.48828125 0.25416666666666665 0.4875 0.2763888888888889 0.47890625 0.2861111111111111 0.47265625 0.30277777777777776 0.46796875 0.30277777777777776 0.465625 0.2986111111111111 0.46640625 0.2625 0.47421875 0.2513888888888889 0.4859375 0.2513888888888889
1 0.46640625 0.15138888888888888 0.46953125 0.15833333333333333 0.46953125 0.16527777777777777 0.4671875 0.16944444444444445 0.45859375 0.16944444444444445 0.45625 0.16666666666666666 0.45625 0.15555555555555556 0.4578125 0.1527777777777778 0.465625 0.15138888888888888
1 0.55546875 0.39166666666666666 0.57421875 0.4013888888888889 0.5828125 0.41805555555555557 0.5859375 0.43194444444444446 0.5828125 0.48333333333333334 0.58125 0.4888888888888889 0.56640625 0.4875 0.5484375 0.49166666666666664 0.53828125 0.5041666666666667 0.5359375 0.5041666666666667 0.5296875 0.49166666666666664 0.5234375 0.4875 0.52109375 0.475 0.52265625 0.4305555555555556 0.53203125 0.3972222222222222 0.5390625 0.39305555555555555 0.5546875 0.39166666666666666
1 0.428125 0.2263888888888889 0.43515625 0.23055555555555557 0.4375 0.24166666666666667 0.43671875 0.25416666666666665 0.428125 0.2638888888888889 0.41484375 0.2638888888888889 0.41328125 0.2611111111111111 0.41328125 0.24305555555555555 0.415625 0.22916666666666666 0.41796875 0.225 0.42734375 0.2263888888888889
1 0.27578125 0.2625 0.27734375 0.24166666666666667 0.28046875 0.23472222222222222 0.2859375 0.23055555555555557 0.29921875 0.23055555555555557 0.30390625 0.24444444444444444 0.28984375 0.2513888888888889 0.28515625 0.2611111111111111 0.2765625 0.2625
1 0.40703125 0.18611111111111112 0.41015625 0.19444444444444445 0.41015625 0.20833333333333334 0.40859375 0.2111111111111111 0.3984375 0.20972222222222223 0.39296875 0.2 0.39375 0.19305555555555556 0.39765625 0.18611111111111112 0.40625 0.18611111111111112
1 0.19921875 0.3375 0.22734375 0.3375 0.23203125 0.3402777777777778 0.23828125 0.35694444444444445 0.2375 0.40555555555555556 0.23125 0.40694444444444444 0.22890625 0.4041666666666667 0.22578125 0.375 0.22109375 0.3611111111111111 0.21640625 0.35833333333333334 0.19765625 0.35833333333333334 0.196875 0.3472222222222222 0.1984375 0.3388888888888889
1 0.51328125 0.3597222222222222 0.52109375 0.3638888888888889 0.53046875 0.3888888888888889 0.5296875 0.4027777777777778 0.52578125 0.41944444444444445 0.52109375 0.4263888888888889 0.48828125 0.4263888888888889 0.4828125 0.41388888888888886 0.48203125 0.3888888888888889 0.4875 0.36527777777777776 0.496875 0.35833333333333334 0.5125 0.3597222222222222
1 0.43828125 0.36666666666666664 0.44375 0.3680555555555556 0.4515625 0.3763888888888889 0.45546875 0.3875 0.45390625 0.3902777777777778 0.434375 0.39305555555555555 0.4296875 0.4013888888888889 0.4265625 0.42083333333333334 0.4203125 0.44027777777777777 0.4140625 0.4388888888888889 0.4109375 0.43194444444444446 0.41171875 0.39444444444444443 0.41796875 0.37222222222222223 0.42578125 0.36666666666666664 0.4375 0.36666666666666664
1 0.8328125 0.5444444444444444 0.840625 0.5513888888888889 0.84921875 0.5680555555555555 0.85 0.5736111111111111 0.859375 0.5847222222222223 0.86328125 0.5972222222222222 0.8671875 0.6166666666666667 0.8671875 0.65 0.865625 0.6638888888888889 0.859375 0.6680555555555555 0.853125 0.6638888888888889 0.84921875 0.6569444444444444 0.84375 0.6375 0.83515625 0.6208333333333333 0.8234375 0.6097222222222223 0.803125 0.6041666666666666 0.76796875 0.6027777777777777 0.765625 0.5986111111111111 0.76796875 0.5680555555555555 0.77734375 0.5472222222222223 0.78125 0.5430555555555555 0.7984375 0.5388888888888889 0.82109375 0.5388888888888889 0.83203125 0.5444444444444444
1 0.6546875 0.5152777777777777 0.66796875 0.5194444444444445 0.678125 0.5402777777777777 0.68359375 0.5569444444444445 0.6921875 0.6305555555555555 0.69140625 0.6472222222222223 0.6890625 0.6527777777777778 0.68359375 0.6513888888888889 0.67578125 0.6416666666666667 0.64296875 0.6375 0.6296875 0.6375 0.62421875 0.6402777777777777 0.61953125 0.6472222222222223 0.61171875 0.6486111111111111 0.609375 0.6444444444444445 0.6078125 0.6305555555555555 0.6015625 0.6277777777777778 0.59921875 0.6236111111111111 0.59921875 0.5652777777777778 0.61171875 0.5222222222222223 0.61875 0.5138888888888888 0.65390625 0.5152777777777777
1 0.5015625 0.5291666666666667 0.5109375 0.5305555555555556 0.515625 0.5347222222222222 0.53125 0.5569444444444445 0.54296875 0.5875 0.55078125 0.5861111111111111 0.553125 0.5888888888888889 0.553125 0.5944444444444444 0.54765625 0.6027777777777777 0.553125 0.6236111111111111 0.55703125 0.65 0.5578125 0.7041666666666667 0.55703125 0.7111111111111111 0.553125 0.7166666666666667 0.54296875 0.7152777777777778 0.53203125 0.6875 0.525 0.675 0.52109375 0.6722222222222223 0.4859375 0.6694444444444444 0.46875 0.6736111111111112 0.46015625 0.6819444444444445 0.45078125 0.6847222222222222 0.44765625 0.6833333333333333 0.4453125 0.6777777777777778 0.44453125 0.6166666666666667 0.446875 0.5930555555555556 0.44609375 0.5805555555555556 0.4484375 0.5763888888888888 0.44921875 0.5652777777777778 0.45625 0.5361111111111111 0.4640625 0.5305555555555556 0.50078125 0.5291666666666667
1 0.4328125 0.49166666666666664 0.43828125 0.4930555555555556 0.44609375 0.5013888888888889 0.45390625 0.5263888888888889 0.45390625 0.5361111111111111 0.44453125 0.5777777777777777 0.44296875 0.6097222222222223 0.4390625 0.6138888888888889 0.41015625 0.6138888888888889 0.40625 0.6166666666666667 0.40390625 0.6236111111111111 0.39765625 0.6277777777777778 0.3921875 0.6194444444444445 0.390625 0.5888888888888889 0.3890625 0.5805555555555556 0.3828125 0.5666666666666667 0.38359375 0.5388888888888889 0.3890625 0.5194444444444445 0.3921875 0.49722222222222223 0.39609375 0.4930555555555556 0.4046875 0.49166666666666664 0.43203125 0.49166666666666664
1 0.1109375 0.2569444444444444 0.11640625 0.2611111111111111 0.11875 0.275 0.11796875 0.29583333333333334 0.11328125 0.32083333333333336 0.08359375 0.31666666666666665 0.07890625 0.3138888888888889 0.07734375 0.3055555555555556 0.0796875 0.28194444444444444 0.0875 0.25972222222222224 0.09375 0.25416666666666665 0.11015625 0.2569444444444444
1 0.5265625 0.2972222222222222 0.53125 0.30277777777777776 0.53203125 0.30972222222222223 0.52109375 0.32083333333333336 0.5171875 0.3333333333333333 0.5140625 0.35555555555555557 0.4984375 0.35555555555555557 0.49296875 0.3416666666666667 0.49296875 0.3194444444444444 0.50390625 0.2972222222222222 0.51328125 0.29305555555555557 0.52578125 0.2972222222222222
1 0.5421875 0.31527777777777777 0.54921875 0.32222222222222224 0.55546875 0.3486111111111111 0.55546875 0.38055555555555554 0.55390625 0.38472222222222224 0.5328125 0.3819444444444444 0.52109375 0.3625 0.51328125 0.35555555555555557 0.51640625 0.3347222222222222 0.521875 0.3194444444444444 0.5296875 0.3125 0.54140625 0.31527777777777777
1 0.52578125 0.6791666666666667 0.540625 0.7125 0.553125 0.7541666666666667 0.55703125 0.75 0.56796875 0.7513888888888889 0.56796875 0.7625 0.55703125 0.7722222222222223 0.55859375 0.7861111111111111 0.56640625 0.8111111111111111 0.565625 0.8194444444444444 0.5515625 0.8527777777777777 0.54765625 0.8652777777777778 0.5484375 0.8736111111111111 0.5421875 0.8861111111111111 0.5046875 0.8861111111111111 0.4890625 0.8916666666666667 0.48515625 0.9013888888888889 0.4796875 0.9069444444444444 0.478125 0.9138888888888889 0.46640625 0.9222222222222223 0.4625 0.9222222222222223 0.459375 0.9180555555555555 0.45625 0.8763888888888889 0.453125 0.8708333333333333 0.44921875 0.8694444444444445 0.4453125 0.8583333333333333 0.44375 0.7916666666666666 0.44609375 0.7291666666666666 0.45078125 0.7180555555555556 0.4578125 0.6847222222222222 0.465625 0.6763888888888889 0.5 0.6708333333333333 0.51640625 0.6722222222222223 0.52265625 0.675 0.525 0.6791666666666667
1 0.28671875 0.3 0.29375 0.30416666666666664 0.3 0.3194444444444444 0.3 0.3375 0.29140625 0.35694444444444445 0.27890625 0.35555555555555557 0.27109375 0.35833333333333334 0.265625 0.35833333333333334 0.2640625 0.3527777777777778 0.26484375 0.3194444444444444 0.27109375 0.30416666666666664 0.27734375 0.3 0.2859375 0.3
1 0.62421875 0.4111111111111111 0.65234375 0.41388888888888886 0.659375 0.41805555555555557 0.66640625 0.42777777777777776 0.671875 0.4375 0.67421875 0.4527777777777778 0.68125 0.46944444444444444 0.68203125 0.48055555555555557 0.67890625 0.49583333333333335 0.67578125 0.4986111111111111 0.6703125 0.4986111111111111 0.66796875 0.49444444444444446 0.66328125 0.46944444444444444 0.65390625 0.4444444444444444 0.64140625 0.43333333333333335 0.61484375 0.42916666666666664 0.61484375 0.41805555555555557 0.61953125 0.4111111111111111 0.6234375 0.4111111111111111
0 0.30546875 0.4263888888888889 0.3203125 0.4305555555555556 0.36640625 0.5083333333333333 0.375 0.55 0.38671875 0.5833333333333334 0.38984375 0.6013888888888889 0.390625 0.625 0.38203125 0.6291666666666667 0.37890625 0.6402777777777777 0.38046875 0.6833333333333333 0.3796875 0.7958333333333333 0.378125 0.8 0.3625 0.8125 0.35546875 0.8069444444444445 0.33671875 0.7555555555555555 0.3296875 0.7430555555555556 0.32109375 0.7347222222222223 0.30390625 0.7333333333333333 0.2578125 0.7416666666666667 0.253125 0.7486111111111111 0.2375 0.7958333333333333 0.234375 0.7902777777777777 0.23203125 0.7583333333333333 0.22734375 0.7472222222222222 0.2234375 0.7291666666666666 0.215625 0.6236111111111111 0.21796875 0.5680555555555555 0.2125 0.5347222222222222 0.2171875 0.4388888888888889 0.221875 0.43333333333333335 0.2390625 0.42916666666666664 0.3046875 0.4263888888888889
0 0.34765625 0.1638888888888889 0.3484375 0.1527777777777778 0.35078125 0.15 0.3734375 0.15 0.37578125 0.15694444444444444 0.37578125 0.16805555555555557 0.36953125 0.17777777777777778 0.35234375 0.17777777777777778 0.3484375 0.17083333333333334 0.3484375 0.16527777777777777