3 0.71484375 0.26805555555555555 0.73828125 0.2722222222222222 0.76953125 0.31805555555555554 0.76953125 0.3277777777777778 0.76328125 0.36527777777777776 0.7625 0.41388888888888886 0.7640625 0.425 0.7609375 0.4361111111111111 0.75859375 0.4597222222222222 0.7515625 0.4652777777777778 0.72265625 0.46111111111111114 0.7125 0.46944444444444444 0.70625 0.48055555555555557 0.70390625 0.49027777777777776 0.696875 0.49444444444444446 0.69140625 0.49444444444444446 0.68515625 0.4888888888888889 0.67890625 0.4638888888888889 0.67734375 0.45 0.67109375 0.42916666666666664 0.6703125 0.39305555555555555 0.67578125 0.3138888888888889 0.675 0.2902777777777778 0.67734375 0.27361111111111114 0.68046875 0.26805555555555555 0.7140625 0.26805555555555555
3 0 0.7319444444444444 0.00390625 0.7277777777777777 0.0859375 0.7277777777777777 0.08828125 0.7361111111111112 0.0890625 0.7680555555555556 0.09140625 0.7736111111111111 0.09921875 0.7805555555555556 0.10625 0.8111111111111111 0.10703125 0.8236111111111111 0.109375 0.8305555555555556 0.1078125 0.8402777777777778 0.1109375 0.8805555555555555 0.11015625 0.9458333333333333 0.1015625 0.9722222222222222 0.0984375 0.9972222222222222 0.0453125 0.9986111111111111 0.03984375 0.9958333333333333 0.0375 0.9986111111111111 0.0015625 0.9986111111111111 0 0.9958333333333333 0.0015625 0.9902777777777778 0 0.9888888888888889 0 0.9819444444444444 0.00234375 0.9791666666666666 0.00234375 0.9694444444444444 0 0.9666666666666667 0.0015625 0.9611111111111111 0 0.9541666666666667 0.00234375 0.9513888888888888 0 0.9472222222222222 0 0.9361111111111111 0.0015625 0.9347222222222222 0 0.9291666666666667 0 0.8638888888888889 0.0015625 0.8625 0 0.8611111111111112 0 0.825 0.0015625 0.8236111111111111 0 0.8180555555555555 0 0.7333333333333333
2 0.80625 0.75 0.8078125 0.7680555555555556 0.81015625 0.775 0.8078125 0.7986111111111112 0.80234375 0.8013888888888889 0.79765625 0.8138888888888889 0.79140625 0.8125 0.7796875 0.7958333333333333 0.77734375 0.7916666666666666 0.77734375 0.7777777777777778 0.784375 0.7583333333333333 0.7828125 0.7513888888888889 0.79140625 0.7458333333333333 0.8015625 0.7458333333333333 0.80546875 0.75
2 0.77578125 0.49027777777777776 0.7765625 0.47638888888888886 0.77890625 0.46944444444444444 0.7859375 0.4583333333333333 0.7921875 0.4597222222222222 0.79609375 0.47638888888888886 0.79375 0.48333333333333334 0.79140625 0.5083333333333333 0.77890625 0.5083333333333333 0.7765625 0.49166666666666664
2 0.49765625 0.3263888888888889 0.5 0.33055555555555555 0.5 0.34444444444444444 0.49609375 0.3527777777777778 0.490625 0.3527777777777778 0.490625 0.33055555555555555 0.496875 0.3263888888888889
2 0.03984375 0.41388888888888886 0.04296875 0.41805555555555557 0.04453125 0.42777777777777776 0.04296875 0.4444444444444444 0.0390625 0.45 0.0296875 0.45416666666666666 0.02578125 0.44722222222222224 0.02578125 0.41944444444444445 0.0296875 0.4125 0.0390625 0.41388888888888886
2 0.22734375 0.31805555555555554 0.2296875 0.32083333333333336 0.23046875 0.32916666666666666 0.22109375 0.3375 0.2171875 0.33611111111111114 0.2171875 0.3263888888888889 0.21953125 0.32083333333333336 0.2265625 0.31805555555555554
2 0.2828125 0.32083333333333336 0.2921875 0.3236111111111111 0.29375 0.33055555555555555 0.290625 0.3416666666666667 0.284375 0.34305555555555556 0.28203125 0.33055555555555555 0.2828125 0.32222222222222224
2 0.30390625 0.3611111111111111 0.30234375 0.3527777777777778 0.303125 0.3347222222222222 0.3078125 0.32916666666666666 0.3140625 0.33055555555555555 0.3140625 0.3472222222222222 0.31015625 0.35833333333333334 0.3046875 0.3611111111111111
2 0.27578125 0.3263888888888889 0.278125 0.3347222222222222 0.2765625 0.3458333333333333 0.271875 0.34444444444444444 0.27109375 0.3402777777777778 0.27109375 0.33055555555555555 0.27265625 0.3263888888888889 0.275 0.3263888888888889
2 0.11796875 0.39305555555555555 0.1265625 0.39166666666666666 0.13203125 0.4027777777777778 0.1296875 0.42083333333333334 0.1171875 0.42777777777777776 0.115625 0.425 0.11484375 0.4027777777777778 0.11796875 0.39444444444444443
2 0.42890625 0.5638888888888889 0.43046875 0.5680555555555555 0.4296875 0.5902777777777778 0.428125 0.6013888888888889 0.425 0.6083333333333333 0.4203125 0.6083333333333333 0.41484375 0.6013888888888889 0.41328125 0.5708333333333333 0.41484375 0.5666666666666667 0.428125 0.5638888888888889
1 0.58828125 0.2708333333333333 0.5953125 0.2791666666666667 0.596875 0.28888888888888886 0.5796875 0.28888888888888886 0.5734375 0.2916666666666667 0.57109375 0.29583333333333334 0.57109375 0.2847222222222222 0.5734375 0.275 0.5875 0.2722222222222222
1 0.5734375 0.3388888888888889 0.57734375 0.3472222222222222 0.57734375 0.35694444444444445 0.56484375 0.36944444444444446 0.54921875 0.3638888888888889 0.54921875 0.34444444444444444 0.553125 0.3388888888888889 0.5609375 0.33611111111111114 0.57265625 0.3388888888888889
1 0.50859375 0.2611111111111111 0.51328125 0.2638888888888889 0.51953125 0.2777777777777778 0.51953125 0.30277777777777776 0.515625 0.30694444444444446 0.49453125 0.3055555555555556 0.49140625 0.3 0.49140625 0.2791666666666667 0.49375 0.26666666666666666 0.5015625 0.25972222222222224 0.5078125 0.2611111111111111
1 0.4234375 0.2375 0.42578125 0.24305555555555555 0.42578125 0.2569444444444444 0.41796875 0.2652777777777778 0.41328125 0.25833333333333336 0.41328125 0.24166666666666667 0.41640625 0.2361111111111111 0.42265625 0.2375
1 0.61328125 0.3819444444444444 0.63359375 0.3875 0.63671875 0.39305555555555555 0.6390625 0.40694444444444444 0.63671875 0.4097222222222222 0.6140625 0.4083333333333333 0.60546875 0.4236111111111111 0.60234375 0.4236111111111111 0.6 0.41944444444444445 0.6 0.4013888888888889 0.6046875 0.3861111111111111 0.6125 0.3819444444444444
1 0.83046875 0.004166666666666667 0.83359375 0.018055555555555554 0.83125 0.041666666666666664 0.82421875 0.05138888888888889 0.8078125 0.06111111111111111 0.796875 0.05694444444444444 0.77890625 0.05694444444444444 0.77578125 0.05277777777777778 0.76796875 0.05 0.76640625 0.04583333333333333 0.7671875 0.034722222222222224 0.765625 0.02361111111111111 0.76796875 0.018055555555555554 0.784375 0.016666666666666666 0.78828125 0.011111111111111112 0.79375 0.0125 0.79453125 0.008333333333333333 0.809375 0.006944444444444444 0.8171875 0 0.82578125 0 0.8296875 0.004166666666666667
1 0.66328125 0.48333333333333334 0.67421875 0.4930555555555556 0.68203125 0.5125 0.68203125 0.5277777777777778 0.68515625 0.5486111111111112 0.68359375 0.575 0.6515625 0.575 0.64609375 0.5791666666666667 0.6421875 0.5902777777777778 0.63515625 0.5986111111111111 0.625 0.5916666666666667 0.62109375 0.5777777777777777 0.62109375 0.5430555555555555 0.6265625 0.5111111111111111 0.64375 0.4847222222222222 0.653125 0.48194444444444445 0.6625 0.48333333333333334
1 0.2484375 0.20833333333333334 0.25625 0.2152777777777778 0.26015625 0.23055555555555557 0.25234375 0.24166666666666667 0.24453125 0.24305555555555555 0.23671875 0.24166666666666667 0.23359375 0.2375 0.23203125 0.2111111111111111 0.234375 0.20833333333333334 0.24765625 0.20833333333333334
1 0.746875 0.5083333333333333 0.78984375 0.5138888888888888 0.8 0.5361111111111111 0.8 0.5444444444444444 0.8046875 0.5638888888888889 0.8046875 0.5777777777777777 0.803125 0.5805555555555556 0.7859375 0.5777777777777777 0.76796875 0.5791666666666667 0.7609375 0.5861111111111111 0.75234375 0.6027777777777777 0.746875 0.6069444444444444 0.740625 0.6208333333333333 0.7375 0.6222222222222222 0.7328125 0.6027777777777777 0.72421875 0.5916666666666667 0.72421875 0.5416666666666666 0.72578125 0.5333333333333333 0.73125 0.5291666666666667 0.73984375 0.5111111111111111 0.74609375 0.5083333333333333
1 0.36015625 0.425 0.3703125 0.43333333333333335 0.3765625 0.4486111111111111 0.37890625 0.4625 0.37734375 0.4875 0.36875 0.5041666666666667 0.3640625 0.5041666666666667 0.35625 0.49722222222222223 0.32890625 0.49583333333333335 0.31640625 0.4875 0.3203125 0.4597222222222222 0.32421875 0.44305555555555554 0.3296875 0.4305555555555556 0.34453125 0.425 0.359375 0.425
1 0.30078125 0.24305555555555555 0.30703125 0.25 0.30703125 0.2638888888888889 0.30078125 0.2722222222222222 0.28359375 0.28194444444444444 0.27890625 0.28194444444444444 0.278125 0.2708333333333333 0.278125 0.2625 0.28203125 0.24861111111111112 0.29609375 0.24027777777777778 0.3 0.24305555555555555
1 0.0625 0.35138888888888886 0.07734375 0.36527777777777776 0.07890625 0.38055555555555554 0.078125 0.3972222222222222 0.0765625 0.4 0.065625 0.4013888888888889 0.0609375 0.4083333333333333 0.04921875 0.4083333333333333 0.04609375 0.4111111111111111 0.04296875 0.40694444444444444 0.0421875 0.3972222222222222 0.03828125 0.39444444444444443 0.025 0.41388888888888886 0.0203125 0.41388888888888886 0.01796875 0.4041666666666667 0.01875 0.3861111111111111 0.02421875 0.3680555555555556 0.0390625 0.3527777777777778 0.06171875 0.35138888888888886
1 0.3109375 0.2569444444444444 0.30390625 0.24444444444444444 0.29609375 0.2375 0.29609375 0.2263888888888889 0.30078125 0.22083333333333333 0.3125 0.22083333333333333 0.31796875 0.22777777777777777 0.31796875 0.25 0.31640625 0.25416666666666665 0.31171875 0.25555555555555554
1 0.43359375 0.45416666666666666 0.446875 0.4722222222222222 0.44921875 0.48194444444444445 0.4484375 0.5222222222222223 0.4421875 0.5430555555555555 0.44296875 0.5472222222222223 0.4390625 0.5638888888888889 0.43515625 0.5638888888888889 0.434375 0.5611111111111111 0.4359375 0.5361111111111111 0.425 0.5055555555555555 0.41953125 0.5111111111111111 0.41875 0.5180555555555556 0.4140625 0.5263888888888889 0.4109375 0.5527777777777778 0.39453125 0.5513888888888889 0.3875 0.5638888888888889 0.3828125 0.5638888888888889 0.38046875 0.5486111111111112 0.3796875 0.5319444444444444 0.3828125 0.49027777777777776 0.39296875 0.46111111111111114 0.39921875 0.45416666666666666 0.4328125 0.45416666666666666
1 0.44140625 0.39305555555555555 0.45 0.4 0.46015625 0.4152777777777778 0.459375 0.4513888888888889 0.453125 0.46805555555555556 0.4453125 0.4652777777777778 0.43515625 0.4527777777777778 0.415625 0.4486111111111111 0.41484375 0.43194444444444446 0.421875 0.4041666666666667 0.43125 0.39444444444444443 0.440625 0.39305555555555555
1 0.5890625 0.3597222222222222 0.59453125 0.3625 0.6 0.37916666666666665 0.59765625 0.3972222222222222 0.59765625 0.4152777777777778 0.5953125 0.42083333333333334 0.5703125 0.41944444444444445 0.56953125 0.40555555555555556 0.565625 0.39166666666666666 0.56484375 0.37916666666666665 0.56796875 0.36527777777777776 0.5765625 0.3597222222222222 0.58828125 0.3597222222222222
1 0.62265625 0.28055555555555556 0.62109375 0.2722222222222222 0.621875 0.25833333333333336 0.62734375 0.24305555555555555 0.6328125 0.24166666666666667 0.64140625 0.24444444444444444 0.63515625 0.25277777777777777 0.6296875 0.2847222222222222 0.62578125 0.2861111111111111 0.6234375 0.28055555555555556
1 0.24765625 0.2986111111111111 0.240625 0.29583333333333334 0.2234375 0.3 0.22265625 0.275 0.2265625 0.2625 0.2328125 0.25416666666666665 0.2421875 0.25 0.2546875 0.2513888888888889 0.25859375 0.2652777777777778 0.259375 0.28888888888888886 0.2546875 0.29583333333333334 0.2484375 0.2972222222222222
1 0.46796875 0.28055555555555556 0.47421875 0.2916666666666667 0.4734375 0.325 0.4703125 0.33055555555555555 0.45234375 0.3277777777777778 0.44609375 0.33194444444444443 0.4421875 0.33055555555555555 0.44296875 0.3055555555555556 0.44609375 0.2833333333333333 0.4546875 0.2791666666666667 0.4671875 0.28055555555555556
1 0.0578125 0.4861111111111111 0.06875 0.49027777777777776 0.0765625 0.5069444444444444 0.08359375 0.5347222222222222 0.0828125 0.5708333333333333 0.075 0.6055555555555555 0.06640625 0.6083333333333333 0.059375 0.6041666666666666 0.05078125 0.6111111111111112 0.0453125 0.6236111111111111 0.0359375 0.6347222222222222 0.02578125 0.6263888888888889 0 0.6291666666666667 0 0.5097222222222222 0.00859375 0.5 0.02578125 0.4888888888888889 0.05703125 0.4861111111111111
1 0.325 0.2777777777777778 0.33046875 0.30694444444444446 0.328125 0.3138888888888889 0.315625 0.31666666666666665 0.30703125 0.31666666666666665 0.303125 0.3111111111111111 0.303125 0.3013888888888889 0.30625 0.2861111111111111 0.3109375 0.2791666666666667 0.32421875 0.2777777777777778
1 0.803125 0.5819444444444445 0.8140625 0.5861111111111111 0.82421875 0.5958333333333333 0.82890625 0.6041666666666666 0.83359375 0.6166666666666667 0.84296875 0.6569444444444444 0.8421875 0.7111111111111111 0.83828125 0.7375 0.83515625 0.7416666666666667 0.825 0.7347222222222223 0.8203125 0.7277777777777777 0.81328125 0.7291666666666666 0.80703125 0.7236111111111111 0.80703125 0.7055555555555556 0.8015625 0.6930555555555555 0.8 0.6777777777777778 0.7953125 0.6694444444444444 0.78984375 0.6694444444444444 0.7859375 0.6763888888888889 0.78515625 0.6902777777777778 0.7796875 0.7055555555555556 0.77890625 0.7222222222222222 0.7734375 0.7291666666666666 0.75859375 0.7291666666666666 0.75546875 0.7208333333333333 0.75390625 0.6986111111111111 0.74375 0.6833333333333333 0.7421875 0.6583333333333333 0.74375 0.6208333333333333 0.7484375 0.6083333333333333 0.75546875 0.6 0.7578125 0.5930555555555556 0.76796875 0.5819444444444445 0.80234375 0.5819444444444445
1 0.38984375 0.6430555555555556 0.39609375 0.6472222222222223 0.41015625 0.6652777777777777 0.40859375 0.6736111111111112 0.40703125 0.7333333333333333 0.40078125 0.7458333333333333 0.3984375 0.7569444444444444 0.39765625 0.7763888888888889 0.39453125 0.7819444444444444 0.36796875 0.775 0.3375 0.775 0.3171875 0.7805555555555556 0.3125 0.7722222222222223 0.31484375 0.7194444444444444 0.3234375 0.6916666666666667 0.32578125 0.6638888888888889 0.32890625 0.6555555555555556 0.3359375 0.6444444444444445 0.34140625 0.6416666666666667 0.371875 0.6402777777777777 0.3890625 0.6430555555555556
1 0.5046875 0.5055555555555555 0.5140625 0.5263888888888889 0.5171875 0.5486111111111112 0.51640625 0.5861111111111111 0.51328125 0.5958333333333333 0.51171875 0.6111111111111112 0.50859375 0.6152777777777778 0.50078125 0.6083333333333333 0.4890625 0.6055555555555555 0.459375 0.6069444444444444 0.453125 0.6138888888888889 0.44921875 0.6138888888888889 0.44609375 0.5944444444444444 0.4484375 0.5583333333333333 0.4546875 0.5291666666666667 0.46171875 0.5083333333333333 0.4796875 0.5027777777777778 0.50390625 0.5055555555555555
1 0.58515625 0.55 0.60234375 0.5541666666666667 0.60546875 0.5680555555555555 0.61484375 0.5763888888888888 0.61015625 0.5833333333333334 0.61015625 0.5930555555555556 0.59375 0.5916666666666667 0.56796875 0.5958333333333333 0.559375 0.6013888888888889 0.54765625 0.6166666666666667 0.54375 0.6180555555555556 0.540625 0.6166666666666667 0.53828125 0.6111111111111112 0.5390625 0.5875 0.54140625 0.5736111111111111 0.5515625 0.5527777777777778 0.55859375 0.55 0.584375 0.55
1 0.21796875 0.6597222222222222 0.23046875 0.6625 0.2453125 0.6819444444444445 0.2515625 0.6847222222222222 0.2578125 0.6930555555555555 0.26171875 0.7125 0.259375 0.7819444444444444 0.25546875 0.7861111111111111 0.24453125 0.7833333333333333 0.2359375 0.7902777777777777 0.21484375 0.8277777777777777 0.20859375 0.8305555555555556 0.18515625 0.8291666666666667 0.16796875 0.8333333333333334 0.14765625 0.8333333333333334 0.1421875 0.8402777777777778 0.1421875 0.8458333333333333 0.1375 0.8555555555555555 0.13125 0.8597222222222223 0.1265625 0.8597222222222223 0.11953125 0.8402777777777778 0.11796875 0.8277777777777777 0.11875 0.8041666666666667 0.1171875 0.7972222222222223 0.11875 0.7930555555555555 0.11796875 0.7541666666666667 0.121875 0.7472222222222222 0.13203125 0.7083333333333334 0.14296875 0.6875 0.1578125 0.6680555555555555 0.16484375 0.6625 0.20546875 0.6625 0.2171875 0.6597222222222222
1 0.40078125 0.24583333333333332 0.40546875 0.2513888888888889 0.4078125 0.2611111111111111 0.40703125 0.26666666666666666 0.40390625 0.2708333333333333 0.3921875 0.27361111111111114 0.3859375 0.26944444444444443 0.3859375 0.25833333333333336 0.39296875 0.24583333333333332 0.4 0.24583333333333332
1 0.35234375 0.25972222222222224 0.35859375 0.26666666666666666 0.36015625 0.28055555555555556 0.3484375 0.2902777777777778 0.34140625 0.3 0.334375 0.2986111111111111 0.33359375 0.27361111111111114 0.3390625 0.2625 0.3515625 0.25972222222222224
1 0.41015625 0.3625 0.41484375 0.37222222222222223 0.41875 0.3888888888888889 0.41796875 0.4041666666666667 0.4140625 0.425 0.40625 0.42777777777777776 0.40078125 0.4152777777777778 0.396875 0.4152777777777778 0.39296875 0.4263888888888889 0.378125 0.43194444444444446 0.375 0.43194444444444446 0.371875 0.425 0.371875 0.39305555555555555 0.37578125 0.37777777777777777 0.38203125 0.3680555555555556 0.39296875 0.3625 0.409375 0.3625
1 0.5 0.22916666666666666 0.503125 0.2375 0.5015625 0.25416666666666665 0.5 0.25833333333333336 0.49140625 0.2638888888888889 0.48515625 0.2611111111111111 0.48671875 0.23472222222222222 0.490625 0.22916666666666666 0.49921875 0.22916666666666666
1 0.296875 0.5708333333333333 0.30703125 0.5861111111111111 0.31484375 0.5916666666666667 0.3125 0.6013888888888889 0.31484375 0.6166666666666667 0.315625 0.6611111111111111 0.3109375 0.6708333333333333 0.30234375 0.6722222222222223 0.30078125 0.675 0.29921875 0.6986111111111111 0.29296875 0.7069444444444445 0.2890625 0.7055555555555556 0.2828125 0.6916666666666667 0.27265625 0.7041666666666667 0.26484375 0.7055555555555556 0.25390625 0.6847222222222222 0.24765625 0.6819444444444445 0.2359375 0.6652777777777777 0.22265625 0.6569444444444444 0.2203125 0.6527777777777778 0.2203125 0.6291666666666667 0.23046875 0.5916666666666667 0.24375 0.5722222222222222 0.2609375 0.5666666666666667 0.290625 0.5666666666666667 0.29609375 0.5708333333333333
1 0.69921875 0.7194444444444444 0.73515625 0.7291666666666666 0.7453125 0.7513888888888889 0.75234375 0.7541666666666667 0.75546875 0.7611111111111111 0.74921875 0.7736111111111111 0.7625 0.8305555555555556 0.76484375 0.8888888888888888 0.76171875 0.9277777777777778 0.7546875 0.9569444444444445 0.74765625 0.9541666666666667 0.740625 0.9375 0.740625 0.9333333333333333 0.74453125 0.9305555555555556 0.746875 0.9236111111111112 0.74140625 0.9166666666666666 0.73515625 0.9138888888888889 0.7203125 0.9152777777777777 0.7109375 0.9097222222222222 0.6765625 0.9055555555555556 0.6625 0.9138888888888889 0.65703125 0.9319444444444445 0.65390625 0.9333333333333333 0.64921875 0.9291666666666667 0.6484375 0.8944444444444445 0.64296875 0.8708333333333333 0.6421875 0.8458333333333333 0.63984375 0.8402777777777778 0.6421875 0.8041666666666667 0.63984375 0.7888888888888889 0.6421875 0.7583333333333333 0.63828125 0.75 0.63828125 0.7444444444444445 0.64375 0.7388888888888889 0.6546875 0.7388888888888889 0.659375 0.7263888888888889 0.66484375 0.7194444444444444 0.6984375 0.7194444444444444
1 0.43125 0.3458333333333333 0.4375 0.35833333333333334 0.4359375 0.37083333333333335 0.43671875 0.3875 0.43203125 0.39166666666666666 0.428125 0.38472222222222224 0.421875 0.3875 0.41875 0.38333333333333336 0.4109375 0.3625 0.4 0.35833333333333334 0.40234375 0.35138888888888886 0.41171875 0.34444444444444444 0.42890625 0.34305555555555556 0.43046875 0.3458333333333333
1 0.65 0.4305555555555556 0.6671875 0.43333333333333335 0.6734375 0.44027777777777777 0.68203125 0.4875 0.68203125 0.5097222222222222 0.678125 0.5069444444444444 0.67734375 0.4986111111111111 0.6734375 0.49027777777777776 0.66171875 0.48194444444444445 0.64453125 0.48333333333333334 0.63828125 0.4888888888888889 0.6265625 0.5097222222222222 0.62421875 0.475 0.62578125 0.4597222222222222 0.63125 0.4486111111111111 0.634375 0.43472222222222223 0.64921875 0.4305555555555556
1 0.6390625 0.4097222222222222 0.6484375 0.4263888888888889 0.6375 0.43194444444444446 0.63203125 0.4388888888888889 0.6296875 0.4527777777777778 0.62421875 0.4638888888888889 0.6234375 0.48055555555555557 0.621875 0.48333333333333334 0.6109375 0.4861111111111111 0.60546875 0.48194444444444445 0.60390625 0.4708333333333333 0.6046875 0.4305555555555556 0.6078125 0.41944444444444445 0.6125 0.4097222222222222 0.615625 0.4083333333333333 0.63671875 0.40694444444444444 0.63828125 0.4097222222222222
1 0.5921875 0.25 0.5953125 0.2611111111111111 0.5890625 0.26805555555555555 0.58828125 0.275 0.575 0.27361111111111114 0.5734375 0.2722222222222222 0.57265625 0.2625 0.57421875 0.25416666666666665 0.57734375 0.25 0.584375 0.24722222222222223 0.59140625 0.25
1 0.2453125 0.3347222222222222 0.25078125 0.3388888888888889 0.25234375 0.34444444444444444 0.240625 0.35694444444444445 0.225 0.39305555555555555 0.21328125 0.39305555555555555 0.2125 0.3902777777777778 0.21171875 0.36666666666666664 0.21328125 0.35 0.21875 0.3388888888888889 0.22265625 0.33611111111111114 0.23359375 0.3333333333333333 0.24453125 0.3347222222222222
1 0.33125 0.5 0.33515625 0.5069444444444444 0.34296875 0.5111111111111111 0.34453125 0.5472222222222223 0.3421875 0.5680555555555555 0.33515625 0.575 0.33046875 0.5916666666666667 0.30703125 0.5833333333333334 0.29140625 0.5652777777777778 0.27578125 0.5666666666666667 0.27109375 0.5638888888888889 0.271875 0.5416666666666666 0.28671875 0.4986111111111111 0.31328125 0.49166666666666664 0.3265625 0.49583333333333335 0.33046875 0.5
1 0.62421875 0.325 0.63828125 0.3277777777777778 0.646875 0.3375 0.634375 0.3388888888888889 0.62578125 0.34444444444444444 0.62109375 0.35694444444444445 0.6203125 0.38055555555555554 0.61171875 0.37916666666666665 0.61171875 0.3402777777777778 0.61328125 0.33194444444444443 0.6234375 0.325
1 0.36640625 0.2875 0.3703125 0.2986111111111111 0.3703125 0.3055555555555556 0.3671875 0.3138888888888889 0.35546875 0.325 0.3484375 0.3277777777777778 0.3421875 0.32222222222222224 0.34140625 0.30833333333333335 0.34375 0.29583333333333334 0.346875 0.2902777777777778 0.3546875 0.2861111111111111 0.365625 0.2875
1 0.596875 0.2638888888888889 0.60546875 0.26805555555555555 0.6078125 0.2722222222222222 0.609375 0.2791666666666667 0.60859375 0.3055555555555556 0.60234375 0.30416666666666664 0.6015625 0.29444444444444445 0.5890625 0.2722222222222222 0.590625 0.2652777777777778 0.59609375 0.2638888888888889
1 0.14765625 0.325 0.15078125 0.3263888888888889 0.15859375 0.34444444444444444 0.16015625 0.3625 0.15859375 0.38333333333333336 0.15703125 0.3861111111111111 0.15 0.3861111111111111 0.14375 0.39444444444444443 0.1390625 0.39444444444444443 0.13515625 0.3902777777777778 0.1328125 0.36944444444444446 0.1296875 0.36527777777777776 0.12578125 0.36527777777777776 0.12109375 0.37222222222222223 0.11640625 0.3902777777777778 0.11171875 0.3972222222222222 0.10703125 0.3972222222222222 0.1046875 0.39305555555555555 0.10390625 0.36944444444444446 0.11484375 0.3388888888888889 0.12421875 0.32916666666666666 0.140625 0.32916666666666666 0.146875 0.325
1 0.63515625 0.3 0.6390625 0.30416666666666664 0.63984375 0.32916666666666666 0.621875 0.3277777777777778 0.615625 0.3333333333333333 0.6125 0.33194444444444443 0.6125 0.3125 0.61484375 0.30416666666666664 0.61796875 0.3 0.634375 0.3
1 0.28359375 0.20972222222222223 0.2875 0.2125 0.28984375 0.2222222222222222 0.28984375 0.23055555555555557 0.28671875 0.2361111111111111 0.27421875 0.2361111111111111 0.2703125 0.22083333333333333 0.27265625 0.2111111111111111 0.2828125 0.20972222222222223
1 0.67421875 0.3013888888888889 0.675 0.31527777777777777 0.67265625 0.33055555555555555 0.671875 0.35555555555555557 0.66796875 0.35833333333333334 0.66171875 0.35694444444444445 0.65859375 0.35138888888888886 0.65234375 0.33194444444444443 0.65234375 0.31805555555555554 0.6578125 0.3013888888888889 0.6734375 0.3013888888888889
1 0.58984375 0.5194444444444445 0.59921875 0.5388888888888889 0.5984375 0.55 0.55703125 0.55 0.55234375 0.5527777777777778 0.5484375 0.5638888888888889 0.54296875 0.5708333333333333 0.54140625 0.5638888888888889 0.54375 0.5486111111111112 0.5484375 0.525 0.5515625 0.5180555555555556 0.5578125 0.5152777777777777 0.57734375 0.5152777777777777 0.5890625 0.5194444444444445
1 0.38125 0.2388888888888889 0.38671875 0.24861111111111112 0.38671875 0.25555555555555554 0.384375 0.26805555555555555 0.3796875 0.2763888888888889 0.36484375 0.2763888888888889 0.36171875 0.25277777777777777 0.36796875 0.2388888888888889 0.38046875 0.2388888888888889
1 0.72890625 0.4625 0.734375 0.4666666666666667 0.76171875 0.4652777777777778 0.76875 0.4777777777777778 0.77421875 0.5069444444444444 0.7671875 0.5097222222222222 0.74375 0.5069444444444444 0.73984375 0.5097222222222222 0.73046875 0.5291666666666667 0.725 0.5347222222222222 0.7234375 0.5527777777777778 0.7203125 0.5555555555555556 0.7140625 0.5541666666666667 0.70625 0.5305555555555556 0.7078125 0.49027777777777776 0.71171875 0.47638888888888886 0.7203125 0.4638888888888889 0.7234375 0.46111111111111114 0.728125 0.4625
1 0.665625 0.5763888888888888 0.68984375 0.5819444444444445 0.696875 0.5944444444444444 0.7046875 0.6 0.7046875 0.6055555555555555 0.69921875 0.6097222222222223 0.69921875 0.6194444444444445 0.7046875 0.6527777777777778 0.7046875 0.6819444444444445 0.7 0.7 0.690625 0.6902777777777778 0.64765625 0.6861111111111111 0.6453125 0.6722222222222223 0.640625 0.6652777777777777 0.6390625 0.6513888888888889 0.6421875 0.6319444444444444 0.640625 0.6055555555555555 0.64609375 0.5805555555555556 0.6546875 0.5763888888888888 0.66484375 0.5763888888888888
1 0.76328125 0.9736111111111111 0.8046875 0.9847222222222223 0.81171875 0.9902777777777778 0.81328125 0.9944444444444445 0.8125 0.9986111111111111 0.78046875 0.9986111111111111 0.77890625 0.9958333333333333 0.765625 0.9958333333333333 0.7609375 0.9986111111111111 0.68828125 0.9986111111111111 0.68828125 0.9944444444444445 0.690625 0.9916666666666667 0.69921875 0.9888888888888889 0.71953125 0.975 0.73125 0.9722222222222222 0.7625 0.9736111111111111
1 0.18671875 0.28055555555555556 0.19296875 0.29305555555555557 0.190625 0.33055555555555555 0.18515625 0.3347222222222222 0.18203125 0.33194444444444443 0.175 0.3402777777777778 0.16796875 0.33611111111111114 0.15703125 0.3375 0.1515625 0.3263888888888889 0.14375 0.3236111111111111 0.14375 0.30416666666666664 0.14921875 0.2916666666666667 0.15859375 0.2833333333333333 0.178125 0.2791666666666667 0.1859375 0.28055555555555556
1 0.51953125 0.4486111111111111 0.52421875 0.4527777777777778 0.5265625 0.4666666666666667 0.5328125 0.47638888888888886 0.53203125 0.4875 0.52890625 0.49722222222222223 0.5296875 0.5152777777777777 0.521875 0.5375 0.51796875 0.5375 0.515625 0.5333333333333333 0.51015625 0.5138888888888888 0.5046875 0.5055555555555555 0.49765625 0.5027777777777778 0.46484375 0.5027777777777778 0.46953125 0.4777777777777778 0.46640625 0.4666666666666667 0.47265625 0.4638888888888889 0.47890625 0.45 0.51875 0.4486111111111111
1 0.56171875 0.7875 0.590625 0.7944444444444444 0.59765625 0.8041666666666667 0.60234375 0.8208333333333333 0.61328125 0.8236111111111111 0.6171875 0.8305555555555556 0.6140625 0.8388888888888889 0.61015625 0.8416666666666667 0.6078125 0.8555555555555555 0.6078125 0.8861111111111111 0.60546875 0.8930555555555556 0.6078125 0.9111111111111111 0.6078125 0.9930555555555556 0.60625 0.9958333333333333 0.490625 0.9944444444444445 0.49140625 0.9291666666666667 0.49296875 0.9083333333333333 0.49609375 0.8958333333333334 0.4953125 0.8722222222222222 0.49921875 0.8513888888888889 0.503125 0.8416666666666667 0.50078125 0.8347222222222223 0.49140625 0.8236111111111111 0.49140625 0.8180555555555555 0.49609375 0.8152777777777778 0.50546875 0.8152777777777778 0.50859375 0.8180555555555555 0.51484375 0.7958333333333333 0.51953125 0.7888888888888889 0.5609375 0.7875
1 0.51796875 0.24166666666666667 0.52265625 0.24722222222222223 0.51875 0.275 0.5125 0.2625 0.5015625 0.25833333333333336 0.5015625 0.24861111111111112 0.5046875 0.24027777777777778 0.5171875 0.24166666666666667
1 0.6453125 0.33611111111111114 0.65078125 0.3375 0.65546875 0.34305555555555556 0.6625 0.37083333333333335 0.66328125 0.38472222222222224 0.66171875 0.3958333333333333 0.6578125 0.40555555555555556 0.65390625 0.4083333333333333 0.64375 0.40694444444444444 0.640625 0.4041666666666667 0.63828125 0.39305555555555555 0.63359375 0.3861111111111111 0.621875 0.3819444444444444 0.61796875 0.3763888888888889 0.6234375 0.3416666666666667 0.63046875 0.3375 0.64453125 0.33611111111111114
1 0.27265625 0.3472222222222222 0.27734375 0.35 0.28359375 0.36527777777777776 0.2859375 0.38472222222222224 0.284375 0.4083333333333333 0.2625 0.4236111111111111 0.24453125 0.4236111111111111 0.23046875 0.43333333333333335 0.2265625 0.42777777777777776 0.2265625 0.39444444444444443 0.2375 0.3625 0.24765625 0.35 0.25390625 0.3472222222222222 0.271875 0.3472222222222222
1 0.31796875 0.7916666666666666 0.328125 0.8027777777777778 0.334375 0.8138888888888889 0.34609375 0.8194444444444444 0.346875 0.8222222222222222 0.3453125 0.8347222222222223 0.346875 0.8583333333333333 0.34609375 0.9222222222222223 0.34375 0.9319444444444445 0.3390625 0.9402777777777778 0.3328125 0.9444444444444444 0.32890625 0.9527777777777777 0.32890625 0.9708333333333333 0.33125 0.9763888888888889 0.3234375 0.9819444444444444 0.321875 0.9944444444444445 0.31171875 0.9958333333333333 0.31015625 0.9986111111111111 0.30859375 0.9958333333333333 0.28203125 0.9944444444444445 0.22265625 0.9944444444444445 0.21171875 0.9986111111111111 0.1875 0.9986111111111111 0.18671875 0.9694444444444444 0.190625 0.9444444444444444 0.18984375 0.9208333333333333 0.19453125 0.9069444444444444 0.1984375 0.8819444444444444 0.20859375 0.8458333333333333 0.23203125 0.8041666666666667 0.23359375 0.7972222222222223 0.2390625 0.7916666666666666 0.2546875 0.7888888888888889 0.309375 0.7888888888888889 0.3171875 0.7916666666666666
0 0.51171875 0.20416666666666666 0.51953125 0.20694444444444443 0.52265625 0.21388888888888888 0.52265625 0.24444444444444444 0.51953125 0.24444444444444444 0.51484375 0.2388888888888889 0.5046875 0.24027777777777778 0.49921875 0.2263888888888889 0.49765625 0.21944444444444444 0.49921875 0.20972222222222223 0.5109375 0.20416666666666666