3 0.06171875 0.1763888888888889 0.078125 0.18333333333333332 0.08203125 0.19166666666666668 0.08515625 0.20972222222222223 0.08515625 0.24722222222222223 0.08125 0.2569444444444444 0.078125 0.25833333333333336 0.0671875 0.2569444444444444 0.059375 0.24583333333333332 0.06015625 0.2125 0.05859375 0.18055555555555555 0.0609375 0.1763888888888889
3 0.58828125 0.32916666666666666 0.60078125 0.33055555555555555 0.609375 0.3375 0.61328125 0.3472222222222222 0.615625 0.38472222222222224 0.60078125 0.3958333333333333 0.5921875 0.43333333333333335 0.57734375 0.43472222222222223 0.5671875 0.43194444444444446 0.5609375 0.41805555555555557 0.55859375 0.37777777777777777 0.56015625 0.3458333333333333 0.56328125 0.33055555555555555 0.5875 0.32916666666666666
2 0.43515625 0.35 0.43515625 0.3763888888888889 0.43203125 0.38472222222222224 0.425 0.38333333333333336 0.4234375 0.35694444444444445 0.425 0.3486111111111111 0.434375 0.35
2 0.453125 0.25833333333333336 0.4546875 0.2611111111111111 0.4546875 0.2708333333333333 0.45234375 0.2847222222222222 0.45 0.2861111111111111 0.446875 0.2791666666666667 0.44609375 0.2638888888888889 0.4484375 0.25833333333333336 0.45234375 0.25833333333333336
2 0.103515625 0.48541666666666666 0.01171875 0.05138888888888889
2 0.70625 0.5013888888888889 0.70859375 0.5097222222222222 0.70859375 0.5194444444444445 0.70703125 0.5333333333333333 0.703125 0.5388888888888889 0.68515625 0.49583333333333335 0.6890625 0.49027777777777776 0.69765625 0.4888888888888889 0.70546875 0.5013888888888889
2 0.471875 0.24722222222222223 0.4703125 0.23194444444444445 0.4734375 0.22777777777777777 0.47734375 0.22777777777777777 0.47890625 0.2375 0.4765625 0.24722222222222223 0.47265625 0.24722222222222223
2 0.54453125 0.49722222222222223 0.54609375 0.5055555555555555 0.54375 0.5208333333333334 0.5375 0.5388888888888889 0.53359375 0.5430555555555555 0.53125 0.5402777777777777 0.53203125 0.5069444444444444 0.53828125 0.49722222222222223 0.54375 0.49722222222222223
2 0.11640625 0.6333333333333333 0.11953125 0.6430555555555556 0.1203125 0.6541666666666667 0.11640625 0.6972222222222222 0.11328125 0.7013888888888888 0.09921875 0.6930555555555555 0.09609375 0.6652777777777777 0.09609375 0.6472222222222223 0.09765625 0.6361111111111111 0.1015625 0.6319444444444444 0.115625 0.6333333333333333
2 0.35546875 0.3375 0.35859375 0.3402777777777778 0.35859375 0.3611111111111111 0.35625 0.3736111111111111 0.35234375 0.375 0.346875 0.36666666666666664 0.3453125 0.3458333333333333 0.34765625 0.3388888888888889 0.3546875 0.3375
2 0.11953125 0.5069444444444444 0.12421875 0.5152777777777777 0.125 0.5430555555555555 0.12265625 0.5555555555555556 0.11640625 0.5652777777777778 0.1125 0.5666666666666667 0.10546875 0.55 0.10546875 0.5166666666666667 0.109375 0.5083333333333333 0.11875 0.5069444444444444
2 0.402734375 0.23333333333333334 0.00703125 0.022222222222222223
2 0.34453125 0.22569444444444445 0.0078125 0.018055555555555554
1 0.42421875 0.25277777777777777 0.43203125 0.25277777777777777 0.4390625 0.2569444444444444 0.44375 0.26944444444444443 0.44453125 0.28194444444444444 0.428125 0.2791666666666667 0.41875 0.2902777777777778 0.4140625 0.28194444444444444 0.4140625 0.2652777777777778 0.41875 0.25555555555555554 0.4234375 0.25277777777777777
1 0.4453125 0.19444444444444445 0.44921875 0.20694444444444443 0.44921875 0.21388888888888888 0.4453125 0.2263888888888889 0.43359375 0.21944444444444444 0.428125 0.21944444444444444 0.42421875 0.2125 0.425 0.1986111111111111 0.428125 0.19444444444444445 0.43515625 0.19027777777777777 0.4421875 0.19027777777777777 0.44453125 0.19444444444444445
1 0.44609375 0.16805555555555557 0.4515625 0.1736111111111111 0.44609375 0.18611111111111112 0.44609375 0.19305555555555556 0.434375 0.18333333333333332 0.43515625 0.16944444444444445 0.4453125 0.16805555555555557
1 0.4703125 0.33194444444444443 0.48828125 0.3347222222222222 0.50234375 0.3527777777777778 0.50546875 0.35833333333333334 0.50546875 0.39444444444444443 0.5046875 0.4013888888888889 0.50078125 0.40694444444444444 0.4765625 0.4013888888888889 0.46328125 0.4083333333333333 0.459375 0.40555555555555556 0.4546875 0.39305555555555555 0.45546875 0.36527777777777776 0.45859375 0.3402777777777778 0.46328125 0.3333333333333333 0.46953125 0.33194444444444443
1 0.82734375 0.6986111111111111 0.83828125 0.7027777777777777 0.85234375 0.7180555555555556 0.871875 0.7680555555555556 0.88828125 0.8 0.8921875 0.825 0.8921875 0.8555555555555555 0.8875 0.8763888888888889 0.88046875 0.8763888888888889 0.865625 0.8694444444444445 0.84140625 0.8708333333333333 0.81015625 0.8666666666666667 0.79296875 0.8736111111111111 0.78828125 0.8722222222222222 0.784375 0.8652777777777778 0.78203125 0.85 0.77890625 0.8430555555555556 0.76484375 0.8319444444444445 0.7515625 0.8305555555555556 0.74765625 0.825 0.74375 0.7972222222222223 0.74296875 0.7527777777777778 0.7453125 0.7347222222222223 0.75 0.725 0.7578125 0.7194444444444444 0.765625 0.7069444444444445 0.77421875 0.7 0.8265625 0.6986111111111111
1 0.209375 0.20277777777777778 0.215625 0.20972222222222223 0.2296875 0.21666666666666667 0.2328125 0.22361111111111112 0.2328125 0.23194444444444445 0.23046875 0.2361111111111111 0.21640625 0.24166666666666667 0.2125 0.24027777777777778 0.20703125 0.23194444444444445 0.19609375 0.22777777777777777 0.18984375 0.21805555555555556 0.190625 0.20694444444444443 0.19375 0.20277777777777778 0.20859375 0.20277777777777778
1 0.77109375 0.4930555555555556 0.78671875 0.5013888888888889 0.7953125 0.5097222222222222 0.8125 0.5472222222222223 0.81875 0.5763888888888888 0.8203125 0.5944444444444444 0.81953125 0.6152777777777778 0.815625 0.6194444444444445 0.76875 0.6125 0.7515625 0.6152777777777778 0.74296875 0.6013888888888889 0.72890625 0.5930555555555556 0.7234375 0.5652777777777778 0.72421875 0.5319444444444444 0.7328125 0.5083333333333333 0.73984375 0.49444444444444446 0.74609375 0.49027777777777776 0.7703125 0.4930555555555556
1 0.28828125 0.28888888888888886 0.2921875 0.2916666666666667 0.29609375 0.3013888888888889 0.29375 0.31666666666666665 0.28984375 0.32083333333333336 0.284375 0.3125 0.26171875 0.31527777777777777 0.259375 0.3111111111111111 0.26171875 0.2916666666666667 0.2703125 0.2875 0.2875 0.28888888888888886
1 0.56015625 0.33055555555555555 0.5609375 0.34305555555555556 0.55703125 0.37916666666666665 0.5578125 0.3875 0.55625 0.3902777777777778 0.54296875 0.3819444444444444 0.53046875 0.37916666666666665 0.52734375 0.37222222222222223 0.5296875 0.35555555555555557 0.52890625 0.3472222222222222 0.53359375 0.3347222222222222 0.54921875 0.3277777777777778 0.559375 0.33055555555555555
1 0.2109375 0.39444444444444443 0.22265625 0.4 0.228125 0.41388888888888886 0.22734375 0.41944444444444445 0.21953125 0.41944444444444445 0.2046875 0.4097222222222222 0.1890625 0.4083333333333333 0.1921875 0.39861111111111114 0.21015625 0.39444444444444443
1 0.4359375 0.21944444444444444 0.44296875 0.22777777777777777 0.44375 0.24583333333333332 0.4421875 0.2569444444444444 0.4328125 0.25277777777777777 0.41953125 0.25277777777777777 0.41796875 0.24861111111111112 0.41796875 0.23194444444444445 0.421875 0.22083333333333333 0.425 0.21666666666666667 0.43515625 0.21944444444444444
1 0.190625 0.4083333333333333 0.2109375 0.4111111111111111 0.2171875 0.41805555555555557 0.21484375 0.42083333333333334 0.19609375 0.4222222222222222 0.1875 0.4305555555555556 0.18125 0.46944444444444444 0.18046875 0.5111111111111111 0.1765625 0.5180555555555556 0.1703125 0.5180555555555556 0.16796875 0.5138888888888888 0.16484375 0.49027777777777776 0.165625 0.45416666666666666 0.1625 0.44583333333333336 0.1734375 0.4097222222222222 0.18984375 0.4083333333333333
1 0.10078125 0.2569444444444444 0.1125 0.25972222222222224 0.11640625 0.2638888888888889 0.11953125 0.2875 0.11953125 0.30277777777777776 0.115625 0.3138888888888889 0.103125 0.3125 0.0953125 0.31805555555555554 0.08515625 0.30972222222222223 0.08203125 0.3138888888888889 0.0796875 0.3125 0.08203125 0.30694444444444446 0.08046875 0.29583333333333334 0.08125 0.28055555555555556 0.0828125 0.26944444444444443 0.0875 0.25833333333333336 0.090625 0.25555555555555554 0.1 0.2569444444444444
1 0.34921875 0.5083333333333333 0.36640625 0.5083333333333333 0.3703125 0.5111111111111111 0.3765625 0.5222222222222223 0.3796875 0.5333333333333333 0.38671875 0.5402777777777777 0.38671875 0.5444444444444444 0.3828125 0.55 0.384375 0.5652777777777778 0.325 0.5680555555555555 0.315625 0.5666666666666667 0.31015625 0.55 0.31015625 0.5444444444444444 0.315625 0.5361111111111111 0.31875 0.5166666666666667 0.32421875 0.5097222222222222 0.3484375 0.5083333333333333
1 0.4625 0.46805555555555556 0.4734375 0.475 0.484375 0.4986111111111111 0.490625 0.5013888888888889 0.49140625 0.5055555555555555 0.48359375 0.5097222222222222 0.4515625 0.5125 0.44140625 0.5166666666666667 0.43359375 0.5291666666666667 0.43203125 0.5388888888888889 0.434375 0.5555555555555556 0.43203125 0.5736111111111111 0.42109375 0.5541666666666667 0.41875 0.5291666666666667 0.42109375 0.4986111111111111 0.434375 0.475 0.4421875 0.4708333333333333 0.46171875 0.46805555555555556
1 0.84453125 0.6152777777777778 0.86875 0.6319444444444444 0.88671875 0.6638888888888889 0.90234375 0.6763888888888889 0.90234375 0.6819444444444445 0.896875 0.6888888888888889 0.9046875 0.7152777777777778 0.9078125 0.7416666666666667 0.90625 0.7680555555555556 0.90234375 0.7763888888888889 0.87578125 0.7722222222222223 0.8578125 0.7263888888888889 0.84765625 0.7111111111111111 0.83515625 0.7 0.8171875 0.6958333333333333 0.78359375 0.6958333333333333 0.78125 0.6916666666666667 0.78203125 0.6625 0.78671875 0.6458333333333334 0.80625 0.625 0.821875 0.6208333333333333 0.82734375 0.6222222222222222 0.83359375 0.6152777777777778 0.84375 0.6152777777777778
1 0.61171875 0.75 0.621875 0.7611111111111111 0.6296875 0.775 0.63671875 0.7930555555555555 0.64765625 0.8333333333333334 0.65078125 0.8333333333333334 0.65390625 0.8277777777777777 0.66328125 0.8277777777777777 0.665625 0.8319444444444445 0.665625 0.8416666666666667 0.66171875 0.8444444444444444 0.65078125 0.8430555555555556 0.64375 0.8486111111111111 0.57578125 0.85 0.571875 0.8555555555555555 0.565625 0.8736111111111111 0.55390625 0.9305555555555556 0.553125 0.9527777777777777 0.55 0.9569444444444445 0.54765625 0.9541666666666667 0.54453125 0.9361111111111111 0.5421875 0.9319444444444445 0.54296875 0.9055555555555556 0.53828125 0.8680555555555556 0.5296875 0.8388888888888889 0.525 0.8305555555555556 0.525 0.8152777777777778 0.5328125 0.7930555555555555 0.5375 0.7652777777777777 0.54296875 0.7527777777777778 0.54765625 0.75 0.57265625 0.7472222222222222 0.6015625 0.7472222222222222 0.6109375 0.75
1 0.21796875 0.41944444444444445 0.240625 0.42777777777777776 0.2453125 0.43472222222222223 0.2484375 0.44305555555555554 0.25 0.45694444444444443 0.25703125 0.4666666666666667 0.2546875 0.4777777777777778 0.25078125 0.4736111111111111 0.24765625 0.4625 0.2375 0.45694444444444443 0.19609375 0.4583333333333333 0.184375 0.4666666666666667 0.18203125 0.475 0.18125 0.46111111111111114 0.18515625 0.45 0.184375 0.44166666666666665 0.1875 0.42777777777777776 0.196875 0.4222222222222222 0.2171875 0.41944444444444445
1 0.34296875 0.23055555555555557 0.346875 0.23333333333333334 0.35 0.24722222222222223 0.35078125 0.26805555555555555 0.3484375 0.2708333333333333 0.32421875 0.2708333333333333 0.3234375 0.26805555555555555 0.3234375 0.24444444444444444 0.325 0.2375 0.33046875 0.23194444444444445 0.3421875 0.23055555555555557
1 0.21015625 0.32083333333333336 0.215625 0.3236111111111111 0.21953125 0.33055555555555555 0.2234375 0.3472222222222222 0.2109375 0.3458333333333333 0.196875 0.35138888888888886 0.19296875 0.3597222222222222 0.1890625 0.3888888888888889 0.18984375 0.3972222222222222 0.18671875 0.40555555555555556 0.18203125 0.40555555555555556 0.18046875 0.3888888888888889 0.18046875 0.375 0.184375 0.34305555555555556 0.1921875 0.325 0.20078125 0.32083333333333336 0.209375 0.32083333333333336
1 0.36640625 0.4527777777777778 0.37734375 0.48055555555555557 0.37890625 0.5041666666666667 0.37890625 0.5180555555555556 0.37734375 0.5208333333333334 0.365625 0.5083333333333333 0.3328125 0.5097222222222222 0.32421875 0.5083333333333333 0.3234375 0.5041666666666667 0.32265625 0.4861111111111111 0.32734375 0.45694444444444443 0.34375 0.4513888888888889 0.365625 0.4527777777777778
1 0.30390625 0.39861111111111114 0.3125 0.40694444444444444 0.31640625 0.41805555555555557 0.325 0.42916666666666664 0.321875 0.4361111111111111 0.32421875 0.4625 0.321875 0.4791666666666667 0.3171875 0.48333333333333334 0.28671875 0.48333333333333334 0.278125 0.4875 0.275 0.4875 0.27109375 0.4777777777777778 0.271875 0.4444444444444444 0.26875 0.43194444444444446 0.27421875 0.425 0.2796875 0.40694444444444444 0.290625 0.3972222222222222 0.3 0.3958333333333333 0.303125 0.39861111111111114
1 0.23046875 0.29444444444444445 0.24296875 0.2986111111111111 0.246875 0.30972222222222223 0.24921875 0.32916666666666666 0.24609375 0.35555555555555557 0.24609375 0.3819444444444444 0.24375 0.38333333333333336 0.23671875 0.37222222222222223 0.23046875 0.3527777777777778 0.2234375 0.34305555555555556 0.21484375 0.32083333333333336 0.2078125 0.31666666666666665 0.20859375 0.3013888888888889 0.21015625 0.2986111111111111 0.2296875 0.29583333333333334
1 0.28359375 0.3111111111111111 0.290625 0.3194444444444444 0.284375 0.3416666666666667 0.2828125 0.3680555555555556 0.27578125 0.37222222222222223 0.26171875 0.3736111111111111 0.2578125 0.3680555555555556 0.25703125 0.3527777777777778 0.259375 0.32083333333333336 0.2640625 0.3138888888888889 0.2828125 0.3111111111111111
1 0.5640625 0.4361111111111111 0.584375 0.4375 0.5953125 0.44166666666666665 0.60546875 0.4625 0.61328125 0.49027777777777776 0.61328125 0.49722222222222223 0.6078125 0.5 0.60234375 0.49444444444444446 0.60078125 0.4708333333333333 0.59921875 0.46805555555555556 0.59453125 0.46805555555555556 0.5859375 0.49166666666666664 0.565625 0.49444444444444446 0.55078125 0.49027777777777776 0.54609375 0.4597222222222222 0.55703125 0.44027777777777777 0.56328125 0.4375
1 0.30234375 0.22361111111111112 0.30546875 0.2263888888888889 0.30859375 0.2388888888888889 0.30859375 0.2652777777777778 0.2890625 0.26805555555555555 0.28046875 0.26805555555555555 0.27890625 0.25972222222222224 0.2796875 0.24027777777777778 0.2890625 0.225 0.3015625 0.22361111111111112
1 0.2375 0.37777777777777777 0.24140625 0.3819444444444444 0.24609375 0.4 0.24765625 0.43194444444444446 0.24453125 0.4305555555555556 0.23984375 0.4222222222222222 0.2265625 0.41805555555555557 0.225 0.40555555555555556 0.2203125 0.39861111111111114 0.209375 0.3958333333333333 0.20859375 0.3875 0.21328125 0.37916666666666665 0.23671875 0.37777777777777777
1 0.2234375 0.3458333333333333 0.23046875 0.3541666666666667 0.23515625 0.3763888888888889 0.21328125 0.37916666666666665 0.20859375 0.3875 0.209375 0.39305555555555555 0.2078125 0.39444444444444443 0.1890625 0.39861111111111114 0.18828125 0.3902777777777778 0.190625 0.36944444444444446 0.19453125 0.3541666666666667 0.19765625 0.35 0.20625 0.3472222222222222 0.22265625 0.3472222222222222
1 0.9921875 0.6611111111111111 0.99921875 0.6625 0.99921875 0.7805555555555556 0.996875 0.7833333333333333 0.99921875 0.8222222222222222 0.996875 0.8236111111111111 0.9890625 0.8208333333333333 0.984375 0.8 0.9796875 0.7944444444444444 0.965625 0.7833333333333333 0.9515625 0.7847222222222222 0.9484375 0.7819444444444444 0.94375 0.7708333333333334 0.940625 0.7375 0.9421875 0.7097222222222223 0.95 0.6847222222222222 0.96953125 0.6652777777777777 0.99140625 0.6611111111111111
1 0.53828125 0.38333333333333336 0.5515625 0.3902777777777778 0.55703125 0.4041666666666667 0.5609375 0.43194444444444446 0.55 0.4527777777777778 0.53984375 0.4583333333333333 0.53046875 0.4708333333333333 0.5203125 0.475 0.51484375 0.475 0.5109375 0.4666666666666667 0.5046875 0.4625 0.503125 0.42916666666666664 0.50703125 0.4 0.509375 0.39166666666666666 0.51484375 0.38472222222222224 0.525 0.3819444444444444 0.5375 0.38333333333333336
1 0.39921875 0.32083333333333336 0.4140625 0.3277777777777778 0.41796875 0.3333333333333333 0.41875 0.34444444444444444 0.42421875 0.36527777777777776 0.4234375 0.38472222222222224 0.42109375 0.3902777777777778 0.4140625 0.39166666666666666 0.4078125 0.4 0.396875 0.4 0.38515625 0.40694444444444444 0.38125 0.4041666666666667 0.37734375 0.36944444444444446 0.37890625 0.3347222222222222 0.3828125 0.3263888888888889 0.3984375 0.32083333333333336
1 0.5640625 0.49583333333333335 0.584375 0.49583333333333335 0.603125 0.5 0.61171875 0.5041666666666667 0.6203125 0.5208333333333334 0.62890625 0.5402777777777777 0.6328125 0.5638888888888889 0.63828125 0.575 0.64140625 0.6125 0.6390625 0.6291666666666667 0.634375 0.6388888888888888 0.62734375 0.6375 0.621875 0.6277777777777778 0.615625 0.6291666666666667 0.59296875 0.6222222222222222 0.58125 0.6236111111111111 0.57421875 0.6361111111111111 0.5671875 0.6375 0.56328125 0.6333333333333333 0.5609375 0.6180555555555556 0.55703125 0.6083333333333333 0.553125 0.6125 0.5453125 0.6125 0.54296875 0.6097222222222223 0.540625 0.5986111111111111 0.540625 0.5777777777777777 0.534375 0.5458333333333333 0.53515625 0.5361111111111111 0.54375 0.5180555555555556 0.5453125 0.5041666666666667 0.54921875 0.49583333333333335 0.56328125 0.49583333333333335
1 0.66171875 0.8472222222222222 0.67890625 0.8583333333333333 0.6890625 0.8736111111111111 0.7015625 0.8847222222222222 0.71171875 0.9097222222222222 0.71953125 0.9222222222222223 0.725 0.9375 0.725 0.9458333333333333 0.73671875 0.9736111111111111 0.75390625 0.9736111111111111 0.7578125 0.9777777777777777 0.759375 0.9916666666666667 0.75546875 0.9986111111111111 0.6546875 0.9986111111111111 0.628125 0.9930555555555556 0.60546875 0.9958333333333333 0.6 0.9902777777777778 0.6125 0.9902777777777778 0.615625 0.9847222222222223 0.61953125 0.9833333333333333 0.6140625 0.9805555555555555 0.59453125 0.9819444444444444 0.59296875 0.9847222222222223 0.5953125 0.9902777777777778 0.5921875 0.9944444444444445 0.5671875 0.9958333333333333 0.56484375 0.9944444444444445 0.5640625 0.9819444444444444 0.546875 0.9763888888888889 0.546875 0.9694444444444444 0.55546875 0.9527777777777777 0.5546875 0.9319444444444445 0.5578125 0.9236111111111112 0.565625 0.8777777777777778 0.575 0.8527777777777777 0.6609375 0.8472222222222222
1 0.43671875 0.28194444444444444 0.446875 0.2861111111111111 0.4515625 0.29583333333333334 0.453125 0.3055555555555556 0.45234375 0.32916666666666666 0.446875 0.3347222222222222 0.4390625 0.3347222222222222 0.43203125 0.32222222222222224 0.425 0.33194444444444443 0.421875 0.33194444444444443 0.41796875 0.3263888888888889 0.4171875 0.3055555555555556 0.41953125 0.28888888888888886 0.42421875 0.28055555555555556 0.4359375 0.28194444444444444
1 0.33359375 0.175 0.33828125 0.17777777777777778 0.34140625 0.18472222222222223 0.33671875 0.19583333333333333 0.3296875 0.2 0.31484375 0.1986111111111111 0.31171875 0.18472222222222223 0.32265625 0.1763888888888889 0.3328125 0.175
1 0.440625 0.39305555555555555 0.45078125 0.4 0.459375 0.4236111111111111 0.4671875 0.42777777777777776 0.4625 0.4361111111111111 0.46484375 0.4638888888888889 0.46328125 0.4666666666666667 0.4375 0.4708333333333333 0.415625 0.4986111111111111 0.41015625 0.49722222222222223 0.4046875 0.4888888888888889 0.40234375 0.4708333333333333 0.403125 0.42777777777777776 0.40703125 0.40555555555555556 0.4109375 0.3972222222222222 0.42109375 0.39166666666666666 0.43984375 0.39305555555555555
1 0.16796875 0.22916666666666666 0.17109375 0.2263888888888889 0.1984375 0.22916666666666666 0.20234375 0.23194444444444445 0.2078125 0.24444444444444444 0.20625 0.2625 0.19921875 0.26944444444444443 0.1875 0.2638888888888889 0.17109375 0.2652777777777778 0.16171875 0.2625 0.1546875 0.25416666666666665 0.1515625 0.24027777777777778 0.15390625 0.2361111111111111 0.16484375 0.2361111111111111 0.16796875 0.23055555555555557
1 0.48203125 0.26944444444444443 0.49453125 0.2722222222222222 0.5015625 0.28055555555555556 0.50625 0.3013888888888889 0.50546875 0.3277777777777778 0.50234375 0.33194444444444443 0.48671875 0.3277777777777778 0.46953125 0.3277777777777778 0.47109375 0.28888888888888886 0.47578125 0.275 0.48125 0.26944444444444443
1 0.6765625 0.5 0.68671875 0.5041666666666667 0.68984375 0.5083333333333333 0.7 0.5319444444444444 0.7015625 0.5430555555555555 0.70625 0.5541666666666667 0.71015625 0.5944444444444444 0.709375 0.6069444444444444 0.70703125 0.6125 0.703125 0.6125 0.696875 0.6069444444444444 0.6859375 0.6055555555555555 0.65 0.6041666666666666 0.64765625 0.6069444444444444 0.64375 0.6013888888888889 0.63984375 0.5805555555555556 0.640625 0.575 0.6359375 0.5666666666666667 0.63359375 0.5444444444444444 0.628125 0.5305555555555556 0.63359375 0.5041666666666667 0.6421875 0.49722222222222223 0.67578125 0.5
1 0.62578125 0.3902777777777778 0.6390625 0.39444444444444443 0.64609375 0.4 0.6609375 0.42916666666666664 0.65078125 0.4513888888888889 0.646875 0.49027777777777776 0.6421875 0.49166666666666664 0.628125 0.4875 0.61640625 0.4930555555555556 0.6125 0.4861111111111111 0.60390625 0.4527777777777778 0.59453125 0.4388888888888889 0.59453125 0.4305555555555556 0.596875 0.41388888888888886 0.603125 0.39444444444444443 0.61328125 0.3902777777777778 0.625 0.3902777777777778
1 0.68671875 0.4361111111111111 0.71015625 0.44583333333333336 0.7234375 0.4777777777777778 0.725 0.4930555555555556 0.73046875 0.5125 0.7234375 0.5319444444444444 0.7234375 0.5444444444444444 0.71796875 0.5527777777777778 0.71015625 0.5527777777777778 0.70546875 0.5430555555555555 0.7046875 0.5305555555555556 0.70859375 0.5194444444444445 0.70859375 0.5111111111111111 0.70234375 0.49444444444444446 0.70078125 0.48055555555555557 0.69765625 0.47638888888888886 0.6890625 0.475 0.6859375 0.49166666666666664 0.68203125 0.4986111111111111 0.65078125 0.49583333333333335 0.6484375 0.4930555555555556 0.6515625 0.4527777777777778 0.65625 0.44027777777777777 0.6625 0.43472222222222223 0.6859375 0.4361111111111111
1 0.296875 0.3194444444444444 0.31328125 0.32083333333333336 0.321875 0.3277777777777778 0.3265625 0.34305555555555556 0.3265625 0.3958333333333333 0.3234375 0.39861111111111114 0.3171875 0.39444444444444443 0.29296875 0.39444444444444443 0.2875 0.4 0.284375 0.39861111111111114 0.2828125 0.37916666666666665 0.28359375 0.3472222222222222 0.2875 0.3277777777777778 0.28984375 0.3236111111111111 0.29609375 0.32083333333333336
1 0.26875 0.5166666666666667 0.27578125 0.5208333333333334 0.278125 0.5263888888888889 0.284375 0.5611111111111111 0.284375 0.5694444444444444 0.28046875 0.5736111111111111 0.259375 0.5805555555555556 0.25625 0.5888888888888889 0.25546875 0.6180555555555556 0.25390625 0.6236111111111111 0.2359375 0.6263888888888889 0.2265625 0.6319444444444444 0.225 0.6361111111111111 0.2265625 0.6569444444444444 0.2234375 0.7013888888888888 0.203125 0.7069444444444445 0.2 0.7 0.196875 0.675 0.1984375 0.6361111111111111 0.19453125 0.6111111111111112 0.19921875 0.5833333333333334 0.196875 0.5722222222222222 0.20078125 0.5402777777777777 0.2 0.5263888888888889 0.20625 0.5208333333333334 0.22109375 0.5180555555555556 0.26796875 0.5166666666666667
0 0.390625 0.5680555555555555 0.39921875 0.5722222222222222 0.4984375 0.7333333333333333 0.50390625 0.75 0.5125 0.8041666666666667 0.52265625 0.8291666666666667 0.52265625 0.8458333333333333 0.52578125 0.85 0.52890625 0.8472222222222222 0.5359375 0.8666666666666667 0.53984375 0.9027777777777778 0.5390625 0.9263888888888889 0.5375 0.9305555555555556 0.52421875 0.9361111111111111 0.51953125 0.9430555555555555 0.5203125 0.9819444444444444 0.51953125 0.9930555555555556 0.5171875 0.9958333333333333 0.51484375 0.9958333333333333 0.5109375 0.9888888888888889 0.50390625 0.9902777777777778 0.4984375 0.9861111111111112 0.49609375 0.9888888888888889 0.47421875 0.9916666666666667 0.43125 0.9916666666666667 0.415625 0.9958333333333333 0.39921875 0.9958333333333333 0.39609375 0.9986111111111111 0.38984375 0.9958333333333333 0.36875 0.9986111111111111 0.3375 0.9986111111111111 0.33515625 0.9958333333333333 0.3296875 0.9986111111111111 0.3234375 0.9986111111111111 0.321875 0.9958333333333333 0.31328125 0.9986111111111111 0.26953125 0.9986111111111111 0.2671875 0.9944444444444445 0.2671875 0.9791666666666666 0.2625 0.9486111111111111 0.259375 0.9388888888888889 0.25625 0.9083333333333333 0.25234375 0.7652777777777777 0.25390625 0.7402777777777778 0.25234375 0.6819444444444445 0.2546875 0.6597222222222222 0.2546875 0.6347222222222222 0.25859375 0.6069444444444444 0.25859375 0.5847222222222223 0.26171875 0.5805555555555556 0.27421875 0.5763888888888888 0.31171875 0.5694444444444444 0.38984375 0.5680555555555555
0 0.3921875 0.17777777777777778 0.39609375 0.175 0.40703125 0.1763888888888889 0.41171875 0.18888888888888888 0.41171875 0.20555555555555555 0.4078125 0.2222222222222222 0.39375 0.22361111111111112 0.390625 0.21805555555555556 0.3890625 0.19305555555555556 0.3921875 0.17916666666666667
0 0.4296875 0.15833333333333333 0.43359375 0.16527777777777777 0.434375 0.18472222222222223 0.43203125 0.19027777777777777 0.42265625 0.19583333333333333 0.41640625 0.19166666666666668 0.41484375 0.1638888888888889 0.41875 0.15833333333333333 0.42890625 0.15833333333333333