3 0.57109375 0.19583333333333333 0.58046875 0.2 0.5828125 0.20416666666666666 0.58828125 0.22777777777777777 0.58828125 0.2513888888888889 0.58515625 0.2611111111111111 0.584375 0.28055555555555556 0.58125 0.28055555555555556 0.5796875 0.2708333333333333 0.575 0.2625 0.559375 0.2625 0.553125 0.2708333333333333 0.55234375 0.225 0.5546875 0.20972222222222223 0.56015625 0.2 0.5703125 0.19583333333333333
2 0.2234375 0.2513888888888889 0.2265625 0.25972222222222224 0.2265625 0.2722222222222222 0.22421875 0.2777777777777778 0.21796875 0.2777777777777778 0.2140625 0.26666666666666666 0.2140625 0.2569444444444444 0.21640625 0.25277777777777777 0.22265625 0.2513888888888889
2 0.915625 0.6944444444444444 0.91796875 0.6972222222222222 0.934375 0.6944444444444444 0.9390625 0.7 0.94140625 0.7416666666666667 0.9359375 0.7527777777777778 0.925 0.7652777777777777 0.9140625 0.7583333333333333 0.90625 0.7402777777777778 0.90703125 0.7125 0.90859375 0.7083333333333334 0.90625 0.6930555555555555 0.90703125 0.6763888888888889 0.909375 0.6722222222222223 0.9125 0.6736111111111112 0.91484375 0.6944444444444444
2 0.63828125 0.28055555555555556 0.0078125 0.022222222222222223
2 0.00859375 0.3888888888888889 0.01484375 0.39305555555555555 0.01484375 0.40555555555555556 0.01171875 0.42083333333333334 0.00859375 0.425 0 0.42083333333333334 0.0015625 0.41944444444444445 0 0.4083333333333333 0.00234375 0.40555555555555556 0.0046875 0.39305555555555555 0.0078125 0.3902777777777778
2 0.2875 0.2569444444444444 0.290625 0.2625 0.290625 0.2708333333333333 0.2859375 0.2777777777777778 0.2828125 0.27361111111111114 0.2828125 0.25833333333333336 0.28671875 0.2569444444444444
2 0.45546875 0.35555555555555557 0.4578125 0.35833333333333334 0.4578125 0.3763888888888889 0.453125 0.3875 0.4484375 0.3875 0.44609375 0.38333333333333336 0.44609375 0.3625 0.44921875 0.35555555555555557 0.4546875 0.35555555555555557
2 0.46015625 0.5555555555555556 0.465625 0.5611111111111111 0.46796875 0.6 0.46796875 0.6055555555555555 0.46015625 0.6194444444444445 0.45625 0.6180555555555556 0.45078125 0.5972222222222222 0.44921875 0.5805555555555556 0.45 0.5597222222222222 0.45390625 0.5555555555555556 0.459375 0.5555555555555556
2 0.3 0.6527777777777778 0.3046875 0.6652777777777777 0.3015625 0.6736111111111112 0.3015625 0.6958333333333333 0.30546875 0.7236111111111111 0.28984375 0.7583333333333333 0.28515625 0.7569444444444444 0.2828125 0.7527777777777778 0.27890625 0.7291666666666666 0.28046875 0.7013888888888888 0.27890625 0.6597222222222222 0.284375 0.65 0.29609375 0.65 0.29921875 0.6527777777777778
2 0.37265625 0.6083333333333333 0.37734375 0.6208333333333333 0.37890625 0.6541666666666667 0.3828125 0.6638888888888889 0.3828125 0.6694444444444444 0.371875 0.6944444444444444 0.36875 0.6944444444444444 0.3625 0.6791666666666667 0.359375 0.6597222222222222 0.36171875 0.6333333333333333 0.35703125 0.625 0.359375 0.6111111111111112 0.371875 0.6083333333333333
2 0.403515625 0.6090277777777777 0.01953125 0.0763888888888889
2 0.51015625 0.34444444444444444 0.51171875 0.35833333333333334 0.5078125 0.3736111111111111 0.50234375 0.37222222222222223 0.49921875 0.35138888888888886 0.5015625 0.34305555555555556 0.509375 0.34444444444444444
2 0.472265625 0.39791666666666664 0.01328125 0.03194444444444444
2 0.50859375 0.2791666666666667 0.51171875 0.2833333333333333 0.509375 0.2972222222222222 0.50546875 0.29583333333333334 0.50390625 0.2875 0.50390625 0.28194444444444444 0.5078125 0.2791666666666667
2 0.28984375 0.35 0.29296875 0.35555555555555557 0.29296875 0.3763888888888889 0.2828125 0.39166666666666666 0.2796875 0.3902777777777778 0.27890625 0.35833333333333334 0.28359375 0.35138888888888886 0.2890625 0.35
2 0.73125 0.43472222222222223 0.73203125 0.4597222222222222 0.7265625 0.475 0.7234375 0.475 0.7203125 0.4666666666666667 0.71953125 0.44583333333333336 0.7234375 0.43472222222222223 0.73046875 0.43472222222222223
1 0.57578125 0.4236111111111111 0.58515625 0.4305555555555556 0.59140625 0.4513888888888889 0.59453125 0.4930555555555556 0.59140625 0.5041666666666667 0.58828125 0.4986111111111111 0.584375 0.48055555555555557 0.5796875 0.4736111111111111 0.54765625 0.4722222222222222 0.54609375 0.46944444444444444 0.54921875 0.44583333333333336 0.54375 0.44166666666666665 0.54375 0.4375 0.55 0.43472222222222223 0.55703125 0.4236111111111111 0.575 0.4236111111111111
1 0.265625 0.22777777777777777 0.26875 0.22916666666666666 0.27265625 0.24027777777777778 0.271875 0.26805555555555555 0.2625 0.275 0.25078125 0.27361111111111114 0.2484375 0.2763888888888889 0.24453125 0.275 0.24296875 0.26805555555555555 0.24140625 0.25555555555555554 0.24296875 0.24027777777777778 0.24765625 0.23055555555555557 0.26484375 0.22777777777777777
1 0.709375 0.43194444444444446 0.7140625 0.44166666666666665 0.7203125 0.475 0.7203125 0.5 0.71640625 0.5083333333333333 0.71328125 0.5083333333333333 0.7046875 0.5 0.68203125 0.4986111111111111 0.67109375 0.5041666666666667 0.66796875 0.5013888888888889 0.6640625 0.4791666666666667 0.66484375 0.4513888888888889 0.675 0.43194444444444446 0.678125 0.42916666666666664 0.70078125 0.42916666666666664 0.70859375 0.43194444444444446
1 0.5078125 0.2263888888888889 0.51171875 0.22083333333333333 0.52265625 0.2222222222222222 0.5265625 0.2361111111111111 0.52578125 0.24861111111111112 0.521875 0.25277777777777777 0.51171875 0.24444444444444444 0.5078125 0.23333333333333334 0.5078125 0.22777777777777777
1 0.57734375 0.30416666666666664 0.5828125 0.3138888888888889 0.57578125 0.32222222222222224 0.571875 0.3375 0.56953125 0.3416666666666667 0.55703125 0.34444444444444444 0.5546875 0.33194444444444443 0.56015625 0.3125 0.565625 0.3055555555555556 0.5765625 0.30416666666666664
1 0.78046875 0.016666666666666666 0.78515625 0.02361111111111111 0.78515625 0.043055555555555555 0.77890625 0.058333333333333334 0.7640625 0.06805555555555555 0.75546875 0.06388888888888888 0.74453125 0.06388888888888888 0.73125 0.05694444444444444 0.72890625 0.05416666666666667 0.73046875 0.03888888888888889 0.7359375 0.03194444444444444 0.74921875 0.025 0.7625 0.02361111111111111 0.771875 0.015277777777777777 0.7796875 0.016666666666666666
1 0.28984375 0.19305555555555556 0.3015625 0.2 0.30390625 0.20555555555555555 0.303125 0.20833333333333334 0.3 0.21388888888888888 0.29375 0.21388888888888888 0.284375 0.20277777777777778 0.2859375 0.19583333333333333 0.2890625 0.19444444444444445
1 0.84921875 0.7347222222222223 0.87421875 0.7402777777777778 0.884375 0.7486111111111111 0.90390625 0.7861111111111111 0.9140625 0.8291666666666667 0.9234375 0.8527777777777777 0.9265625 0.9194444444444444 0.9203125 0.9541666666666667 0.9140625 0.9666666666666667 0.90390625 0.9638888888888889 0.8921875 0.9416666666666667 0.840625 0.9319444444444445 0.82421875 0.9347222222222222 0.8140625 0.9444444444444444 0.80859375 0.9541666666666667 0.8046875 0.9555555555555556 0.8 0.9513888888888888 0.796875 0.9430555555555555 0.79375 0.9 0.7796875 0.8708333333333333 0.771875 0.8625 0.7703125 0.8513888888888889 0.7703125 0.7944444444444444 0.77265625 0.7583333333333333 0.7796875 0.7527777777777778 0.7890625 0.7513888888888889 0.80234375 0.7347222222222223 0.8484375 0.7347222222222223
1 0.62265625 0.29305555555555557 0.63359375 0.29583333333333334 0.63671875 0.30277777777777776 0.63671875 0.30972222222222223 0.6265625 0.3333333333333333 0.62265625 0.33611111111111114 0.6140625 0.33611111111111114 0.61015625 0.33055555555555555 0.61015625 0.31666666666666665 0.6125 0.30694444444444446 0.61640625 0.29583333333333334 0.621875 0.29305555555555557
1 0.32890625 0.20277777777777778 0.3328125 0.20694444444444443 0.3328125 0.21805555555555556 0.33203125 0.2263888888888889 0.328125 0.23055555555555557 0.32265625 0.2263888888888889 0.31484375 0.2263888888888889 0.3140625 0.21805555555555556 0.31796875 0.20416666666666666 0.328125 0.20277777777777778
1 0.28203125 0.2 0.2890625 0.20277777777777778 0.296875 0.2125 0.28984375 0.22361111111111112 0.27890625 0.21944444444444444 0.27734375 0.2013888888888889 0.28125 0.2
1 0.06171875 0.3388888888888889 0.075 0.3527777777777778 0.0765625 0.37222222222222223 0.07265625 0.3861111111111111 0.06171875 0.3875 0.05390625 0.3972222222222222 0.04765625 0.39444444444444443 0.02109375 0.3972222222222222 0.0140625 0.3861111111111111 0.01640625 0.37916666666666665 0.01796875 0.3597222222222222 0.02734375 0.3472222222222222 0.03359375 0.3416666666666667 0.0453125 0.3375 0.0609375 0.3388888888888889
1 0.75625 0.5125 0.771875 0.5236111111111111 0.77890625 0.5361111111111111 0.7796875 0.55 0.7859375 0.575 0.7859375 0.5791666666666667 0.77890625 0.5875 0.778125 0.6013888888888889 0.77265625 0.6166666666666667 0.74296875 0.6125 0.72578125 0.6138888888888889 0.715625 0.5805555555555556 0.71484375 0.5555555555555556 0.715625 0.5347222222222222 0.7171875 0.5305555555555556 0.73203125 0.5180555555555556 0.75546875 0.5125
1 0.65234375 0.20833333333333334 0.65390625 0.225 0.6453125 0.23472222222222222 0.63984375 0.23472222222222222 0.63671875 0.22916666666666666 0.63671875 0.21388888888888888 0.64375 0.20694444444444443 0.6515625 0.20833333333333334
1 0.58203125 0.5236111111111111 0.60546875 0.5277777777777778 0.61328125 0.5444444444444444 0.61953125 0.5472222222222223 0.61953125 0.5541666666666667 0.6140625 0.5583333333333333 0.6171875 0.5833333333333334 0.6171875 0.6305555555555555 0.60859375 0.6472222222222223 0.58828125 0.6458333333333334 0.5765625 0.6402777777777777 0.56015625 0.6416666666666667 0.5515625 0.6541666666666667 0.546875 0.65 0.54609375 0.6236111111111111 0.54921875 0.5958333333333333 0.5484375 0.5666666666666667 0.553125 0.5402777777777777 0.56328125 0.525 0.58125 0.5236111111111111
1 0.38984375 0.2263888888888889 0.3921875 0.24027777777777778 0.3921875 0.25416666666666665 0.3875 0.25972222222222224 0.37109375 0.25833333333333336 0.36875 0.25416666666666665 0.36875 0.24722222222222223 0.3703125 0.2361111111111111 0.375 0.2263888888888889 0.38046875 0.22361111111111112 0.3890625 0.2263888888888889
1 0.4890625 0.2222222222222222 0.49453125 0.2375 0.490625 0.25277777777777777 0.48359375 0.2513888888888889 0.47578125 0.22916666666666666 0.4765625 0.22361111111111112 0.47890625 0.2222222222222222 0.48828125 0.2222222222222222
1 0.32421875 0.2263888888888889 0.328125 0.23472222222222222 0.32734375 0.24444444444444444 0.321875 0.2513888888888889 0.31484375 0.25416666666666665 0.30859375 0.25 0.309375 0.2375 0.31484375 0.2263888888888889 0.3234375 0.2263888888888889
1 0.27578125 0.2875 0.2796875 0.2916666666666667 0.28125 0.3 0.28203125 0.33055555555555555 0.2796875 0.3375 0.2703125 0.34444444444444444 0.25546875 0.3402777777777778 0.24375 0.3416666666666667 0.2421875 0.3388888888888889 0.240625 0.31666666666666665 0.24375 0.30277777777777776 0.25078125 0.2916666666666667 0.275 0.2875
1 0.46171875 0.2625 0.465625 0.26805555555555555 0.4671875 0.275 0.4671875 0.2972222222222222 0.4640625 0.3013888888888889 0.44453125 0.3 0.4421875 0.29583333333333334 0.44375 0.26944444444444443 0.44921875 0.2625 0.4609375 0.2625
1 0.68125 0.3736111111111111 0.68515625 0.375 0.6890625 0.3819444444444444 0.69296875 0.4027777777777778 0.69375 0.425 0.69140625 0.42777777777777776 0.67890625 0.42777777777777776 0.67421875 0.43194444444444446 0.66796875 0.4444444444444444 0.65390625 0.4486111111111111 0.65078125 0.44722222222222224 0.6484375 0.4388888888888889 0.64296875 0.4305555555555556 0.64375 0.3888888888888889 0.65703125 0.37222222222222223 0.68046875 0.3736111111111111
1 0.196875 0.30694444444444446 0.20234375 0.3138888888888889 0.20546875 0.32916666666666666 0.20546875 0.3458333333333333 0.20390625 0.35138888888888886 0.2 0.3527777777777778 0.19609375 0.33611111111111114 0.19296875 0.33055555555555555 0.165625 0.33055555555555555 0.175 0.30972222222222223 0.19609375 0.30694444444444446
1 0.34375 0.25416666666666665 0.3484375 0.2611111111111111 0.34921875 0.2791666666666667 0.34140625 0.2875 0.328125 0.2875 0.32578125 0.2625 0.32890625 0.25416666666666665 0.34296875 0.25416666666666665
1 0.57421875 0.29444444444444445 0.57734375 0.30416666666666664 0.5765625 0.30833333333333335 0.5625 0.30833333333333335 0.559375 0.31527777777777777 0.55625 0.33194444444444443 0.553125 0.33611111111111114 0.5515625 0.3333333333333333 0.5515625 0.3111111111111111 0.55546875 0.2972222222222222 0.559375 0.29305555555555557 0.5734375 0.29444444444444445
1 0.4609375 0.2611111111111111 0.459375 0.25277777777777777 0.4625 0.2361111111111111 0.46640625 0.23194444444444445 0.47734375 0.23333333333333334 0.48203125 0.24305555555555555 0.48359375 0.25833333333333336 0.48203125 0.2638888888888889 0.47734375 0.26666666666666666 0.465625 0.2652777777777778 0.46171875 0.2611111111111111
1 0.311328125 0.28680555555555554 0.03515625 0.04861111111111111
1 0.646875 0.6236111111111111 0.67890625 0.6305555555555555 0.690625 0.65 0.7 0.7069444444444445 0.69921875 0.7458333333333333 0.69765625 0.7555555555555555 0.69296875 0.7652777777777777 0.6859375 0.7638888888888888 0.66953125 0.7513888888888889 0.63046875 0.75 0.6265625 0.7527777777777778 0.6234375 0.7472222222222222 0.61953125 0.7194444444444444 0.60859375 0.6916666666666667 0.60859375 0.6625 0.61640625 0.6375 0.6234375 0.6277777777777778 0.63203125 0.6222222222222222 0.64609375 0.6236111111111111
1 0.4953125 0.2833333333333333 0.49921875 0.2902777777777778 0.5015625 0.30416666666666664 0.5015625 0.31666666666666665 0.4984375 0.32222222222222224 0.4765625 0.32222222222222224 0.4734375 0.31805555555555554 0.4765625 0.2902777777777778 0.47890625 0.2847222222222222 0.48203125 0.28194444444444444 0.49453125 0.2833333333333333
1 0.571875 0.4736111111111111 0.58125 0.47638888888888886 0.58515625 0.4847222222222222 0.58984375 0.5083333333333333 0.5890625 0.5208333333333334 0.58671875 0.5236111111111111 0.5703125 0.5222222222222223 0.5625 0.525 0.553125 0.5375 0.55078125 0.5555555555555556 0.5453125 0.5666666666666667 0.5390625 0.5666666666666667 0.5359375 0.5597222222222222 0.53828125 0.5 0.5328125 0.49027777777777776 0.54140625 0.48333333333333334 0.546875 0.4736111111111111 0.57109375 0.4736111111111111
1 0.25859375 0.1986111111111111 0.275 0.1986111111111111 0.27890625 0.20277777777777778 0.28046875 0.2125 0.28046875 0.21944444444444444 0.27265625 0.2263888888888889 0.2640625 0.225 0.25859375 0.21666666666666667 0.25859375 0.2
1 0.57421875 0.34305555555555556 0.584375 0.3486111111111111 0.58828125 0.37083333333333335 0.58203125 0.37916666666666665 0.57421875 0.40555555555555556 0.565625 0.4027777777777778 0.55859375 0.4041666666666667 0.5546875 0.4083333333333333 0.54921875 0.40694444444444444 0.55 0.3680555555555556 0.5546875 0.35 0.56015625 0.34305555555555556 0.5734375 0.34305555555555556
1 0.58046875 0.6930555555555555 0.6046875 0.6972222222222222 0.6125 0.7069444444444445 0.61640625 0.7208333333333333 0.61953125 0.7458333333333333 0.63046875 0.7861111111111111 0.63125 0.8083333333333333 0.63359375 0.8194444444444444 0.6328125 0.8652777777777778 0.6296875 0.9013888888888889 0.62578125 0.9097222222222222 0.61640625 0.9069444444444444 0.6078125 0.8930555555555556 0.60234375 0.8930555555555556 0.59921875 0.8888888888888888 0.58125 0.8819444444444444 0.55 0.8847222222222222 0.54453125 0.8916666666666667 0.54140625 0.9013888888888889 0.5375 0.9041666666666667 0.5296875 0.9055555555555556 0.525 0.9013888888888889 0.5234375 0.8430555555555556 0.5265625 0.7972222222222223 0.528125 0.7930555555555555 0.5265625 0.7569444444444444 0.52890625 0.7333333333333333 0.52109375 0.725 0.5203125 0.7166666666666667 0.525 0.7125 0.534375 0.7111111111111111 0.54609375 0.6930555555555555 0.5796875 0.6930555555555555
1 0.57421875 0.26666666666666666 0.57890625 0.27361111111111114 0.5828125 0.28888888888888886 0.5828125 0.29583333333333334 0.57890625 0.30277777777777776 0.571875 0.29305555555555557 0.55625 0.29305555555555557 0.55390625 0.2861111111111111 0.55625 0.2708333333333333 0.56015625 0.2652777777777778 0.5734375 0.26666666666666666
1 0.584375 0.3763888888888889 0.59296875 0.37083333333333335 0.60625 0.37222222222222223 0.615625 0.37916666666666665 0.621875 0.4 0.6234375 0.41944444444444445 0.621875 0.45416666666666666 0.61953125 0.4597222222222222 0.6140625 0.4583333333333333 0.60625 0.44583333333333336 0.59140625 0.4444444444444444 0.57578125 0.4166666666666667 0.5765625 0.4013888888888889 0.584375 0.37777777777777777
1 0.509375 0.24444444444444444 0.51640625 0.25416666666666665 0.515625 0.2763888888888889 0.51015625 0.25972222222222224 0.5046875 0.25833333333333336 0.5015625 0.2652777777777778 0.49765625 0.25416666666666665 0.50078125 0.24722222222222223 0.50859375 0.24444444444444444
1 0.22109375 0.3680555555555556 0.22578125 0.39444444444444443 0.22890625 0.4013888888888889 0.2296875 0.44305555555555554 0.228125 0.44583333333333336 0.19609375 0.44583333333333336 0.190625 0.4486111111111111 0.18359375 0.4486111111111111 0.18125 0.44583333333333336 0.18125 0.4166666666666667 0.1921875 0.38333333333333336 0.20234375 0.37083333333333335 0.2203125 0.3680555555555556
1 0.64609375 0.30972222222222223 0.65234375 0.3125 0.65546875 0.31805555555555554 0.65546875 0.3236111111111111 0.6453125 0.3263888888888889 0.6421875 0.33194444444444443 0.64296875 0.35 0.6359375 0.35694444444444445 0.6296875 0.35694444444444445 0.62734375 0.3527777777777778 0.6265625 0.3347222222222222 0.62890625 0.325 0.6359375 0.3111111111111111 0.6453125 0.30972222222222223
1 0.5875 0.31666666666666665 0.5984375 0.3194444444444444 0.60625 0.33194444444444443 0.609375 0.3416666666666667 0.609375 0.3541666666666667 0.6078125 0.36944444444444446 0.60546875 0.37222222222222223 0.5921875 0.37083333333333335 0.5828125 0.34444444444444444 0.5703125 0.3375 0.5765625 0.31805555555555554 0.58046875 0.31527777777777777 0.58671875 0.31666666666666665
1 0.38359375 0.2638888888888889 0.384375 0.2722222222222222 0.38125 0.28194444444444444 0.365625 0.2972222222222222 0.359375 0.29444444444444445 0.359375 0.275 0.36171875 0.26666666666666666 0.36875 0.25972222222222224 0.37734375 0.25972222222222224 0.3828125 0.2638888888888889
1 0.28984375 0.5041666666666667 0.30703125 0.5069444444444444 0.3125 0.5111111111111111 0.3171875 0.525 0.32421875 0.5375 0.325 0.5958333333333333 0.32109375 0.6222222222222222 0.309375 0.6375 0.30625 0.6347222222222222 0.3015625 0.6097222222222223 0.29765625 0.6055555555555555 0.29296875 0.6055555555555555 0.28828125 0.6138888888888889 0.28671875 0.6305555555555555 0.27578125 0.6625 0.2375 0.6611111111111111 0.23046875 0.6722222222222223 0.2234375 0.6708333333333333 0.215625 0.6569444444444444 0.2125 0.6444444444444445 0.21171875 0.6027777777777777 0.21875 0.5375 0.23671875 0.5152777777777777 0.24765625 0.5069444444444444 0.25625 0.5041666666666667 0.2890625 0.5041666666666667
0 0.6125 0.18888888888888888 0.615625 0.19583333333333333 0.61796875 0.21666666666666667 0.6171875 0.24583333333333332 0.6078125 0.24722222222222223 0.6015625 0.25555555555555554 0.5921875 0.2569444444444444 0.5890625 0.25416666666666665 0.58828125 0.24861111111111112 0.58828125 0.21805555555555556 0.5921875 0.19027777777777777 0.59921875 0.18472222222222223 0.61171875 0.18888888888888888