3 0.0609375 0.17777777777777778 0.07578125 0.18194444444444444 0.08125 0.19166666666666668 0.084375 0.20694444444444443 0.08359375 0.2222222222222222 0.0859375 0.24861111111111112 0.0828125 0.25555555555555554 0.07890625 0.25833333333333336 0.06875 0.25833333333333336 0.06015625 0.25416666666666665 0.05859375 0.24722222222222223 0.059375 0.20694444444444443 0.0578125 0.19166666666666668 0.0578125 0.18055555555555555 0.06015625 0.17777777777777778
3 0.1296875 0.8055555555555556 0.14375 0.8097222222222222 0.1484375 0.8166666666666667 0.15625 0.8388888888888889 0.1671875 0.9166666666666666 0.175 0.9430555555555555 0.17578125 0.9652777777777778 0.17421875 0.9763888888888889 0.1765625 0.9875 0.17578125 0.9986111111111111 0.1328125 0.9986111111111111 0.1265625 0.9875 0.109375 0.9736111111111111 0.0828125 0.9736111111111111 0.06640625 0.9652777777777778 0.05234375 0.9638888888888889 0.0375 0.9666666666666667 0.028125 0.9625 0.02734375 0.9347222222222222 0.0234375 0.9194444444444444 0.021875 0.8597222222222223 0.02734375 0.8277777777777777 0.03046875 0.8208333333333333 0.03984375 0.8138888888888889 0.07734375 0.8055555555555556 0.12890625 0.8055555555555556
3 0.2359375 0.18055555555555555 0.2421875 0.18888888888888888 0.2421875 0.2125 0.2359375 0.21805555555555556 0.2296875 0.21805555555555556 0.2234375 0.2125 0.21875 0.20277777777777778 0.21875 0.18472222222222223 0.2203125 0.18055555555555555 0.23515625 0.18055555555555555
3 0.20078125 0.18472222222222223 0.20546875 0.19305555555555556 0.20703125 0.20416666666666666 0.203125 0.2111111111111111 0.2015625 0.2375 0.196875 0.2388888888888889 0.18125 0.2375 0.17421875 0.23333333333333334 0.1765625 0.2152777777777778 0.18125 0.20277777777777778 0.18046875 0.19722222222222222 0.184375 0.18333333333333332 0.2 0.18472222222222223
3 0.190625 0.18194444444444444 0.203125 0.1875 0.21015625 0.20416666666666666 0.2171875 0.20694444444444443 0.23125 0.2222222222222222 0.23125 0.2361111111111111 0.2265625 0.24444444444444444 0.20859375 0.24444444444444444 0.20234375 0.24027777777777778 0.18984375 0.24027777777777778 0.175 0.23333333333333334 0.175 0.22777777777777777 0.178125 0.22361111111111112 0.178125 0.2125 0.18203125 0.20555555555555555 0.18125 0.1986111111111111 0.18359375 0.19444444444444445 0.184375 0.18472222222222223 0.18984375 0.18194444444444444
2 0.26953125 0.41805555555555557 0.27265625 0.4222222222222222 0.27421875 0.44305555555555554 0.27421875 0.46111111111111114 0.26953125 0.4722222222222222 0.265625 0.4722222222222222 0.2609375 0.4652777777777778 0.25625 0.4444444444444444 0.2578125 0.4222222222222222 0.26171875 0.41805555555555557 0.26875 0.41805555555555557
2 0.13984375 0.32916666666666666 0.14296875 0.3347222222222222 0.14296875 0.34444444444444444 0.13828125 0.36527777777777776 0.13359375 0.36527777777777776 0.12890625 0.3486111111111111 0.1296875 0.3333333333333333 0.13359375 0.32916666666666666 0.1390625 0.32916666666666666
2 0.234375 0.24166666666666667 0.2390625 0.24722222222222223 0.23828125 0.25972222222222224 0.234375 0.2625 0.22890625 0.2611111111111111 0.228125 0.25 0.23125 0.24305555555555555 0.23359375 0.24305555555555555
2 0.175 0.29305555555555557 0.1859375 0.29305555555555557 0.18828125 0.3 0.1875 0.3138888888888889 0.178125 0.31805555555555554 0.175 0.3138888888888889 0.175 0.29444444444444445
2 0.584375 0.37777777777777777 0.58984375 0.3861111111111111 0.59140625 0.39444444444444443 0.59140625 0.4083333333333333 0.5875 0.4111111111111111 0.58125 0.4111111111111111 0.57734375 0.40694444444444444 0.58046875 0.3902777777777778 0.58046875 0.37916666666666665 0.58359375 0.37777777777777777
2 0.21796875 0.24444444444444444 0.221875 0.25 0.22265625 0.25833333333333336 0.2203125 0.2625 0.215625 0.2638888888888889 0.2109375 0.2611111111111111 0.2109375 0.25416666666666665 0.21328125 0.24583333333333332 0.2171875 0.24444444444444444
2 0.14375 0.3125 0.146875 0.31666666666666665 0.14765625 0.3236111111111111 0.14296875 0.3347222222222222 0.13671875 0.33194444444444443 0.13046875 0.3333333333333333 0.1296875 0.33055555555555555 0.13046875 0.3111111111111111 0.13203125 0.30833333333333335 0.14296875 0.3125
2 0.66796875 0.49583333333333335 0.68125 0.49722222222222223 0.6828125 0.5041666666666667 0.6828125 0.5458333333333333 0.67890625 0.5513888888888889 0.6703125 0.55 0.66796875 0.5486111111111112 0.66640625 0.5402777777777777 0.66796875 0.49722222222222223
1 0.3 0.34305555555555556 0.32109375 0.34444444444444444 0.32578125 0.35833333333333334 0.296875 0.3638888888888889 0.29296875 0.37222222222222223 0.29296875 0.37916666666666665 0.2859375 0.38333333333333336 0.284375 0.36944444444444446 0.28828125 0.35138888888888886 0.29296875 0.3458333333333333 0.29921875 0.34444444444444444
1 0.353125 0.5236111111111111 0.3625 0.525 0.36640625 0.5305555555555556 0.375 0.5638888888888889 0.3796875 0.5736111111111111 0.3828125 0.6194444444444445 0.38515625 0.6305555555555555 0.384375 0.6472222222222223 0.38203125 0.6527777777777778 0.353125 0.6583333333333333 0.33125 0.6583333333333333 0.31015625 0.6527777777777778 0.3 0.6263888888888889 0.29921875 0.6097222222222223 0.30078125 0.5916666666666667 0.29765625 0.5819444444444445 0.303125 0.5680555555555555 0.30625 0.5472222222222223 0.3125 0.5291666666666667 0.31953125 0.525 0.35234375 0.5236111111111111
1 0.21953125 0.3611111111111111 0.22734375 0.36527777777777776 0.23046875 0.3736111111111111 0.23125 0.38333333333333336 0.21328125 0.3819444444444444 0.20625 0.38472222222222224 0.196875 0.4041666666666667 0.18984375 0.4097222222222222 0.1859375 0.40694444444444444 0.18203125 0.39861111111111114 0.18125 0.39166666666666666 0.1875 0.38472222222222224 0.1921875 0.36527777777777776 0.20546875 0.3611111111111111 0.21875 0.3611111111111111
1 0.44609375 0.26666666666666666 0.4515625 0.2833333333333333 0.45078125 0.29444444444444445 0.44609375 0.3013888888888889 0.43359375 0.30833333333333335 0.428125 0.31527777777777777 0.421875 0.3138888888888889 0.41953125 0.30694444444444446 0.41953125 0.2847222222222222 0.4234375 0.27361111111111114 0.43203125 0.2638888888888889 0.43984375 0.2611111111111111 0.4421875 0.2611111111111111 0.4453125 0.26666666666666666
1 0.428125 0.2263888888888889 0.43046875 0.2375 0.42421875 0.2388888888888889 0.41484375 0.2611111111111111 0.41015625 0.2611111111111111 0.40859375 0.25555555555555554 0.4109375 0.24305555555555555 0.4109375 0.23055555555555557 0.41953125 0.225 0.42734375 0.2263888888888889
1 0.57109375 0.3416666666666667 0.5796875 0.3486111111111111 0.58984375 0.35 0.60234375 0.3638888888888889 0.6078125 0.375 0.6109375 0.3763888888888889 0.61171875 0.3819444444444444 0.609375 0.3861111111111111 0.6109375 0.40555555555555556 0.60703125 0.4097222222222222 0.5953125 0.4097222222222222 0.58828125 0.4041666666666667 0.57734375 0.4097222222222222 0.55546875 0.4027777777777778 0.55546875 0.3680555555555556 0.5640625 0.34305555555555556 0.5671875 0.3402777777777778 0.5703125 0.3416666666666667
1 0.7296875 0.45694444444444443 0.74296875 0.4583333333333333 0.753125 0.4652777777777778 0.759375 0.4736111111111111 0.765625 0.49027777777777776 0.75625 0.5041666666666667 0.75 0.5222222222222223 0.7453125 0.5402777777777777 0.74453125 0.5625 0.740625 0.5708333333333333 0.72265625 0.5638888888888889 0.6953125 0.5611111111111111 0.690625 0.5569444444444445 0.68671875 0.5458333333333333 0.684375 0.5027777777777778 0.68828125 0.4847222222222222 0.69453125 0.475 0.69609375 0.4666666666666667 0.7046875 0.45694444444444443 0.72890625 0.45694444444444443
1 0.353125 0.24305555555555555 0.35859375 0.2652777777777778 0.3578125 0.28194444444444444 0.35234375 0.2875 0.3328125 0.28888888888888886 0.32734375 0.2847222222222222 0.32734375 0.25416666666666665 0.32890625 0.24861111111111112 0.34453125 0.24166666666666667 0.35234375 0.24305555555555555
1 0.53203125 0.31805555555555554 0.54375 0.32083333333333336 0.54609375 0.3236111111111111 0.54609375 0.3277777777777778 0.5375 0.3402777777777778 0.534375 0.35555555555555557 0.53046875 0.3638888888888889 0.52890625 0.3819444444444444 0.52578125 0.38472222222222224 0.51796875 0.3680555555555556 0.51171875 0.3638888888888889 0.509375 0.35833333333333334 0.509375 0.3402777777777778 0.5140625 0.33055555555555555 0.528125 0.325 0.53203125 0.3194444444444444
1 0.290625 0.38333333333333336 0.2921875 0.36944444444444446 0.29609375 0.3625 0.325 0.35833333333333334 0.33125 0.3680555555555556 0.33984375 0.39861111111111114 0.33828125 0.4152777777777778 0.334375 0.4222222222222222 0.33046875 0.42083333333333334 0.3265625 0.3958333333333333 0.32109375 0.38333333333333336 0.31015625 0.38055555555555554 0.29140625 0.38333333333333336
1 0.35234375 0.4013888888888889 0.38046875 0.4041666666666667 0.3875 0.4166666666666667 0.3921875 0.43194444444444446 0.40078125 0.4361111111111111 0.4015625 0.44166666666666665 0.39375 0.4527777777777778 0.3640625 0.45416666666666666 0.35859375 0.45694444444444443 0.35234375 0.4666666666666667 0.34296875 0.49027777777777776 0.34140625 0.5097222222222222 0.33828125 0.5083333333333333 0.33515625 0.5 0.3359375 0.45416666666666666 0.334375 0.4444444444444444 0.34140625 0.40694444444444444 0.3515625 0.4013888888888889
1 0.2578125 0.25833333333333336 0.2625 0.26666666666666666 0.26640625 0.28055555555555556 0.265625 0.3 0.26015625 0.3138888888888889 0.2484375 0.3138888888888889 0.2453125 0.29444444444444445 0.2421875 0.2861111111111111 0.2453125 0.275 0.24296875 0.2638888888888889 0.246875 0.25972222222222224 0.25703125 0.25833333333333336
1 0.37109375 0.275 0.37578125 0.2722222222222222 0.3890625 0.2722222222222222 0.39296875 0.27361111111111114 0.3953125 0.2833333333333333 0.39375 0.2916666666666667 0.38359375 0.2875 0.3703125 0.2875 0.36796875 0.2847222222222222 0.37109375 0.2763888888888889
1 0.20390625 0.4041666666666667 0.2203125 0.40555555555555556 0.22734375 0.41388888888888886 0.23046875 0.4236111111111111 0.20859375 0.425 0.20078125 0.43472222222222223 0.190625 0.4625 0.19375 0.49444444444444446 0.1890625 0.5083333333333333 0.18359375 0.5055555555555555 0.1796875 0.49027777777777776 0.178125 0.4777777777777778 0.1796875 0.45694444444444443 0.17734375 0.44166666666666665 0.18359375 0.42916666666666664 0.1875 0.4111111111111111 0.203125 0.4041666666666667
1 0.7640625 0.7763888888888889 0.77265625 0.7791666666666667 0.7796875 0.7875 0.7890625 0.8277777777777777 0.79140625 0.8555555555555555 0.79453125 0.8694444444444445 0.79375 0.8791666666666667 0.796875 0.8861111111111111 0.80625 0.8902777777777777 0.8078125 0.8958333333333334 0.80703125 0.9041666666666667 0.803125 0.9111111111111111 0.803125 0.9319444444444445 0.80078125 0.95 0.79453125 0.9583333333333334 0.79609375 0.9625 0.8 0.9625 0.8046875 0.9694444444444444 0.8 0.9861111111111112 0.79296875 0.9916666666666667 0.7875 0.9902777777777778 0.7796875 0.9944444444444445 0.7640625 0.9958333333333333 0.74765625 0.9930555555555556 0.73828125 0.9958333333333333 0.6765625 0.9944444444444445 0.675 0.9805555555555555 0.678125 0.9680555555555556 0.6765625 0.9625 0.67734375 0.9138888888888889 0.6671875 0.9055555555555556 0.6671875 0.8888888888888888 0.66953125 0.8847222222222222 0.6734375 0.8819444444444444 0.6828125 0.8833333333333333 0.68203125 0.8722222222222222 0.68671875 0.8486111111111111 0.68671875 0.8375 0.69296875 0.8166666666666667 0.69453125 0.8027777777777778 0.703125 0.7777777777777778 0.71328125 0.775 0.76328125 0.7763888888888889
1 0.31171875 0.27361111111111114 0.31875 0.30833333333333335 0.3171875 0.325 0.3140625 0.32916666666666666 0.30234375 0.3263888888888889 0.296875 0.30416666666666664 0.29296875 0.2986111111111111 0.2828125 0.29444444444444445 0.2828125 0.2902777777777778 0.29140625 0.275 0.3015625 0.2722222222222222 0.3109375 0.27361111111111114
1 0.40390625 0.32916666666666666 0.4015625 0.36527777777777776 0.40234375 0.3875 0.40078125 0.39166666666666666 0.3875 0.3902777777777778 0.38515625 0.38472222222222224 0.384375 0.3736111111111111 0.3890625 0.33611111111111114 0.39296875 0.32916666666666666 0.403125 0.32916666666666666
1 0.92109375 0.575 0.93984375 0.5833333333333334 0.953125 0.5944444444444444 0.9640625 0.6097222222222223 0.9734375 0.6319444444444444 0.98125 0.6319444444444444 0.9859375 0.6361111111111111 0.98125 0.6513888888888889 0.98984375 0.6694444444444444 0.99453125 0.6888888888888889 0.99453125 0.7097222222222223 0.99140625 0.7305555555555555 0.99140625 0.7583333333333333 0.98828125 0.7652777777777777 0.97421875 0.7652777777777777 0.97421875 0.7611111111111111 0.96796875 0.75 0.95234375 0.7388888888888889 0.91875 0.7388888888888889 0.9140625 0.7416666666666667 0.90234375 0.7583333333333333 0.89375 0.7583333333333333 0.8859375 0.7458333333333333 0.88515625 0.7055555555555556 0.8765625 0.6958333333333333 0.86875 0.6625 0.8515625 0.6375 0.85234375 0.6263888888888889 0.85703125 0.6097222222222223 0.86171875 0.6013888888888889 0.865625 0.5805555555555556 0.86953125 0.5722222222222222 0.9203125 0.575
1 0.79609375 0.4986111111111111 0.81171875 0.5027777777777778 0.821875 0.5111111111111111 0.83125 0.5236111111111111 0.83828125 0.5416666666666666 0.8453125 0.5472222222222223 0.84375 0.5569444444444445 0.846875 0.5638888888888889 0.85390625 0.6027777777777777 0.8515625 0.6194444444444445 0.846875 0.6291666666666667 0.8421875 0.6291666666666667 0.82421875 0.6125 0.8125 0.6055555555555555 0.79453125 0.5986111111111111 0.746875 0.5972222222222222 0.74375 0.5805555555555556 0.74609375 0.5458333333333333 0.7484375 0.5305555555555556 0.75703125 0.5041666666666667 0.76484375 0.49583333333333335 0.7953125 0.4986111111111111
1 0.46015625 0.5486111111111112 0.4640625 0.5541666666666667 0.47421875 0.5861111111111111 0.48203125 0.6333333333333333 0.4875 0.6555555555555556 0.4875 0.6680555555555555 0.484375 0.6722222222222223 0.44921875 0.675 0.41953125 0.6583333333333333 0.403125 0.6569444444444444 0.4 0.6541666666666667 0.396875 0.6291666666666667 0.4 0.6097222222222223 0.4 0.5791666666666667 0.40078125 0.5722222222222222 0.41328125 0.5527777777777778 0.4265625 0.5486111111111112 0.459375 0.5486111111111112
1 0.5734375 0.4930555555555556 0.5890625 0.5027777777777778 0.59921875 0.5222222222222223 0.615625 0.575 0.615625 0.6027777777777777 0.6140625 0.6055555555555555 0.59453125 0.5930555555555556 0.53125 0.5944444444444444 0.52890625 0.5916666666666667 0.52578125 0.5513888888888889 0.528125 0.5222222222222223 0.53359375 0.5027777777777778 0.53671875 0.49722222222222223 0.5484375 0.4930555555555556 0.57265625 0.4930555555555556
1 0.39921875 0.30833333333333335 0.40703125 0.3111111111111111 0.40859375 0.31666666666666665 0.40390625 0.3277777777777778 0.3921875 0.32916666666666666 0.3890625 0.3347222222222222 0.3859375 0.3541666666666667 0.3859375 0.36666666666666664 0.38359375 0.375 0.37734375 0.3736111111111111 0.375 0.3680555555555556 0.375 0.33611111111111114 0.37890625 0.31527777777777777 0.38515625 0.30833333333333335 0.3984375 0.30833333333333335
1 0.43359375 0.24861111111111112 0.4390625 0.2513888888888889 0.44375 0.2638888888888889 0.428125 0.26805555555555555 0.42109375 0.2861111111111111 0.415625 0.28055555555555556 0.41484375 0.2611111111111111 0.4203125 0.25 0.4328125 0.24861111111111112
1 0.40546875 0.45416666666666666 0.41796875 0.47638888888888886 0.41796875 0.48333333333333334 0.40546875 0.4875 0.4015625 0.4930555555555556 0.3953125 0.5430555555555555 0.396875 0.5638888888888889 0.39140625 0.5694444444444444 0.38046875 0.5680555555555555 0.37265625 0.5486111111111112 0.36875 0.5319444444444444 0.36328125 0.5236111111111111 0.34453125 0.5180555555555556 0.34375 0.49444444444444446 0.35078125 0.4722222222222222 0.35859375 0.45694444444444443 0.39296875 0.45416666666666666 0.39765625 0.4513888888888889 0.4046875 0.45416666666666666
1 0.315625 0.3819444444444444 0.325 0.3888888888888889 0.32890625 0.41805555555555557 0.3328125 0.4305555555555556 0.334375 0.45 0.3328125 0.4791666666666667 0.328125 0.48055555555555557 0.3171875 0.4708333333333333 0.30078125 0.4708333333333333 0.2921875 0.4736111111111111 0.28515625 0.4847222222222222 0.28125 0.4847222222222222 0.27890625 0.48055555555555557 0.2765625 0.45694444444444443 0.27890625 0.4236111111111111 0.275 0.41805555555555557 0.275 0.4125 0.28203125 0.40694444444444444 0.2859375 0.3888888888888889 0.28984375 0.38333333333333336 0.31484375 0.3819444444444444
1 0.37109375 0.2847222222222222 0.3890625 0.2875 0.3921875 0.2916666666666667 0.3953125 0.30277777777777776 0.39296875 0.30833333333333335 0.38515625 0.30833333333333335 0.3796875 0.31527777777777777 0.375 0.33611111111111114 0.3734375 0.3527777777777778 0.36875 0.3527777777777778 0.36640625 0.3486111111111111 0.3609375 0.30972222222222223 0.36328125 0.2902777777777778 0.3703125 0.2847222222222222
1 0.57421875 0.4125 0.57734375 0.4166666666666667 0.57734375 0.42083333333333334 0.57109375 0.45555555555555555 0.56953125 0.4888888888888889 0.5671875 0.49166666666666664 0.5390625 0.4888888888888889 0.53515625 0.475 0.534375 0.45416666666666666 0.5421875 0.4097222222222222 0.55625 0.40694444444444444 0.5734375 0.4125
1 0.45625 0.19166666666666668 0.46484375 0.2013888888888889 0.4609375 0.22361111111111112 0.4515625 0.22777777777777777 0.44453125 0.2125 0.44453125 0.2013888888888889 0.4484375 0.19444444444444445 0.45546875 0.19305555555555556
1 0.23828125 0.32916666666666666 0.2484375 0.3486111111111111 0.246875 0.3625 0.24921875 0.3763888888888889 0.24921875 0.4013888888888889 0.24765625 0.40694444444444444 0.24453125 0.40694444444444444 0.2421875 0.4027777777777778 0.23828125 0.3875 0.23203125 0.37916666666666665 0.23046875 0.36944444444444446 0.22578125 0.3625 0.2203125 0.3597222222222222 0.196875 0.3597222222222222 0.19765625 0.3472222222222222 0.20234375 0.3375 0.21328125 0.33055555555555555 0.2375 0.32916666666666666
1 0.48359375 0.30972222222222223 0.47421875 0.30833333333333335 0.46875 0.3 0.46875 0.28888888888888886 0.47265625 0.275 0.47578125 0.2708333333333333 0.48359375 0.26805555555555555 0.4953125 0.26805555555555555 0.49921875 0.2722222222222222 0.5015625 0.2861111111111111 0.4890625 0.30694444444444446 0.484375 0.30833333333333335
1 0.55 0.33055555555555555 0.56171875 0.3347222222222222 0.56484375 0.3402777777777778 0.56171875 0.35555555555555557 0.55625 0.3680555555555556 0.55703125 0.4027777777777778 0.5421875 0.40694444444444444 0.52890625 0.3888888888888889 0.53046875 0.36666666666666664 0.53515625 0.3541666666666667 0.53671875 0.34305555555555556 0.5390625 0.3375 0.54921875 0.33194444444444443
1 0.50703125 0.36527777777777776 0.51796875 0.37222222222222223 0.52578125 0.3902777777777778 0.52578125 0.3972222222222222 0.5109375 0.3972222222222222 0.50234375 0.4013888888888889 0.4921875 0.43472222222222223 0.4890625 0.4388888888888889 0.48515625 0.4375 0.48046875 0.42916666666666664 0.47890625 0.39305555555555555 0.4875 0.37222222222222223 0.49296875 0.3680555555555556 0.50625 0.36527777777777776
1 0.3734375 0.25277777777777777 0.38828125 0.25833333333333336 0.39140625 0.2638888888888889 0.39296875 0.27361111111111114 0.3765625 0.2722222222222222 0.36640625 0.2847222222222222 0.3640625 0.2777777777777778 0.36484375 0.26944444444444443 0.36796875 0.25972222222222224 0.37265625 0.25416666666666665
1 0.878125 0.9083333333333333 0.903125 0.9125 0.92421875 0.9402777777777778 0.93125 0.9472222222222222 0.934375 0.9472222222222222 0.93515625 0.9444444444444444 0.934375 0.9527777777777777 0.940625 0.9555555555555556 0.940625 0.9597222222222223 0.946875 0.9694444444444444 0.94765625 0.9763888888888889 0.9421875 0.9763888888888889 0.93828125 0.9819444444444444 0.93359375 0.9819444444444444 0.9234375 0.9722222222222222 0.9109375 0.9680555555555556 0.90703125 0.9805555555555555 0.9125 0.9916666666666667 0.91875 0.9944444444444445 0.90859375 0.9958333333333333 0.90703125 0.9986111111111111 0.8859375 0.9986111111111111 0.884375 0.9958333333333333 0.87109375 0.9930555555555556 0.8625 0.9958333333333333 0.8109375 0.9944444444444445 0.80546875 0.9861111111111112 0.80703125 0.9694444444444444 0.80546875 0.9666666666666667 0.80625 0.9597222222222223 0.803125 0.9555555555555556 0.80234375 0.9444444444444444 0.8046875 0.9277777777777778 0.8078125 0.9208333333333333 0.82421875 0.9125 0.86640625 0.9069444444444444 0.87734375 0.9083333333333333
1 0.23203125 0.38333333333333336 0.23828125 0.3902777777777778 0.2421875 0.4041666666666667 0.24765625 0.41388888888888886 0.240625 0.4236111111111111 0.22890625 0.41805555555555557 0.22421875 0.4083333333333333 0.21953125 0.4041666666666667 0.19921875 0.4027777777777778 0.19921875 0.3972222222222222 0.20546875 0.3861111111111111 0.23125 0.38333333333333336
1 0.99921875 0.7722222222222223 0.99921875 0.8861111111111111 0.99765625 0.8875 0.99921875 0.8916666666666667 0.99921875 0.9111111111111111 0.996875 0.9138888888888889 0.9953125 0.9333333333333333 0.98828125 0.9388888888888889 0.9625 0.9402777777777778 0.95390625 0.9444444444444444 0.940625 0.9430555555555555 0.9359375 0.9222222222222223 0.934375 0.8791666666666667 0.94140625 0.8416666666666667 0.9421875 0.8236111111111111 0.9453125 0.8138888888888889 0.95703125 0.7930555555555555 0.95859375 0.7819444444444444 0.9609375 0.7777777777777778 0.96953125 0.7722222222222223 0.98984375 0.7694444444444445 0.9984375 0.7722222222222223
1 0.471875 0.42916666666666664 0.4796875 0.43333333333333335 0.4828125 0.4388888888888889 0.4703125 0.44305555555555554 0.46171875 0.4527777777777778 0.45703125 0.4708333333333333 0.45625 0.48333333333333334 0.43359375 0.48194444444444445 0.43203125 0.4666666666666667 0.43515625 0.45 0.44140625 0.4361111111111111 0.4484375 0.4305555555555556 0.4578125 0.4263888888888889 0.47109375 0.42916666666666664
1 0.3875 0.2125 0.390625 0.21666666666666667 0.39296875 0.2263888888888889 0.39453125 0.2388888888888889 0.39375 0.25277777777777777 0.38125 0.24583333333333332 0.37265625 0.25 0.3703125 0.2388888888888889 0.3734375 0.21666666666666667 0.3796875 0.2125 0.38671875 0.2125
1 0.70390625 0.5652777777777778 0.721875 0.5666666666666667 0.73046875 0.5708333333333333 0.7390625 0.5805555555555556 0.74375 0.5972222222222222 0.7375 0.6097222222222223 0.728125 0.6888888888888889 0.72421875 0.6916666666666667 0.69375 0.6916666666666667 0.68671875 0.6986111111111111 0.68046875 0.6944444444444444 0.67890625 0.6805555555555556 0.67578125 0.6736111111111112 0.6640625 0.675 0.6609375 0.6666666666666666 0.6609375 0.6222222222222222 0.6640625 0.5958333333333333 0.67578125 0.5666666666666667 0.703125 0.5652777777777778
1 0.4984375 0.44305555555555554 0.51953125 0.45694444444444443 0.53203125 0.49444444444444446 0.53125 0.5013888888888889 0.5265625 0.5111111111111111 0.52578125 0.5319444444444444 0.521875 0.5486111111111112 0.51171875 0.5430555555555555 0.4984375 0.5416666666666666 0.49453125 0.5472222222222223 0.4875 0.5277777777777778 0.48515625 0.5152777777777777 0.48125 0.5083333333333333 0.45703125 0.48333333333333334 0.46015625 0.4597222222222222 0.46640625 0.44722222222222224 0.48203125 0.44166666666666665 0.49765625 0.44305555555555554
1 0.66484375 0.7291666666666666 0.678125 0.7333333333333333 0.6859375 0.7402777777777778 0.69375 0.7527777777777778 0.70078125 0.7708333333333334 0.7 0.7833333333333333 0.6875 0.8319444444444445 0.68359375 0.8736111111111111 0.6796875 0.8833333333333333 0.6703125 0.8847222222222222 0.6671875 0.8902777777777777 0.66640625 0.9 0.67265625 0.9097222222222222 0.67109375 0.9125 0.6625 0.9152777777777777 0.63515625 0.9138888888888889 0.62734375 0.9180555555555555 0.61953125 0.9152777777777777 0.61328125 0.8847222222222222 0.60234375 0.875 0.59140625 0.8736111111111111 0.5859375 0.8638888888888889 0.58515625 0.8486111111111111 0.58671875 0.8388888888888889 0.584375 0.8222222222222222 0.5859375 0.7805555555555556 0.59375 0.7583333333333333 0.6046875 0.7416666666666667 0.6109375 0.7361111111111112 0.64140625 0.7291666666666666 0.6640625 0.7291666666666666
1 0.23046875 0.42083333333333334 0.2421875 0.4263888888888889 0.2484375 0.44166666666666665 0.25 0.4513888888888889 0.2046875 0.45555555555555555 0.1984375 0.46944444444444444 0.2 0.49166666666666664 0.196875 0.49583333333333335 0.19140625 0.4930555555555556 0.19140625 0.4736111111111111 0.1890625 0.46111111111111114 0.19375 0.45555555555555555 0.20078125 0.43194444444444446 0.209375 0.4236111111111111 0.2296875 0.42083333333333334
1 0.3125 0.18888888888888888 0.315625 0.19444444444444445 0.31640625 0.20694444444444443 0.31171875 0.2111111111111111 0.303125 0.2111111111111111 0.29921875 0.20694444444444443 0.29921875 0.19722222222222222 0.3015625 0.19027777777777777 0.31171875 0.18888888888888888
1 0.09140625 0.25833333333333336 0.11015625 0.2652777777777778 0.115625 0.2722222222222222 0.11953125 0.2902777777777778 0.115625 0.3194444444444444 0.11328125 0.3236111111111111 0.1078125 0.3236111111111111 0.0953125 0.31527777777777777 0.0828125 0.31666666666666665 0.07734375 0.3125 0.07734375 0.2847222222222222 0.08359375 0.26805555555555555 0.090625 0.25972222222222224
1 0.26640625 0.24722222222222223 0.271875 0.25 0.278125 0.2652777777777778 0.2765625 0.2916666666666667 0.27265625 0.3 0.26875 0.3013888888888889 0.2640625 0.3 0.2625 0.2847222222222222 0.25625 0.2625 0.26015625 0.24861111111111112 0.265625 0.24722222222222223
1 0.2953125 0.6305555555555555 0.30390625 0.6430555555555556 0.30859375 0.6625 0.28203125 0.6736111111111112 0.26796875 0.6833333333333333 0.2546875 0.6972222222222222 0.253125 0.7180555555555556 0.24765625 0.7208333333333333 0.2453125 0.7263888888888889 0.2453125 0.7319444444444444 0.246875 0.7333333333333333 0.2453125 0.7375 0.24765625 0.7402777777777778 0.2515625 0.7375 0.24921875 0.7430555555555556 0.25078125 0.7472222222222222 0.25 0.7513888888888889 0.2546875 0.7569444444444444 0.2546875 0.7666666666666667 0.25078125 0.775 0.2375 0.7694444444444445 0.234375 0.7625 0.23203125 0.7180555555555556 0.23203125 0.6972222222222222 0.234375 0.6847222222222222 0.23359375 0.65 0.24296875 0.6388888888888888 0.25234375 0.6333333333333333 0.28359375 0.6291666666666667 0.29453125 0.6305555555555555
1 0.63203125 0.4013888888888889 0.634375 0.4041666666666667 0.64375 0.4041666666666667 0.66796875 0.4305555555555556 0.671875 0.44166666666666665 0.67265625 0.45555555555555555 0.66875 0.46111111111111114 0.66953125 0.4736111111111111 0.665625 0.48194444444444445 0.66328125 0.4791666666666667 0.659375 0.4597222222222222 0.64921875 0.4305555555555556 0.63125 0.4152777777777778 0.6140625 0.40694444444444444 0.61484375 0.4027777777777778 0.61953125 0.4027777777777778 0.62265625 0.40694444444444444 0.63203125 0.40694444444444444 0.634375 0.4041666666666667 0.6328125 0.4013888888888889
1 0.52890625 0.3972222222222222 0.5359375 0.4041666666666667 0.53984375 0.41388888888888886 0.53984375 0.4263888888888889 0.53359375 0.45555555555555555 0.53359375 0.4666666666666667 0.5359375 0.47638888888888886 0.5359375 0.48333333333333334 0.53359375 0.4861111111111111 0.52890625 0.48333333333333334 0.525 0.4652777777777778 0.5203125 0.45555555555555555 0.4921875 0.4361111111111111 0.4953125 0.42083333333333334 0.50234375 0.4013888888888889 0.528125 0.3972222222222222
1 0.48515625 0.6763888888888889 0.49609375 0.6847222222222222 0.50703125 0.6986111111111111 0.5125 0.7263888888888889 0.51875 0.7430555555555556 0.52265625 0.7611111111111111 0.521875 0.7763888888888889 0.51484375 0.7708333333333334 0.48671875 0.7347222222222223 0.44921875 0.6805555555555556 0.4484375 0.6777777777777778 0.45 0.6763888888888889 0.484375 0.6763888888888889
1 0.50390625 0.2916666666666667 0.521875 0.29583333333333334 0.52734375 0.3125 0.53125 0.31666666666666665 0.53046875 0.3236111111111111 0.515625 0.32916666666666666 0.51015625 0.3388888888888889 0.5078125 0.3375 0.50234375 0.3236111111111111 0.490625 0.30972222222222223 0.4953125 0.29444444444444445 0.503125 0.2916666666666667
0 0.40546875 0.6597222222222222 0.43203125 0.6680555555555555 0.4453125 0.6777777777777778 0.47109375 0.7125 0.4859375 0.7375 0.49453125 0.7458333333333333 0.53984375 0.8069444444444445 0.5515625 0.8166666666666667 0.5609375 0.8361111111111111 0.5640625 0.8375 0.603125 0.9 0.6140625 0.9125 0.621875 0.9277777777777778 0.63046875 0.9597222222222223 0.6296875 0.9791666666666666 0.63359375 0.9916666666666667 0.63046875 0.9986111111111111 0.6 0.9986111111111111 0.5984375 0.9958333333333333 0.596875 0.9986111111111111 0.521875 0.9986111111111111 0.5171875 0.9944444444444445 0.50859375 0.9972222222222222 0.503125 0.9944444444444445 0.44296875 0.9944444444444445 0.4109375 0.9958333333333333 0.4078125 0.9986111111111111 0.4046875 0.9958333333333333 0.40234375 0.9986111111111111 0.29609375 0.9986111111111111 0.29296875 0.9958333333333333 0.28828125 0.9986111111111111 0.26171875 0.9986111111111111 0.25234375 0.9930555555555556 0.24765625 0.9847222222222223 0.2453125 0.9694444444444444 0.24609375 0.9430555555555555 0.24453125 0.9361111111111111 0.24453125 0.9111111111111111 0.24765625 0.9069444444444444 0.24765625 0.8930555555555556 0.2515625 0.8888888888888888 0.24453125 0.8777777777777778 0.24296875 0.8611111111111112 0.25078125 0.8486111111111111 0.253125 0.8361111111111111 0.25390625 0.7861111111111111 0.25625 0.7652777777777777 0.25546875 0.7513888888888889 0.26015625 0.6958333333333333 0.28359375 0.675 0.30703125 0.6666666666666666 0.35 0.6611111111111111 0.4046875 0.6597222222222222