3 0.43984375 0.275 0.4453125 0.28194444444444444 0.446875 0.2902777777777778 0.44609375 0.3194444444444444 0.44453125 0.3388888888888889 0.4359375 0.35694444444444445 0.42734375 0.3527777777777778 0.4046875 0.35694444444444445 0.39765625 0.32222222222222224 0.40703125 0.30694444444444446 0.41171875 0.2777777777777778 0.41484375 0.275 0.4390625 0.275
3 0.49765625 0.2791666666666667 0.50078125 0.2847222222222222 0.50234375 0.32083333333333336 0.49921875 0.35694444444444445 0.4921875 0.36944444444444446 0.4875 0.36527777777777776 0.48671875 0.35555555555555557 0.48203125 0.34305555555555556 0.4734375 0.3375 0.46171875 0.33611111111111114 0.4625 0.29305555555555557 0.46328125 0.2833333333333333 0.46796875 0.2777777777777778 0.484375 0.2763888888888889 0.496875 0.2791666666666667
3 0.4515625 0.4236111111111111 0.465625 0.4263888888888889 0.4734375 0.45 0.46953125 0.4597222222222222 0.4703125 0.48333333333333334 0.4671875 0.525 0.46328125 0.5375 0.4625 0.5486111111111112 0.46015625 0.5527777777777778 0.4546875 0.5527777777777778 0.44921875 0.5472222222222223 0.41328125 0.5513888888888889 0.4109375 0.5472222222222223 0.40859375 0.5263888888888889 0.41015625 0.5111111111111111 0.40859375 0.4736111111111111 0.41328125 0.4583333333333333 0.41328125 0.4388888888888889 0.425 0.4236111111111111 0.45078125 0.4236111111111111
3 0.08671875 0.2708333333333333 0.1015625 0.2722222222222222 0.109375 0.2763888888888889 0.11328125 0.3472222222222222 0.11328125 0.39861111111111114 0.10859375 0.4166666666666667 0.0953125 0.4222222222222222 0.0921875 0.42916666666666664 0.0921875 0.4361111111111111 0.0796875 0.45 0.06328125 0.4486111111111111 0.0359375 0.4638888888888889 0.03203125 0.46944444444444444 0.02890625 0.48055555555555557 0.02265625 0.4861111111111111 0.01875 0.4861111111111111 0.0125 0.48055555555555557 0.0046875 0.48194444444444445 0 0.4791666666666667 0 0.28888888888888886 0.00546875 0.2833333333333333 0.0296875 0.2791666666666667 0.0484375 0.2722222222222222 0.0859375 0.2708333333333333
3 0.26015625 0.2625 0.26328125 0.2652777777777778 0.2640625 0.275 0.26484375 0.3125 0.26328125 0.32083333333333336 0.24609375 0.33611111111111114 0.24296875 0.3347222222222222 0.23984375 0.31666666666666665 0.23203125 0.30972222222222223 0.23359375 0.30694444444444446 0.23359375 0.2638888888888889 0.259375 0.2625
3 0.57578125 0.20694444444444443 0.58125 0.20972222222222223 0.584375 0.2152777777777778 0.58984375 0.2361111111111111 0.58984375 0.2972222222222222 0.58828125 0.3111111111111111 0.5859375 0.3138888888888889 0.58125 0.3111111111111111 0.57734375 0.2902777777777778 0.57265625 0.28055555555555556 0.5578125 0.2791666666666667 0.55390625 0.2861111111111111 0.55234375 0.2847222222222222 0.5515625 0.2388888888888889 0.553125 0.22361111111111112 0.5640625 0.20833333333333334 0.575 0.20694444444444443
2 0.9 0.7631944444444444 0.0375 0.06527777777777778
2 0.86015625 0.5833333333333334 0.86953125 0.5833333333333334 0.8734375 0.6013888888888889 0.87109375 0.6111111111111112 0.87109375 0.6472222222222223 0.86953125 0.6569444444444444 0.86640625 0.6625 0.85625 0.6611111111111111 0.8453125 0.6416666666666667 0.84765625 0.6277777777777778 0.84765625 0.6097222222222223 0.8546875 0.5847222222222223 0.859375 0.5833333333333334
2 0.30078125 0.95 0.30546875 0.9555555555555556 0.303125 0.9763888888888889 0.30703125 0.9875 0.30390625 0.9986111111111111 0.296875 0.9944444444444445 0.2984375 0.9819444444444444 0.29296875 0.9597222222222223 0.29375 0.9527777777777777 0.3 0.95
2 0.514453125 0.3284722222222222 0.01015625 0.020833333333333332
2 0.4875 0.23194444444444445 0.49375 0.2375 0.4921875 0.24722222222222223 0.4875 0.24861111111111112 0.48515625 0.24444444444444444 0.484375 0.2375 0.48671875 0.23333333333333334
2 0.80078125 0.5402777777777777 0.80390625 0.5430555555555555 0.80234375 0.5625 0.803125 0.5861111111111111 0.796875 0.6041666666666666 0.790625 0.6013888888888889 0.7859375 0.5888888888888889 0.78515625 0.5430555555555555 0.7921875 0.5388888888888889 0.8 0.5402777777777777
1 0.560546875 0.5729166666666666 0.06328125 0.10972222222222222
1 0.5890625 0.32916666666666666 0.5953125 0.35 0.5953125 0.35833333333333334 0.58203125 0.34444444444444444 0.56796875 0.3458333333333333 0.56015625 0.35 0.56015625 0.3458333333333333 0.56640625 0.33055555555555555 0.5703125 0.3263888888888889 0.58515625 0.3263888888888889 0.58828125 0.32916666666666666
1 0.50546875 0.2638888888888889 0.50859375 0.26666666666666666 0.51171875 0.2763888888888889 0.5125 0.29444444444444445 0.5078125 0.30277777777777776 0.5046875 0.30416666666666664 0.5015625 0.3013888888888889 0.50078125 0.2847222222222222 0.496875 0.2791666666666667 0.4703125 0.275 0.471875 0.26805555555555555 0.4765625 0.2652777777777778 0.5046875 0.2638888888888889
1 0.7203125 0.48055555555555557 0.73046875 0.4875 0.73828125 0.5069444444444444 0.74140625 0.5486111111111112 0.740625 0.5611111111111111 0.715625 0.5652777777777778 0.70703125 0.575 0.6921875 0.5791666666666667 0.6828125 0.5875 0.678125 0.5861111111111111 0.67734375 0.5694444444444444 0.675 0.5597222222222222 0.67734375 0.5125 0.68046875 0.49722222222222223 0.69140625 0.4791666666666667 0.71953125 0.48055555555555557
1 0.525 0.21666666666666667 0.5328125 0.21944444444444444 0.53515625 0.22777777777777777 0.53359375 0.23472222222222222 0.52578125 0.23472222222222222 0.5234375 0.22777777777777777 0.525 0.21805555555555556
1 0.78125 0.016666666666666666 0.78515625 0.020833333333333332 0.7859375 0.043055555555555555 0.784375 0.04861111111111111 0.77890625 0.059722222222222225 0.77578125 0.058333333333333334 0.7640625 0.06805555555555555 0.73125 0.058333333333333334 0.72890625 0.05555555555555555 0.73046875 0.04027777777777778 0.734375 0.03333333333333333 0.76328125 0.02361111111111111 0.77109375 0.015277777777777777 0.78046875 0.016666666666666666
1 0.596875 0.20972222222222223 0.60390625 0.2111111111111111 0.60703125 0.2152777777777778 0.60703125 0.23055555555555557 0.6046875 0.2361111111111111 0.59609375 0.2388888888888889 0.59453125 0.24305555555555555 0.59140625 0.24305555555555555 0.5890625 0.22361111111111112 0.59375 0.2111111111111111 0.59609375 0.20972222222222223
1 0.6375 0.3194444444444444 0.65078125 0.3263888888888889 0.6546875 0.33194444444444443 0.6546875 0.3416666666666667 0.6421875 0.34305555555555556 0.63828125 0.3472222222222222 0.63671875 0.35555555555555557 0.62109375 0.3625 0.615625 0.3597222222222222 0.61640625 0.3402777777777778 0.625 0.32222222222222224 0.63671875 0.3194444444444444
1 0.40703125 0.7597222222222222 0.46328125 0.7597222222222222 0.4703125 0.7652777777777777 0.47734375 0.7791666666666667 0.48515625 0.7791666666666667 0.4890625 0.7847222222222222 0.4890625 0.7902777777777777 0.48359375 0.7958333333333333 0.4796875 0.8069444444444445 0.48203125 0.8222222222222222 0.48046875 0.8458333333333333 0.4859375 0.9125 0.4859375 0.9763888888888889 0.48359375 0.9805555555555555 0.47734375 0.9819444444444444 0.4671875 0.9763888888888889 0.459375 0.9777777777777777 0.44296875 0.9722222222222222 0.4390625 0.975 0.425 0.9722222222222222 0.421875 0.9763888888888889 0.4 0.975 0.3890625 0.9777777777777777 0.38046875 0.9847222222222223 0.37265625 0.9833333333333333 0.371875 0.9777777777777777 0.3734375 0.8902777777777777 0.37734375 0.8666666666666667 0.3765625 0.8388888888888889 0.38046875 0.8 0.3765625 0.7944444444444444 0.36953125 0.7930555555555555 0.36796875 0.7847222222222222 0.371875 0.7805555555555556 0.38359375 0.7791666666666667 0.39375 0.7611111111111111 0.40625 0.7597222222222222
1 0.2671875 0.3277777777777778 0.275 0.33055555555555555 0.28203125 0.35 0.28203125 0.375 0.28046875 0.38055555555555554 0.2765625 0.3819444444444444 0.271875 0.37916666666666665 0.26953125 0.3472222222222222 0.265625 0.3388888888888889 0.2515625 0.3402777777777778 0.246875 0.3375 0.2578125 0.3277777777777778 0.26640625 0.3277777777777778
1 0.584375 0.37083333333333335 0.5890625 0.3819444444444444 0.59140625 0.4 0.57578125 0.4263888888888889 0.57421875 0.4388888888888889 0.559375 0.4375 0.55234375 0.4444444444444444 0.5484375 0.44305555555555554 0.546875 0.4263888888888889 0.5484375 0.3888888888888889 0.546875 0.38472222222222224 0.55 0.3819444444444444 0.553125 0.38333333333333336 0.55859375 0.37222222222222223 0.58359375 0.37222222222222223
1 0.75234375 0.5652777777777778 0.765625 0.5694444444444444 0.7765625 0.5875 0.7765625 0.5986111111111111 0.784375 0.625 0.7859375 0.6430555555555556 0.784375 0.6680555555555555 0.76953125 0.6763888888888889 0.76171875 0.6763888888888889 0.7546875 0.6833333333333333 0.75078125 0.6819444444444445 0.74765625 0.6763888888888889 0.7390625 0.6736111111111112 0.71328125 0.6763888888888889 0.71015625 0.6708333333333333 0.70859375 0.6583333333333333 0.70234375 0.6430555555555556 0.69765625 0.6222222222222222 0.6984375 0.5875 0.70234375 0.5777777777777777 0.71640625 0.5652777777777778 0.7515625 0.5652777777777778
1 0.57421875 0.2902777777777778 0.5796875 0.30277777777777776 0.58203125 0.31527777777777777 0.58125 0.3236111111111111 0.56875 0.3263888888888889 0.55625 0.35 0.553125 0.35 0.55078125 0.3458333333333333 0.5515625 0.31527777777777777 0.5546875 0.3 0.55703125 0.29583333333333334 0.5703125 0.2972222222222222 0.5734375 0.2916666666666667
1 0.678125 0.4 0.68046875 0.4041666666666667 0.67890625 0.4222222222222222 0.6734375 0.4388888888888889 0.671875 0.4638888888888889 0.6546875 0.46944444444444444 0.6484375 0.4666666666666667 0.646875 0.4583333333333333 0.646875 0.43194444444444446 0.64921875 0.42083333333333334 0.653125 0.4152777777777778 0.65703125 0.4013888888888889 0.66640625 0.39861111111111114 0.67734375 0.4
1 0.18046875 0.2861111111111111 0.1890625 0.3013888888888889 0.1890625 0.32083333333333336 0.175 0.32916666666666666 0.16953125 0.3277777777777778 0.165625 0.30416666666666664 0.16015625 0.2986111111111111 0.153125 0.2986111111111111 0.15078125 0.29583333333333334 0.1609375 0.2875 0.1796875 0.2861111111111111
1 0.4171875 0.5708333333333333 0.4359375 0.5944444444444444 0.4328125 0.6680555555555555 0.43125 0.675 0.42421875 0.6805555555555556 0.421875 0.7152777777777778 0.41875 0.7208333333333333 0.41484375 0.7208333333333333 0.4015625 0.7069444444444445 0.3640625 0.7069444444444445 0.359375 0.7083333333333334 0.35390625 0.7194444444444444 0.3484375 0.7222222222222222 0.34375 0.7180555555555556 0.33984375 0.7013888888888888 0.3390625 0.6458333333333334 0.34609375 0.6194444444444445 0.3515625 0.5888888888888889 0.359375 0.5736111111111111 0.3640625 0.5694444444444444 0.40859375 0.5680555555555555 0.41640625 0.5708333333333333
1 0.57890625 0.45416666666666666 0.58828125 0.4625 0.5953125 0.4875 0.596875 0.49722222222222223 0.596875 0.5347222222222222 0.59453125 0.5444444444444444 0.590625 0.5444444444444444 0.5859375 0.525 0.58046875 0.5194444444444445 0.54453125 0.5152777777777777 0.54609375 0.475 0.54140625 0.4666666666666667 0.5484375 0.4625 0.55703125 0.4513888888888889 0.578125 0.45416666666666666
1 0.475 0.3388888888888889 0.48203125 0.3416666666666667 0.48828125 0.3680555555555556 0.48671875 0.3972222222222222 0.484375 0.4083333333333333 0.48203125 0.4111111111111111 0.47890625 0.4111111111111111 0.47265625 0.4027777777777778 0.45703125 0.4027777777777778 0.45 0.4111111111111111 0.44453125 0.4111111111111111 0.44296875 0.40694444444444444 0.4453125 0.3611111111111111 0.4515625 0.3416666666666667 0.45625 0.3388888888888889 0.47421875 0.3388888888888889
1 0.27734375 0.1986111111111111 0.2875 0.20833333333333334 0.290625 0.21666666666666667 0.27109375 0.2263888888888889 0.265625 0.2263888888888889 0.259375 0.21944444444444444 0.2578125 0.2 0.259375 0.19722222222222222 0.2765625 0.1986111111111111
1 0.290625 0.24027777777777778 0.29453125 0.24444444444444444 0.296875 0.2638888888888889 0.29296875 0.2763888888888889 0.28828125 0.28055555555555556 0.26640625 0.28055555555555556 0.26484375 0.2791666666666667 0.2640625 0.2638888888888889 0.2671875 0.25972222222222224 0.271875 0.24444444444444444 0.278125 0.24027777777777778 0.28984375 0.24027777777777778
1 0.378125 0.4152777777777778 0.390625 0.43194444444444446 0.38984375 0.4847222222222222 0.384375 0.49444444444444446 0.3828125 0.5083333333333333 0.37578125 0.5111111111111111 0.36953125 0.5013888888888889 0.3609375 0.5 0.34765625 0.5027777777777778 0.33515625 0.5138888888888888 0.33046875 0.5097222222222222 0.32734375 0.49027777777777776 0.32734375 0.4722222222222222 0.3375 0.425 0.346875 0.41388888888888886 0.37109375 0.4125 0.37734375 0.4152777777777778
1 0.66484375 0.7125 0.71484375 0.7152777777777778 0.72109375 0.7180555555555556 0.73046875 0.7333333333333333 0.73984375 0.7555555555555555 0.7484375 0.7972222222222223 0.7515625 0.8458333333333333 0.7515625 0.875 0.74921875 0.8819444444444444 0.740625 0.8861111111111111 0.7203125 0.875 0.7 0.8722222222222222 0.68125 0.8722222222222222 0.66796875 0.8805555555555555 0.66328125 0.8805555555555555 0.6578125 0.8736111111111111 0.6546875 0.8388888888888889 0.64609375 0.8222222222222222 0.63984375 0.8166666666666667 0.6359375 0.8069444444444445 0.6359375 0.7611111111111111 0.6375 0.7472222222222222 0.63515625 0.7361111111111112 0.63828125 0.7319444444444444 0.64765625 0.7291666666666666 0.66015625 0.7138888888888889 0.6640625 0.7138888888888889
1 0.49609375 0.2652777777777778 0.50703125 0.2638888888888889 0.51171875 0.27361111111111114 0.5140625 0.2902777777777778 0.51328125 0.29583333333333334 0.50859375 0.30277777777777776 0.5015625 0.3 0.50078125 0.28194444444444444 0.49609375 0.26666666666666666
1 0.27578125 0.24027777777777778 0.26953125 0.25 0.265625 0.2625 0.2546875 0.25972222222222224 0.25390625 0.25277777777777777 0.25546875 0.24583333333333332 0.26328125 0.24027777777777778 0.275 0.24027777777777778
1 0.40625 0.3625 0.41484375 0.37777777777777777 0.41328125 0.4083333333333333 0.40703125 0.42083333333333334 0.396875 0.41805555555555557 0.384375 0.41944444444444445 0.36953125 0.40694444444444444 0.36953125 0.39166666666666666 0.37265625 0.375 0.378125 0.3638888888888889 0.3859375 0.3597222222222222 0.40078125 0.3597222222222222 0.40546875 0.3625
1 0.609375 0.4027777777777778 0.61953125 0.40694444444444444 0.6296875 0.44166666666666665 0.6296875 0.49027777777777776 0.62578125 0.5 0.61484375 0.49027777777777776 0.59609375 0.48194444444444445 0.58828125 0.4597222222222222 0.57578125 0.4486111111111111 0.57734375 0.4263888888888889 0.58359375 0.41805555555555557 0.58828125 0.40555555555555556 0.59296875 0.4013888888888889 0.60859375 0.4027777777777778
1 0.81640625 0.6666666666666666 0.82109375 0.6722222222222223 0.83515625 0.6791666666666667 0.8390625 0.6861111111111111 0.8453125 0.7027777777777777 0.84765625 0.7194444444444444 0.85703125 0.7472222222222222 0.859375 0.7972222222222223 0.8578125 0.8180555555555555 0.85546875 0.8263888888888888 0.85 0.8263888888888888 0.840625 0.8194444444444444 0.81796875 0.8180555555555555 0.78984375 0.8111111111111111 0.771875 0.8138888888888889 0.76953125 0.8083333333333333 0.76796875 0.7875 0.7578125 0.75 0.75703125 0.7069444444444445 0.75859375 0.6875 0.765625 0.6875 0.778125 0.6722222222222223 0.79609375 0.6708333333333333 0.80546875 0.6638888888888889 0.815625 0.6666666666666666
1 0.38671875 0.24305555555555555 0.39375 0.24722222222222223 0.3953125 0.25972222222222224 0.3796875 0.2833333333333333 0.3703125 0.2916666666666667 0.3671875 0.2902777777777778 0.365625 0.26805555555555555 0.3703125 0.2513888888888889 0.375 0.24583333333333332 0.3859375 0.24444444444444444
1 0.35546875 0.275 0.359375 0.28055555555555556 0.36328125 0.29444444444444445 0.36328125 0.30277777777777776 0.3578125 0.30972222222222223 0.3484375 0.3138888888888889 0.33203125 0.3125 0.33125 0.2972222222222222 0.328125 0.2902777777777778 0.328125 0.2791666666666667 0.33046875 0.2763888888888889 0.33671875 0.2777777777777778 0.340625 0.2722222222222222 0.34296875 0.2763888888888889 0.3546875 0.275
1 0.1546875 0.2986111111111111 0.16171875 0.3 0.1671875 0.30972222222222223 0.16875 0.32222222222222224 0.16796875 0.3472222222222222 0.1578125 0.3486111111111111 0.1515625 0.35694444444444445 0.1296875 0.3541666666666667 0.12109375 0.35833333333333334 0.1171875 0.35694444444444445 0.1140625 0.3472222222222222 0.1140625 0.3347222222222222 0.11875 0.3194444444444444 0.13125 0.30277777777777776 0.15390625 0.2986111111111111
1 0.61875 0.33194444444444443 0.61875 0.30972222222222223 0.62109375 0.30277777777777776 0.6296875 0.29305555555555557 0.65078125 0.29583333333333334 0.6546875 0.30972222222222223 0.65703125 0.32916666666666666 0.65390625 0.33194444444444443 0.64296875 0.32083333333333336 0.62890625 0.3194444444444444 0.61953125 0.33194444444444443
1 0.5640625 0.3416666666666667 0.5671875 0.3458333333333333 0.584375 0.3458333333333333 0.59375 0.35833333333333334 0.59453125 0.38055555555555554 0.5921875 0.39305555555555555 0.5890625 0.39305555555555555 0.5875 0.38055555555555554 0.58359375 0.3736111111111111 0.55703125 0.37222222222222223 0.559375 0.3486111111111111 0.56328125 0.34305555555555556
1 0.503125 0.20972222222222223 0.51015625 0.2125 0.50703125 0.22083333333333333 0.50703125 0.23194444444444445 0.50546875 0.23472222222222222 0.49765625 0.23472222222222222 0.49453125 0.225 0.4953125 0.21388888888888888 0.4984375 0.20972222222222223 0.50234375 0.20972222222222223
1 0.571875 0.28055555555555556 0.5765625 0.2875 0.57578125 0.29583333333333334 0.55703125 0.2986111111111111 0.553125 0.29305555555555557 0.55703125 0.2791666666666667 0.57109375 0.28055555555555556
1 0.59296875 0.5958333333333333 0.6125 0.6027777777777777 0.6203125 0.6180555555555556 0.62734375 0.6222222222222222 0.63046875 0.6291666666666667 0.621875 0.6361111111111111 0.6265625 0.6625 0.625 0.6944444444444444 0.6265625 0.7319444444444444 0.62421875 0.7569444444444444 0.61953125 0.7638888888888888 0.615625 0.7625 0.60859375 0.7458333333333333 0.6 0.7430555555555556 0.56640625 0.7416666666666667 0.55703125 0.7444444444444445 0.546875 0.7541666666666667 0.5421875 0.7513888888888889 0.54140625 0.7305555555555555 0.54609375 0.6722222222222223 0.54609375 0.6361111111111111 0.55390625 0.6069444444444444 0.56015625 0.5972222222222222 0.5921875 0.5958333333333333
1 0.6390625 0.34444444444444444 0.64921875 0.34305555555555556 0.66015625 0.3458333333333333 0.6640625 0.35138888888888886 0.66640625 0.3638888888888889 0.665625 0.36666666666666664 0.6625 0.36666666666666664 0.640625 0.3625 0.6359375 0.35833333333333334 0.6390625 0.3458333333333333
1 0.6390625 0.3611111111111111 0.64296875 0.3638888888888889 0.6640625 0.36527777777777776 0.6671875 0.37083333333333335 0.67265625 0.39444444444444443 0.67109375 0.3972222222222222 0.65703125 0.4 0.646875 0.42916666666666664 0.63125 0.43333333333333335 0.62734375 0.42916666666666664 0.625 0.4166666666666667 0.61953125 0.4041666666666667 0.60703125 0.4 0.60546875 0.3902777777777778 0.609375 0.3763888888888889 0.61796875 0.36527777777777776 0.62734375 0.3597222222222222 0.63828125 0.3611111111111111
0 0.64140625 0.22916666666666666 0.65078125 0.24027777777777778 0.653125 0.28888888888888886 0.65078125 0.29444444444444445 0.6265625 0.29583333333333334 0.61875 0.30416666666666664 0.61796875 0.31666666666666665 0.615625 0.32222222222222224 0.6125 0.32222222222222224 0.60859375 0.3111111111111111 0.6078125 0.29444444444444445 0.61015625 0.2861111111111111 0.60625 0.25972222222222224 0.60625 0.2375 0.6109375 0.22777777777777777 0.61953125 0.22361111111111112 0.63671875 0.225 0.640625 0.22916666666666666
0 0.38671875 0.19027777777777777 0.39375 0.19166666666666668 0.396875 0.2013888888888889 0.39375 0.2388888888888889 0.38984375 0.24444444444444444 0.37578125 0.24444444444444444 0.36640625 0.2569444444444444 0.36171875 0.2513888888888889 0.359375 0.24027777777777778 0.36015625 0.22916666666666666 0.35859375 0.21944444444444444 0.3625 0.2013888888888889 0.3703125 0.19305555555555556 0.3859375 0.19166666666666668