3 0.0109375 0.9277777777777778 0.01484375 0.925 0.07109375 0.9208333333333333 0.07578125 0.9291666666666667 0.11171875 0.9305555555555556 0.11796875 0.9361111111111111 0.125 0.95 0.13203125 0.9930555555555556 0.13046875 0.9986111111111111 0.0734375 0.9986111111111111 0.071875 0.9958333333333333 0.0640625 0.9986111111111111 0.03046875 0.9986111111111111 0.02890625 0.9958333333333333 0.01015625 0.9986111111111111 0.00390625 0.9958333333333333 0 0.9805555555555555 0 0.9388888888888889 0.0046875 0.9375 0.0109375 0.9291666666666667
3 0.475 0.32916666666666666 0.4828125 0.33055555555555555 0.48359375 0.33611111111111114 0.4859375 0.3333333333333333 0.48515625 0.33055555555555555 0.5015625 0.325 0.5296875 0.33055555555555555 0.52890625 0.3375 0.53046875 0.3416666666666667 0.528125 0.3458333333333333 0.53046875 0.35 0.55 0.35555555555555557 0.5609375 0.3625 0.609375 0.3680555555555556 0.61640625 0.37222222222222223 0.621875 0.3875 0.625 0.4083333333333333 0.625 0.4263888888888889 0.63359375 0.45416666666666666 0.63671875 0.48055555555555557 0.6359375 0.5513888888888889 0.62109375 0.5583333333333333 0.6109375 0.575 0.5984375 0.5791666666666667 0.59375 0.5902777777777778 0.590625 0.6111111111111112 0.58828125 0.6152777777777778 0.55078125 0.6166666666666667 0.540625 0.6291666666666667 0.53125 0.6263888888888889 0.52265625 0.6013888888888889 0.51171875 0.5875 0.50546875 0.5847222222222223 0.49140625 0.5861111111111111 0.4875 0.5819444444444445 0.484375 0.5569444444444445 0.4765625 0.5347222222222222 0.47578125 0.5208333333333334 0.46328125 0.48333333333333334 0.4625 0.4625 0.4640625 0.4527777777777778 0.46328125 0.42083333333333334 0.465625 0.39166666666666666 0.465625 0.3527777777777778 0.47421875 0.3458333333333333 0.47421875 0.3388888888888889 0.46953125 0.3388888888888889 0.46953125 0.33194444444444443 0.47421875 0.32916666666666666
3 0.20703125 0.20277777777777778 0.23125 0.2222222222222222 0.23203125 0.23055555555555557 0.23046875 0.23472222222222222 0.215625 0.24305555555555555 0.19921875 0.2375 0.190625 0.24027777777777778 0.1890625 0.2375 0.1875 0.2263888888888889 0.18828125 0.20555555555555555 0.19296875 0.20277777777777778 0.20625 0.20277777777777778
2 0.35234375 0.5291666666666667 0.36875 0.5388888888888889 0.37265625 0.5472222222222223 0.37265625 0.5625 0.36875 0.5777777777777777 0.36796875 0.5944444444444444 0.36328125 0.6 0.35 0.6027777777777777 0.34453125 0.6027777777777777 0.34140625 0.5986111111111111 0.33671875 0.5652777777777778 0.34140625 0.5569444444444445 0.34140625 0.5402777777777777 0.3453125 0.5333333333333333 0.3515625 0.5291666666666667
2 0.3859375 0.25555555555555554 0.38359375 0.23472222222222222 0.38671875 0.22777777777777777 0.390625 0.22777777777777777 0.39453125 0.2375 0.390625 0.25416666666666665 0.38671875 0.25555555555555554
2 0.365625 0.5027777777777778 0.3703125 0.5069444444444444 0.375 0.5277777777777778 0.37265625 0.5458333333333333 0.3734375 0.5597222222222222 0.36953125 0.5736111111111111 0.36875 0.5916666666666667 0.3625 0.6 0.34921875 0.6027777777777777 0.3421875 0.6 0.340625 0.5833333333333334 0.33671875 0.5708333333333333 0.3375 0.5611111111111111 0.340625 0.5569444444444445 0.34140625 0.5388888888888889 0.34765625 0.5277777777777778 0.353125 0.5236111111111111 0.35859375 0.5083333333333333 0.36484375 0.5027777777777778
2 0.3046875 0.24305555555555555 0.31015625 0.24444444444444444 0.3125 0.24861111111111112 0.3109375 0.26666666666666666 0.30546875 0.2652777777777778 0.30078125 0.2569444444444444 0.3 0.24444444444444444 0.30390625 0.24305555555555555
2 0.278125 0.30833333333333335 0.2828125 0.32222222222222224 0.28359375 0.3472222222222222 0.28125 0.3597222222222222 0.27421875 0.3611111111111111 0.26875 0.3597222222222222 0.2671875 0.3472222222222222 0.27421875 0.30972222222222223 0.27734375 0.30833333333333335
2 0.47109375 0.275 0.47421875 0.28888888888888886 0.47421875 0.3 0.471875 0.30277777777777776 0.4640625 0.30277777777777776 0.4625 0.3 0.46328125 0.2777777777777778 0.465625 0.27361111111111114 0.4703125 0.275
1 0.46015625 0.6694444444444444 0.47265625 0.6791666666666667 0.48046875 0.6944444444444444 0.4875 0.7166666666666667 0.4953125 0.7166666666666667 0.5015625 0.7222222222222222 0.5 0.7291666666666666 0.49296875 0.7347222222222223 0.48515625 0.7305555555555555 0.47421875 0.7180555555555556 0.44375 0.6722222222222223 0.4484375 0.6680555555555555 0.459375 0.6694444444444444
1 0.634375 0.4125 0.64453125 0.4166666666666667 0.65546875 0.42777777777777776 0.6484375 0.4625 0.65 0.4861111111111111 0.6484375 0.4930555555555556 0.63984375 0.4861111111111111 0.63515625 0.45694444444444443 0.625 0.42916666666666664 0.625 0.41388888888888886 0.63359375 0.4125
1 0.1 0.25833333333333336 0.1140625 0.26666666666666666 0.11796875 0.2777777777777778 0.11953125 0.2875 0.11875 0.30833333333333335 0.1171875 0.31666666666666665 0.11328125 0.3236111111111111 0.096875 0.31666666666666665 0.08203125 0.31666666666666665 0.07734375 0.3125 0.078125 0.2861111111111111 0.08359375 0.26944444444444443 0.090625 0.25833333333333336 0.09921875 0.25833333333333336
1 0.35234375 0.20555555555555555 0.35625 0.20972222222222223 0.3578125 0.21944444444444444 0.35234375 0.2263888888888889 0.34921875 0.2388888888888889 0.34453125 0.24444444444444444 0.3375 0.24305555555555555 0.33671875 0.2222222222222222 0.34140625 0.20833333333333334 0.3515625 0.20555555555555555
1 0.45859375 0.2388888888888889 0.4640625 0.24166666666666667 0.46953125 0.25555555555555554 0.46875 0.26805555555555555 0.459375 0.2791666666666667 0.44453125 0.2777777777777778 0.440625 0.2708333333333333 0.440625 0.25833333333333336 0.4453125 0.24166666666666667 0.44765625 0.2388888888888889 0.4578125 0.2388888888888889
1 0.8078125 0.8430555555555556 0.840625 0.85 0.8515625 0.8638888888888889 0.8640625 0.8736111111111111 0.884375 0.9055555555555556 0.89609375 0.9416666666666667 0.89609375 0.95 0.8796875 0.95 0.8734375 0.9541666666666667 0.871875 0.9805555555555555 0.86328125 0.9861111111111112 0.86015625 0.9930555555555556 0.85078125 0.9944444444444445 0.82421875 0.9944444444444445 0.81796875 0.9902777777777778 0.8078125 0.9944444444444445 0.78984375 0.9944444444444445 0.78671875 0.9916666666666667 0.74140625 0.9944444444444445 0.7375 0.9902777777777778 0.73828125 0.9694444444444444 0.7359375 0.9638888888888889 0.7375 0.9597222222222223 0.7359375 0.9541666666666667 0.7375 0.9388888888888889 0.75390625 0.8611111111111112 0.76171875 0.8513888888888889 0.77109375 0.8472222222222222 0.80703125 0.8430555555555556
1 0.77578125 0.49166666666666664 0.7859375 0.49583333333333335 0.815625 0.49444444444444446 0.82421875 0.4986111111111111 0.834375 0.5097222222222222 0.8484375 0.5430555555555555 0.84921875 0.55 0.83359375 0.5944444444444444 0.83125 0.6125 0.82265625 0.6194444444444445 0.82109375 0.6333333333333333 0.79296875 0.6319444444444444 0.7890625 0.6291666666666667 0.78203125 0.5944444444444444 0.77109375 0.5638888888888889 0.759375 0.5430555555555555 0.7578125 0.5291666666666667 0.76875 0.49722222222222223 0.775 0.4930555555555556
1 0.3703125 0.39861111111111114 0.3796875 0.4 0.38359375 0.4041666666666667 0.39140625 0.42777777777777776 0.39296875 0.4444444444444444 0.39609375 0.45555555555555555 0.39453125 0.4666666666666667 0.3765625 0.4736111111111111 0.37265625 0.4708333333333333 0.365625 0.45 0.3546875 0.43194444444444446 0.34140625 0.4305555555555556 0.33828125 0.4263888888888889 0.33984375 0.41388888888888886 0.3453125 0.4 0.36953125 0.39861111111111114
1 0.42578125 0.5375 0.43203125 0.5458333333333333 0.4359375 0.5569444444444445 0.43828125 0.575 0.4421875 0.5861111111111111 0.44921875 0.6222222222222222 0.44921875 0.6430555555555556 0.44609375 0.6430555555555556 0.43671875 0.6208333333333333 0.425 0.6069444444444444 0.4078125 0.6055555555555555 0.3796875 0.6097222222222223 0.37265625 0.5944444444444444 0.3703125 0.5736111111111111 0.3734375 0.5583333333333333 0.37265625 0.5472222222222223 0.37734375 0.5388888888888889 0.4046875 0.5333333333333333 0.421875 0.5347222222222222 0.425 0.5375
1 0.44375 0.22083333333333333 0.446875 0.2263888888888889 0.44765625 0.23472222222222222 0.440625 0.25277777777777777 0.43203125 0.25 0.43125 0.22361111111111112 0.43515625 0.21666666666666667 0.44296875 0.22083333333333333
1 0.6875 0.7041666666666667 0.703125 0.7041666666666667 0.709375 0.7083333333333334 0.73046875 0.7402777777777778 0.74453125 0.7555555555555555 0.7515625 0.775 0.7546875 0.7930555555555555 0.7578125 0.7986111111111112 0.76484375 0.8 0.7625 0.8277777777777777 0.765625 0.8444444444444444 0.76328125 0.85 0.75390625 0.8583333333333333 0.74921875 0.8805555555555555 0.74296875 0.8986111111111111 0.7421875 0.9138888888888889 0.7375 0.9305555555555556 0.7359375 0.9472222222222222 0.721875 0.9555555555555556 0.6796875 0.9541666666666667 0.67109375 0.9625 0.66328125 0.9625 0.659375 0.9583333333333334 0.65625 0.9305555555555556 0.65078125 0.9138888888888889 0.64921875 0.9013888888888889 0.6453125 0.8944444444444445 0.6453125 0.8861111111111111 0.64765625 0.8833333333333333 0.65 0.8722222222222222 0.6453125 0.8680555555555556 0.640625 0.8694444444444445 0.6296875 0.8402777777777778 0.62421875 0.8208333333333333 0.62421875 0.7944444444444444 0.62890625 0.7541666666666667 0.634375 0.7361111111111112 0.6359375 0.7194444444444444 0.63984375 0.7125 0.6453125 0.7069444444444445 0.65546875 0.7055555555555556 0.66484375 0.7083333333333334 0.6734375 0.7041666666666667 0.68671875 0.7041666666666667
1 0.340625 0.28055555555555556 0.34375 0.2875 0.3453125 0.32083333333333336 0.34921875 0.3416666666666667 0.34765625 0.3541666666666667 0.34453125 0.35694444444444445 0.33046875 0.3527777777777778 0.31328125 0.35694444444444445 0.31015625 0.35555555555555557 0.309375 0.35138888888888886 0.31015625 0.30694444444444446 0.3140625 0.2833333333333333 0.32578125 0.2791666666666667 0.33984375 0.28055555555555556
1 0.39375 0.6069444444444444 0.42265625 0.6069444444444444 0.42890625 0.6111111111111112 0.446875 0.6458333333333334 0.45703125 0.65 0.4578125 0.6569444444444444 0.44921875 0.6680555555555555 0.43828125 0.6652777777777777 0.40859375 0.625 0.396875 0.6166666666666667 0.3828125 0.6125 0.39296875 0.6083333333333333
1 0.51875 0.21388888888888888 0.52578125 0.2222222222222222 0.5265625 0.2375 0.51328125 0.24861111111111112 0.509375 0.24861111111111112 0.5015625 0.24166666666666667 0.49921875 0.2361111111111111 0.49921875 0.22916666666666666 0.50078125 0.21805555555555556 0.50390625 0.2125 0.51796875 0.21388888888888888
1 0.5203125 0.7291666666666666 0.5421875 0.75 0.5546875 0.7791666666666667 0.55390625 0.7833333333333333 0.5390625 0.7861111111111111 0.5296875 0.7930555555555555 0.525 0.7902777777777777 0.5015625 0.7569444444444444 0.49375 0.7388888888888889 0.4953125 0.7333333333333333 0.49921875 0.7305555555555555 0.51953125 0.7291666666666666
1 0.2671875 0.5694444444444444 0.2765625 0.5805555555555556 0.28515625 0.6097222222222223 0.28515625 0.6180555555555556 0.2734375 0.6222222222222222 0.246875 0.6208333333333333 0.23359375 0.6277777777777778 0.22890625 0.6347222222222222 0.22734375 0.6430555555555556 0.221875 0.6541666666666667 0.221875 0.6736111111111112 0.22421875 0.6777777777777778 0.22421875 0.6847222222222222 0.2171875 0.7083333333333334 0.2109375 0.6791666666666667 0.21171875 0.6666666666666666 0.20859375 0.6222222222222222 0.21796875 0.5972222222222222 0.21953125 0.5777777777777777 0.22265625 0.5736111111111111 0.2375 0.5694444444444444 0.26640625 0.5694444444444444
1 0.98203125 0.38472222222222224 0.98984375 0.37777777777777777 0.99921875 0.37777777777777777 0.99921875 0.43194444444444446 0.99765625 0.43333333333333335 0.98359375 0.43333333333333335 0.97890625 0.4097222222222222 0.98046875 0.3888888888888889 0.98203125 0.3861111111111111
1 0.28515625 0.3347222222222222 0.2828125 0.3013888888888889 0.2890625 0.2791666666666667 0.2953125 0.27361111111111114 0.31171875 0.27361111111111114 0.3140625 0.2777777777777778 0.31015625 0.30277777777777776 0.309375 0.3277777777777778 0.30703125 0.3333333333333333 0.2859375 0.3347222222222222
1 0.3296875 0.43194444444444446 0.35234375 0.43194444444444446 0.35546875 0.43472222222222223 0.3625 0.44583333333333336 0.36953125 0.4638888888888889 0.37265625 0.475 0.37421875 0.49583333333333335 0.37265625 0.5027777777777778 0.36171875 0.4986111111111111 0.35859375 0.5083333333333333 0.3546875 0.5125 0.35234375 0.5236111111111111 0.3421875 0.5375 0.33984375 0.5444444444444444 0.34140625 0.5541666666666667 0.33828125 0.5569444444444445 0.328125 0.5541666666666667 0.3234375 0.5597222222222222 0.3203125 0.5597222222222222 0.31796875 0.55 0.31015625 0.5402777777777777 0.30859375 0.4708333333333333 0.31015625 0.45555555555555555 0.31484375 0.4388888888888889 0.31953125 0.43333333333333335 0.32890625 0.43194444444444446
1 0.65703125 0.5541666666666667 0.67890625 0.5583333333333333 0.68671875 0.5652777777777778 0.70078125 0.6027777777777777 0.71171875 0.6194444444444445 0.72109375 0.6486111111111111 0.725 0.6736111111111112 0.7234375 0.7111111111111111 0.71953125 0.7166666666666667 0.70859375 0.6986111111111111 0.6921875 0.6875 0.68203125 0.6680555555555555 0.6671875 0.6694444444444444 0.66484375 0.6652777777777777 0.6546875 0.6666666666666666 0.6484375 0.675 0.64453125 0.6888888888888889 0.6328125 0.6847222222222222 0.62421875 0.6763888888888889 0.596875 0.6722222222222223 0.59453125 0.6694444444444444 0.5921875 0.6472222222222223 0.5921875 0.6097222222222223 0.59296875 0.5972222222222222 0.59765625 0.5819444444444445 0.609375 0.5805555555555556 0.61875 0.5625 0.62578125 0.5569444444444445 0.65625 0.5555555555555556
1 0.834375 0.6152777777777778 0.85625 0.6222222222222222 0.8734375 0.6333333333333333 0.88203125 0.6333333333333333 0.8828125 0.6430555555555556 0.87734375 0.6777777777777778 0.86875 0.675 0.82578125 0.6361111111111111 0.82734375 0.6208333333333333 0.83359375 0.6166666666666667
1 0.5015625 0.18055555555555555 0.50703125 0.18333333333333332 0.50859375 0.1875 0.50703125 0.20555555555555555 0.50546875 0.20833333333333334 0.4984375 0.20833333333333334 0.49765625 0.20555555555555555 0.49609375 0.18472222222222223 0.50078125 0.18194444444444444
1 0.3625 0.21944444444444444 0.36953125 0.225 0.3734375 0.2361111111111111 0.37421875 0.25833333333333336 0.37265625 0.2611111111111111 0.365625 0.25833333333333336 0.3515625 0.2611111111111111 0.34921875 0.2569444444444444 0.34921875 0.2375 0.35234375 0.225 0.35546875 0.22083333333333333 0.36171875 0.21944444444444444
1 0.2984375 0.3611111111111111 0.30390625 0.3638888888888889 0.3078125 0.37222222222222223 0.309375 0.3819444444444444 0.31640625 0.3875 0.31328125 0.3972222222222222 0.315625 0.41805555555555557 0.31484375 0.43472222222222223 0.31015625 0.44583333333333336 0.30703125 0.44722222222222224 0.30390625 0.4444444444444444 0.278125 0.44305555555555554 0.26875 0.4513888888888889 0.2640625 0.44305555555555554 0.26484375 0.4083333333333333 0.26015625 0.39305555555555555 0.265625 0.36944444444444446 0.27109375 0.3625 0.29765625 0.3611111111111111
1 0.63671875 0.4777777777777778 0.6390625 0.4847222222222222 0.64765625 0.49444444444444446 0.65078125 0.5055555555555555 0.6515625 0.5194444444444445 0.6515625 0.5513888888888889 0.64140625 0.5555555555555556 0.63671875 0.5527777777777778 0.63671875 0.4791666666666667
1 0.675 0.4263888888888889 0.69609375 0.42916666666666664 0.70703125 0.43472222222222223 0.7109375 0.4388888888888889 0.721875 0.4625 0.70546875 0.46805555555555556 0.7 0.4777777777777778 0.69375 0.4986111111111111 0.69296875 0.5194444444444445 0.68828125 0.5263888888888889 0.67578125 0.5263888888888889 0.67265625 0.5222222222222223 0.66796875 0.5222222222222223 0.66484375 0.5263888888888889 0.6546875 0.5194444444444445 0.65078125 0.4986111111111111 0.64921875 0.4638888888888889 0.6546875 0.4361111111111111 0.66171875 0.42777777777777776 0.67421875 0.4263888888888889
1 0.86796875 0.5513888888888889 0.88984375 0.5527777777777778 0.903125 0.5569444444444445 0.9203125 0.5694444444444444 0.9328125 0.5875 0.8890625 0.5972222222222222 0.88515625 0.6041666666666666 0.8828125 0.6333333333333333 0.8796875 0.6388888888888888 0.853125 0.6208333333333333 0.83125 0.6138888888888889 0.83359375 0.5944444444444444 0.84921875 0.5527777777777778 0.853125 0.55 0.8671875 0.5513888888888889
1 0.7421875 0.5236111111111111 0.75390625 0.5347222222222222 0.759375 0.55 0.76953125 0.5638888888888889 0.78359375 0.6041666666666666 0.78359375 0.6291666666666667 0.78125 0.6333333333333333 0.7609375 0.6402777777777777 0.7484375 0.6680555555555555 0.7265625 0.6680555555555555 0.72265625 0.6583333333333333 0.721875 0.6472222222222223 0.71796875 0.6347222222222222 0.7125 0.6208333333333333 0.703125 0.6055555555555555 0.68828125 0.5652777777777778 0.68828125 0.55 0.69296875 0.5347222222222222 0.69609375 0.5305555555555556 0.70546875 0.5263888888888889 0.74140625 0.5236111111111111
1 0.625 0.6791666666666667 0.634375 0.6833333333333333 0.640625 0.6972222222222222 0.64140625 0.7055555555555556 0.63359375 0.7208333333333333 0.63125 0.7375 0.62734375 0.7486111111111111 0.62421875 0.7666666666666667 0.62265625 0.8013888888888889 0.61953125 0.8083333333333333 0.5984375 0.7847222222222222 0.55703125 0.7791666666666667 0.54453125 0.7458333333333333 0.54765625 0.7111111111111111 0.56484375 0.6833333333333333 0.5859375 0.6763888888888889 0.62421875 0.6791666666666667
1 0.4328125 0.25277777777777777 0.43984375 0.26666666666666666 0.440625 0.28055555555555556 0.4375 0.2875 0.4296875 0.2861111111111111 0.42578125 0.28055555555555556 0.40390625 0.26805555555555555 0.403125 0.2638888888888889 0.40390625 0.25555555555555554 0.40703125 0.2513888888888889 0.42890625 0.25 0.43203125 0.25277777777777777
1 0.3640625 0.21666666666666667 0.365625 0.20555555555555555 0.36875 0.1986111111111111 0.38046875 0.19583333333333333 0.384375 0.20555555555555555 0.384375 0.2263888888888889 0.38203125 0.23333333333333334 0.375 0.23472222222222222 0.36484375 0.21805555555555556
1 0.46484375 0.20277777777777778 0.47265625 0.19722222222222222 0.47734375 0.1986111111111111 0.48046875 0.20555555555555555 0.48203125 0.21944444444444444 0.48046875 0.23333333333333334 0.47734375 0.24166666666666667 0.47109375 0.24444444444444444 0.471875 0.21666666666666667 0.46484375 0.20416666666666666
1 0.4671875 0.20694444444444443 0.4734375 0.21944444444444444 0.47265625 0.2375 0.4703125 0.24166666666666667 0.45 0.23472222222222222 0.4515625 0.2152777777777778 0.45546875 0.20833333333333334 0.46015625 0.20555555555555555 0.46640625 0.20694444444444443
1 0.49453125 0.18888888888888888 0.49765625 0.19305555555555556 0.49921875 0.20555555555555555 0.4953125 0.2125 0.48359375 0.2125 0.48046875 0.20416666666666666 0.48359375 0.19027777777777777 0.49375 0.18888888888888888
1 0.26171875 0.6222222222222222 0.271875 0.6236111111111111 0.271875 0.6263888888888889 0.2484375 0.6402777777777777 0.24296875 0.65 0.2375 0.7472222222222222 0.2375 0.7902777777777777 0.23359375 0.7958333333333333 0.23125 0.8069444444444445 0.228125 0.8013888888888889 0.22734375 0.7861111111111111 0.221875 0.7708333333333334 0.2203125 0.7555555555555555 0.22109375 0.7416666666666667 0.21875 0.6986111111111111 0.22421875 0.6847222222222222 0.221875 0.6708333333333333 0.2234375 0.6513888888888889 0.2296875 0.6333333333333333 0.2375 0.625 0.2609375 0.6222222222222222
1 0.73046875 0.4666666666666667 0.74765625 0.46944444444444444 0.7578125 0.475 0.76796875 0.49027777777777776 0.76875 0.49583333333333335 0.7546875 0.5319444444444444 0.7515625 0.5319444444444444 0.74140625 0.5222222222222223 0.6953125 0.525 0.69375 0.5194444444444445 0.69453125 0.4986111111111111 0.70234375 0.4736111111111111 0.7078125 0.46805555555555556 0.7296875 0.4666666666666667
1 0.59140625 0.7861111111111111 0.60546875 0.7958333333333333 0.61640625 0.8097222222222222 0.62421875 0.8291666666666667 0.6390625 0.8736111111111111 0.6421875 0.8972222222222223 0.65390625 0.9361111111111111 0.65546875 0.9472222222222222 0.6546875 0.9597222222222223 0.65625 0.9625 0.65234375 0.9680555555555556 0.640625 0.9736111111111111 0.62265625 0.9694444444444444 0.61953125 0.9736111111111111 0.59296875 0.9777777777777777 0.5734375 0.9777777777777777 0.56796875 0.9736111111111111 0.56171875 0.9277777777777778 0.559375 0.8861111111111111 0.55234375 0.8541666666666666 0.55234375 0.8472222222222222 0.54375 0.8222222222222222 0.53125 0.8041666666666667 0.53203125 0.7930555555555555 0.540625 0.7875 0.553125 0.7847222222222222 0.590625 0.7861111111111111
0 0.40546875 0.6222222222222222 0.41796875 0.6361111111111111 0.440625 0.6708333333333333 0.44765625 0.6777777777777778 0.47421875 0.7194444444444444 0.48828125 0.7333333333333333 0.50078125 0.7583333333333333 0.51875 0.7819444444444444 0.5296875 0.8055555555555556 0.54453125 0.8277777777777777 0.55390625 0.8583333333333333 0.5578125 0.8875 0.55859375 0.9138888888888889 0.56171875 0.9347222222222222 0.5609375 0.9736111111111111 0.5578125 0.9833333333333333 0.56171875 0.9916666666666667 0.56015625 0.9986111111111111 0.5140625 0.9986111111111111 0.5015625 0.9930555555555556 0.49765625 0.9944444444444445 0.496875 0.9888888888888889 0.4875 0.9902777777777778 0.48203125 0.9875 0.46953125 0.9930555555555556 0.434375 0.9972222222222222 0.40546875 0.9944444444444445 0.39609375 0.9958333333333333 0.39453125 0.9986111111111111 0.24296875 0.9986111111111111 0.2390625 0.8833333333333333 0.23515625 0.8375 0.23671875 0.8166666666666667 0.23515625 0.8097222222222222 0.23671875 0.8041666666666667 0.2359375 0.7944444444444444 0.23828125 0.7861111111111111 0.23828125 0.7569444444444444 0.23671875 0.7513888888888889 0.23984375 0.7333333333333333 0.24140625 0.6722222222222223 0.24453125 0.6472222222222223 0.2484375 0.6416666666666667 0.265625 0.6333333333333333 0.26796875 0.6291666666666667 0.303125 0.6166666666666667 0.3671875 0.6138888888888889 0.39140625 0.6152777777777778 0.4046875 0.6222222222222222
0 0.9671875 0.5888888888888889 0.99921875 0.5916666666666667 0.99921875 0.9416666666666667 0.99453125 0.9444444444444444 0.96171875 0.9416666666666667 0.90234375 0.9430555555555555 0.896875 0.9361111111111111 0.8921875 0.9194444444444444 0.87734375 0.8847222222222222 0.8765625 0.8527777777777777 0.8796875 0.7708333333333334 0.88046875 0.6652777777777777 0.884375 0.6430555555555556 0.8875 0.6013888888888889 0.89375 0.5972222222222222 0.91328125 0.5930555555555556 0.96640625 0.5888888888888889
0 0.38984375 0.2708333333333333 0.40546875 0.2708333333333333 0.4203125 0.2777777777777778 0.43671875 0.29583333333333334 0.446875 0.30277777777777776 0.45078125 0.3625 0.45390625 0.3763888888888889 0.45390625 0.43472222222222223 0.4421875 0.4527777777777778 0.43515625 0.4486111111111111 0.39765625 0.4513888888888889 0.39375 0.44583333333333336 0.38984375 0.42083333333333334 0.38125 0.4 0.359375 0.39444444444444443 0.35546875 0.3875 0.34921875 0.30972222222222223 0.34921875 0.3013888888888889 0.35234375 0.29305555555555557 0.353125 0.2833333333333333 0.35546875 0.2791666666666667 0.36484375 0.275 0.3890625 0.2708333333333333