3 0.0703125 0.17777777777777778 0.08046875 0.18888888888888888 0.0875 0.2263888888888889 0.0875 0.24722222222222223 0.0828125 0.25555555555555554 0.078125 0.25833333333333336 0.0625 0.25555555555555554 0.059375 0.2513888888888889 0.05859375 0.24583333333333332 0.05859375 0.17916666666666667 0.06015625 0.1763888888888889 0.06953125 0.17777777777777778
3 0.73515625 0.5263888888888889 0.753125 0.5305555555555556 0.765625 0.55 0.77421875 0.575 0.7859375 0.5972222222222222 0.79140625 0.6333333333333333 0.78984375 0.6402777777777777 0.765625 0.6152777777777778 0.74140625 0.6125 0.72421875 0.6152777777777778 0.703125 0.6138888888888889 0.69296875 0.6416666666666667 0.6859375 0.6416666666666667 0.67734375 0.6236111111111111 0.67109375 0.6027777777777777 0.67109375 0.5722222222222222 0.67421875 0.55 0.6890625 0.5444444444444444 0.6953125 0.525 0.734375 0.5263888888888889
2 0.58046875 0.525 0.5875 0.525 0.59140625 0.5305555555555556 0.5953125 0.5388888888888889 0.596875 0.5597222222222222 0.59140625 0.5680555555555555 0.58828125 0.5652777777777778 0.58515625 0.5458333333333333 0.5796875 0.5319444444444444 0.58046875 0.5263888888888889
2 0.50859375 0.4041666666666667 0.5109375 0.4083333333333333 0.5109375 0.41388888888888886 0.5078125 0.43472222222222223 0.5046875 0.43472222222222223 0.49921875 0.42083333333333334 0.50078125 0.4111111111111111 0.5078125 0.4041666666666667
2 0.20859375 0.25833333333333336 0.215625 0.2569444444444444 0.21875 0.2652777777777778 0.2171875 0.2708333333333333 0.2078125 0.2722222222222222 0.20625 0.26805555555555555 0.20859375 0.25972222222222224
2 0.0765625 0.6194444444444445 0.08046875 0.625 0.07578125 0.6444444444444445 0.078125 0.6611111111111111 0.08203125 0.6666666666666666 0.08515625 0.6666666666666666 0.08671875 0.6638888888888889 0.0953125 0.6638888888888889 0.09921875 0.6569444444444444 0.1 0.6680555555555555 0.10546875 0.6916666666666667 0.10546875 0.7166666666666667 0.09921875 0.7444444444444445 0.09296875 0.7541666666666667 0.08671875 0.7541666666666667 0.08125 0.7458333333333333 0.07421875 0.7152777777777778 0.0734375 0.6847222222222222 0.075 0.6777777777777778 0.071875 0.675 0.0734375 0.6291666666666667 0.07109375 0.6236111111111111 0.07578125 0.6194444444444445
2 0.17890625 0.275 0.184375 0.2791666666666667 0.184375 0.2861111111111111 0.18203125 0.2916666666666667 0.17421875 0.2916666666666667 0.171875 0.2875 0.171875 0.2791666666666667 0.17421875 0.275 0.178125 0.275
2 0.09140625 0.7555555555555555 0.08671875 0.7541666666666667 0.0828125 0.7486111111111111 0.0765625 0.7263888888888889 0.07578125 0.6861111111111111 0.07890625 0.6763888888888889 0.0875 0.6694444444444444 0.0984375 0.6666666666666666 0.10390625 0.6847222222222222 0.10546875 0.6986111111111111 0.10390625 0.7236111111111111 0.09921875 0.7444444444444445 0.09609375 0.7513888888888889 0.0921875 0.7541666666666667
1 0.584375 0.36944444444444446 0.59609375 0.3736111111111111 0.603125 0.3888888888888889 0.60234375 0.39444444444444443 0.59140625 0.4083333333333333 0.584375 0.39861111111111114 0.57421875 0.3958333333333333 0.56484375 0.3972222222222222 0.5609375 0.3902777777777778 0.56171875 0.3819444444444444 0.56484375 0.375 0.58359375 0.36944444444444446
1 0.37890625 0.8611111111111112 0.3890625 0.8694444444444445 0.39609375 0.8888888888888888 0.40625 0.9055555555555556 0.4296875 0.9833333333333333 0.43515625 0.9902777777777778 0.4421875 0.9833333333333333 0.44453125 0.9875 0.44453125 0.9902777777777778 0.396875 0.9958333333333333 0.39375 0.9986111111111111 0.34921875 0.9986111111111111 0.34453125 0.9958333333333333 0.32890625 0.9958333333333333 0.3265625 0.9986111111111111 0.2953125 0.9986111111111111 0.29375 0.9958333333333333 0.2859375 0.9958333333333333 0.2828125 0.9986111111111111 0.27578125 0.9944444444444445 0.2734375 0.9875 0.27421875 0.9625 0.27734375 0.9402777777777778 0.28515625 0.925 0.28828125 0.9125 0.28828125 0.9013888888888889 0.3 0.8708333333333333 0.32109375 0.8625 0.378125 0.8611111111111112
1 0.56484375 0.39305555555555555 0.58125 0.3958333333333333 0.58984375 0.4027777777777778 0.59140625 0.40555555555555556 0.59296875 0.4305555555555556 0.56640625 0.425 0.55859375 0.4041666666666667 0.55859375 0.3958333333333333 0.5640625 0.39305555555555555
1 0.08203125 0.31527777777777777 0.09921875 0.31805555555555554 0.1046875 0.325 0.12578125 0.33611111111111114 0.1390625 0.3472222222222222 0.1390625 0.36527777777777776 0.12890625 0.37083333333333335 0.11953125 0.36666666666666664 0.1125 0.3736111111111111 0.10078125 0.36944444444444446 0.0734375 0.36666666666666664 0.065625 0.3625 0.0640625 0.35555555555555557 0.053125 0.3638888888888889 0.03984375 0.3638888888888889 0.03515625 0.35694444444444445 0.034375 0.34305555555555556 0.03671875 0.33055555555555555 0.06015625 0.3194444444444444 0.0609375 0.3416666666666667 0.0640625 0.3458333333333333 0.06796875 0.33055555555555555 0.06640625 0.32083333333333336 0.0703125 0.31666666666666665 0.08125 0.31527777777777777
1 0.72109375 0.6138888888888889 0.72890625 0.6166666666666667 0.73671875 0.6138888888888889 0.75859375 0.6138888888888889 0.77578125 0.625 0.79296875 0.6486111111111111 0.80703125 0.6805555555555556 0.8140625 0.6777777777777778 0.81796875 0.6833333333333333 0.81796875 0.6916666666666667 0.8125 0.7 0.828125 0.7375 0.82734375 0.7444444444444445 0.825 0.7458333333333333 0.8125 0.7458333333333333 0.79765625 0.7541666666666667 0.78828125 0.7861111111111111 0.7796875 0.8013888888888889 0.75078125 0.8027777777777778 0.73984375 0.8069444444444445 0.72890625 0.8236111111111111 0.72109375 0.8236111111111111 0.71875 0.8194444444444444 0.71328125 0.7958333333333333 0.7140625 0.7902777777777777 0.70625 0.7791666666666667 0.7 0.7777777777777778 0.69375 0.7833333333333333 0.6890625 0.7819444444444444 0.68515625 0.7680555555555556 0.684375 0.7541666666666667 0.6828125 0.6972222222222222 0.68671875 0.6569444444444444 0.696875 0.6375 0.703125 0.6152777777777778 0.7203125 0.6138888888888889
1 0.546875 0.39861111111111114 0.55546875 0.4041666666666667 0.56328125 0.425 0.553125 0.4305555555555556 0.5453125 0.44722222222222224 0.5390625 0.48194444444444445 0.515625 0.47638888888888886 0.51328125 0.4722222222222222 0.51328125 0.4652777777777778 0.50859375 0.4486111111111111 0.50859375 0.42777777777777776 0.5140625 0.40694444444444444 0.51953125 0.39861111111111114 0.54609375 0.39861111111111114
1 0.83359375 0.7472222222222222 0.84921875 0.75 0.8734375 0.7472222222222222 0.9046875 0.7763888888888889 0.9296875 0.8138888888888889 0.93984375 0.8361111111111111 0.95078125 0.8680555555555556 0.975 0.9138888888888889 0.97578125 0.9597222222222223 0.97734375 0.9638888888888889 0.97734375 0.9708333333333333 0.97421875 0.9805555555555555 0.975 0.9944444444444445 0.94921875 0.9944444444444445 0.94765625 0.9930555555555556 0.94921875 0.9847222222222223 0.94609375 0.9805555555555555 0.93515625 0.9833333333333333 0.93515625 0.9791666666666666 0.93125 0.9791666666666666 0.9265625 0.9708333333333333 0.91484375 0.9666666666666667 0.9078125 0.9680555555555556 0.9015625 0.9805555555555555 0.87265625 0.9819444444444444 0.86953125 0.9875 0.8546875 0.9930555555555556 0.8375 0.9916666666666667 0.83125 0.9791666666666666 0.821875 0.9722222222222222 0.80859375 0.9541666666666667 0.80390625 0.9513888888888888 0.7890625 0.9527777777777777 0.78359375 0.9486111111111111 0.77734375 0.9166666666666666 0.7765625 0.8972222222222223 0.77734375 0.8722222222222222 0.78046875 0.8597222222222223 0.778125 0.8375 0.77890625 0.8138888888888889 0.7828125 0.8 0.7890625 0.7902777777777777 0.79140625 0.775 0.79921875 0.7541666666666667 0.81015625 0.7486111111111111 0.8328125 0.7472222222222222
1 0.4015625 0.35555555555555557 0.4046875 0.3611111111111111 0.4046875 0.38333333333333336 0.40234375 0.4013888888888889 0.40390625 0.4236111111111111 0.40078125 0.4263888888888889 0.39375 0.4263888888888889 0.3828125 0.4041666666666667 0.38125 0.39305555555555555 0.38125 0.3875 0.3859375 0.37916666666666665 0.38828125 0.3597222222222222 0.39453125 0.3541666666666667 0.40078125 0.35555555555555557
1 0.61953125 0.3958333333333333 0.6265625 0.39861111111111114 0.63203125 0.40694444444444444 0.63203125 0.4166666666666667 0.62578125 0.42777777777777776 0.62421875 0.4666666666666667 0.62265625 0.4722222222222222 0.61171875 0.4722222222222222 0.60859375 0.46805555555555556 0.5953125 0.43194444444444446 0.5921875 0.4152777777777778 0.5953125 0.4013888888888889 0.59921875 0.3972222222222222 0.6046875 0.39444444444444443 0.61875 0.3958333333333333
1 0.225 0.475 0.2296875 0.4777777777777778 0.22890625 0.48055555555555557 0.209375 0.4847222222222222 0.20078125 0.49722222222222223 0.1984375 0.525 0.19453125 0.5388888888888889 0.19609375 0.5694444444444444 0.19375 0.5791666666666667 0.1890625 0.5791666666666667 0.184375 0.5652777777777778 0.1796875 0.5180555555555556 0.18046875 0.5111111111111111 0.18515625 0.5041666666666667 0.18828125 0.4847222222222222 0.19140625 0.4777777777777778 0.22421875 0.475
1 0.3046875 0.19305555555555556 0.3125 0.20416666666666666 0.30625 0.20833333333333334 0.29765625 0.22083333333333333 0.28984375 0.21805555555555556 0.28203125 0.22083333333333333 0.275 0.21388888888888888 0.2734375 0.20833333333333334 0.275 0.20416666666666666 0.2875 0.19305555555555556 0.30390625 0.19305555555555556
1 0.25234375 0.48333333333333334 0.26640625 0.5111111111111111 0.26953125 0.5305555555555556 0.26953125 0.5472222222222223 0.26796875 0.55 0.2578125 0.5472222222222223 0.23671875 0.5486111111111112 0.221875 0.5541666666666667 0.21484375 0.5708333333333333 0.21171875 0.5986111111111111 0.20390625 0.6125 0.19765625 0.6013888888888889 0.19453125 0.5736111111111111 0.19453125 0.5402777777777777 0.1921875 0.5361111111111111 0.196875 0.5277777777777778 0.196875 0.5111111111111111 0.2015625 0.49444444444444446 0.20625 0.4861111111111111 0.2109375 0.48333333333333334 0.2296875 0.4791666666666667 0.24609375 0.4791666666666667 0.2515625 0.48333333333333334
1 0.56953125 0.42777777777777776 0.59140625 0.43194444444444446 0.596875 0.4375 0.609375 0.475 0.61015625 0.5027777777777778 0.60625 0.5125 0.60078125 0.5125 0.59609375 0.5083333333333333 0.58828125 0.4777777777777778 0.58359375 0.4791666666666667 0.58125 0.49027777777777776 0.57421875 0.5041666666666667 0.5609375 0.49444444444444446 0.55703125 0.49444444444444446 0.55234375 0.4888888888888889 0.54375 0.4875 0.540625 0.48333333333333334 0.54296875 0.45694444444444443 0.55 0.4375 0.5578125 0.42916666666666664 0.56875 0.42777777777777776
1 0.30546875 0.34444444444444444 0.30859375 0.35 0.3078125 0.35555555555555557 0.28515625 0.36666666666666664 0.27578125 0.3819444444444444 0.2734375 0.36944444444444446 0.2734375 0.3541666666666667 0.278125 0.3472222222222222 0.2953125 0.34305555555555556 0.3046875 0.34444444444444444
1 0.8625 0.6236111111111111 0.89140625 0.6319444444444444 0.9109375 0.6458333333333334 0.925 0.6680555555555555 0.940625 0.7069444444444445 0.94375 0.7222222222222222 0.94453125 0.7402777777777778 0.9421875 0.7486111111111111 0.94140625 0.8041666666666667 0.93984375 0.8111111111111111 0.9359375 0.8138888888888889 0.928125 0.8083333333333333 0.91875 0.7916666666666666 0.89765625 0.7666666666666667 0.875 0.7458333333333333 0.83125 0.7430555555555556 0.8234375 0.7194444444444444 0.81484375 0.7027777777777777 0.8140625 0.6972222222222222 0.81875 0.6847222222222222 0.81171875 0.6736111111111112 0.81171875 0.6625 0.82109375 0.6333333333333333 0.8296875 0.625 0.86171875 0.6236111111111111
1 0.32109375 0.7708333333333334 0.3453125 0.7777777777777778 0.35234375 0.7902777777777777 0.3640625 0.8291666666666667 0.36640625 0.8333333333333334 0.37734375 0.8361111111111111 0.3796875 0.8402777777777778 0.3796875 0.85 0.375 0.8569444444444444 0.36953125 0.8583333333333333 0.32734375 0.8597222222222223 0.30703125 0.8638888888888889 0.3 0.8694444444444445 0.2875 0.9 0.28671875 0.9138888888888889 0.28359375 0.9194444444444444 0.28203125 0.9305555555555556 0.27578125 0.9388888888888889 0.271875 0.9694444444444444 0.26875 0.9666666666666667 0.26640625 0.9361111111111111 0.25859375 0.9277777777777778 0.2578125 0.8958333333333334 0.2546875 0.8819444444444444 0.2546875 0.8430555555555556 0.25859375 0.8152777777777778 0.2640625 0.8013888888888889 0.26484375 0.7944444444444444 0.27734375 0.7777777777777778 0.3203125 0.7708333333333334
1 0.5546875 0.49444444444444446 0.5671875 0.5 0.571875 0.5069444444444444 0.5859375 0.5458333333333333 0.5890625 0.5736111111111111 0.57734375 0.5972222222222222 0.53515625 0.5986111111111111 0.52734375 0.6027777777777777 0.52265625 0.6 0.51796875 0.5861111111111111 0.509375 0.5847222222222223 0.50625 0.5777777777777777 0.5046875 0.5625 0.50546875 0.5416666666666666 0.50625 0.5319444444444444 0.51015625 0.5222222222222223 0.51015625 0.5152777777777777 0.521875 0.49722222222222223 0.53515625 0.4930555555555556 0.55390625 0.49444444444444446
1 0.83828125 0.5486111111111112 0.86171875 0.5569444444444445 0.8625 0.5638888888888889 0.85703125 0.5986111111111111 0.86015625 0.6194444444444445 0.82734375 0.6236111111111111 0.82109375 0.6305555555555555 0.81015625 0.6541666666666667 0.79921875 0.6458333333333334 0.79296875 0.6361111111111111 0.7890625 0.6125 0.78828125 0.5861111111111111 0.79609375 0.5666666666666667 0.809375 0.5527777777777778 0.8203125 0.5472222222222223 0.8375 0.5486111111111112
1 0.65234375 0.5666666666666667 0.65859375 0.5763888888888888 0.66640625 0.5944444444444444 0.66796875 0.6069444444444444 0.6796875 0.6291666666666667 0.68515625 0.6541666666666667 0.6828125 0.675 0.678125 0.6847222222222222 0.61953125 0.6819444444444445 0.6125 0.6888888888888889 0.60390625 0.6861111111111111 0.5921875 0.6680555555555555 0.5796875 0.6625 0.57734375 0.6333333333333333 0.5796875 0.6013888888888889 0.58359375 0.5888888888888889 0.5890625 0.5791666666666667 0.59140625 0.5694444444444444 0.5984375 0.5638888888888889 0.6484375 0.5638888888888889 0.6515625 0.5666666666666667
1 0.2828125 0.6611111111111111 0.2984375 0.6875 0.3078125 0.7125 0.30859375 0.7305555555555555 0.315625 0.7541666666666667 0.31484375 0.7666666666666667 0.30546875 0.7722222222222223 0.2765625 0.775 0.26640625 0.7888888888888889 0.2578125 0.8125 0.25703125 0.8194444444444444 0.25234375 0.8277777777777777 0.23828125 0.8263888888888888 0.2328125 0.8291666666666667 0.2265625 0.8291666666666667 0.2234375 0.8236111111111111 0.21953125 0.7986111111111112 0.21328125 0.7861111111111111 0.21171875 0.7722222222222223 0.21171875 0.7180555555555556 0.215625 0.7 0.21875 0.6958333333333333 0.22734375 0.6708333333333333 0.240625 0.6694444444444444 0.25390625 0.6625 0.28203125 0.6611111111111111
1 0.31953125 0.4888888888888889 0.32421875 0.49583333333333335 0.328125 0.49722222222222223 0.3828125 0.49583333333333335 0.390625 0.5041666666666667 0.39765625 0.5277777777777778 0.396875 0.5319444444444444 0.390625 0.5347222222222222 0.353125 0.5375 0.34765625 0.5402777777777777 0.34375 0.5472222222222223 0.3421875 0.5555555555555556 0.3421875 0.5847222222222223 0.33984375 0.5972222222222222 0.33984375 0.6458333333333334 0.3328125 0.6541666666666667 0.32421875 0.6527777777777778 0.3203125 0.6347222222222222 0.3140625 0.6305555555555555 0.31171875 0.6180555555555556 0.309375 0.5305555555555556 0.3125 0.5 0.315625 0.49027777777777776 0.31875 0.4888888888888889
1 0.2359375 0.4222222222222222 0.24375 0.44583333333333336 0.2453125 0.4736111111111111 0.23984375 0.4777777777777778 0.209375 0.475 0.1953125 0.4791666666666667 0.1890625 0.4777777777777778 0.18203125 0.4597222222222222 0.1890625 0.4527777777777778 0.19609375 0.425 0.20234375 0.42083333333333334 0.21796875 0.41805555555555557 0.23125 0.41805555555555557 0.23515625 0.4222222222222222
1 0.265625 0.5513888888888889 0.271875 0.5555555555555556 0.2828125 0.5722222222222222 0.29609375 0.6097222222222223 0.30703125 0.6083333333333333 0.30859375 0.6111111111111112 0.30625 0.6208333333333333 0.30078125 0.6222222222222222 0.2984375 0.6263888888888889 0.3046875 0.6625 0.30625 0.6986111111111111 0.30390625 0.7013888888888888 0.2984375 0.6847222222222222 0.2828125 0.6611111111111111 0.25703125 0.6597222222222222 0.22734375 0.6736111111111112 0.21796875 0.6916666666666667 0.21328125 0.7069444444444445 0.209375 0.7041666666666667 0.20703125 0.6722222222222223 0.20703125 0.6430555555555556 0.20859375 0.6333333333333333 0.20390625 0.6208333333333333 0.209375 0.6111111111111112 0.209375 0.6055555555555555 0.2125 0.6013888888888889 0.2140625 0.5902777777777778 0.2171875 0.5833333333333334 0.21484375 0.5708333333333333 0.22109375 0.5569444444444445 0.2296875 0.5513888888888889 0.25 0.5486111111111112 0.26484375 0.5513888888888889
1 0.725 0.4513888888888889 0.734375 0.4583333333333333 0.73828125 0.4652777777777778 0.7390625 0.475 0.728125 0.4986111111111111 0.72421875 0.5222222222222223 0.71953125 0.525 0.6953125 0.5236111111111111 0.684375 0.4930555555555556 0.66875 0.475 0.67578125 0.45694444444444443 0.67578125 0.4527777777777778 0.68046875 0.44722222222222224 0.69921875 0.44583333333333336 0.72421875 0.4513888888888889
1 0.65234375 0.47638888888888886 0.66171875 0.4777777777777778 0.678125 0.4875 0.684375 0.4986111111111111 0.6921875 0.5222222222222223 0.6921875 0.5361111111111111 0.6890625 0.5458333333333333 0.67890625 0.5458333333333333 0.67265625 0.5527777777777778 0.67109375 0.5819444444444445 0.66796875 0.5875 0.66328125 0.5847222222222223 0.65390625 0.5666666666666667 0.65 0.5638888888888889 0.62265625 0.5625 0.6140625 0.5583333333333333 0.6140625 0.5125 0.62265625 0.4861111111111111 0.63046875 0.47638888888888886 0.6515625 0.47638888888888886
1 0.5703125 0.33611111111111114 0.5796875 0.35833333333333334 0.578125 0.36944444444444446 0.5671875 0.37222222222222223 0.56015625 0.38472222222222224 0.55390625 0.3888888888888889 0.546875 0.38055555555555554 0.54296875 0.3819444444444444 0.5375 0.3763888888888889 0.5359375 0.3597222222222222 0.53828125 0.3527777777777778 0.5390625 0.3375 0.54453125 0.33194444444444443 0.56640625 0.3333333333333333 0.56953125 0.33611111111111114
1 0.5359375 0.30416666666666664 0.54140625 0.31666666666666665 0.54140625 0.3277777777777778 0.5359375 0.3527777777777778 0.5109375 0.3416666666666667 0.503125 0.33055555555555555 0.50546875 0.32222222222222224 0.5046875 0.31527777777777777 0.50703125 0.3125 0.5125 0.3111111111111111 0.52109375 0.30277777777777776 0.53203125 0.3013888888888889 0.53515625 0.30416666666666664
1 0.64921875 0.9402777777777778 0.6640625 0.9555555555555556 0.66953125 0.9694444444444444 0.67890625 0.9833333333333333 0.6828125 0.9930555555555556 0.6828125 0.9986111111111111 0.53671875 0.9986111111111111 0.53359375 0.9958333333333333 0.5328125 0.9930555555555556 0.5359375 0.9861111111111112 0.54453125 0.9791666666666666 0.55234375 0.9555555555555556 0.559375 0.9486111111111111 0.615625 0.9402777777777778 0.6484375 0.9402777777777778
1 0.56171875 0.8472222222222222 0.57421875 0.8513888888888889 0.584375 0.8597222222222223 0.58828125 0.8666666666666667 0.59296875 0.8833333333333333 0.60546875 0.9083333333333333 0.61953125 0.9125 0.62421875 0.9180555555555555 0.62421875 0.9236111111111112 0.60859375 0.9402777777777778 0.57265625 0.9430555555555555 0.55859375 0.9472222222222222 0.5515625 0.9541666666666667 0.54375 0.9777777777777777 0.540625 0.9819444444444444 0.53359375 0.9847222222222223 0.52109375 0.9819444444444444 0.51171875 0.9861111111111112 0.4890625 0.9861111111111112 0.47734375 0.9805555555555555 0.475 0.9375 0.47890625 0.8861111111111111 0.490625 0.8652777777777778 0.50234375 0.8527777777777777 0.534375 0.8458333333333333 0.5609375 0.8472222222222222
1 0.671875 0.4041666666666667 0.68828125 0.4125 0.6921875 0.41944444444444445 0.69765625 0.4388888888888889 0.69609375 0.4444444444444444 0.68125 0.44722222222222224 0.66953125 0.475 0.62734375 0.4736111111111111 0.625 0.45555555555555555 0.6265625 0.4263888888888889 0.6296875 0.4222222222222222 0.6328125 0.4236111111111111 0.63984375 0.40694444444444444 0.6453125 0.4041666666666667 0.67109375 0.4041666666666667
1 0.74453125 0.4736111111111111 0.7515625 0.47638888888888886 0.7734375 0.475 0.78984375 0.48055555555555557 0.796875 0.4875 0.80390625 0.5 0.80703125 0.5111111111111111 0.8203125 0.525 0.8171875 0.5361111111111111 0.81953125 0.5444444444444444 0.796875 0.5638888888888889 0.7890625 0.5777777777777777 0.78671875 0.5888888888888889 0.775 0.575 0.7671875 0.5513888888888889 0.75390625 0.5291666666666667 0.75 0.5263888888888889 0.73046875 0.525 0.725 0.5208333333333334 0.725 0.5125 0.7328125 0.4875 0.73828125 0.47638888888888886 0.74375 0.4736111111111111
1 0.98515625 0.6375 0.99921875 0.6402777777777777 0.99921875 0.6763888888888889 0.9515625 0.6791666666666667 0.946875 0.6888888888888889 0.94609375 0.7013888888888888 0.94296875 0.7069444444444445 0.9390625 0.7013888888888888 0.93125 0.6791666666666667 0.9390625 0.6611111111111111 0.9546875 0.6611111111111111 0.9734375 0.6388888888888888 0.984375 0.6375
0 0.32890625 0.35833333333333334 0.35546875 0.36944444444444446 0.37734375 0.39166666666666666 0.38984375 0.41944444444444445 0.39375 0.4375 0.3953125 0.45694444444444443 0.39453125 0.4625 0.38984375 0.46805555555555556 0.390625 0.49166666666666664 0.3890625 0.49722222222222223 0.3828125 0.49444444444444446 0.328125 0.49722222222222223 0.32265625 0.49444444444444446 0.31796875 0.4875 0.315625 0.4888888888888889 0.30859375 0.5055555555555555 0.309375 0.5861111111111111 0.30703125 0.5902777777777778 0.29921875 0.5888888888888889 0.2890625 0.5722222222222222 0.27890625 0.5347222222222222 0.27734375 0.49722222222222223 0.2734375 0.4861111111111111 0.27578125 0.48055555555555557 0.2734375 0.4625 0.27578125 0.45416666666666666 0.2765625 0.39444444444444443 0.2796875 0.38333333333333336 0.2796875 0.375 0.2890625 0.36527777777777776 0.3 0.35833333333333334 0.328125 0.35833333333333334
0 0.24140625 0.2902777777777778 0.2515625 0.29583333333333334 0.26328125 0.3375 0.26328125 0.35833333333333334 0.26796875 0.4111111111111111 0.26796875 0.45555555555555555 0.26484375 0.4847222222222222 0.25859375 0.4847222222222222 0.24921875 0.4736111111111111 0.23984375 0.42916666666666664 0.23125 0.4166666666666667 0.2015625 0.41944444444444445 0.19375 0.42916666666666664 0.1921875 0.4375 0.18828125 0.4375 0.1875 0.4166666666666667 0.18359375 0.39305555555555555 0.18515625 0.38333333333333336 0.1828125 0.36527777777777776 0.18984375 0.3486111111111111 0.18984375 0.3236111111111111 0.19296875 0.2986111111111111 0.19609375 0.29305555555555557 0.2078125 0.29444444444444445 0.240625 0.2902777777777778
0 0.371875 0.16111111111111112 0.37578125 0.16805555555555557 0.3734375 0.18472222222222223 0.3734375 0.20694444444444443 0.37265625 0.2125 0.36953125 0.21666666666666667 0.3625 0.2152777777777778 0.35859375 0.2013888888888889 0.35 0.19722222222222222 0.34765625 0.175 0.35234375 0.1638888888888889 0.36484375 0.1597222222222222 0.37109375 0.16111111111111112