0 0.6546875 0.3527777777777778 0.69296875 0.35555555555555557 0.70859375 0.36527777777777776 0.7203125 0.37916666666666665 0.721875 0.38472222222222224 0.721875 0.42083333333333334 0.7265625 0.44722222222222224 0.7265625 0.5208333333333334 0.71796875 0.5305555555555556 0.7046875 0.5236111111111111 0.65546875 0.5152777777777777 0.64375 0.5069444444444444 0.63984375 0.4930555555555556 0.6390625 0.46805555555555556 0.63125 0.45555555555555555 0.63046875 0.4375 0.634375 0.40555555555555556 0.63671875 0.35555555555555557 0.640625 0.3527777777777778 0.65390625 0.3527777777777778
0 0.21640625 0.28055555555555556 0.21875 0.2833333333333333 0.23125 0.28194444444444444 0.2421875 0.28888888888888886 0.246875 0.29583333333333334 0.24921875 0.31805555555555554 0.2484375 0.3375 0.24609375 0.3416666666666667 0.24140625 0.3402777777777778 0.2359375 0.30972222222222223 0.23125 0.2986111111111111 0.221875 0.29583333333333334 0.21015625 0.2972222222222222 0.215625 0.28194444444444444
0 0.0953125 0.25416666666666665 0.11015625 0.25833333333333336 0.1140625 0.2625 0.121875 0.2986111111111111 0.12109375 0.3138888888888889 0.1109375 0.3236111111111111 0.096875 0.32083333333333336 0.09453125 0.31805555555555554 0.0921875 0.30694444444444446 0.0859375 0.31666666666666665 0.0796875 0.3138888888888889 0.07890625 0.2972222222222222 0.08046875 0.2791666666666667 0.08828125 0.25972222222222224 0.09453125 0.25555555555555554
0 0.4390625 0.2708333333333333 0.44921875 0.275 0.453125 0.29305555555555557 0.4484375 0.2972222222222222 0.440625 0.31527777777777777 0.43125 0.31805555555555554 0.421875 0.31666666666666665 0.42265625 0.28888888888888886 0.4265625 0.275 0.43828125 0.2708333333333333
0 0.45 0.2111111111111111 0.45390625 0.21666666666666667 0.45625 0.23472222222222222 0.44921875 0.25 0.4421875 0.25 0.43984375 0.24722222222222223 0.43828125 0.22916666666666666 0.434375 0.21805555555555556 0.43515625 0.2125 0.4375 0.2111111111111111 0.44921875 0.2111111111111111
0 0.7734375 0.8333333333333334 0.79296875 0.8472222222222222 0.809375 0.8736111111111111 0.8203125 0.9 0.8234375 0.9027777777777778 0.834375 0.9013888888888889 0.8390625 0.9055555555555556 0.8375 0.9111111111111111 0.8296875 0.9152777777777777 0.828125 0.9208333333333333 0.84296875 0.9638888888888889 0.84296875 0.9944444444444445 0.82421875 0.9972222222222222 0.796875 0.9944444444444445 0.79375 0.9916666666666667 0.78203125 0.9916666666666667 0.77421875 0.9958333333333333 0.71328125 0.9944444444444445 0.71015625 0.9875 0.70546875 0.9902777777777778 0.703125 0.9847222222222223 0.7015625 0.9736111111111111 0.7046875 0.9694444444444444 0.7046875 0.9652777777777778 0.6953125 0.9680555555555556 0.68828125 0.9555555555555556 0.6796875 0.9236111111111112 0.68046875 0.8777777777777778 0.7015625 0.8402777777777778 0.7078125 0.8347222222222223 0.72578125 0.8319444444444445 0.77265625 0.8333333333333334
0 0.56796875 0.33055555555555555 0.58125 0.3347222222222222 0.5859375 0.34305555555555556 0.59140625 0.36527777777777776 0.58359375 0.38472222222222224 0.5703125 0.40694444444444444 0.56328125 0.40555555555555556 0.55625 0.37083333333333335 0.54453125 0.3527777777777778 0.55234375 0.3333333333333333 0.55546875 0.33055555555555555 0.5671875 0.33055555555555555
0 0.63984375 0.95 0.65234375 0.9652777777777778 0.6578125 0.9777777777777777 0.6671875 0.9833333333333333 0.665625 0.9875 0.66796875 0.9902777777777778 0.678125 0.9958333333333333 0.6828125 0.9916666666666667 0.68125 0.9875 0.68359375 0.9875 0.68984375 0.9888888888888889 0.6921875 0.9944444444444445 0.69609375 0.9875 0.7 0.9986111111111111 0.51015625 0.9986111111111111 0.5078125 0.9930555555555556 0.5109375 0.9722222222222222 0.5203125 0.9569444444444445 0.534375 0.9472222222222222 0.546875 0.9430555555555555 0.596875 0.9416666666666667 0.628125 0.9444444444444444 0.6390625 0.95
0 0.321875 0.32916666666666666 0.33203125 0.33194444444444443 0.3390625 0.3388888888888889 0.346875 0.36944444444444446 0.3453125 0.4 0.34140625 0.4125 0.33828125 0.41805555555555557 0.334375 0.41944444444444445 0.3296875 0.4152777777777778 0.32109375 0.41805555555555557 0.30859375 0.3888888888888889 0.296875 0.3763888888888889 0.29453125 0.36944444444444446 0.29453125 0.35555555555555557 0.296875 0.34305555555555556 0.30234375 0.3375 0.32109375 0.32916666666666666
0 0.5 0.26944444444444443 0.50390625 0.2763888888888889 0.50859375 0.29444444444444445 0.5078125 0.31666666666666665 0.5046875 0.32083333333333336 0.4828125 0.31805555555555554 0.47890625 0.31527777777777777 0.47578125 0.30833333333333335 0.47578125 0.2861111111111111 0.48203125 0.27361111111111114 0.4875 0.26944444444444443 0.49921875 0.26944444444444443
0 0.22265625 0.3402777777777778 0.22578125 0.34444444444444444 0.22890625 0.3763888888888889 0.2265625 0.3763888888888889 0.2234375 0.3680555555555556 0.21953125 0.36527777777777776 0.21640625 0.3541666666666667 0.1984375 0.35 0.19609375 0.3458333333333333 0.19765625 0.3402777777777778 0.20234375 0.3375 0.221875 0.3402777777777778
0 0.2109375 0.4125 0.21328125 0.4166666666666667 0.21171875 0.43194444444444446 0.21171875 0.46805555555555556 0.21328125 0.4791666666666667 0.19921875 0.4791666666666667 0.196875 0.48333333333333334 0.1921875 0.5111111111111111 0.1890625 0.5111111111111111 0.1859375 0.5 0.18828125 0.49027777777777776 0.18515625 0.44305555555555554 0.18671875 0.4375 0.1859375 0.42777777777777776 0.19296875 0.41388888888888886 0.21015625 0.4125
0 0.4046875 0.4013888888888889 0.41484375 0.4097222222222222 0.425 0.43333333333333335 0.4296875 0.43472222222222223 0.4265625 0.44583333333333336 0.43203125 0.4708333333333333 0.4328125 0.5180555555555556 0.43125 0.5208333333333334 0.40625 0.5194444444444445 0.4 0.5138888888888888 0.3890625 0.5125 0.38671875 0.5152777777777777 0.37890625 0.5138888888888888 0.3703125 0.5236111111111111 0.36640625 0.5208333333333334 0.36484375 0.5111111111111111 0.359375 0.5055555555555555 0.35703125 0.49722222222222223 0.3578125 0.44305555555555554 0.3609375 0.41388888888888886 0.3625 0.4083333333333333 0.37421875 0.4013888888888889 0.40390625 0.4013888888888889
0 0.21484375 0.29444444444444445 0.228125 0.29444444444444445 0.2359375 0.3 0.2390625 0.30694444444444446 0.2390625 0.3236111111111111 0.2375 0.3263888888888889 0.228125 0.31805555555555554 0.2171875 0.31805555555555554 0.21171875 0.32083333333333336 0.20625 0.3375 0.19921875 0.33611111111111114 0.2015625 0.3277777777777778 0.20234375 0.3125 0.2046875 0.3013888888888889 0.2140625 0.29444444444444445
0 0.71328125 0.5638888888888889 0.74375 0.5736111111111111 0.75859375 0.5958333333333333 0.76640625 0.6180555555555556 0.77578125 0.6222222222222222 0.77578125 0.6263888888888889 0.771875 0.6333333333333333 0.771875 0.6430555555555556 0.775 0.6513888888888889 0.778125 0.6708333333333333 0.778125 0.725 0.77578125 0.7333333333333333 0.76953125 0.7333333333333333 0.7625 0.7222222222222222 0.72734375 0.7208333333333333 0.7203125 0.7180555555555556 0.69765625 0.7194444444444444 0.68984375 0.7291666666666666 0.68125 0.7305555555555555 0.678125 0.7208333333333333 0.67734375 0.7027777777777777 0.66640625 0.6972222222222222 0.66484375 0.6861111111111111 0.665625 0.6361111111111111 0.66796875 0.6208333333333333 0.6734375 0.6097222222222223 0.6734375 0.5944444444444444 0.67734375 0.5805555555555556 0.68515625 0.5666666666666667 0.7125 0.5638888888888889
0 0.45703125 0.29444444444444445 0.46796875 0.2986111111111111 0.47265625 0.30972222222222223 0.475 0.32222222222222224 0.475 0.3402777777777778 0.47421875 0.3458333333333333 0.47109375 0.3486111111111111 0.4421875 0.3486111111111111 0.440625 0.3458333333333333 0.43984375 0.325 0.4421875 0.30972222222222223 0.44765625 0.2972222222222222 0.45625 0.29444444444444445
0 0.425 0.21805555555555556 0.4359375 0.2222222222222222 0.4390625 0.25 0.4375 0.25277777777777777 0.4265625 0.25277777777777777 0.42109375 0.25833333333333336 0.41640625 0.25416666666666665 0.4171875 0.23055555555555557 0.41953125 0.2222222222222222 0.42421875 0.21944444444444444
0 0.66796875 0.5222222222222223 0.671875 0.525 0.6890625 0.525 0.70078125 0.5319444444444444 0.70703125 0.5458333333333333 0.709375 0.5597222222222222 0.68359375 0.5666666666666667 0.67890625 0.575 0.67265625 0.5958333333333333 0.671875 0.6125 0.66875 0.6180555555555556 0.66484375 0.6361111111111111 0.6546875 0.6416666666666667 0.65078125 0.6402777777777777 0.64375 0.6222222222222222 0.634375 0.6222222222222222 0.6328125 0.6194444444444445 0.63125 0.6125 0.63203125 0.575 0.63515625 0.5527777777777778 0.64375 0.5263888888888889 0.65390625 0.5222222222222223 0.6671875 0.5222222222222223
0 0.0984375 0.44166666666666665 0.10703125 0.45555555555555555 0.10546875 0.4652777777777778 0.10703125 0.5083333333333333 0.0984375 0.5097222222222222 0.09453125 0.5069444444444444 0.07578125 0.5111111111111111 0.07265625 0.5083333333333333 0.07109375 0.49722222222222223 0.07265625 0.47638888888888886 0.08359375 0.46111111111111114 0.08671875 0.4444444444444444 0.09765625 0.44166666666666665
0 0.30859375 0.3055555555555556 0.3140625 0.30833333333333335 0.3203125 0.3236111111111111 0.3140625 0.33194444444444443 0.29453125 0.33055555555555555 0.284375 0.3236111111111111 0.284375 0.3194444444444444 0.29140625 0.30833333333333335 0.3078125 0.3055555555555556
0 0.34921875 0.22361111111111112 0.35546875 0.23472222222222222 0.3546875 0.2611111111111111 0.34609375 0.26666666666666666 0.3359375 0.26805555555555555 0.3296875 0.26805555555555555 0.32890625 0.2638888888888889 0.32890625 0.24583333333333332 0.33125 0.23472222222222222 0.33828125 0.22361111111111112 0.3484375 0.22361111111111112
0 0.40078125 0.30277777777777776 0.409375 0.30694444444444446 0.41484375 0.33055555555555555 0.40546875 0.32222222222222224 0.39140625 0.32222222222222224 0.3828125 0.3263888888888889 0.3796875 0.3347222222222222 0.37890625 0.325 0.3828125 0.30972222222222223 0.4 0.30416666666666664
0 0.16171875 0.2222222222222222 0.17890625 0.225 0.1859375 0.23055555555555557 0.1890625 0.24722222222222223 0.18828125 0.25416666666666665 0.184375 0.2638888888888889 0.17578125 0.26666666666666666 0.17109375 0.26666666666666666 0.1640625 0.25972222222222224 0.15546875 0.25833333333333336 0.14921875 0.25277777777777777 0.1484375 0.22916666666666666 0.15390625 0.22361111111111112 0.1609375 0.2222222222222222
0 0.97421875 0.6222222222222222 0.99921875 0.6277777777777778 0.99921875 0.8013888888888889 0.98125 0.8152777777777778 0.975 0.8138888888888889 0.9703125 0.8069444444444445 0.96796875 0.7805555555555556 0.965625 0.7763888888888889 0.95625 0.7722222222222223 0.9453125 0.7722222222222223 0.93828125 0.7625 0.925 0.7263888888888889 0.921875 0.6986111111111111 0.92265625 0.6708333333333333 0.925 0.6569444444444444 0.9375 0.6236111111111111 0.9453125 0.6180555555555556 0.9734375 0.6222222222222222
0 0.43203125 0.5208333333333334 0.434375 0.5236111111111111 0.44921875 0.5236111111111111 0.45390625 0.5263888888888889 0.46171875 0.5388888888888889 0.47265625 0.5736111111111111 0.48125 0.5736111111111111 0.48359375 0.5763888888888888 0.48359375 0.5805555555555556 0.4765625 0.5888888888888889 0.47734375 0.5986111111111111 0.484375 0.625 0.4828125 0.6527777777777778 0.48046875 0.6569444444444444 0.44296875 0.6611111111111111 0.43828125 0.6680555555555555 0.4359375 0.6777777777777778 0.42890625 0.6722222222222223 0.4171875 0.6805555555555556 0.40859375 0.6916666666666667 0.40390625 0.6916666666666667 0.39453125 0.6569444444444444 0.39375 0.5763888888888888 0.40390625 0.5347222222222222 0.40859375 0.525 0.43125 0.5222222222222223
0 0.4984375 0.44166666666666665 0.50859375 0.4486111111111111 0.51875 0.4638888888888889 0.521875 0.4861111111111111 0.5265625 0.49444444444444446 0.528125 0.5347222222222222 0.52578125 0.5388888888888889 0.51171875 0.5347222222222222 0.4921875 0.5347222222222222 0.48046875 0.5361111111111111 0.475 0.5402777777777777 0.4703125 0.5402777777777777 0.46015625 0.5222222222222223 0.459375 0.49027777777777776 0.465625 0.45555555555555555 0.4703125 0.4486111111111111 0.47734375 0.4444444444444444 0.49765625 0.44166666666666665
0 0.2125 0.37777777777777777 0.2171875 0.38055555555555554 0.2140625 0.3888888888888889 0.2140625 0.4097222222222222 0.2109375 0.42083333333333334 0.2109375 0.4388888888888889 0.209375 0.4444444444444444 0.2125 0.45555555555555555 0.2109375 0.4638888888888889 0.21328125 0.46944444444444444 0.209375 0.4736111111111111 0.20546875 0.46805555555555556 0.20234375 0.4736111111111111 0.1953125 0.47638888888888886 0.19453125 0.46944444444444444 0.1921875 0.4666666666666667 0.190625 0.4708333333333333 0.1921875 0.4861111111111111 0.18984375 0.49166666666666664 0.190625 0.5013888888888889 0.1890625 0.5097222222222222 0.18359375 0.49444444444444446 0.1796875 0.4652777777777778 0.18125 0.4486111111111111 0.1796875 0.41388888888888886 0.18359375 0.39444444444444443 0.18359375 0.38333333333333336 0.1921875 0.37777777777777777 0.21171875 0.37777777777777777
0 0.196875 0.3472222222222222 0.21953125 0.3541666666666667 0.22734375 0.36944444444444446 0.22734375 0.37916666666666665 0.19140625 0.37777777777777777 0.1875 0.38055555555555554 0.1859375 0.38333333333333336 0.1875 0.3902777777777778 0.18046875 0.4097222222222222 0.18203125 0.4513888888888889 0.1796875 0.4625 0.17578125 0.4652777777777778 0.17109375 0.4638888888888889 0.16953125 0.4583333333333333 0.16640625 0.3861111111111111 0.1734375 0.3625 0.17734375 0.35555555555555557 0.19609375 0.3472222222222222
0 0.19140625 0.20555555555555555 0.19453125 0.20277777777777778 0.2078125 0.20277777777777778 0.23203125 0.22083333333333333 0.23203125 0.23194444444444445 0.228125 0.2388888888888889 0.2125 0.24166666666666667 0.19921875 0.23472222222222222 0.1921875 0.23472222222222222 0.18984375 0.22916666666666666 0.19140625 0.20694444444444443
0 0.4109375 0.32222222222222224 0.421875 0.3458333333333333 0.42265625 0.37916666666666665 0.421875 0.39444444444444443 0.4203125 0.3958333333333333 0.39296875 0.39444444444444443 0.3875 0.38472222222222224 0.38046875 0.37916666666666665 0.378125 0.37222222222222223 0.378125 0.35138888888888886 0.3765625 0.34444444444444444 0.3796875 0.32916666666666666 0.38359375 0.32222222222222224 0.403125 0.32222222222222224 0.40625 0.3194444444444444 0.41015625 0.32222222222222224
0 0.459375 0.19166666666666668 0.46484375 0.19722222222222222 0.4703125 0.19722222222222222 0.4734375 0.20972222222222223 0.471875 0.21388888888888888 0.46015625 0.21805555555555556 0.45546875 0.2125 0.4546875 0.1986111111111111 0.45625 0.19305555555555556 0.45859375 0.19305555555555556
0 0.2875 0.2638888888888889 0.2984375 0.2833333333333333 0.29921875 0.3013888888888889 0.28828125 0.3111111111111111 0.275 0.3138888888888889 0.26796875 0.3125 0.26953125 0.2777777777777778 0.27265625 0.26944444444444443 0.27890625 0.2638888888888889 0.28671875 0.2638888888888889
0 0.29765625 0.38055555555555554 0.30546875 0.3861111111111111 0.30859375 0.39166666666666666 0.32421875 0.42916666666666664 0.33203125 0.4583333333333333 0.33359375 0.4777777777777778 0.3359375 0.48333333333333334 0.33359375 0.5430555555555555 0.33671875 0.5652777777777778 0.33671875 0.6791666666666667 0.328125 0.7 0.3140625 0.6972222222222222 0.30703125 0.6791666666666667 0.303125 0.6625 0.2890625 0.6375 0.26171875 0.6347222222222222 0.25703125 0.6388888888888888 0.25078125 0.6375 0.24453125 0.6416666666666667 0.2296875 0.6430555555555556 0.2234375 0.6527777777777778 0.21953125 0.6527777777777778 0.21875 0.65 0.215625 0.5930555555555556 0.215625 0.5472222222222223 0.2171875 0.5388888888888889 0.215625 0.49583333333333335 0.2171875 0.47638888888888886 0.215625 0.45555555555555555 0.21796875 0.4486111111111111 0.215625 0.4388888888888889 0.215625 0.3875 0.22265625 0.38333333333333336 0.23828125 0.38333333333333336 0.25390625 0.37916666666666665 0.296875 0.38055555555555554
0 0.240625 0.26805555555555555 0.2453125 0.27361111111111114 0.246875 0.28194444444444444 0.253125 0.29444444444444445 0.253125 0.32083333333333336 0.2515625 0.32222222222222224 0.2484375 0.32222222222222224 0.24453125 0.30972222222222223 0.24375 0.2972222222222222 0.23828125 0.2875 0.2265625 0.2861111111111111 0.21328125 0.2916666666666667 0.21328125 0.2833333333333333 0.21640625 0.2722222222222222 0.2234375 0.26805555555555555 0.23984375 0.26805555555555555
0 0.2828125 0.325 0.29453125 0.33194444444444443 0.29609375 0.35 0.29375 0.375 0.28203125 0.37777777777777777 0.26796875 0.375 0.26796875 0.35555555555555557 0.265625 0.35138888888888886 0.265625 0.34444444444444444 0.26953125 0.3402777777777778 0.27265625 0.32916666666666666 0.28203125 0.3263888888888889
0 0.5359375 0.30694444444444446 0.55 0.3125 0.55625 0.325 0.55 0.33611111111111114 0.54375 0.35555555555555557 0.540625 0.35833333333333334 0.52578125 0.3541666666666667 0.521875 0.3486111111111111 0.51484375 0.3277777777777778 0.51796875 0.3138888888888889 0.52109375 0.30833333333333335 0.53515625 0.30694444444444446
0 0.5375 0.3625 0.55 0.36527777777777776 0.55390625 0.37083333333333335 0.55625 0.3763888888888889 0.5609375 0.4083333333333333 0.54296875 0.4125 0.534375 0.43333333333333335 0.5296875 0.45694444444444443 0.52578125 0.4625 0.51875 0.4583333333333333 0.50078125 0.4361111111111111 0.50234375 0.37222222222222223 0.50546875 0.3611111111111111 0.53671875 0.3625
0 0.39453125 0.2777777777777778 0.39921875 0.2875 0.40078125 0.3013888888888889 0.38359375 0.30833333333333335 0.38125 0.3125 0.37578125 0.3388888888888889 0.36953125 0.3388888888888889 0.3671875 0.3333333333333333 0.3671875 0.29305555555555557 0.36875 0.2847222222222222 0.37578125 0.275 0.3890625 0.275 0.39375 0.2777777777777778
0 0.35 0.9388888888888889 0.39296875 0.9402777777777778 0.40078125 0.9513888888888888 0.415625 0.9875 0.4171875 0.9986111111111111 0.35234375 0.9986111111111111 0.35078125 0.9958333333333333 0.33671875 0.9958333333333333 0.33515625 0.9986111111111111 0.32109375 0.9986111111111111 0.31640625 0.9958333333333333 0.3109375 0.9986111111111111 0.28203125 0.9986111111111111 0.28203125 0.9944444444444445 0.2859375 0.9902777777777778 0.284375 0.9861111111111112 0.28828125 0.9736111111111111 0.30078125 0.9527777777777777 0.315625 0.9444444444444444 0.34921875 0.9388888888888889
0 0.87265625 0.6930555555555555 0.89609375 0.6986111111111111 0.91640625 0.7166666666666667 0.93671875 0.7625 0.95234375 0.8055555555555556 0.9515625 0.8625 0.95 0.8708333333333333 0.946875 0.875 0.91640625 0.8680555555555556 0.87578125 0.8680555555555556 0.86796875 0.8652777777777778 0.85625 0.8722222222222222 0.85 0.8722222222222222 0.8453125 0.8625 0.84375 0.8430555555555556 0.840625 0.8361111111111111 0.83046875 0.8277777777777777 0.81640625 0.8305555555555556 0.81171875 0.8236111111111111 0.80859375 0.7861111111111111 0.80625 0.7791666666666667 0.80703125 0.7430555555555556 0.809375 0.7319444444444444 0.82421875 0.7069444444444445 0.83359375 0.6958333333333333 0.871875 0.6930555555555555
0 0.484375 0.18194444444444444 0.4890625 0.19305555555555556 0.48828125 0.20833333333333334 0.484375 0.2152777777777778 0.47578125 0.2111111111111111 0.47265625 0.20277777777777778 0.4734375 0.18333333333333332 0.48359375 0.18194444444444444
0 0.365625 0.2625 0.36953125 0.26805555555555555 0.37109375 0.28194444444444444 0.36640625 0.3055555555555556 0.35703125 0.30833333333333335 0.34375 0.30833333333333335 0.3421875 0.3055555555555556 0.34140625 0.2916666666666667 0.34375 0.2777777777777778 0.3484375 0.2652777777777778 0.36484375 0.2625
0 0.38515625 0.38472222222222224 0.38828125 0.3888888888888889 0.38984375 0.3972222222222222 0.36875 0.4013888888888889 0.3609375 0.4111111111111111 0.35703125 0.4444444444444444 0.35625 0.4736111111111111 0.35390625 0.4777777777777778 0.34765625 0.4777777777777778 0.3453125 0.46944444444444444 0.3453125 0.4263888888888889 0.34296875 0.4125 0.35 0.4027777777777778 0.3515625 0.39305555555555555 0.35546875 0.38472222222222224 0.36328125 0.3819444444444444 0.38125 0.3819444444444444 0.384375 0.38472222222222224
0 0.44140625 0.25555555555555554 0.4484375 0.2722222222222222 0.43046875 0.2722222222222222 0.425 0.2777777777777778 0.425 0.2847222222222222 0.42109375 0.28194444444444444 0.42109375 0.25972222222222224 0.425 0.25416666666666665 0.43046875 0.25277777777777777 0.4390625 0.25277777777777777 0.440625 0.25555555555555554
0 0.2046875 0.3375 0.20546875 0.3277777777777778 0.21171875 0.3194444444444444 0.23046875 0.31805555555555554 0.23671875 0.32083333333333336 0.24140625 0.3402777777777778 0.24140625 0.3625 0.23984375 0.375 0.2375 0.37916666666666665 0.23046875 0.3763888888888889 0.2234375 0.3416666666666667 0.20546875 0.3375
0 0.071875 0.17777777777777778 0.08125 0.18888888888888888 0.08515625 0.20555555555555555 0.0859375 0.2222222222222222 0.084375 0.2513888888888889 0.075 0.25972222222222224 0.06484375 0.25833333333333336 0.059375 0.24722222222222223 0.06015625 0.20694444444444443 0.05859375 0.17916666666666667 0.06015625 0.1763888888888889 0.07109375 0.17777777777777778
0 0.51328125 0.3458333333333333 0.51875 0.3486111111111111 0.52265625 0.35555555555555557 0.50625 0.3597222222222222 0.50234375 0.36527777777777776 0.49921875 0.43472222222222223 0.49140625 0.4375 0.48046875 0.42777777777777776 0.47890625 0.4236111111111111 0.47890625 0.37083333333333335 0.4828125 0.35833333333333334 0.4890625 0.3472222222222222 0.5125 0.3458333333333333
0 0.50859375 0.32916666666666666 0.51640625 0.3388888888888889 0.521875 0.35138888888888886 0.521875 0.35555555555555557 0.5171875 0.3541666666666667 0.5140625 0.3472222222222222 0.5109375 0.3458333333333333 0.4953125 0.3458333333333333 0.48984375 0.3486111111111111 0.48515625 0.35555555555555557 0.48203125 0.37222222222222223 0.47734375 0.36944444444444446 0.475 0.3611111111111111 0.47734375 0.33194444444444443 0.4984375 0.3277777777777778 0.5078125 0.32916666666666666
0 0.390625 0.21944444444444444 0.39765625 0.225 0.40078125 0.25 0.39765625 0.2611111111111111 0.39140625 0.2638888888888889 0.37734375 0.2638888888888889 0.37578125 0.25833333333333336 0.37734375 0.22361111111111112 0.38125 0.21944444444444444 0.38984375 0.21944444444444444
0 0.209375 0.4777777777777778 0.21328125 0.4875 0.2125 0.5013888888888889 0.20859375 0.5194444444444445 0.2140625 0.5541666666666667 0.21328125 0.5736111111111111 0.21015625 0.5791666666666667 0.20234375 0.5791666666666667 0.19609375 0.5875 0.1921875 0.5736111111111111 0.190625 0.5472222222222223 0.19140625 0.5166666666666667 0.19453125 0.5013888888888889 0.19453125 0.4888888888888889 0.1984375 0.4791666666666667 0.20859375 0.4777777777777778
0 0.45859375 0.16527777777777777 0.46328125 0.17083333333333334 0.46328125 0.1763888888888889 0.45625 0.1875 0.446875 0.18472222222222223 0.4453125 0.16944444444444445 0.44765625 0.16527777777777777 0.4578125 0.16527777777777777
0 0.59296875 0.4583333333333333 0.6078125 0.4652777777777778 0.6203125 0.4652777777777778 0.6265625 0.46944444444444444 0.63671875 0.4986111111111111 0.640625 0.5152777777777777 0.640625 0.525 0.63671875 0.5444444444444444 0.63125 0.5527777777777778 0.59765625 0.5527777777777778 0.58203125 0.5583333333333333 0.57421875 0.5444444444444444 0.565625 0.5402777777777777 0.5640625 0.5347222222222222 0.56328125 0.5027777777777778 0.5703125 0.475 0.57734375 0.4597222222222222 0.5921875 0.4583333333333333
0 0.3390625 0.1763888888888889 0.34375 0.18194444444444444 0.34375 0.19444444444444445 0.33203125 0.2 0.31640625 0.1986111111111111 0.3140625 0.19305555555555556 0.3140625 0.18472222222222223 0.32734375 0.175 0.33828125 0.1763888888888889
0 0.469921875 0.26805555555555555 0.02578125 0.05
0 0.625 0.7666666666666667 0.6546875 0.8013888888888889 0.6625 0.8138888888888889 0.66484375 0.8388888888888889 0.6640625 0.8583333333333333 0.665625 0.8625 0.6640625 0.8875 0.67421875 0.9166666666666666 0.67734375 0.9208333333333333 0.678125 0.9291666666666667 0.68359375 0.9388888888888889 0.684375 0.9513888888888888 0.68984375 0.9611111111111111 0.6890625 0.9680555555555556 0.696875 0.9819444444444444 0.69921875 0.9986111111111111 0.69296875 0.9958333333333333 0.6890625 0.9986111111111111 0.6828125 0.9958333333333333 0.6796875 0.9986111111111111 0.6703125 0.9986111111111111 0.6640625 0.9944444444444445 0.66796875 0.9930555555555556 0.67109375 0.9875 0.66953125 0.9833333333333333 0.66796875 0.9819444444444444 0.6609375 0.9875 0.659375 0.9833333333333333 0.66015625 0.9763888888888889 0.64453125 0.9527777777777777 0.6375 0.9458333333333333 0.62578125 0.9416666666666667 0.54921875 0.9402777777777778 0.5328125 0.9472222222222222 0.53046875 0.9513888888888888 0.525 0.95 0.51640625 0.9611111111111111 0.5109375 0.9638888888888889 0.50859375 0.9513888888888888 0.5078125 0.875 0.5109375 0.8347222222222223 0.51015625 0.7888888888888889 0.51171875 0.7791666666666667 0.51484375 0.7736111111111111 0.58359375 0.7625 0.61640625 0.7611111111111111 0.62421875 0.7666666666666667
0 0.5578125 0.4097222222222222 0.5796875 0.4152777777777778 0.59140625 0.4361111111111111 0.5953125 0.45555555555555555 0.57578125 0.46111111111111114 0.5625 0.5 0.54765625 0.5083333333333333 0.5421875 0.5083333333333333 0.53828125 0.5013888888888889 0.53125 0.49722222222222223 0.528125 0.47638888888888886 0.528125 0.4583333333333333 0.53203125 0.4361111111111111 0.5421875 0.41388888888888886 0.55703125 0.4097222222222222
0 0.26953125 0.6430555555555556 0.27421875 0.6486111111111111 0.2765625 0.6486111111111111 0.27890625 0.6430555555555556 0.2890625 0.6430555555555556 0.29375 0.6486111111111111 0.30078125 0.6638888888888889 0.30859375 0.6930555555555555 0.31328125 0.7027777777777777 0.31640625 0.7291666666666666 0.32265625 0.7430555555555556 0.325 0.7569444444444444 0.31796875 0.7625 0.3 0.7597222222222222 0.296875 0.7625 0.27109375 0.7638888888888888 0.2640625 0.775 0.25625 0.8 0.24609375 0.8222222222222222 0.24375 0.8430555555555556 0.2359375 0.8555555555555555 0.2234375 0.8555555555555555 0.2203125 0.8458333333333333 0.21875 0.8236111111111111 0.21640625 0.8180555555555555 0.21640625 0.8027777777777778 0.21484375 0.8 0.2109375 0.7180555555555556 0.21640625 0.7013888888888888 0.21953125 0.6777777777777778 0.2265625 0.6569444444444444 0.2328125 0.6513888888888889 0.2375 0.6527777777777778 0.25078125 0.6458333333333334 0.25625 0.6472222222222223 0.26171875 0.6430555555555556 0.26875 0.6430555555555556
0 0.5 0.6583333333333333 0.51015625 0.6652777777777777 0.52265625 0.6819444444444445 0.53984375 0.7319444444444444 0.54296875 0.7291666666666666 0.55234375 0.7291666666666666 0.55546875 0.7333333333333333 0.5546875 0.7402777777777778 0.54375 0.7472222222222222 0.546875 0.7597222222222222 0.546875 0.7652777777777777 0.54453125 0.7680555555555556 0.5140625 0.7722222222222223 0.51015625 0.7777777777777778 0.50859375 0.7861111111111111 0.50859375 0.8527777777777777 0.50546875 0.8638888888888889 0.496875 0.8625 0.475 0.8666666666666667 0.46640625 0.875 0.4609375 0.8861111111111111 0.45390625 0.8902777777777777 0.44765625 0.8847222222222222 0.44375 0.8541666666666666 0.43203125 0.8375 0.42890625 0.8194444444444444 0.4265625 0.7458333333333333 0.4296875 0.7125 0.434375 0.7013888888888888 0.440625 0.6666666666666666 0.44453125 0.6625 0.49921875 0.6583333333333333
0 0.459375 0.1986111111111111 0.4625 0.20555555555555555 0.46171875 0.2111111111111111 0.48046875 0.2152777777777778 0.484375 0.22083333333333333 0.48515625 0.2263888888888889 0.48359375 0.24444444444444444 0.4625 0.24444444444444444 0.45859375 0.2361111111111111 0.46015625 0.21944444444444444 0.4578125 0.20555555555555555 0.459375 0.2
0 0.428125 0.1763888888888889 0.43203125 0.18611111111111112 0.43203125 0.19305555555555556 0.4296875 0.19722222222222222 0.41796875 0.19583333333333333 0.41640625 0.18888888888888888 0.41875 0.1763888888888889 0.42734375 0.1763888888888889
0 0.3 0.7625 0.32578125 0.7625 0.3359375 0.7680555555555556 0.34296875 0.7805555555555556 0.36171875 0.8347222222222223 0.3734375 0.8319444444444445 0.38046875 0.8375 0.3796875 0.8458333333333333 0.36796875 0.8583333333333333 0.37734375 0.8958333333333334 0.378125 0.9277777777777778 0.37578125 0.9361111111111111 0.36953125 0.9388888888888889 0.3609375 0.9361111111111111 0.33828125 0.9361111111111111 0.334375 0.9388888888888889 0.33046875 0.9361111111111111 0.32265625 0.9416666666666667 0.30703125 0.9458333333333333 0.3 0.9513888888888888 0.29140625 0.9666666666666667 0.2875 0.9694444444444444 0.27890625 0.9875 0.27109375 0.9944444444444445 0.26484375 0.9958333333333333 0.25859375 0.9958333333333333 0.25703125 0.9930555555555556 0.2546875 0.9513888888888888 0.24609375 0.9347222222222222 0.24609375 0.8819444444444444 0.2453125 0.8666666666666667 0.2421875 0.8527777777777777 0.24609375 0.8416666666666667 0.246875 0.8236111111111111 0.26953125 0.7680555555555556 0.275 0.7638888888888888 0.29921875 0.7625
0 0.35625 0.20694444444444443 0.3609375 0.21388888888888888 0.36171875 0.21944444444444444 0.36171875 0.22777777777777777 0.35859375 0.23333333333333334 0.3546875 0.23194444444444445 0.34921875 0.22361111111111112 0.3390625 0.2222222222222222 0.3375 0.21805555555555556 0.33828125 0.2111111111111111 0.35546875 0.20694444444444443
0 0.59140625 0.3819444444444444 0.6125 0.3861111111111111 0.61953125 0.39305555555555555 0.62890625 0.4083333333333333 0.6296875 0.4263888888888889 0.62734375 0.45555555555555555 0.61484375 0.45694444444444443 0.59765625 0.4513888888888889 0.58671875 0.4222222222222222 0.57578125 0.40694444444444444 0.57578125 0.3972222222222222 0.57890625 0.39166666666666666 0.58671875 0.38333333333333336 0.590625 0.38333333333333336