3 0.03671875 0.16666666666666666 0.04453125 0.1763888888888889 0.05625 0.17916666666666667 0.06484375 0.18888888888888888 0.06875 0.20555555555555555 0.07109375 0.24444444444444444 0.07421875 0.24722222222222223 0.06171875 0.25833333333333336 0.02890625 0.25555555555555554 0.02265625 0.25972222222222224 0.015625 0.25416666666666665 0.01171875 0.24305555555555555 0.0125 0.23333333333333334 0.01484375 0.23055555555555557 0.01328125 0.21944444444444444 0.01484375 0.21388888888888888 0.01171875 0.19722222222222222 0.0171875 0.1875 0.01640625 0.1763888888888889 0.01796875 0.17083333333333334 0.0359375 0.16666666666666666
3 0.4171875 0.1736111111111111 0.42109375 0.17916666666666667 0.41953125 0.1986111111111111 0.41796875 0.2013888888888889 0.4140625 0.2 0.40625 0.20416666666666666 0.40234375 0.20416666666666666 0.39921875 0.1986111111111111 0.4 0.17777777777777778 0.40625 0.1736111111111111 0.41640625 0.1736111111111111
3 0.6640625 0.175 0.671875 0.1763888888888889 0.675 0.18194444444444444 0.671875 0.20555555555555555 0.66484375 0.23333333333333334 0.65 0.24861111111111112 0.64375 0.24861111111111112 0.64140625 0.24027777777777778 0.64140625 0.18472222222222223 0.6453125 0.17777777777777778 0.66328125 0.175
3 0.7078125 0.6388888888888888 0.73984375 0.6611111111111111 0.75546875 0.6777777777777778 0.76171875 0.6888888888888889 0.76796875 0.6916666666666667 0.7734375 0.6986111111111111 0.784375 0.7291666666666666 0.79453125 0.7763888888888889 0.7953125 0.8111111111111111 0.79765625 0.8305555555555556 0.796875 0.8555555555555555 0.79375 0.8597222222222223 0.78671875 0.8583333333333333 0.775 0.8388888888888889 0.76796875 0.8194444444444444 0.76015625 0.8111111111111111 0.75234375 0.7944444444444444 0.7203125 0.7652777777777777 0.684375 0.7611111111111111 0.65859375 0.7666666666666667 0.64296875 0.7666666666666667 0.6390625 0.7722222222222223 0.6296875 0.8013888888888889 0.62265625 0.8 0.6140625 0.7902777777777777 0.61171875 0.7791666666666667 0.6140625 0.7402777777777778 0.61328125 0.7041666666666667 0.61171875 0.7013888888888888 0.6140625 0.6944444444444444 0.61484375 0.6777777777777778 0.6125 0.6722222222222223 0.609375 0.6708333333333333 0.6125 0.6708333333333333 0.61484375 0.6666666666666666 0.6171875 0.6430555555555556 0.63125 0.6375 0.65546875 0.6347222222222222 0.7 0.6347222222222222 0.70703125 0.6388888888888888
3 0.946875 0.6041666666666666 0.9609375 0.6083333333333333 0.9625 0.6138888888888889 0.96640625 0.6111111111111112 0.9734375 0.6180555555555556 0.98828125 0.6222222222222222 0.99453125 0.6291666666666667 0.99921875 0.6291666666666667 0.99921875 0.7666666666666667 0.9703125 0.7611111111111111 0.9296875 0.7638888888888888 0.921875 0.7625 0.91796875 0.7555555555555555 0.9171875 0.6916666666666667 0.91875 0.6902777777777778 0.9203125 0.675 0.9203125 0.6222222222222222 0.92265625 0.6166666666666667 0.928125 0.6138888888888889 0.93203125 0.6041666666666666 0.94609375 0.6041666666666666
3 0.546875 0.30416666666666664 0.58125 0.30833333333333335 0.5875 0.31666666666666665 0.58984375 0.3347222222222222 0.5890625 0.3458333333333333 0.5640625 0.3472222222222222 0.55859375 0.3611111111111111 0.553125 0.39444444444444443 0.546875 0.39305555555555555 0.54140625 0.3861111111111111 0.53828125 0.3333333333333333 0.53515625 0.32083333333333336 0.53828125 0.30833333333333335 0.54609375 0.30416666666666664
3 0.578125 0.4263888888888889 0.59921875 0.4375 0.6171875 0.4513888888888889 0.62265625 0.4597222222222222 0.62265625 0.5319444444444444 0.62734375 0.5472222222222223 0.63203125 0.5888888888888889 0.6328125 0.6222222222222222 0.6296875 0.6333333333333333 0.615625 0.6402777777777777 0.61328125 0.6458333333333334 0.6125 0.6583333333333333 0.609375 0.6611111111111111 0.60234375 0.6611111111111111 0.59140625 0.6222222222222222 0.559375 0.5819444444444445 0.54921875 0.5777777777777777 0.5109375 0.5791666666666667 0.50703125 0.5708333333333333 0.50546875 0.525 0.5078125 0.5 0.50703125 0.44027777777777777 0.50859375 0.43333333333333335 0.5109375 0.4305555555555556 0.52421875 0.42916666666666664 0.57734375 0.4263888888888889
3 0.73984375 0.9458333333333333 0.75625 0.9555555555555556 0.78125 0.9930555555555556 0.78125 0.9986111111111111 0.7578125 0.9986111111111111 0.7546875 0.9944444444444445 0.73828125 0.9930555555555556 0.7171875 0.9944444444444445 0.71171875 0.9986111111111111 0.60859375 0.9986111111111111 0.6046875 0.9944444444444445 0.60859375 0.9875 0.6078125 0.9763888888888889 0.609375 0.9708333333333333 0.61171875 0.9652777777777778 0.61796875 0.9597222222222223 0.69609375 0.9513888888888888 0.70234375 0.9472222222222222 0.7390625 0.9458333333333333
3 0.19296875 0.20277777777777778 0.2140625 0.21666666666666667 0.21640625 0.2222222222222222 0.2171875 0.22916666666666666 0.21484375 0.2361111111111111 0.20234375 0.24166666666666667 0.190625 0.2388888888888889 0.175 0.24027777777777778 0.171875 0.2361111111111111 0.1703125 0.2263888888888889 0.171875 0.20555555555555555 0.17578125 0.20277777777777778 0.1921875 0.20277777777777778
2 0.73046875 0.5361111111111111 0.74375 0.5402777777777777 0.74140625 0.5458333333333333 0.74140625 0.5555555555555556 0.74453125 0.5763888888888888 0.7453125 0.625 0.74140625 0.6472222222222223 0.7375 0.6541666666666667 0.73125 0.6541666666666667 0.72421875 0.6458333333333334 0.72265625 0.6236111111111111 0.71640625 0.5986111111111111 0.71484375 0.5527777777777778 0.71796875 0.5458333333333333 0.7296875 0.5375
2 0.0875 0.5055555555555555 0.0171875 0.058333333333333334
2 0.3421875 0.3 0.3453125 0.30277777777777776 0.346875 0.3111111111111111 0.34453125 0.32916666666666666 0.33828125 0.3472222222222222 0.33359375 0.3388888888888889 0.33359375 0.3138888888888889 0.33515625 0.3055555555555556 0.34140625 0.3
2 0.04609375 0.85 0.05703125 0.8569444444444444 0.08203125 0.8569444444444444 0.07890625 0.8652777777777778 0.078125 0.8888888888888888 0.08203125 0.9138888888888889 0.08125 0.9236111111111112 0.07421875 0.9541666666666667 0.0671875 0.975 0.0640625 0.9791666666666666 0.06015625 0.9777777777777777 0.05 0.9555555555555556 0.04921875 0.9375 0.04453125 0.9208333333333333 0.04453125 0.8763888888888889 0.04609375 0.8722222222222222 0.03984375 0.8625 0.03984375 0.8583333333333333 0.04296875 0.85 0.0453125 0.85
2 0.15390625 0.5958333333333333 0.1625 0.6041666666666666 0.16171875 0.6277777777777778 0.165625 0.6486111111111111 0.16484375 0.6638888888888889 0.16171875 0.6736111111111112 0.15859375 0.6763888888888889 0.15 0.6736111111111112 0.146875 0.6652777777777777 0.14375 0.6458333333333334 0.14453125 0.6027777777777777 0.14765625 0.5958333333333333 0.153125 0.5958333333333333
2 0.1484375 0.30416666666666664 0.1515625 0.3125 0.1515625 0.33055555555555555 0.14765625 0.3333333333333333 0.14296875 0.3111111111111111 0.1453125 0.30416666666666664 0.14765625 0.30416666666666664
2 0.18125 0.2625 0.1828125 0.2652777777777778 0.1828125 0.2875 0.18046875 0.29305555555555557 0.17578125 0.2916666666666667 0.17421875 0.28055555555555556 0.175 0.2638888888888889 0.18046875 0.2625
2 0.26015625 0.2125 0.26328125 0.21805555555555556 0.26328125 0.2263888888888889 0.26015625 0.23472222222222222 0.25703125 0.23472222222222222 0.2546875 0.22777777777777777 0.25546875 0.2152777777777778 0.259375 0.2125
1 0.5828125 0.3458333333333333 0.59296875 0.35 0.603125 0.36944444444444446 0.5921875 0.36666666666666664 0.5734375 0.3680555555555556 0.56796875 0.375 0.56171875 0.39305555555555555 0.56015625 0.4041666666666667 0.55 0.39305555555555555 0.55 0.38472222222222224 0.5546875 0.3763888888888889 0.5578125 0.3611111111111111 0.56484375 0.3472222222222222 0.58203125 0.3458333333333333
1 0.528125 0.3819444444444444 0.534375 0.3875 0.53515625 0.39166666666666666 0.5109375 0.3958333333333333 0.50703125 0.4 0.5109375 0.4111111111111111 0.50625 0.42083333333333334 0.50859375 0.42777777777777776 0.503125 0.44305555555555554 0.49453125 0.4375 0.4875 0.41944444444444445 0.49375 0.3861111111111111 0.5171875 0.37916666666666665 0.52734375 0.3819444444444444
1 0.95625 0.8291666666666667 0.97578125 0.8333333333333334 0.99921875 0.8458333333333333 0.99921875 0.9319444444444445 0.996875 0.9333333333333333 0.99375 0.9486111111111111 0.9953125 0.9583333333333334 0.99375 0.9694444444444444 0.9953125 0.9902777777777778 0.99453125 0.9930555555555556 0.9875 0.9958333333333333 0.96875 0.9944444444444445 0.96171875 0.9986111111111111 0.93828125 0.9986111111111111 0.93359375 0.9944444444444445 0.9234375 0.9944444444444445 0.925 0.9902777777777778 0.92109375 0.9847222222222223 0.91796875 0.9875 0.91640625 0.9791666666666666 0.9078125 0.9638888888888889 0.896875 0.9555555555555556 0.88984375 0.9569444444444445 0.8875 0.9625 0.89140625 0.975 0.89765625 0.9791666666666666 0.89453125 0.9833333333333333 0.8953125 0.9875 0.8828125 0.9930555555555556 0.8796875 0.9902777777777778 0.871875 0.9722222222222222 0.86640625 0.9694444444444444 0.86796875 0.9597222222222223 0.865625 0.9527777777777777 0.87109375 0.9486111111111111 0.8859375 0.9486111111111111 0.890625 0.9458333333333333 0.88984375 0.9416666666666667 0.87890625 0.9361111111111111 0.87890625 0.9222222222222223 0.88671875 0.8777777777777778 0.89296875 0.8625 0.8953125 0.85 0.90234375 0.8388888888888889 0.925 0.8305555555555556 0.95546875 0.8291666666666667
1 0.62421875 0.39166666666666666 0.6375 0.3958333333333333 0.6453125 0.41388888888888886 0.64453125 0.42083333333333334 0.640625 0.42916666666666664 0.63203125 0.4388888888888889 0.62734375 0.46944444444444444 0.625 0.4583333333333333 0.6203125 0.4513888888888889 0.59765625 0.43472222222222223 0.59375 0.42777777777777776 0.5984375 0.4027777777777778 0.60234375 0.3958333333333333 0.61171875 0.39166666666666666 0.6234375 0.39166666666666666
1 0.3421875 0.2513888888888889 0.3453125 0.25277777777777777 0.34765625 0.25833333333333336 0.34765625 0.26666666666666666 0.3453125 0.2722222222222222 0.3421875 0.26944444444444443 0.3203125 0.2708333333333333 0.31953125 0.25833333333333336 0.32109375 0.25277777777777777 0.34140625 0.2513888888888889
1 0.59375 0.36527777777777776 0.60859375 0.37222222222222223 0.6125 0.3819444444444444 0.6125 0.3902777777777778 0.60078125 0.3972222222222222 0.5921875 0.4263888888888889 0.56640625 0.4236111111111111 0.56328125 0.41944444444444445 0.56015625 0.40694444444444444 0.56015625 0.3972222222222222 0.565625 0.38472222222222224 0.56796875 0.37222222222222223 0.57265625 0.36666666666666664 0.59296875 0.36527777777777776
1 0.209375 0.3597222222222222 0.20625 0.35 0.203125 0.3277777777777778 0.1984375 0.31805555555555554 0.1984375 0.30833333333333335 0.20234375 0.3013888888888889 0.22421875 0.30277777777777776 0.23125 0.32083333333333336 0.23125 0.35833333333333334 0.2203125 0.3611111111111111 0.21015625 0.3597222222222222
1 0.3984375 0.35 0.3984375 0.36527777777777776 0.39296875 0.38472222222222224 0.3921875 0.41388888888888886 0.390625 0.41805555555555557 0.38671875 0.4166666666666667 0.384375 0.4111111111111111 0.378125 0.38333333333333336 0.37109375 0.37222222222222223 0.3703125 0.36527777777777776 0.3796875 0.34444444444444444 0.39765625 0.35
1 0.30625 0.37777777777777777 0.30859375 0.37916666666666665 0.31171875 0.39305555555555555 0.3171875 0.4 0.3171875 0.41388888888888886 0.3125 0.41388888888888886 0.30390625 0.42083333333333334 0.29375 0.4444444444444444 0.28671875 0.4527777777777778 0.27421875 0.45416666666666666 0.26875 0.4513888888888889 0.26875 0.4041666666666667 0.2734375 0.38472222222222224 0.28046875 0.3763888888888889 0.30546875 0.37777777777777777
1 0.425 0.5027777777777778 0.434375 0.5180555555555556 0.43359375 0.525 0.421875 0.5208333333333334 0.3796875 0.5222222222222223 0.378125 0.5194444444444445 0.3796875 0.49722222222222223 0.38828125 0.5 0.42109375 0.5 0.42421875 0.5027777777777778
1 0.80625 0.65 0.853125 0.6527777777777778 0.86953125 0.6597222222222222 0.87734375 0.6666666666666666 0.89296875 0.6930555555555555 0.90859375 0.7444444444444445 0.91640625 0.7583333333333333 0.91640625 0.7652777777777777 0.91328125 0.7708333333333334 0.90234375 0.7791666666666667 0.89921875 0.7861111111111111 0.89375 0.7902777777777777 0.88828125 0.7805555555555556 0.88359375 0.7777777777777778 0.87265625 0.7819444444444444 0.86953125 0.7916666666666666 0.86875 0.8055555555555556 0.8578125 0.8180555555555555 0.85234375 0.8375 0.83984375 0.8375 0.8328125 0.8513888888888889 0.8265625 0.8513888888888889 0.82109375 0.8444444444444444 0.81796875 0.8263888888888888 0.8140625 0.8166666666666667 0.8015625 0.8111111111111111 0.7984375 0.8055555555555556 0.78828125 0.7347222222222223 0.77890625 0.7027777777777777 0.78515625 0.6777777777777778 0.7953125 0.6555555555555556 0.80546875 0.65
1 0.70234375 0.7625 0.7203125 0.7666666666666667 0.7359375 0.7777777777777778 0.7484375 0.7916666666666666 0.76640625 0.8166666666666667 0.77421875 0.8388888888888889 0.78515625 0.8583333333333333 0.78828125 0.8736111111111111 0.809375 0.9138888888888889 0.81328125 0.9402777777777778 0.815625 0.9625 0.81484375 0.975 0.809375 0.9888888888888889 0.80390625 0.9930555555555556 0.8 0.9861111111111112 0.77578125 0.9833333333333333 0.7578125 0.9597222222222223 0.75390625 0.95 0.74609375 0.9458333333333333 0.70625 0.9458333333333333 0.696875 0.95 0.66953125 0.95 0.6421875 0.9555555555555556 0.63046875 0.9541666666666667 0.625 0.9472222222222222 0.621875 0.9097222222222222 0.62421875 0.8708333333333333 0.62265625 0.8319444444444445 0.628125 0.8069444444444445 0.634375 0.7930555555555555 0.63828125 0.775 0.64296875 0.7680555555555556 0.7015625 0.7625
1 0.333203125 0.2986111111111111 0.03359375 0.058333333333333334
1 0.4671875 0.41805555555555557 0.48203125 0.4222222222222222 0.4875 0.42777777777777776 0.49453125 0.44166666666666665 0.484375 0.4527777777777778 0.48125 0.5263888888888889 0.4796875 0.5333333333333333 0.478125 0.5361111111111111 0.46328125 0.5361111111111111 0.45625 0.5458333333333333 0.44921875 0.5458333333333333 0.446875 0.5416666666666666 0.446875 0.5319444444444444 0.4390625 0.5263888888888889 0.43671875 0.4861111111111111 0.4375 0.4513888888888889 0.440625 0.44583333333333336 0.44453125 0.4222222222222222 0.46640625 0.41805555555555557
1 0.484375 0.7555555555555555 0.4953125 0.7583333333333333 0.50546875 0.7666666666666667 0.51640625 0.7847222222222222 0.5328125 0.8263888888888888 0.5359375 0.8263888888888888 0.53984375 0.8208333333333333 0.54609375 0.8208333333333333 0.55 0.825 0.55078125 0.8333333333333334 0.5453125 0.8388888888888889 0.5375 0.8388888888888889 0.525 0.8444444444444444 0.51796875 0.8513888888888889 0.50546875 0.8875 0.4953125 0.9388888888888889 0.48984375 0.95 0.4890625 0.9638888888888889 0.484375 0.9805555555555555 0.44921875 0.9777777777777777 0.43515625 0.9875 0.42890625 0.9847222222222223 0.42734375 0.9555555555555556 0.421875 0.9416666666666667 0.4109375 0.9458333333333333 0.40703125 0.9430555555555555 0.40234375 0.9305555555555556 0.4 0.8986111111111111 0.4 0.8666666666666667 0.4015625 0.8625 0.4 0.85 0.40703125 0.8125 0.41796875 0.775 0.42421875 0.7638888888888888 0.4671875 0.7555555555555555 0.48359375 0.7555555555555555
1 0.36796875 0.7972222222222223 0.37109375 0.8055555555555556 0.36953125 0.8125 0.35546875 0.8166666666666667 0.365625 0.8583333333333333 0.36796875 0.9527777777777777 0.36484375 0.9638888888888889 0.35390625 0.9625 0.3453125 0.9527777777777777 0.33125 0.9458333333333333 0.3328125 0.9388888888888889 0.328125 0.9138888888888889 0.32734375 0.8958333333333334 0.3296875 0.8166666666666667 0.3234375 0.8027777777777778 0.315625 0.7972222222222223 0.25078125 0.8 0.246875 0.7958333333333333 0.246875 0.7777777777777778 0.25078125 0.7486111111111111 0.26171875 0.7236111111111111 0.32734375 0.7180555555555556 0.34296875 0.7569444444444444 0.35078125 0.7986111111111112 0.35546875 0.8027777777777778 0.35859375 0.7944444444444444 0.3671875 0.7972222222222223
1 0.40078125 0.2902777777777778 0.40625 0.2986111111111111 0.40703125 0.32916666666666666 0.37890625 0.32916666666666666 0.37421875 0.31527777777777777 0.37421875 0.3013888888888889 0.37890625 0.29444444444444445 0.4 0.2916666666666667
1 0.27734375 0.2298611111111111 0.025 0.0375
1 0.334375 0.41944444444444445 0.34140625 0.4236111111111111 0.34609375 0.43194444444444446 0.35390625 0.4666666666666667 0.35859375 0.4791666666666667 0.359375 0.5041666666666667 0.35703125 0.5236111111111111 0.35234375 0.5305555555555556 0.346875 0.5277777777777778 0.3453125 0.5236111111111111 0.31328125 0.525 0.30703125 0.5277777777777778 0.3 0.5388888888888889 0.2953125 0.5319444444444444 0.2921875 0.5194444444444445 0.28984375 0.45416666666666666 0.30234375 0.4236111111111111 0.3078125 0.41944444444444445 0.33359375 0.41944444444444445
1 0.7203125 0.4722222222222222 0.7375 0.48055555555555557 0.74765625 0.5027777777777778 0.7546875 0.5055555555555555 0.7546875 0.5125 0.75078125 0.5180555555555556 0.75390625 0.5375 0.75390625 0.5625 0.75078125 0.575 0.74375 0.5708333333333333 0.7421875 0.5486111111111112 0.73515625 0.5375 0.72890625 0.5361111111111111 0.72421875 0.5430555555555555 0.71875 0.5430555555555555 0.71328125 0.5486111111111112 0.70859375 0.5430555555555555 0.709375 0.5361111111111111 0.70625 0.5305555555555556 0.7 0.5263888888888889 0.68984375 0.5041666666666667 0.68046875 0.49444444444444446 0.68515625 0.4791666666666667 0.690625 0.4736111111111111 0.71953125 0.4722222222222222
1 0.5328125 0.3902777777777778 0.54296875 0.39305555555555555 0.55390625 0.4013888888888889 0.5609375 0.4152777777777778 0.5625 0.425 0.55625 0.42777777777777776 0.5109375 0.42916666666666664 0.5046875 0.44166666666666665 0.50078125 0.44166666666666665 0.5046875 0.4361111111111111 0.5015625 0.42083333333333334 0.50546875 0.4125 0.50546875 0.4 0.50859375 0.3958333333333333 0.53203125 0.39166666666666666
1 0.42109375 0.34444444444444444 0.4328125 0.35694444444444445 0.4375 0.37916666666666665 0.43515625 0.3819444444444444 0.425 0.3819444444444444 0.4203125 0.3861111111111111 0.41171875 0.4305555555555556 0.4046875 0.43333333333333335 0.4015625 0.4388888888888889 0.396875 0.4388888888888889 0.39453125 0.43472222222222223 0.3921875 0.42083333333333334 0.39296875 0.3888888888888889 0.3984375 0.36944444444444446 0.40078125 0.3486111111111111 0.4203125 0.3458333333333333
1 0.98046875 0.7638888888888888 0.99921875 0.7694444444444445 0.99921875 0.8416666666666667 0.9625 0.8277777777777777 0.925 0.8277777777777777 0.90390625 0.8319444444444445 0.89375 0.8111111111111111 0.89375 0.7986111111111112 0.90078125 0.7847222222222222 0.92265625 0.7666666666666667 0.9453125 0.7625 0.9796875 0.7638888888888888
1 0.1640625 0.35833333333333334 0.1671875 0.33194444444444443 0.17109375 0.32222222222222224 0.175 0.3194444444444444 0.19921875 0.3194444444444444 0.2015625 0.3236111111111111 0.209375 0.3625 0.209375 0.39305555555555555 0.20625 0.3958333333333333 0.19140625 0.39444444444444443 0.190625 0.36944444444444446 0.1875 0.3638888888888889 0.16484375 0.35833333333333334
1 0.48828125 0.3472222222222222 0.50390625 0.35138888888888886 0.51171875 0.35833333333333334 0.515625 0.36527777777777776 0.51796875 0.3763888888888889 0.51640625 0.38055555555555554 0.5046875 0.38055555555555554 0.49453125 0.3861111111111111 0.490625 0.41388888888888886 0.4875 0.41944444444444445 0.4703125 0.41388888888888886 0.46875 0.4 0.46640625 0.39444444444444443 0.46640625 0.38333333333333336 0.4734375 0.35555555555555557 0.47734375 0.35 0.4875 0.3472222222222222
1 0.39453125 0.25555555555555554 0.4 0.2625 0.4 0.26805555555555555 0.384375 0.2722222222222222 0.378125 0.2708333333333333 0.3765625 0.26805555555555555 0.37734375 0.2611111111111111 0.3828125 0.25416666666666665 0.39375 0.25555555555555554
1 0.79296875 0.5152777777777777 0.81484375 0.5194444444444445 0.83203125 0.5291666666666667 0.84140625 0.5388888888888889 0.84609375 0.5472222222222223 0.8484375 0.5569444444444445 0.8453125 0.5583333333333333 0.83359375 0.55 0.81875 0.5472222222222223 0.78359375 0.5513888888888889 0.77734375 0.5611111111111111 0.7734375 0.5819444444444445 0.76171875 0.6194444444444445 0.76015625 0.6138888888888889 0.76015625 0.5666666666666667 0.7703125 0.5194444444444445 0.778125 0.5138888888888888 0.7921875 0.5152777777777777
1 0.59765625 0.8458333333333333 0.60703125 0.8625 0.6140625 0.8944444444444445 0.61875 0.9055555555555556 0.62109375 0.9222222222222223 0.621875 0.9555555555555556 0.61640625 0.9583333333333334 0.60703125 0.9722222222222222 0.60546875 0.9861111111111112 0.5921875 0.9930555555555556 0.57734375 0.9902777777777778 0.565625 0.9944444444444445 0.56328125 0.9986111111111111 0.553125 0.9986111111111111 0.54453125 0.9902777777777778 0.54609375 0.9875 0.5453125 0.9819444444444444 0.5328125 0.9791666666666666 0.525 0.9791666666666666 0.52265625 0.9875 0.5171875 0.9944444444444445 0.48828125 0.9986111111111111 0.48984375 0.9694444444444444 0.4953125 0.9541666666666667 0.50390625 0.9027777777777778 0.5140625 0.8638888888888889 0.521875 0.8486111111111111 0.54765625 0.8416666666666667 0.59140625 0.8416666666666667 0.596875 0.8458333333333333
1 0.3796875 0.33055555555555555 0.4046875 0.33055555555555555 0.409375 0.3333333333333333 0.41328125 0.34444444444444444 0.40078125 0.3486111111111111 0.37890625 0.3486111111111111 0.3796875 0.33194444444444443
1 0.44609375 0.38333333333333336 0.45625 0.3888888888888889 0.4625 0.4 0.4640625 0.4166666666666667 0.446875 0.41944444444444445 0.44296875 0.425 0.4421875 0.4375 0.43671875 0.45694444444444443 0.4375 0.46944444444444444 0.43515625 0.48194444444444445 0.42734375 0.49027777777777776 0.421875 0.49027777777777776 0.4140625 0.4736111111111111 0.4125 0.4236111111111111 0.415625 0.4027777777777778 0.41875 0.3888888888888889 0.425 0.3819444444444444 0.4453125 0.38333333333333336
1 0.43671875 0.6805555555555556 0.446875 0.6902777777777778 0.453125 0.7013888888888888 0.4609375 0.725 0.46328125 0.7277777777777777 0.471875 0.7277777777777777 0.475 0.7333333333333333 0.46640625 0.7444444444444445 0.4671875 0.7513888888888889 0.46484375 0.7541666666666667 0.4234375 0.7625 0.41640625 0.775 0.40546875 0.8125 0.40078125 0.8402777777777778 0.3984375 0.8430555555555556 0.39765625 0.85 0.39296875 0.8555555555555555 0.3859375 0.8555555555555555 0.3828125 0.8513888888888889 0.37890625 0.8236111111111111 0.37421875 0.8138888888888889 0.371875 0.8 0.3671875 0.7930555555555555 0.359375 0.7902777777777777 0.35703125 0.7847222222222222 0.35859375 0.7222222222222222 0.36015625 0.7138888888888889 0.36953125 0.6944444444444444 0.38359375 0.6819444444444445 0.41484375 0.6777777777777778 0.4359375 0.6805555555555556
1 0.65546875 0.5361111111111111 0.6640625 0.5430555555555555 0.67265625 0.5430555555555555 0.68203125 0.5361111111111111 0.68515625 0.5375 0.6921875 0.5527777777777778 0.703125 0.5625 0.71171875 0.5833333333333334 0.721875 0.6236111111111111 0.7234375 0.6375 0.72109375 0.6430555555555556 0.715625 0.6430555555555556 0.70390625 0.6361111111111111 0.68984375 0.6208333333333333 0.67421875 0.6236111111111111 0.66015625 0.6222222222222222 0.65625 0.6236111111111111 0.653125 0.6333333333333333 0.63671875 0.6333333333333333 0.63515625 0.6305555555555555 0.63515625 0.6 0.63203125 0.5611111111111111 0.6359375 0.5472222222222223 0.6390625 0.5430555555555555 0.64765625 0.5361111111111111 0.6546875 0.5361111111111111
1 0.49921875 0.26666666666666666 0.50234375 0.2708333333333333 0.50234375 0.2777777777777778 0.496875 0.2791666666666667 0.49140625 0.2861111111111111 0.48515625 0.31666666666666665 0.48125 0.32083333333333336 0.47578125 0.31805555555555554 0.47265625 0.3111111111111111 0.47265625 0.28888888888888886 0.4765625 0.2763888888888889 0.4828125 0.2652777777777778 0.4984375 0.26666666666666666
1 0.68046875 0.4152777777777778 0.690625 0.42083333333333334 0.7 0.44305555555555554 0.709375 0.45555555555555555 0.709375 0.46944444444444444 0.68828125 0.4736111111111111 0.67890625 0.49166666666666664 0.659375 0.4847222222222222 0.63515625 0.4861111111111111 0.63046875 0.4736111111111111 0.6296875 0.4625 0.63203125 0.44027777777777777 0.6390625 0.43333333333333335 0.646875 0.4166666666666667 0.6796875 0.4152777777777778
1 0.36953125 0.30972222222222223 0.37421875 0.31527777777777777 0.378125 0.32916666666666666 0.3765625 0.3458333333333333 0.36953125 0.3625 0.365625 0.36666666666666664 0.36328125 0.3638888888888889 0.353125 0.3638888888888889 0.34765625 0.3680555555555556 0.3421875 0.3680555555555556 0.340625 0.36527777777777776 0.33984375 0.35138888888888886 0.340625 0.3375 0.346875 0.3138888888888889 0.34921875 0.30972222222222223 0.36875 0.30972222222222223
1 0.67109375 0.49027777777777776 0.6859375 0.5013888888888889 0.6984375 0.525 0.70625 0.5305555555555556 0.7078125 0.5361111111111111 0.70625 0.5444444444444444 0.71015625 0.5527777777777778 0.709375 0.5625 0.70625 0.5652777777777778 0.68359375 0.5375 0.67734375 0.5416666666666666 0.6609375 0.5416666666666666 0.64921875 0.5347222222222222 0.63984375 0.5402777777777777 0.63359375 0.55 0.6296875 0.5486111111111112 0.62421875 0.5291666666666667 0.625 0.5041666666666667 0.62734375 0.4930555555555556 0.646875 0.4888888888888889 0.6703125 0.49027777777777776
0 0.2828125 0.24861111111111112 0.2984375 0.2611111111111111 0.309375 0.2763888888888889 0.31484375 0.35833333333333334 0.3140625 0.3861111111111111 0.31171875 0.3861111111111111 0.30546875 0.3763888888888889 0.2828125 0.375 0.275 0.38055555555555554 0.2703125 0.3972222222222222 0.265625 0.40555555555555556 0.25859375 0.4097222222222222 0.2546875 0.4083333333333333 0.24296875 0.39166666666666666 0.2375 0.36944444444444446 0.2375 0.3388888888888889 0.23359375 0.3236111111111111 0.234375 0.2916666666666667 0.2328125 0.2652777777777778 0.2421875 0.25416666666666665 0.25625 0.24861111111111112 0.28203125 0.24861111111111112