0 0.27890625 0.28888888888888886 0.2828125 0.3 0.28125 0.30277777777777776 0.271875 0.30416666666666664 0.26640625 0.30972222222222223 0.2625 0.3375 0.2578125 0.35138888888888886 0.25390625 0.3486111111111111 0.25234375 0.3388888888888889 0.25234375 0.3055555555555556 0.2546875 0.29444444444444445 0.25859375 0.28888888888888886 0.2640625 0.2875 0.278125 0.28888888888888886
0 0.421875 0.4888888888888889 0.43359375 0.5013888888888889 0.44140625 0.5222222222222223 0.44375 0.5402777777777777 0.428125 0.5444444444444444 0.41875 0.5513888888888889 0.40703125 0.5888888888888889 0.39453125 0.5888888888888889 0.38828125 0.5958333333333333 0.384375 0.5958333333333333 0.38046875 0.5847222222222223 0.37578125 0.5805555555555556 0.3734375 0.5722222222222222 0.371875 0.5361111111111111 0.3765625 0.5097222222222222 0.38203125 0.49722222222222223 0.38828125 0.49027777777777776 0.39609375 0.4875 0.42109375 0.4888888888888889
0 0.084375 0.2625 0.09609375 0.26666666666666666 0.0984375 0.2708333333333333 0.10234375 0.2916666666666667 0.103125 0.30833333333333335 0.1 0.3194444444444444 0.096875 0.32222222222222224 0.08203125 0.31527777777777777 0.06875 0.31666666666666665 0.0609375 0.30972222222222223 0.06171875 0.2875 0.06953125 0.26666666666666666 0.07421875 0.2611111111111111 0.08359375 0.2625
0 0.46640625 0.25277777777777777 0.47109375 0.25555555555555554 0.471875 0.2652777777777778 0.4703125 0.26944444444444443 0.46328125 0.26805555555555555 0.45703125 0.2763888888888889 0.4546875 0.28888888888888886 0.4546875 0.3013888888888889 0.45625 0.30416666666666664 0.4484375 0.30416666666666664 0.446875 0.3013888888888889 0.4453125 0.28194444444444444 0.44609375 0.2611111111111111 0.45390625 0.25277777777777777 0.465625 0.25277777777777777
0 0.24609375 0.18888888888888888 0.24921875 0.19305555555555556 0.24765625 0.2152777777777778 0.24453125 0.22083333333333333 0.2359375 0.22361111111111112 0.2296875 0.22083333333333333 0.2296875 0.19722222222222222 0.23515625 0.18888888888888888 0.2453125 0.18888888888888888
0 0.48125 0.3486111111111111 0.49921875 0.35 0.5046875 0.3541666666666667 0.5125 0.37222222222222223 0.5171875 0.3972222222222222 0.5015625 0.4263888888888889 0.4828125 0.42777777777777776 0.475 0.43472222222222223 0.47265625 0.43472222222222223 0.46328125 0.42083333333333334 0.4609375 0.40694444444444444 0.46171875 0.39166666666666666 0.4625 0.38055555555555554 0.465625 0.3736111111111111 0.46953125 0.3541666666666667 0.47265625 0.35 0.48046875 0.3486111111111111
0 0.9046875 0.8152777777777778 0.92265625 0.8180555555555555 0.9328125 0.8236111111111111 0.94609375 0.8333333333333334 0.95703125 0.8486111111111111 0.984375 0.9027777777777778 0.99921875 0.9263888888888889 0.99921875 0.9597222222222223 0.99453125 0.9652777777777778 0.9875 0.9680555555555556 0.9625 0.9680555555555556 0.9609375 0.975 0.96875 0.9805555555555555 0.96875 0.9861111111111112 0.96640625 0.9902777777777778 0.96796875 0.9944444444444445 0.96171875 0.9944444444444445 0.959375 0.9902777777777778 0.95625 0.9916666666666667 0.95234375 0.9875 0.9546875 0.9861111111111112 0.95390625 0.9819444444444444 0.94921875 0.9819444444444444 0.94609375 0.9875 0.9421875 0.9847222222222223 0.94609375 0.9763888888888889 0.94375 0.9722222222222222 0.9328125 0.9763888888888889 0.92109375 0.975 0.89609375 0.9611111111111111 0.89140625 0.9666666666666667 0.88671875 0.9805555555555555 0.890625 0.9888888888888889 0.8859375 0.9888888888888889 0.88359375 0.9944444444444445 0.8765625 0.9944444444444445 0.87265625 0.9888888888888889 0.8671875 0.9958333333333333 0.86171875 0.9944444444444445 0.85859375 0.9972222222222222 0.85234375 0.9944444444444445 0.85234375 0.9902777777777778 0.8625 0.9902777777777778 0.865625 0.9847222222222223 0.8703125 0.9875 0.87265625 0.9833333333333333 0.86953125 0.9791666666666666 0.85625 0.9819444444444444 0.840625 0.9805555555555555 0.825 0.9708333333333333 0.8171875 0.9736111111111111 0.81171875 0.9680555555555556 0.81015625 0.9625 0.81015625 0.9402777777777778 0.8046875 0.9013888888888889 0.8046875 0.8791666666666667 0.8078125 0.8555555555555555 0.8140625 0.8416666666666667 0.825 0.8361111111111111 0.83359375 0.825 0.84140625 0.8194444444444444 0.8703125 0.8152777777777778 0.90390625 0.8152777777777778
0 0.64375 0.40694444444444444 0.65390625 0.4097222222222222 0.6671875 0.4222222222222222 0.678125 0.44583333333333336 0.68203125 0.44583333333333336 0.68359375 0.45555555555555555 0.68046875 0.4666666666666667 0.65 0.4652777777777778 0.6390625 0.46805555555555556 0.63359375 0.4666666666666667 0.63046875 0.45694444444444443 0.62265625 0.4513888888888889 0.61484375 0.43472222222222223 0.6140625 0.425 0.61796875 0.41388888888888886 0.62265625 0.4083333333333333 0.64296875 0.40694444444444444
0 0.57265625 0.49583333333333335 0.58203125 0.5013888888888889 0.5859375 0.5083333333333333 0.5890625 0.5152777777777777 0.58984375 0.5291666666666667 0.57578125 0.5152777777777777 0.5671875 0.5111111111111111 0.525 0.5069444444444444 0.5265625 0.4986111111111111 0.53515625 0.4930555555555556 0.571875 0.49583333333333335
0 0.53125 0.3138888888888889 0.53671875 0.31805555555555554 0.53984375 0.3263888888888889 0.5328125 0.3277777777777778 0.52890625 0.33194444444444443 0.52109375 0.3458333333333333 0.51953125 0.3625 0.515625 0.36944444444444446 0.51171875 0.36666666666666664 0.503125 0.3472222222222222 0.50234375 0.33055555555555555 0.50546875 0.31527777777777777 0.50703125 0.3125 0.53046875 0.3138888888888889
0 0.1828125 0.33055555555555555 0.18671875 0.33194444444444443 0.18828125 0.33611111111111114 0.178125 0.3416666666666667 0.1734375 0.35 0.16796875 0.38472222222222224 0.159375 0.3819444444444444 0.15625 0.375 0.1546875 0.3638888888888889 0.15625 0.3402777777777778 0.15859375 0.3347222222222222 0.1640625 0.33055555555555555 0.18203125 0.33055555555555555
0 0.321875 0.35555555555555557 0.325 0.3597222222222222 0.32734375 0.36944444444444446 0.3265625 0.38472222222222224 0.31640625 0.3875 0.2765625 0.3861111111111111 0.278125 0.3597222222222222 0.28984375 0.3541666666666667 0.32109375 0.35555555555555557
0 0.28359375 0.19305555555555556 0.29296875 0.20416666666666666 0.29453125 0.21666666666666667 0.29765625 0.225 0.29609375 0.24583333333333332 0.29375 0.2569444444444444 0.2859375 0.2722222222222222 0.2734375 0.28055555555555556 0.25703125 0.2777777777777778 0.2546875 0.27361111111111114 0.2515625 0.25 0.246875 0.24027777777777778 0.2484375 0.2375 0.24453125 0.22916666666666666 0.24921875 0.21666666666666667 0.24921875 0.20416666666666666 0.2515625 0.19444444444444445 0.26640625 0.19027777777777777 0.2796875 0.19027777777777777 0.2828125 0.19305555555555556
0 0.3953125 0.36527777777777776 0.40546875 0.37222222222222223 0.41875 0.3763888888888889 0.425 0.39861111111111114 0.42578125 0.4097222222222222 0.41640625 0.4222222222222222 0.4109375 0.44583333333333336 0.4078125 0.44583333333333336 0.40546875 0.44027777777777777 0.40078125 0.44027777777777777 0.3984375 0.4444444444444444 0.3953125 0.4666666666666667 0.390625 0.475 0.38671875 0.47638888888888886 0.378125 0.4736111111111111 0.36953125 0.4652777777777778 0.3625 0.4666666666666667 0.359375 0.4625 0.35625 0.4486111111111111 0.35390625 0.39305555555555555 0.35859375 0.36944444444444446 0.37421875 0.3638888888888889 0.39453125 0.36527777777777776
0 0.45703125 0.4152777777777778 0.46875 0.45 0.46796875 0.4652777777777778 0.4640625 0.47638888888888886 0.46328125 0.4930555555555556 0.46015625 0.5 0.4421875 0.5027777777777778 0.43515625 0.5 0.42421875 0.4875 0.415625 0.48333333333333334 0.41328125 0.46944444444444444 0.41328125 0.4486111111111111 0.41640625 0.425 0.4203125 0.4152777777777778 0.4296875 0.4111111111111111 0.44609375 0.4083333333333333 0.45625 0.4152777777777778
0 0.53046875 0.2861111111111111 0.534375 0.29583333333333334 0.534375 0.30416666666666664 0.51875 0.3125 0.50546875 0.3111111111111111 0.50078125 0.30694444444444446 0.50078125 0.28888888888888886 0.5046875 0.28194444444444444 0.52578125 0.28194444444444444 0.5296875 0.2861111111111111
0 0.83515625 0.6875 0.83671875 0.6888888888888889 0.840625 0.7180555555555556 0.83828125 0.7444444444444445 0.840625 0.7819444444444444 0.83671875 0.7902777777777777 0.83125 0.7888888888888889 0.82109375 0.7777777777777778 0.809375 0.7736111111111111 0.80703125 0.7680555555555556 0.80546875 0.7527777777777778 0.80546875 0.7472222222222222 0.81171875 0.7402777777777778 0.8171875 0.7166666666666667 0.81640625 0.7055555555555556 0.81328125 0.6986111111111111 0.809375 0.6958333333333333 0.81015625 0.6930555555555555 0.82734375 0.6847222222222222 0.834375 0.6875
0 0.4578125 0.325 0.47734375 0.325 0.4875 0.3416666666666667 0.4875 0.3472222222222222 0.4859375 0.3486111111111111 0.475 0.3486111111111111 0.46875 0.35694444444444445 0.4625 0.38333333333333336 0.4625 0.3972222222222222 0.459375 0.4041666666666667 0.45 0.4013888888888889 0.44296875 0.3763888888888889 0.44296875 0.36527777777777776 0.4453125 0.3597222222222222 0.446875 0.34444444444444444 0.45390625 0.3263888888888889 0.45703125 0.325
0 0.3 0.24583333333333332 0.315625 0.25277777777777777 0.31796875 0.2722222222222222 0.3171875 0.28194444444444444 0.3140625 0.2875 0.30546875 0.2861111111111111 0.2953125 0.2722222222222222 0.2953125 0.25972222222222224 0.29921875 0.24722222222222223
0 0.04296875 0.17777777777777778 0.0578125 0.18055555555555555 0.0640625 0.18888888888888888 0.06796875 0.2 0.06796875 0.22361111111111112 0.06953125 0.22777777777777777 0.06875 0.24861111111111112 0.065625 0.25555555555555554 0.06171875 0.25833333333333336 0.05 0.25833333333333336 0.04375 0.25416666666666665 0.04296875 0.17916666666666667
0 0.315625 0.38472222222222224 0.32578125 0.38472222222222224 0.33359375 0.3958333333333333 0.3359375 0.4388888888888889 0.33984375 0.44583333333333336 0.33828125 0.4583333333333333 0.34140625 0.4708333333333333 0.34140625 0.48194444444444445 0.296875 0.41388888888888886 0.27421875 0.4 0.271875 0.3958333333333333 0.27265625 0.3902777777777778 0.27734375 0.3875 0.31484375 0.38472222222222224
0 0.6671875 0.2375 0.66953125 0.25 0.66875 0.2652777777777778 0.6578125 0.2777777777777778 0.646875 0.275 0.64453125 0.26666666666666666 0.64609375 0.24583333333333332 0.65078125 0.2361111111111111 0.66640625 0.2375
0 0.875 0.6083333333333333 0.878125 0.6194444444444445 0.8828125 0.625 0.88515625 0.6347222222222222 0.8859375 0.6791666666666667 0.884375 0.7097222222222223 0.8796875 0.7152777777777778 0.87578125 0.7097222222222223 0.859375 0.7055555555555556 0.85390625 0.6861111111111111 0.85546875 0.6819444444444445 0.85546875 0.6694444444444444 0.8609375 0.6708333333333333 0.8625 0.6763888888888889 0.86484375 0.6680555555555555 0.8625 0.6555555555555556 0.8578125 0.6597222222222222 0.8578125 0.6458333333333334 0.85546875 0.6402777777777777 0.85703125 0.6347222222222222 0.8625 0.6291666666666667 0.8609375 0.6236111111111111 0.86171875 0.6097222222222223 0.87421875 0.6083333333333333
0 0.48671875 0.4361111111111111 0.50546875 0.4361111111111111 0.51171875 0.44027777777777777 0.52734375 0.4638888888888889 0.53359375 0.49166666666666664 0.521875 0.5083333333333333 0.49609375 0.5097222222222222 0.4703125 0.5166666666666667 0.465625 0.5152777777777777 0.4640625 0.5111111111111111 0.4640625 0.49027777777777776 0.46953125 0.4527777777777778 0.47578125 0.4388888888888889 0.4859375 0.4361111111111111
0 0.0703125 0.6111111111111112 0.0828125 0.6097222222222223 0.08984375 0.6152777777777778 0.09296875 0.6236111111111111 0.09140625 0.6333333333333333 0.09296875 0.6361111111111111 0.0921875 0.6513888888888889 0.09375 0.6638888888888889 0.08984375 0.6777777777777778 0.090625 0.6902777777777778 0.084375 0.7083333333333334 0.07734375 0.7125 0.07421875 0.7111111111111111 0.06953125 0.7027777777777777 0.0625 0.6847222222222222 0.06015625 0.65 0.06484375 0.6361111111111111 0.0640625 0.625 0.0703125 0.6125
0 0.2953125 0.2763888888888889 0.29921875 0.2791666666666667 0.30390625 0.28888888888888886 0.30546875 0.31527777777777777 0.30390625 0.33055555555555555 0.3 0.3277777777777778 0.29765625 0.31527777777777777 0.29296875 0.3055555555555556 0.28359375 0.30277777777777776 0.27890625 0.2875 0.28125 0.28055555555555556 0.29453125 0.2763888888888889
0 0.390625 0.2916666666666667 0.396875 0.3 0.390625 0.30972222222222223 0.38828125 0.3263888888888889 0.3796875 0.32916666666666666 0.37265625 0.3375 0.36640625 0.32916666666666666 0.3625 0.33055555555555555 0.3671875 0.3 0.36953125 0.29444444444444445 0.38984375 0.2916666666666667
0 0.2765625 0.4041666666666667 0.28515625 0.40694444444444444 0.3 0.42083333333333334 0.30234375 0.42777777777777776 0.33359375 0.46944444444444444 0.3375 0.4777777777777778 0.34140625 0.49583333333333335 0.34375 0.5222222222222223 0.35234375 0.5388888888888889 0.35 0.5513888888888889 0.3515625 0.5583333333333333 0.35546875 0.5583333333333333 0.35625 0.5708333333333333 0.35546875 0.5736111111111111 0.3484375 0.5722222222222222 0.34609375 0.5777777777777777 0.3484375 0.6416666666666667 0.3484375 0.7138888888888889 0.346875 0.7277777777777777 0.34296875 0.7361111111111112 0.33671875 0.7416666666666667 0.33515625 0.7513888888888889 0.33125 0.7513888888888889 0.32890625 0.7430555555555556 0.29921875 0.7430555555555556 0.2890625 0.7472222222222222 0.23125 0.7527777777777778 0.22421875 0.7611111111111111 0.21875 0.7555555555555555 0.21328125 0.7194444444444444 0.20703125 0.6972222222222222 0.203125 0.6916666666666667 0.20078125 0.6763888888888889 0.20078125 0.6305555555555555 0.1953125 0.6180555555555556 0.1953125 0.6 0.1921875 0.575 0.19296875 0.5361111111111111 0.190625 0.49027777777777776 0.19375 0.4166666666666667 0.19765625 0.4097222222222222 0.24609375 0.4027777777777778 0.27578125 0.4041666666666667
0 0.38984375 0.33055555555555555 0.40859375 0.3347222222222222 0.4125 0.3402777777777778 0.4140625 0.3597222222222222 0.3828125 0.3638888888888889 0.37421875 0.3625 0.37265625 0.35833333333333334 0.3796875 0.3333333333333333 0.3890625 0.33055555555555555
0 0.19140625 0.20277777777777778 0.19921875 0.2111111111111111 0.21171875 0.2152777777777778 0.215625 0.22083333333333333 0.21484375 0.23194444444444445 0.21015625 0.2388888888888889 0.20390625 0.24166666666666667 0.175 0.2375 0.1734375 0.23333333333333334 0.171875 0.21944444444444444 0.17578125 0.20555555555555555 0.17890625 0.20277777777777778 0.190625 0.20277777777777778
0 0.4046875 0.3013888888888889 0.41640625 0.3055555555555556 0.42578125 0.31527777777777777 0.42734375 0.3277777777777778 0.43203125 0.3388888888888889 0.43125 0.3611111111111111 0.42890625 0.36944444444444446 0.41484375 0.35833333333333334 0.4078125 0.3347222222222222 0.4046875 0.33194444444444443 0.39375 0.33194444444444443 0.38828125 0.3277777777777778 0.3890625 0.3125 0.3921875 0.30277777777777776 0.40390625 0.3013888888888889
0 0.75234375 0.5027777777777778 0.7625 0.5069444444444444 0.79921875 0.5069444444444444 0.81015625 0.5166666666666667 0.825 0.5458333333333333 0.83125 0.5486111111111112 0.8328125 0.5513888888888889 0.83203125 0.5652777777777778 0.83984375 0.5916666666666667 0.840625 0.6125 0.8390625 0.6402777777777777 0.83671875 0.6472222222222223 0.82890625 0.6472222222222223 0.82578125 0.6361111111111111 0.81953125 0.6277777777777778 0.8125 0.6291666666666667 0.81015625 0.6375 0.80703125 0.6388888888888888 0.79921875 0.625 0.78671875 0.5930555555555556 0.76953125 0.5708333333333333 0.76015625 0.5666666666666667 0.73359375 0.5638888888888889 0.73203125 0.5597222222222222 0.7328125 0.5333333333333333 0.74765625 0.5041666666666667 0.7515625 0.5027777777777778
0 0.0609375 0.5597222222222222 0.06796875 0.5638888888888889 0.06796875 0.5777777777777777 0.065625 0.5902777777777778 0.065625 0.6027777777777777 0.05703125 0.6388888888888888 0.05234375 0.6375 0.05 0.6333333333333333 0.046875 0.6180555555555556 0.046875 0.5791666666666667 0.05 0.5638888888888889 0.06015625 0.5597222222222222
0 0.61015625 0.3611111111111111 0.63671875 0.3638888888888889 0.640625 0.375 0.64296875 0.39166666666666666 0.65078125 0.4 0.6484375 0.40555555555555556 0.62265625 0.40694444444444444 0.61328125 0.425 0.59140625 0.41388888888888886 0.590625 0.4083333333333333 0.59140625 0.3902777777777778 0.58984375 0.37916666666666665 0.59140625 0.36527777777777776 0.609375 0.3611111111111111
0 0.58828125 0.41805555555555557 0.60078125 0.4236111111111111 0.6125 0.43333333333333335 0.625 0.4583333333333333 0.6265625 0.48194444444444445 0.62421875 0.49583333333333335 0.62265625 0.5305555555555556 0.61953125 0.5458333333333333 0.6140625 0.5458333333333333 0.5953125 0.5305555555555556 0.59140625 0.5236111111111111 0.590625 0.5152777777777777 0.5875 0.5083333333333333 0.5796875 0.49722222222222223 0.55546875 0.49027777777777776 0.55 0.48055555555555557 0.5515625 0.46805555555555556 0.54921875 0.4625 0.54921875 0.4486111111111111 0.55625 0.43333333333333335 0.55625 0.42777777777777776 0.559375 0.42083333333333334 0.5640625 0.4166666666666667 0.5875 0.41805555555555557
0 0.3703125 0.2833333333333333 0.37265625 0.2902777777777778 0.3671875 0.30277777777777776 0.3640625 0.3236111111111111 0.35859375 0.3333333333333333 0.35546875 0.3347222222222222 0.3515625 0.33194444444444443 0.33984375 0.30972222222222223 0.340625 0.2916666666666667 0.34921875 0.2791666666666667 0.36640625 0.28055555555555556 0.36953125 0.2833333333333333
0 0.88125 0.725 0.884375 0.7305555555555555 0.878125 0.7430555555555556 0.88046875 0.7541666666666667 0.87578125 0.7611111111111111 0.875 0.7736111111111111 0.87109375 0.7805555555555556 0.87109375 0.7861111111111111 0.87578125 0.7888888888888889 0.87265625 0.7930555555555555 0.87421875 0.8 0.8765625 0.8027777777777778 0.88125 0.7944444444444444 0.878125 0.7888888888888889 0.890625 0.7875 0.8953125 0.7791666666666667 0.9 0.7694444444444445 0.896875 0.7569444444444444 0.8984375 0.7541666666666667 0.89765625 0.7597222222222222 0.90078125 0.7625 0.90078125 0.7694444444444445 0.91171875 0.7847222222222222 0.91640625 0.8097222222222222 0.915625 0.8138888888888889 0.86171875 0.8125 0.86171875 0.8027777777777778 0.8546875 0.7847222222222222 0.8546875 0.7694444444444445 0.86015625 0.7569444444444444 0.86640625 0.7513888888888889 0.86953125 0.7291666666666666 0.88046875 0.725
0 0.23515625 0.30277777777777776 0.24140625 0.3138888888888889 0.246875 0.3375 0.24765625 0.35138888888888886 0.24609375 0.3638888888888889 0.240625 0.3763888888888889 0.2140625 0.3597222222222222 0.203125 0.33611111111111114 0.2046875 0.3194444444444444 0.21015625 0.30694444444444446 0.21796875 0.30277777777777776 0.234375 0.30277777777777776
0 0.20078125 0.3375 0.2078125 0.3458333333333333 0.21484375 0.36527777777777776 0.2125 0.36944444444444446 0.1953125 0.37222222222222223 0.18515625 0.4 0.18359375 0.41805555555555557 0.17890625 0.4222222222222222 0.17109375 0.4222222222222222 0.16953125 0.4152777777777778 0.16875 0.38333333333333336 0.17265625 0.3527777777777778 0.17578125 0.34444444444444444 0.18046875 0.3402777777777778 0.2 0.3375
0 0.09921875 0.8569444444444444 0.1 0.8625 0.09765625 0.8694444444444445 0.09765625 0.9194444444444444 0.1 0.9263888888888889 0.1 0.9361111111111111 0.0921875 0.9569444444444445 0.0890625 0.9791666666666666 0.08515625 0.9777777777777777 0.0734375 0.9569444444444445 0.071875 0.95 0.06953125 0.9333333333333333 0.07109375 0.8763888888888889 0.07265625 0.8611111111111112 0.08125 0.8527777777777777 0.0984375 0.8569444444444444
0 0.92734375 0.6986111111111111 0.95625 0.7 0.9703125 0.7055555555555556 0.9875 0.7194444444444444 0.99921875 0.7388888888888889 0.99921875 0.8138888888888889 0.9921875 0.8166666666666667 0.99296875 0.8222222222222222 0.996875 0.8291666666666667 0.99921875 0.8291666666666667 0.99921875 0.8625 0.9921875 0.8652777777777778 0.9703125 0.8638888888888889 0.94453125 0.8291666666666667 0.93671875 0.8222222222222222 0.9171875 0.8125 0.91328125 0.7902777777777777 0.90390625 0.775 0.9 0.7625 0.8984375 0.7416666666666667 0.89453125 0.7347222222222223 0.88671875 0.7291666666666666 0.8796875 0.7333333333333333 0.87578125 0.7305555555555555 0.8765625 0.7263888888888889 0.88359375 0.7236111111111111 0.89765625 0.7055555555555556 0.91328125 0.6986111111111111 0.9265625 0.6986111111111111
0 0.53359375 0.4013888888888889 0.54609375 0.40694444444444444 0.55546875 0.4236111111111111 0.5546875 0.43472222222222223 0.5484375 0.4513888888888889 0.55078125 0.46805555555555556 0.55 0.48055555555555557 0.54375 0.4861111111111111 0.5359375 0.4861111111111111 0.53046875 0.4736111111111111 0.528125 0.4625 0.5078125 0.43472222222222223 0.50546875 0.42777777777777776 0.5078125 0.41388888888888886 0.51484375 0.4013888888888889 0.5328125 0.4013888888888889
0 0.69296875 0.45555555555555555 0.73203125 0.4625 0.740625 0.4736111111111111 0.74765625 0.4930555555555556 0.75625 0.49583333333333335 0.75625 0.5013888888888889 0.74765625 0.5013888888888889 0.74140625 0.5166666666666667 0.73203125 0.5319444444444444 0.73046875 0.5513888888888889 0.72734375 0.5555555555555556 0.7234375 0.5555555555555556 0.72265625 0.5472222222222223 0.72265625 0.5333333333333333 0.725 0.5291666666666667 0.725 0.5222222222222223 0.7234375 0.5194444444444445 0.7203125 0.5222222222222223 0.7125 0.4930555555555556 0.70703125 0.4847222222222222 0.6828125 0.4652777777777778 0.68515625 0.45555555555555555 0.6921875 0.45555555555555555
0 0.54296875 0.33194444444444443 0.56015625 0.32916666666666666 0.57890625 0.33055555555555555 0.5828125 0.3347222222222222 0.5859375 0.3472222222222222 0.58515625 0.36666666666666664 0.57734375 0.37083333333333335 0.57578125 0.3763888888888889 0.57578125 0.4083333333333333 0.553125 0.4111111111111111 0.53359375 0.3958333333333333 0.5359375 0.3680555555555556 0.540625 0.3597222222222222 0.54140625 0.3375 0.54296875 0.3333333333333333
0 0.42734375 0.37222222222222223 0.4390625 0.375 0.4421875 0.38055555555555554 0.446875 0.4 0.44609375 0.4083333333333333 0.4296875 0.4097222222222222 0.428125 0.4097222222222222 0.41953125 0.37777777777777777 0.4265625 0.37222222222222223
0 0.9234375 0.5694444444444444 0.96640625 0.5708333333333333 0.99921875 0.5875 0.99921875 0.7277777777777777 0.99453125 0.7277777777777777 0.9859375 0.7152777777777778 0.9765625 0.7069444444444445 0.95703125 0.6972222222222222 0.91875 0.6958333333333333 0.90234375 0.6986111111111111 0.89453125 0.7041666666666667 0.8921875 0.7013888888888888 0.890625 0.6527777777777778 0.896875 0.6013888888888889 0.90078125 0.5833333333333334 0.9078125 0.5708333333333333 0.92265625 0.5694444444444444
0 0.7296875 0.5680555555555555 0.7578125 0.5694444444444444 0.771875 0.5763888888888888 0.78359375 0.5916666666666667 0.79453125 0.6152777777777778 0.796875 0.625 0.80390625 0.6375 0.80625 0.6486111111111111 0.80234375 0.6888888888888889 0.8 0.6958333333333333 0.74296875 0.6916666666666667 0.73671875 0.6930555555555555 0.7328125 0.7 0.7296875 0.6986111111111111 0.715625 0.6513888888888889 0.69921875 0.6305555555555555 0.69609375 0.6222222222222222 0.6984375 0.6027777777777777 0.7125 0.5722222222222222 0.7171875 0.5680555555555555 0.72890625 0.5680555555555555
0 0.16328125 0.4097222222222222 0.165625 0.4222222222222222 0.165625 0.4375 0.16171875 0.45 0.1578125 0.45 0.153125 0.44305555555555554 0.1515625 0.42777777777777776 0.15234375 0.4166666666666667 0.15546875 0.4097222222222222 0.1625 0.4097222222222222
0 0.43203125 0.3611111111111111 0.43203125 0.3402777777777778 0.4296875 0.3236111111111111 0.4359375 0.30972222222222223 0.4453125 0.30694444444444446 0.4515625 0.30833333333333335 0.4546875 0.3125 0.45 0.3138888888888889 0.44765625 0.31805555555555554 0.44296875 0.3416666666666667 0.4421875 0.35833333333333334 0.4390625 0.3625 0.4328125 0.3611111111111111
0 0.2078125 0.28194444444444444 0.22421875 0.28888888888888886 0.2265625 0.2972222222222222 0.21171875 0.30416666666666664 0.20703125 0.3111111111111111 0.20234375 0.325 0.1953125 0.32916666666666666 0.18359375 0.3277777777777778 0.18046875 0.3236111111111111 0.17890625 0.30972222222222223 0.18203125 0.29583333333333334 0.18828125 0.2875 0.1984375 0.28194444444444444 0.20703125 0.28194444444444444
0 0.446875 0.5430555555555555 0.45078125 0.55 0.446875 0.675 0.4296875 0.6888888888888889 0.425 0.6875 0.41953125 0.6708333333333333 0.4140625 0.6666666666666666 0.41015625 0.6583333333333333 0.4078125 0.6347222222222222 0.4078125 0.5944444444444444 0.41875 0.5527777777777778 0.4296875 0.5458333333333333 0.44609375 0.5430555555555555
0 0.565625 0.5125 0.5765625 0.5166666666666667 0.584375 0.5277777777777778 0.621875 0.5597222222222222 0.628125 0.5694444444444444 0.6609375 0.5986111111111111 0.6640625 0.6055555555555555 0.68203125 0.6180555555555556 0.70625 0.6430555555555556 0.71484375 0.6583333333333333 0.72421875 0.6944444444444444 0.73046875 0.7513888888888889 0.73125 0.7875 0.734375 0.8194444444444444 0.7328125 0.8319444444444445 0.734375 0.8375 0.73359375 0.8541666666666666 0.7359375 0.8652777777777778 0.7375 0.8986111111111111 0.7375 0.9347222222222222 0.7359375 0.9458333333333333 0.7375 0.9791666666666666 0.73359375 0.9861111111111112 0.7171875 0.9916666666666667 0.7015625 0.9902777777777778 0.66953125 0.9958333333333333 0.64375 0.9958333333333333 0.6375 0.9902777777777778 0.63359375 0.9902777777777778 0.6203125 0.9958333333333333 0.6046875 0.9958333333333333 0.60078125 0.9930555555555556 0.60078125 0.9833333333333333 0.5984375 0.9805555555555555 0.58828125 0.9833333333333333 0.58515625 0.9777777777777777 0.58046875 0.9777777777777777 0.5765625 0.9833333333333333 0.58046875 0.9944444444444445 0.55703125 0.9958333333333333 0.55546875 0.9986111111111111 0.54453125 0.9986111111111111 0.5390625 0.9888888888888889 0.53828125 0.9819444444444444 0.52890625 0.9736111111111111 0.528125 0.9569444444444445 0.5234375 0.9513888888888888 0.496875 0.8930555555555556 0.48359375 0.8958333333333334 0.47890625 0.8902777777777777 0.4765625 0.8652777777777778 0.47421875 0.8583333333333333 0.47421875 0.8430555555555556 0.46171875 0.8222222222222222 0.453125 0.7888888888888889 0.45078125 0.7527777777777778 0.4515625 0.7083333333333334 0.44921875 0.6361111111111111 0.453125 0.5736111111111111 0.4515625 0.5416666666666666 0.45546875 0.525 0.5 0.5125 0.5296875 0.5097222222222222 0.56484375 0.5125
0 0.4703125 0.2708333333333333 0.4734375 0.26805555555555555 0.48359375 0.26805555555555555 0.490625 0.2722222222222222 0.49453125 0.2791666666666667 0.49921875 0.2986111111111111 0.4984375 0.3055555555555556 0.4828125 0.3111111111111111 0.46171875 0.30694444444444446 0.4703125 0.2722222222222222
0 0.6359375 0.46805555555555556 0.67890625 0.46805555555555556 0.69453125 0.48055555555555557 0.70625 0.4861111111111111 0.7125 0.49722222222222223 0.7203125 0.5291666666666667 0.7203125 0.5611111111111111 0.715625 0.5652777777777778 0.703125 0.5875 0.69765625 0.6069444444444444 0.6921875 0.6166666666666667 0.6671875 0.6013888888888889 0.62578125 0.5597222222222222 0.62265625 0.55 0.62265625 0.5277777777777778 0.62734375 0.47638888888888886 0.6296875 0.46944444444444444 0.63515625 0.46805555555555556
0 0.503125 0.30972222222222223 0.50546875 0.31805555555555554 0.50234375 0.32916666666666666 0.503125 0.3472222222222222 0.5015625 0.35 0.490625 0.3472222222222222 0.48046875 0.325 0.4796875 0.31527777777777777 0.49140625 0.30833333333333335 0.50234375 0.30972222222222223
0 0.22578125 0.37083333333333335 0.23984375 0.3902777777777778 0.24140625 0.4 0.234375 0.4041666666666667 0.19375 0.4111111111111111 0.19140625 0.45 0.1890625 0.45694444444444443 0.1859375 0.4527777777777778 0.184375 0.4041666666666667 0.1921875 0.37916666666666665 0.19609375 0.37222222222222223 0.2 0.37083333333333335 0.225 0.37083333333333335
0 0.4703125 0.26666666666666666 0.471875 0.2708333333333333 0.46875 0.2777777777777778 0.4671875 0.2986111111111111 0.4640625 0.30972222222222223 0.46015625 0.30972222222222223 0.45234375 0.30277777777777776 0.453125 0.2847222222222222 0.459375 0.26666666666666666 0.46953125 0.26666666666666666
0 0.2828125 0.3013888888888889 0.2921875 0.30416666666666664 0.29765625 0.3111111111111111 0.30234375 0.33611111111111114 0.30234375 0.3486111111111111 0.2796875 0.35694444444444445 0.27421875 0.3819444444444444 0.26484375 0.38333333333333336 0.26171875 0.37916666666666665 0.26015625 0.35138888888888886 0.26484375 0.31527777777777777 0.27109375 0.3055555555555556 0.28203125 0.30277777777777776
0 0.353125 0.8027777777777778 0.35859375 0.8069444444444445 0.3734375 0.8347222222222223 0.3859375 0.875 0.38984375 0.8944444444444445 0.39296875 0.9 0.39765625 0.8944444444444445 0.4046875 0.8944444444444445 0.409375 0.8972222222222223 0.41171875 0.9027777777777778 0.409375 0.9097222222222222 0.39609375 0.9180555555555555 0.403125 0.9416666666666667 0.4046875 0.9694444444444444 0.4078125 0.9805555555555555 0.4078125 0.9888888888888889 0.4 0.9958333333333333 0.38984375 0.9958333333333333 0.38671875 0.9986111111111111 0.37890625 0.9944444444444445 0.2609375 0.9986111111111111 0.259375 0.9930555555555556 0.25625 0.9486111111111111 0.25703125 0.9333333333333333 0.2625 0.9069444444444444 0.26015625 0.8902777777777777 0.2609375 0.8666666666666667 0.2671875 0.8416666666666667 0.26953125 0.8236111111111111 0.27265625 0.8166666666666667 0.2765625 0.8097222222222222 0.2859375 0.8055555555555556 0.32109375 0.8013888888888889 0.35234375 0.8027777777777778
0 0.329296875 0.25277777777777777 0.02890625 0.05