3 0.77421875 0.5791666666666667 0.9046875 0.5916666666666667 0.9328125 0.5916666666666667 0.940625 0.6 0.96171875 0.6472222222222223 0.99921875 0.7180555555555556 0.99921875 0.8152777777777778 0.996875 0.8166666666666667 0.996875 0.8208333333333333 0.99921875 0.8222222222222222 0.99921875 0.9958333333333333 0.99453125 0.9986111111111111 0.91015625 0.9986111111111111 0.9078125 0.9958333333333333 0.89921875 0.9958333333333333 0.89765625 0.9986111111111111 0.85859375 0.9986111111111111 0.85234375 0.9944444444444445 0.81640625 0.9986111111111111 0.7546875 0.9986111111111111 0.75234375 0.9958333333333333 0.7484375 0.9986111111111111 0.709375 0.9986111111111111 0.70390625 0.9944444444444445 0.703125 0.9847222222222223 0.70546875 0.9777777777777777 0.70625 0.9486111111111111 0.7078125 0.9458333333333333 0.709375 0.9222222222222223 0.709375 0.8208333333333333 0.7109375 0.8166666666666667 0.7125 0.7763888888888889 0.715625 0.7652777777777777 0.7140625 0.7458333333333333 0.7203125 0.7222222222222222 0.721875 0.7027777777777777 0.721875 0.6513888888888889 0.72578125 0.5875 0.72734375 0.5819444444444445 0.73515625 0.5791666666666667 0.7734375 0.5791666666666667
3 0.67109375 0.7597222222222222 0.7078125 0.7611111111111111 0.7109375 0.7638888888888888 0.71015625 0.7722222222222223 0.7078125 0.775 0.71015625 0.7791666666666667 0.71015625 0.7861111111111111 0.709375 0.8125 0.70703125 0.8263888888888888 0.70625 0.9194444444444444 0.70234375 0.9583333333333334 0.7 0.9625 0.68203125 0.9652777777777778 0.6609375 0.9638888888888889 0.6578125 0.9611111111111111 0.653125 0.9777777777777777 0.64921875 0.9805555555555555 0.6421875 0.9805555555555555 0.63984375 0.9777777777777777 0.63828125 0.8333333333333334 0.64140625 0.8097222222222222 0.63125 0.8041666666666667 0.62890625 0.7930555555555555 0.6359375 0.7847222222222222 0.64765625 0.7888888888888889 0.65546875 0.7638888888888888 0.6578125 0.7611111111111111 0.6703125 0.7611111111111111
3 0.68125 0.36944444444444446 0.684375 0.375 0.6859375 0.3958333333333333 0.68984375 0.41388888888888886 0.6875 0.43194444444444446 0.6859375 0.43472222222222223 0.66640625 0.4375 0.66171875 0.44583333333333336 0.65546875 0.47638888888888886 0.65078125 0.48055555555555557 0.64140625 0.48055555555555557 0.6359375 0.49722222222222223 0.62421875 0.49722222222222223 0.62109375 0.4888888888888889 0.62109375 0.4111111111111111 0.62265625 0.3888888888888889 0.62578125 0.37777777777777777 0.63203125 0.3736111111111111 0.65625 0.37222222222222223 0.66328125 0.3680555555555556 0.68046875 0.36944444444444446
3 0.18046875 0.24722222222222223 0.19765625 0.24027777777777778 0.20625 0.24027777777777778 0.20859375 0.24722222222222223 0.20625 0.2625 0.20859375 0.2861111111111111 0.20625 0.3 0.18359375 0.30277777777777776 0.17734375 0.3 0.175 0.2847222222222222 0.175 0.2625 0.1796875 0.25416666666666665 0.18046875 0.24861111111111112
3 0.65546875 0.18611111111111112 0.66171875 0.19305555555555556 0.66328125 0.20277777777777778 0.6625 0.24027777777777778 0.66015625 0.24305555555555555 0.6359375 0.24305555555555555 0.634375 0.24722222222222223 0.63515625 0.25555555555555554 0.63203125 0.25972222222222224 0.6265625 0.25972222222222224 0.625 0.25277777777777777 0.62421875 0.20416666666666666 0.62578125 0.19444444444444445 0.6296875 0.18611111111111112 0.634375 0.18472222222222223 0.6546875 0.18611111111111112
2 0.86875 0.46111111111111114 0.8796875 0.46944444444444444 0.8796875 0.48333333333333334 0.87734375 0.49027777777777776 0.86875 0.4861111111111111 0.86328125 0.4791666666666667 0.86171875 0.4625 0.865625 0.45694444444444443 0.86796875 0.46111111111111114
2 0.30625 0.8305555555555556 0.31015625 0.8236111111111111 0.31328125 0.8305555555555556 0.31171875 0.8347222222222223 0.3125 0.8486111111111111 0.30546875 0.8513888888888889 0.30859375 0.8583333333333333 0.30703125 0.8708333333333333 0.31015625 0.9 0.30390625 0.9152777777777777 0.29375 0.9291666666666667 0.28984375 0.9416666666666667 0.2828125 0.9416666666666667 0.28046875 0.9361111111111111 0.27890625 0.9222222222222223 0.27265625 0.9041666666666667 0.27265625 0.8861111111111111 0.27734375 0.875 0.27734375 0.8388888888888889 0.28359375 0.8333333333333334 0.30546875 0.8375 0.3078125 0.8347222222222223 0.30703125 0.8319444444444445
2 0.56796875 0.3194444444444444 0.57109375 0.3236111111111111 0.57265625 0.3347222222222222 0.56796875 0.34444444444444444 0.56484375 0.3458333333333333 0.56171875 0.3388888888888889 0.56171875 0.325 0.56328125 0.32083333333333336 0.5671875 0.3194444444444444
2 0.2859375 0.7416666666666667 0.29609375 0.7472222222222222 0.29140625 0.7513888888888889 0.2859375 0.7652777777777777 0.2859375 0.7722222222222223 0.28984375 0.7819444444444444 0.27578125 0.7930555555555555 0.2734375 0.7861111111111111 0.27265625 0.7736111111111111 0.2671875 0.7638888888888888 0.271875 0.7458333333333333 0.28515625 0.7416666666666667
2 0.171875 0.3111111111111111 0.17421875 0.3194444444444444 0.17421875 0.32916666666666666 0.16875 0.3347222222222222 0.1609375 0.3333333333333333 0.16015625 0.31805555555555554 0.1640625 0.3111111111111111 0.17109375 0.3111111111111111
2 0.13984375 0.29305555555555557 0.1453125 0.2902777777777778 0.14921875 0.29583333333333334 0.1484375 0.3138888888888889 0.14375 0.3194444444444444 0.13984375 0.31666666666666665 0.13984375 0.29444444444444445
2 0.0328125 0.5180555555555556 0.0359375 0.525 0.0359375 0.5666666666666667 0.034375 0.5777777777777777 0.0265625 0.5847222222222223 0.021875 0.5847222222222223 0.01875 0.5763888888888888 0.015625 0.5347222222222222 0.01796875 0.5222222222222223 0.0234375 0.5180555555555556 0.03203125 0.5180555555555556
2 0.1328125 0.43472222222222223 0.13671875 0.43333333333333335 0.14765625 0.4375 0.15 0.4625 0.15 0.46944444444444444 0.14453125 0.48194444444444445 0.1359375 0.48333333333333334 0.13203125 0.4652777777777778 0.1328125 0.4361111111111111
2 0.57421875 0.3861111111111111 0.57578125 0.3888888888888889 0.57578125 0.4013888888888889 0.5703125 0.41805555555555557 0.565625 0.41805555555555557 0.56015625 0.4097222222222222 0.559375 0.39444444444444443 0.56015625 0.3875 0.5625 0.38472222222222224 0.5734375 0.3861111111111111
1 0.8265625 0.25972222222222224 0.82734375 0.2902777777777778 0.82109375 0.29583333333333334 0.80859375 0.31666666666666665 0.803125 0.31666666666666665 0.7953125 0.2972222222222222 0.80078125 0.2708333333333333 0.8078125 0.2625 0.82109375 0.25833333333333336 0.82578125 0.25972222222222224
1 0.70234375 0.21388888888888888 0.7015625 0.22083333333333333 0.70625 0.22083333333333333 0.7109375 0.2263888888888889 0.7140625 0.2361111111111111 0.71328125 0.24583333333333332 0.6984375 0.2513888888888889 0.6953125 0.24583333333333332 0.6953125 0.24027777777777778 0.68828125 0.23055555555555557 0.69140625 0.2222222222222222 0.70078125 0.21944444444444444 0.70234375 0.2152777777777778
1 0 0.24444444444444444 0.01796875 0.24305555555555555 0.03359375 0.24722222222222223 0.04140625 0.26805555555555555 0.040625 0.28888888888888886 0.03671875 0.29305555555555557 0.02734375 0.29444444444444445 0.02265625 0.28888888888888886 0.01953125 0.2791666666666667 0.00546875 0.26805555555555555 0 0.25833333333333336 0 0.24583333333333332
1 0.70859375 0.46805555555555556 0.71953125 0.4708333333333333 0.72578125 0.4791666666666667 0.73125 0.49166666666666664 0.73125 0.5027777777777778 0.73828125 0.5291666666666667 0.7359375 0.5416666666666666 0.725 0.5486111111111112 0.71640625 0.5625 0.703125 0.5597222222222222 0.70078125 0.5347222222222222 0.69453125 0.5041666666666667 0.6859375 0.48194444444444445 0.68828125 0.4722222222222222 0.6953125 0.4736111111111111 0.7078125 0.46805555555555556
1 0.5484375 0.31805555555555554 0.5609375 0.32222222222222224 0.56484375 0.3486111111111111 0.559375 0.37222222222222223 0.55859375 0.38333333333333336 0.54765625 0.3861111111111111 0.54609375 0.3861111111111111 0.54453125 0.36666666666666664 0.54140625 0.3611111111111111 0.5375 0.34444444444444444 0.53203125 0.33611111111111114 0.5328125 0.32916666666666666 0.5375 0.3194444444444444 0.54765625 0.31805555555555554
1 0.4671875 0.3236111111111111 0.4734375 0.3277777777777778 0.475 0.3388888888888889 0.48125 0.35555555555555557 0.48125 0.38055555555555554 0.4765625 0.3875 0.47265625 0.3875 0.46640625 0.3819444444444444 0.453125 0.3819444444444444 0.45 0.37777777777777777 0.4421875 0.375 0.4390625 0.36944444444444446 0.43984375 0.35138888888888886 0.4421875 0.3375 0.44609375 0.3277777777777778 0.4546875 0.3236111111111111 0.46640625 0.3236111111111111
1 0.015625 0.3263888888888889 0.01953125 0.33055555555555555 0.02578125 0.35833333333333334 0.02578125 0.3972222222222222 0.021875 0.4083333333333333 0.01640625 0.4097222222222222 0.01171875 0.40694444444444444 0.00546875 0.4166666666666667 0 0.4166666666666667 0 0.3333333333333333 0.01484375 0.3263888888888889
1 0.56796875 0.28055555555555556 0.57265625 0.2833333333333333 0.57578125 0.2902777777777778 0.57578125 0.30277777777777776 0.578125 0.30972222222222223 0.57421875 0.325 0.5625 0.30416666666666664 0.5484375 0.30416666666666664 0.546875 0.30694444444444446 0.54765625 0.3138888888888889 0.5453125 0.3125 0.54765625 0.3 0.54765625 0.2875 0.55 0.2833333333333333 0.5671875 0.28055555555555556
1 0.14765625 0.24027777777777778 0.14921875 0.24444444444444444 0.14765625 0.28888888888888886 0.1359375 0.2861111111111111 0.1328125 0.2791666666666667 0.13359375 0.26666666666666666 0.13828125 0.24861111111111112 0.146875 0.24027777777777778
1 0.3453125 0.3138888888888889 0.34921875 0.3194444444444444 0.3578125 0.32222222222222224 0.35625 0.3375 0.334375 0.34444444444444444 0.32734375 0.3416666666666667 0.3328125 0.31666666666666665 0.33671875 0.30972222222222223 0.34453125 0.3138888888888889
1 0.315625 0.2916666666666667 0.3171875 0.30416666666666664 0.3203125 0.30833333333333335 0.3234375 0.2902777777777778 0.33203125 0.29305555555555557 0.334375 0.3055555555555556 0.33203125 0.3236111111111111 0.3265625 0.3375 0.31953125 0.3347222222222222 0.315625 0.3388888888888889 0.3046875 0.3402777777777778 0.3015625 0.3347222222222222 0.30234375 0.30972222222222223 0.309375 0.29305555555555557 0.31484375 0.2916666666666667
1 0.040625 0.2361111111111111 0.06015625 0.2375 0.0703125 0.24305555555555555 0.07421875 0.2513888888888889 0.078125 0.2708333333333333 0.078125 0.28194444444444444 0.075 0.29305555555555557 0.0671875 0.2902777777777778 0.05234375 0.29305555555555557 0.04296875 0.2861111111111111 0.040625 0.2791666666666667 0.04140625 0.26805555555555555 0.03671875 0.25833333333333336 0.034375 0.24722222222222223 0.034375 0.24166666666666667 0.03984375 0.2361111111111111
1 0.36796875 0.4930555555555556 0.38046875 0.5111111111111111 0.3875 0.5347222222222222 0.39140625 0.5569444444444445 0.39140625 0.5847222222222223 0.390625 0.5875 0.37578125 0.5944444444444444 0.359375 0.6194444444444445 0.3484375 0.6180555555555556 0.33203125 0.6 0.309375 0.5958333333333333 0.3078125 0.5930555555555556 0.3078125 0.5763888888888888 0.3125 0.5277777777777778 0.32421875 0.49722222222222223 0.33125 0.49166666666666664 0.3671875 0.4930555555555556
1 0.68515625 0.23055555555555557 0.69453125 0.24027777777777778 0.69609375 0.25416666666666665 0.690625 0.2611111111111111 0.6859375 0.28194444444444444 0.678125 0.2833333333333333 0.67421875 0.2833333333333333 0.66875 0.275 0.6703125 0.26805555555555555 0.66953125 0.2513888888888889 0.671875 0.24027777777777778 0.67578125 0.23333333333333334 0.684375 0.23055555555555557
1 0.728125 0.19305555555555556 0.73203125 0.20416666666666666 0.73203125 0.2222222222222222 0.72890625 0.2263888888888889 0.7125 0.225 0.709375 0.22083333333333333 0.709375 0.20972222222222223 0.71328125 0.19444444444444445 0.71640625 0.19166666666666668 0.72734375 0.19305555555555556
1 0.61328125 0.6736111111111112 0.61953125 0.6777777777777778 0.621875 0.6847222222222222 0.6421875 0.6944444444444444 0.65546875 0.7361111111111112 0.6578125 0.7583333333333333 0.6515625 0.7694444444444445 0.65078125 0.7791666666666667 0.646875 0.7916666666666666 0.64375 0.7944444444444444 0.6390625 0.7847222222222222 0.6328125 0.7861111111111111 0.62890625 0.7916666666666666 0.62890625 0.8027777777777778 0.63984375 0.8152777777777778 0.63671875 0.8263888888888888 0.5796875 0.8263888888888888 0.5671875 0.8416666666666667 0.5625 0.8402777777777778 0.5609375 0.8347222222222223 0.56015625 0.7763888888888889 0.56328125 0.7652777777777777 0.56796875 0.7263888888888889 0.5625 0.7222222222222222 0.5609375 0.7166666666666667 0.56640625 0.7111111111111111 0.57421875 0.7111111111111111 0.57734375 0.6986111111111111 0.584375 0.6833333333333333 0.6 0.6833333333333333 0.60390625 0.675 0.6125 0.6736111111111112
1 0.653125 0.48194444444444445 0.68359375 0.48333333333333334 0.6890625 0.49166666666666664 0.69296875 0.5041666666666667 0.6953125 0.5236111111111111 0.69921875 0.5319444444444444 0.7015625 0.5597222222222222 0.7 0.5986111111111111 0.69765625 0.6 0.6765625 0.5986111111111111 0.67109375 0.5944444444444444 0.66953125 0.5069444444444444 0.66640625 0.5027777777777778 0.63984375 0.5013888888888889 0.6375 0.49722222222222223 0.640625 0.48333333333333334 0.65234375 0.48194444444444445
1 0.5609375 0.3 0.5703125 0.30416666666666664 0.57421875 0.32083333333333336 0.57421875 0.33055555555555555 0.56484375 0.3375 0.56328125 0.3375 0.55859375 0.3236111111111111 0.55078125 0.3194444444444444 0.54296875 0.3194444444444444 0.54140625 0.31666666666666665 0.54375 0.3138888888888889 0.54609375 0.30277777777777776 0.56015625 0.3
1 0.40390625 0.3902777777777778 0.4109375 0.37777777777777777 0.41484375 0.375 0.44609375 0.3763888888888889 0.459375 0.39444444444444443 0.4578125 0.40555555555555556 0.46015625 0.41388888888888886 0.46015625 0.44166666666666665 0.4546875 0.4597222222222222 0.45234375 0.4625 0.440625 0.4625 0.434375 0.4583333333333333 0.4328125 0.4486111111111111 0.42734375 0.4388888888888889 0.425 0.4263888888888889 0.421875 0.42083333333333334 0.4 0.4166666666666667 0.40390625 0.39166666666666666
1 0.1265625 0.2388888888888889 0.13359375 0.24166666666666667 0.1375 0.24722222222222223 0.13671875 0.25833333333333336 0.13203125 0.2777777777777778 0.12734375 0.2861111111111111 0.11484375 0.2777777777777778 0.1046875 0.25972222222222224 0.1078125 0.24722222222222223 0.11171875 0.24166666666666667 0.12578125 0.2388888888888889
1 0.22109375 0.3958333333333333 0.2328125 0.4222222222222222 0.2375 0.4236111111111111 0.2390625 0.44305555555555554 0.23828125 0.46111111111111114 0.23125 0.4652777777777778 0.21640625 0.4666666666666667 0.21640625 0.42777777777777776 0.215625 0.4222222222222222 0.2125 0.41805555555555557 0.209375 0.4236111111111111 0.20859375 0.4666666666666667 0.203125 0.4736111111111111 0.19765625 0.475 0.19453125 0.4861111111111111 0.17734375 0.49722222222222223 0.16796875 0.5125 0.1609375 0.5111111111111111 0.1578125 0.49444444444444446 0.16015625 0.45416666666666666 0.17421875 0.4111111111111111 0.18046875 0.4013888888888889 0.19296875 0.39861111111111114 0.2046875 0.39861111111111114 0.209375 0.40555555555555556 0.21328125 0.40694444444444444 0.2203125 0.3958333333333333
1 0.76796875 0.5444444444444444 0.78359375 0.5486111111111112 0.78671875 0.5527777777777778 0.79453125 0.5777777777777777 0.72890625 0.5791666666666667 0.72421875 0.5902777777777778 0.7234375 0.6180555555555556 0.7203125 0.6430555555555556 0.71640625 0.6361111111111111 0.7125 0.6166666666666667 0.7125 0.6069444444444444 0.71953125 0.5680555555555555 0.7234375 0.5555555555555556 0.7328125 0.5458333333333333 0.7671875 0.5444444444444444
1 0.3 0.3486111111111111 0.30703125 0.36527777777777776 0.30390625 0.3763888888888889 0.2859375 0.40694444444444444 0.2671875 0.41944444444444445 0.26171875 0.4166666666666667 0.2609375 0.3861111111111111 0.2625 0.3736111111111111 0.26796875 0.35694444444444445 0.27109375 0.35138888888888886 0.2765625 0.3486111111111111 0.29921875 0.3486111111111111
1 0.66796875 0.3055555555555556 0.67109375 0.3055555555555556 0.675 0.3333333333333333 0.646875 0.3333333333333333 0.64296875 0.33055555555555555 0.640625 0.3375 0.64375 0.3416666666666667 0.640625 0.34444444444444444 0.6390625 0.3416666666666667 0.63984375 0.3263888888888889 0.64296875 0.3138888888888889 0.65078125 0.30833333333333335 0.66484375 0.30972222222222223 0.66796875 0.30694444444444446
1 0.69296875 0.4375 0.70234375 0.44583333333333336 0.70625 0.4652777777777778 0.69609375 0.4736111111111111 0.68828125 0.4736111111111111 0.6828125 0.48194444444444445 0.65703125 0.48055555555555557 0.6578125 0.4597222222222222 0.66171875 0.44583333333333336 0.6671875 0.4375 0.6921875 0.4375
1 0.040625 0.4263888888888889 0.0484375 0.4305555555555556 0.06015625 0.4666666666666667 0.06015625 0.49444444444444446 0.05703125 0.5194444444444445 0.05078125 0.5236111111111111 0.04453125 0.5152777777777777 0.0421875 0.5013888888888889 0.03671875 0.4875 0.0359375 0.4777777777777778 0.03203125 0.4722222222222222 0.02734375 0.475 0.02421875 0.48194444444444445 0.02421875 0.49027777777777776 0.015625 0.5013888888888889 0.0125 0.5125 0.0140625 0.5277777777777778 0.00546875 0.5333333333333333 0 0.5333333333333333 0 0.43472222222222223 0.0046875 0.42916666666666664 0.03984375 0.4263888888888889
1 0.7734375 0.36944444444444446 0.78203125 0.3736111111111111 0.77578125 0.39861111111111114 0.771875 0.4375 0.7703125 0.44027777777777777 0.7578125 0.4375 0.75703125 0.41805555555555557 0.75390625 0.4125 0.74921875 0.39166666666666666 0.7546875 0.37083333333333335 0.77265625 0.36944444444444446
1 0.69921875 0.25277777777777777 0.70546875 0.25972222222222224 0.69765625 0.275 0.696875 0.29305555555555557 0.69296875 0.30277777777777776 0.6890625 0.30277777777777776 0.6859375 0.2986111111111111 0.6875 0.2722222222222222 0.6890625 0.2625 0.69609375 0.25277777777777777 0.6984375 0.25277777777777777
1 0.81171875 0.41944444444444445 0.834375 0.42083333333333334 0.8453125 0.4263888888888889 0.84921875 0.43472222222222223 0.85546875 0.4638888888888889 0.85625 0.4736111111111111 0.853125 0.4791666666666667 0.8234375 0.4777777777777778 0.8171875 0.46944444444444444 0.79921875 0.4638888888888889 0.79765625 0.4444444444444444 0.79921875 0.43333333333333335 0.803125 0.4236111111111111 0.8109375 0.41944444444444445
1 0.79609375 0.4666666666666667 0.8171875 0.4722222222222222 0.8203125 0.47638888888888886 0.8234375 0.4888888888888889 0.8234375 0.5 0.81484375 0.5125 0.8125 0.5472222222222223 0.81015625 0.5555555555555556 0.8078125 0.5569444444444445 0.78984375 0.5555555555555556 0.78203125 0.5472222222222223 0.765625 0.5430555555555555 0.7640625 0.5375 0.765625 0.49027777777777776 0.778125 0.46805555555555556 0.7953125 0.4666666666666667
1 0.5296875 0.3375 0.5359375 0.3402777777777778 0.5390625 0.3458333333333333 0.54765625 0.375 0.5453125 0.4083333333333333 0.54296875 0.4166666666666667 0.5390625 0.41388888888888886 0.53203125 0.3861111111111111 0.52890625 0.38055555555555554 0.51953125 0.375 0.5046875 0.3736111111111111 0.4984375 0.35833333333333334 0.5046875 0.3541666666666667 0.5078125 0.34305555555555556 0.5109375 0.3388888888888889 0.52890625 0.3375
1 0.4625 0.5055555555555555 0.48515625 0.5069444444444444 0.48984375 0.5097222222222222 0.5015625 0.5402777777777777 0.5046875 0.5458333333333333 0.51171875 0.55 0.51171875 0.5541666666666667 0.5078125 0.5611111111111111 0.50703125 0.6236111111111111 0.5015625 0.6486111111111111 0.496875 0.6486111111111111 0.49140625 0.6388888888888888 0.48125 0.6333333333333333 0.47890625 0.6361111111111111 0.47890625 0.6444444444444445 0.47578125 0.6458333333333334 0.47578125 0.6333333333333333 0.4734375 0.6236111111111111 0.4703125 0.6194444444444445 0.46328125 0.6194444444444445 0.46171875 0.6041666666666666 0.4578125 0.5958333333333333 0.4484375 0.5888888888888889 0.43359375 0.5875 0.43046875 0.5819444444444445 0.43046875 0.5680555555555555 0.4328125 0.5611111111111111 0.4296875 0.55 0.43046875 0.5472222222222223 0.43984375 0.5375 0.44921875 0.5083333333333333 0.46171875 0.5055555555555555
1 0.51640625 0.375 0.53125 0.38333333333333336 0.53671875 0.4 0.5390625 0.41388888888888886 0.5390625 0.4486111111111111 0.53671875 0.4638888888888889 0.53359375 0.46944444444444444 0.52890625 0.46805555555555556 0.52265625 0.45694444444444443 0.5 0.45694444444444443 0.4953125 0.4652777777777778 0.490625 0.46805555555555556 0.484375 0.4638888888888889 0.4828125 0.44583333333333336 0.48671875 0.4041666666666667 0.48359375 0.3958333333333333 0.4890625 0.39305555555555555 0.4921875 0.38333333333333336 0.496875 0.37777777777777777 0.515625 0.375
1 0.64609375 0.2777777777777778 0.6625 0.2791666666666667 0.665625 0.28194444444444444 0.6703125 0.29444444444444445 0.66953125 0.30833333333333335 0.65078125 0.30833333333333335 0.6453125 0.3125 0.6390625 0.3263888888888889 0.634375 0.3486111111111111 0.63046875 0.3486111111111111 0.628125 0.34444444444444444 0.62734375 0.3263888888888889 0.62890625 0.30833333333333335 0.63203125 0.2916666666666667 0.63515625 0.2847222222222222 0.6390625 0.2791666666666667 0.6453125 0.2777777777777778
1 0.65390625 0.5986111111111111 0.684375 0.6027777777777777 0.69921875 0.6013888888888889 0.70703125 0.6083333333333333 0.71328125 0.6263888888888889 0.72109375 0.6666666666666666 0.71953125 0.7069444444444445 0.7125 0.7430555555555556 0.7109375 0.7458333333333333 0.69921875 0.7458333333333333 0.69296875 0.7402777777777778 0.66015625 0.7375 0.653125 0.7277777777777777 0.6515625 0.7166666666666667 0.64375 0.6958333333333333 0.6296875 0.6847222222222222 0.6296875 0.6541666666666667 0.646875 0.6041666666666666 0.653125 0.6
1 0.07421875 0.5125 0.08125 0.5069444444444444 0.0984375 0.5027777777777778 0.13125 0.5041666666666667 0.13671875 0.5180555555555556 0.1390625 0.5430555555555555 0.1421875 0.5541666666666667 0.134375 0.5805555555555556 0.121875 0.5958333333333333 0.109375 0.6027777777777777 0.09609375 0.6041666666666666 0.08828125 0.6180555555555556 0.084375 0.6208333333333333 0.0703125 0.6222222222222222 0.06015625 0.6277777777777778 0.05703125 0.6222222222222222 0.05546875 0.6069444444444444 0.05625 0.5736111111111111 0.0609375 0.5583333333333333 0.0609375 0.5527777777777778 0.0578125 0.5458333333333333 0.06796875 0.5333333333333333 0.07421875 0.5138888888888888
1 0.665625 0.3333333333333333 0.67265625 0.3347222222222222 0.6765625 0.3388888888888889 0.6828125 0.36527777777777776 0.68203125 0.36944444444444446 0.675 0.3680555555555556 0.6625 0.37222222222222223 0.646875 0.37222222222222223 0.64140625 0.36944444444444446 0.63828125 0.36527777777777776 0.6390625 0.3611111111111111 0.63671875 0.3527777777777778 0.640625 0.3472222222222222 0.64375 0.3472222222222222 0.646875 0.33611111111111114 0.66484375 0.3333333333333333
1 0.27578125 0.3298611111111111 0.0453125 0.06805555555555555
1 0.3125 0.5972222222222222 0.33203125 0.6013888888888889 0.33828125 0.6055555555555555 0.34296875 0.6138888888888889 0.34765625 0.6305555555555555 0.35234375 0.6347222222222222 0.3546875 0.6430555555555556 0.353125 0.6541666666666667 0.35234375 0.7194444444444444 0.3484375 0.725 0.340625 0.7277777777777777 0.3390625 0.75 0.334375 0.7569444444444444 0.328125 0.7555555555555555 0.32265625 0.7458333333333333 0.3140625 0.7486111111111111 0.2953125 0.7111111111111111 0.2953125 0.6916666666666667 0.2890625 0.6833333333333333 0.284375 0.6847222222222222 0.28046875 0.6916666666666667 0.28125 0.7097222222222223 0.275 0.7152777777777778 0.2703125 0.725 0.2671875 0.75 0.2640625 0.7555555555555555 0.2546875 0.7569444444444444 0.25078125 0.7486111111111111 0.25078125 0.6708333333333333 0.25625 0.65 0.2578125 0.6333333333333333 0.265625 0.6138888888888889 0.27109375 0.6041666666666666 0.278125 0.6 0.31171875 0.5972222222222222
1 0.83828125 0.4791666666666667 0.8578125 0.48055555555555557 0.878125 0.49027777777777776 0.88359375 0.5013888888888889 0.88359375 0.5111111111111111 0.84921875 0.5041666666666667 0.8234375 0.5027777777777778 0.8234375 0.48333333333333334 0.825 0.48055555555555557 0.8375 0.4791666666666667
1 0.73046875 0.3888888888888889 0.74609375 0.39305555555555555 0.75078125 0.4013888888888889 0.75703125 0.425 0.75625 0.4638888888888889 0.74140625 0.4583333333333333 0.715625 0.46111111111111114 0.70625 0.45416666666666666 0.7046875 0.44305555555555554 0.70546875 0.4222222222222222 0.71015625 0.4111111111111111 0.71328125 0.39444444444444443 0.71796875 0.3888888888888889 0.7296875 0.3888888888888889