3 0.68125 0.5027777777777778 0.6984375 0.5069444444444444 0.7296875 0.5263888888888889 0.7375 0.5347222222222222 0.73671875 0.5847222222222223 0.74609375 0.6083333333333333 0.74921875 0.6402777777777777 0.75625 0.6652777777777777 0.7546875 0.6694444444444444 0.75546875 0.6847222222222222 0.75 0.7013888888888888 0.73984375 0.7194444444444444 0.7375 0.7388888888888889 0.73359375 0.7541666666666667 0.73046875 0.7569444444444444 0.71640625 0.7513888888888889 0.71171875 0.7361111111111112 0.70625 0.7277777777777777 0.6984375 0.7013888888888888 0.68984375 0.6888888888888889 0.68359375 0.6861111111111111 0.67109375 0.6694444444444444 0.66484375 0.6680555555555555 0.6546875 0.6597222222222222 0.63984375 0.6569444444444444 0.6359375 0.6444444444444445 0.62890625 0.6458333333333334 0.62578125 0.6402777777777777 0.61953125 0.6166666666666667 0.60703125 0.5972222222222222 0.6078125 0.5527777777777778 0.60546875 0.5152777777777777 0.60859375 0.5069444444444444 0.68046875 0.5027777777777778
3 0.05859375 0.17777777777777778 0.06796875 0.17777777777777778 0.08046875 0.1875 0.08515625 0.20833333333333334 0.0859375 0.24444444444444444 0.0875 0.24722222222222223 0.0796875 0.25833333333333336 0.065625 0.25555555555555554 0.06015625 0.24861111111111112 0.05859375 0.17916666666666667
3 0.996875 0.5708333333333333 0.99921875 0.5722222222222222 0.99921875 0.6833333333333333 0.99765625 0.6847222222222222 0.99921875 0.6888888888888889 0.996875 0.6902777777777778 0.996875 0.7027777777777777 0.99921875 0.7041666666666667 0.99921875 0.7277777777777777 0.9921875 0.7236111111111111 0.98125 0.7236111111111111 0.9703125 0.7166666666666667 0.9328125 0.7111111111111111 0.93125 0.7083333333333334 0.93125 0.6972222222222222 0.93515625 0.6819444444444445 0.928125 0.6638888888888889 0.92734375 0.6555555555555556 0.92734375 0.6194444444444445 0.93203125 0.6083333333333333 0.94609375 0.6069444444444444 0.9578125 0.6 0.96875 0.5902777777777778 0.97578125 0.5736111111111111 0.99609375 0.5708333333333333
3 0.2109375 0.20555555555555555 0.23203125 0.2222222222222222 0.2328125 0.23055555555555557 0.23046875 0.2361111111111111 0.21640625 0.24305555555555555 0.196875 0.2375 0.19140625 0.2388888888888889 0.18671875 0.22361111111111112 0.1875 0.20694444444444443 0.18984375 0.20416666666666666 0.20703125 0.20277777777777778 0.21015625 0.20555555555555555
3 0.521875 0.29305555555555557 0.55 0.29583333333333334 0.55390625 0.30972222222222223 0.55546875 0.33055555555555555 0.5515625 0.3347222222222222 0.54609375 0.33194444444444443 0.53203125 0.3333333333333333 0.52734375 0.3402777777777778 0.52578125 0.3486111111111111 0.51875 0.35694444444444445 0.51484375 0.3541666666666667 0.5109375 0.3347222222222222 0.5109375 0.2972222222222222 0.5125 0.29305555555555557 0.52109375 0.29305555555555557
3 0.659375 0.6638888888888889 0.66328125 0.6694444444444444 0.675 0.675 0.6796875 0.6847222222222222 0.690625 0.6916666666666667 0.696875 0.7013888888888888 0.7 0.7166666666666667 0.70625 0.7277777777777777 0.71171875 0.75 0.71640625 0.7583333333333333 0.72578125 0.8055555555555556 0.7265625 0.8222222222222222 0.69375 0.8333333333333334 0.6765625 0.8541666666666666 0.66328125 0.8763888888888889 0.6125 0.8819444444444444 0.603125 0.8777777777777778 0.58828125 0.8597222222222223 0.58515625 0.8527777777777777 0.58046875 0.85 0.57734375 0.8430555555555556 0.5765625 0.8347222222222223 0.57109375 0.8277777777777777 0.56796875 0.7263888888888889 0.57109375 0.7069444444444445 0.5703125 0.675 0.575 0.6680555555555555 0.596875 0.6638888888888889 0.6359375 0.6611111111111111 0.65859375 0.6638888888888889
3 0.38125 0.24444444444444444 0.3875 0.24722222222222223 0.390625 0.25416666666666665 0.390625 0.2986111111111111 0.3921875 0.30277777777777776 0.3890625 0.3055555555555556 0.36875 0.30694444444444446 0.3625 0.32222222222222224 0.359375 0.32222222222222224 0.35703125 0.3138888888888889 0.35625 0.2513888888888889 0.35859375 0.24583333333333332 0.36328125 0.24444444444444444 0.38046875 0.24444444444444444
2 0.50078125 0.22361111111111112 0.503125 0.22916666666666666 0.5015625 0.24444444444444444 0.4953125 0.24305555555555555 0.49296875 0.23472222222222222 0.49453125 0.2263888888888889 0.5 0.22361111111111112
2 0.095703125 0.41041666666666665 0.01796875 0.05694444444444444
2 0.1015625 0.5208333333333334 0.109375 0.5277777777777778 0.11015625 0.55 0.10859375 0.5569444444444445 0.10234375 0.5541666666666667 0.0953125 0.5680555555555555 0.0921875 0.5680555555555555 0.090625 0.5638888888888889 0.09140625 0.5277777777777778 0.09453125 0.5222222222222223 0.10078125 0.5208333333333334
2 0.03671875 0.8472222222222222 0.04375 0.8513888888888889 0.046875 0.8583333333333333 0.0453125 0.8902777777777777 0.04375 0.8930555555555556 0.04609375 0.9277777777777778 0.04375 0.9569444444444445 0.03203125 0.9708333333333333 0.02734375 0.9694444444444444 0.0234375 0.9625 0.01953125 0.9416666666666667 0.0171875 0.9041666666666667 0.01953125 0.8819444444444444 0.0171875 0.8597222222222223 0.02578125 0.8513888888888889 0.0359375 0.8472222222222222
2 0.16015625 0.9611111111111111 0.1703125 0.9763888888888889 0.16171875 0.9916666666666667 0.16015625 0.9986111111111111 0.15078125 0.9986111111111111 0.14375 0.9875 0.1203125 0.9777777777777777 0.12265625 0.9694444444444444 0.14765625 0.9680555555555556 0.15625 0.9597222222222223 0.159375 0.9611111111111111
2 0.396875 0.4125 0.40078125 0.4222222222222222 0.40078125 0.4388888888888889 0.39921875 0.44166666666666665 0.38359375 0.44166666666666665 0.3828125 0.4388888888888889 0.38515625 0.4222222222222222 0.39609375 0.41388888888888886
2 0.06796875 0.7361111111111112 0.0734375 0.7472222222222222 0.0765625 0.7458333333333333 0.078125 0.7402777777777778 0.0890625 0.7388888888888889 0.0953125 0.7486111111111111 0.09921875 0.7805555555555556 0.1 0.8152777777777778 0.09296875 0.8416666666666667 0.084375 0.8319444444444445 0.08515625 0.8125 0.08203125 0.8041666666666667 0.07578125 0.8 0.06875 0.8 0.07109375 0.7652777777777777 0.065625 0.7611111111111111 0.07109375 0.7513888888888889 0.0640625 0.7458333333333333 0.06015625 0.7375 0.0671875 0.7361111111111112
2 0.11953125 0.5847222222222223 0.12109375 0.5930555555555556 0.1171875 0.6027777777777777 0.1171875 0.6375 0.11875 0.6472222222222223 0.11640625 0.6597222222222222 0.11015625 0.6736111111111112 0.1078125 0.6777777777777778 0.10078125 0.6763888888888889 0.09375 0.6541666666666667 0.09375 0.6083333333333333 0.10078125 0.5875 0.109375 0.5861111111111111 0.1171875 0.5958333333333333 0.11875 0.5861111111111111
2 0.515625 0.48333333333333334 0.53359375 0.48194444444444445 0.5359375 0.4875 0.53515625 0.5305555555555556 0.53203125 0.5444444444444444 0.52578125 0.5444444444444444 0.51796875 0.5388888888888889 0.51484375 0.5333333333333333 0.515625 0.4847222222222222
2 0.35 0.38819444444444445 0.015625 0.04027777777777778
2 0.55859375 0.5013888888888889 0.571875 0.5013888888888889 0.57734375 0.5055555555555555 0.57734375 0.5111111111111111 0.575 0.5152777777777777 0.56640625 0.5180555555555556 0.5515625 0.5166666666666667 0.55234375 0.5041666666666667 0.5578125 0.5013888888888889
2 0.09140625 0.8875 0.09921875 0.8972222222222223 0.1015625 0.9222222222222223 0.1015625 0.9458333333333333 0.096875 0.9708333333333333 0.09765625 0.9763888888888889 0.06640625 0.9805555555555555 0.05703125 0.9805555555555555 0.05546875 0.9763888888888889 0.05625 0.9597222222222223 0.05390625 0.9555555555555556 0.05234375 0.9347222222222222 0.05703125 0.9097222222222222 0.05625 0.9027777777777778 0.07109375 0.8888888888888888 0.08125 0.8861111111111111 0.090625 0.8875
1 0.7453125 0.4791666666666667 0.753125 0.4847222222222222 0.7765625 0.4847222222222222 0.796875 0.49722222222222223 0.8109375 0.5236111111111111 0.8171875 0.5291666666666667 0.81875 0.5472222222222223 0.815625 0.55 0.80546875 0.55 0.79140625 0.5375 0.78203125 0.5333333333333333 0.73828125 0.5319444444444444 0.734375 0.5291666666666667 0.7328125 0.5263888888888889 0.7328125 0.5152777777777777 0.73671875 0.49166666666666664 0.740625 0.4791666666666667 0.74453125 0.4791666666666667
1 0.428125 0.4708333333333333 0.4375 0.4847222222222222 0.4453125 0.5083333333333333 0.45 0.5083333333333333 0.453125 0.5125 0.43828125 0.5236111111111111 0.4296875 0.5402777777777777 0.42109375 0.5930555555555556 0.40390625 0.5916666666666667 0.396875 0.5777777777777777 0.3953125 0.5652777777777778 0.38515625 0.5333333333333333 0.38046875 0.5236111111111111 0.3765625 0.5222222222222223 0.37109375 0.5138888888888888 0.38203125 0.4736111111111111 0.3859375 0.46944444444444444 0.42421875 0.46805555555555556 0.42734375 0.4708333333333333
1 0.4734375 0.6138888888888889 0.4796875 0.6166666666666667 0.4875 0.6319444444444444 0.4875 0.6361111111111111 0.428125 0.6402777777777777 0.42265625 0.6472222222222223 0.41875 0.6611111111111111 0.415625 0.6625 0.41484375 0.6680555555555555 0.4125 0.6694444444444444 0.41015625 0.6680555555555555 0.4109375 0.65 0.4140625 0.6347222222222222 0.41953125 0.6222222222222222 0.42421875 0.6180555555555556 0.47265625 0.6138888888888889
1 0.2328125 0.3958333333333333 0.240625 0.4013888888888889 0.24296875 0.41944444444444445 0.24765625 0.42777777777777776 0.2515625 0.42916666666666664 0.2515625 0.43472222222222223 0.24453125 0.4388888888888889 0.24296875 0.4305555555555556 0.23671875 0.4222222222222222 0.21953125 0.42083333333333334 0.20390625 0.4263888888888889 0.19921875 0.4375 0.1921875 0.44583333333333336 0.1875 0.4375 0.18671875 0.43194444444444446 0.19296875 0.4236111111111111 0.19765625 0.4 0.2109375 0.39305555555555555 0.22890625 0.39305555555555555 0.23203125 0.3958333333333333
1 0.3890625 0.5763888888888888 0.39375 0.5791666666666667 0.40078125 0.5916666666666667 0.4109375 0.6319444444444444 0.4109375 0.6458333333333334 0.40546875 0.6916666666666667 0.4046875 0.7236111111111111 0.396875 0.7333333333333333 0.365625 0.7305555555555555 0.34921875 0.7513888888888889 0.34453125 0.7513888888888889 0.33515625 0.7416666666666667 0.32421875 0.7375 0.32109375 0.7291666666666666 0.321875 0.6916666666666667 0.3203125 0.6847222222222222 0.32265625 0.6625 0.31640625 0.6402777777777777 0.3171875 0.6152777777777778 0.3234375 0.5902777777777778 0.32890625 0.5805555555555556 0.36875 0.5736111111111111 0.38828125 0.5763888888888888
1 0.51796875 0.35833333333333334 0.5296875 0.33194444444444443 0.55078125 0.33194444444444443 0.55234375 0.3347222222222222 0.54453125 0.3611111111111111 0.54375 0.38472222222222224 0.54140625 0.3902777777777778 0.5234375 0.3861111111111111 0.51875 0.37222222222222223 0.51875 0.3597222222222222
1 0.10234375 0.30833333333333335 0.128125 0.3111111111111111 0.13828125 0.31527777777777777 0.153125 0.33055555555555555 0.17265625 0.3416666666666667 0.17578125 0.3472222222222222 0.17734375 0.35833333333333334 0.1703125 0.36527777777777776 0.15625 0.3736111111111111 0.14453125 0.37222222222222223 0.13984375 0.3763888888888889 0.13359375 0.375 0.12265625 0.3638888888888889 0.11640625 0.36944444444444446 0.10234375 0.36944444444444446 0.096875 0.3625 0.090625 0.3638888888888889 0.08515625 0.3597222222222222 0.06796875 0.35555555555555557 0.065625 0.3486111111111111 0.06484375 0.3333333333333333 0.0703125 0.31805555555555554 0.08046875 0.3111111111111111 0.1015625 0.30833333333333335
1 0.5 0.34444444444444444 0.51328125 0.3638888888888889 0.51640625 0.375 0.51640625 0.3875 0.50859375 0.39166666666666666 0.50390625 0.39861111111111114 0.49609375 0.41944444444444445 0.47734375 0.42916666666666664 0.4734375 0.42777777777777776 0.46953125 0.42083333333333334 0.46640625 0.40694444444444444 0.46875 0.3902777777777778 0.4671875 0.37916666666666665 0.4734375 0.35833333333333334 0.48046875 0.3486111111111111 0.484375 0.35138888888888886 0.4984375 0.35138888888888886 0.50078125 0.3486111111111111 0.5 0.3458333333333333
1 0.62734375 0.3861111111111111 0.64453125 0.3888888888888889 0.65078125 0.39305555555555555 0.66171875 0.4041666666666667 0.67109375 0.42083333333333334 0.6703125 0.42777777777777776 0.6734375 0.4361111111111111 0.6734375 0.44305555555555554 0.66875 0.4625 0.66484375 0.4708333333333333 0.6578125 0.4708333333333333 0.63984375 0.45 0.61953125 0.44583333333333336 0.609375 0.44166666666666665 0.60625 0.4375 0.60546875 0.4166666666666667 0.61171875 0.39444444444444443 0.61953125 0.3861111111111111 0.6265625 0.3861111111111111
1 0.35390625 0.42777777777777776 0.35859375 0.43472222222222223 0.359375 0.44027777777777777 0.34921875 0.4666666666666667 0.34609375 0.5125 0.32578125 0.5138888888888888 0.3171875 0.5194444444444445 0.31328125 0.5180555555555556 0.30625 0.5 0.3078125 0.4666666666666667 0.30625 0.4583333333333333 0.3109375 0.4513888888888889 0.31328125 0.4361111111111111 0.3171875 0.43194444444444446 0.33125 0.42777777777777776 0.353125 0.42777777777777776
1 0.3203125 0.3458333333333333 0.325 0.35 0.33359375 0.37777777777777777 0.33515625 0.4027777777777778 0.33125 0.4097222222222222 0.328125 0.40555555555555556 0.32265625 0.38055555555555554 0.31640625 0.37222222222222223 0.30703125 0.36944444444444446 0.2921875 0.37083333333333335 0.28984375 0.3680555555555556 0.29296875 0.35 0.29609375 0.3472222222222222 0.31953125 0.3458333333333333
1 0.23203125 0.42083333333333334 0.24140625 0.42777777777777776 0.246875 0.4527777777777778 0.25234375 0.45694444444444443 0.2515625 0.4638888888888889 0.246875 0.4625 0.2453125 0.45694444444444443 0.23828125 0.45 0.21328125 0.45 0.2046875 0.45416666666666666 0.1953125 0.475 0.19296875 0.4736111111111111 0.18828125 0.4583333333333333 0.203125 0.4263888888888889 0.21953125 0.42083333333333334 0.23125 0.42083333333333334
1 0.29453125 0.26805555555555555 0.29609375 0.25972222222222224 0.3 0.25416666666666665 0.32109375 0.25277777777777777 0.32578125 0.2722222222222222 0.32578125 0.28194444444444444 0.321875 0.29305555555555557 0.31796875 0.2972222222222222 0.3140625 0.2986111111111111 0.31015625 0.2916666666666667 0.30546875 0.27361111111111114 0.2953125 0.26944444444444443
1 0.81484375 0.6888888888888889 0.82890625 0.6916666666666667 0.83828125 0.7 0.85234375 0.7208333333333333 0.86015625 0.7430555555555556 0.871875 0.7666666666666667 0.8828125 0.7652777777777777 0.88671875 0.7680555555555556 0.8875 0.7722222222222223 0.88359375 0.7833333333333333 0.88359375 0.7958333333333333 0.8953125 0.825 0.8984375 0.8444444444444444 0.89765625 0.8833333333333333 0.89453125 0.9027777777777778 0.89140625 0.9069444444444444 0.83828125 0.9 0.83515625 0.8944444444444445 0.821875 0.8902777777777777 0.79453125 0.8402777777777778 0.77734375 0.8277777777777777 0.73984375 0.8194444444444444 0.734375 0.8097222222222222 0.73359375 0.7819444444444444 0.7359375 0.7444444444444445 0.740625 0.7222222222222222 0.75625 0.6916666666666667 0.8140625 0.6888888888888889
1 0.5296875 0.39166666666666666 0.540625 0.3972222222222222 0.55078125 0.41944444444444445 0.55390625 0.44166666666666665 0.55390625 0.4638888888888889 0.55234375 0.46805555555555556 0.546875 0.4708333333333333 0.5359375 0.46805555555555556 0.52421875 0.44583333333333336 0.521875 0.43194444444444446 0.51796875 0.43472222222222223 0.51484375 0.45 0.515625 0.4583333333333333 0.5109375 0.46944444444444444 0.50625 0.4708333333333333 0.496875 0.4583333333333333 0.49609375 0.4166666666666667 0.4984375 0.40694444444444444 0.50859375 0.39166666666666666 0.52890625 0.39166666666666666
1 0.253125 0.4791666666666667 0.26015625 0.4847222222222222 0.26171875 0.4930555555555556 0.26015625 0.4986111111111111 0.2171875 0.5027777777777778 0.20625 0.5097222222222222 0.20078125 0.5333333333333333 0.19921875 0.5652777777777778 0.19609375 0.5708333333333333 0.19140625 0.5263888888888889 0.2 0.5166666666666667 0.2015625 0.5055555555555555 0.2078125 0.49444444444444446 0.21171875 0.48194444444444445 0.22421875 0.4777777777777778 0.25234375 0.4791666666666667
1 0.015625 0.3055555555555556 0.02734375 0.3138888888888889 0.03515625 0.3125 0.04921875 0.3263888888888889 0.06171875 0.3333333333333333 0.0640625 0.3416666666666667 0.0640625 0.35555555555555557 0.06015625 0.3625 0.05546875 0.36527777777777776 0.0375 0.36527777777777776 0.03359375 0.35555555555555557 0.03359375 0.3486111111111111 0.03046875 0.34305555555555556 0.025 0.34444444444444444 0.0203125 0.3388888888888889 0.01328125 0.33611111111111114 0 0.3402777777777778 0 0.30833333333333335 0.01484375 0.3055555555555556
1 0.93515625 0.7152777777777778 0.97109375 0.7194444444444444 0.990625 0.7263888888888889 0.99921875 0.7361111111111112 0.99921875 0.7722222222222223 0.99609375 0.775 0.996875 0.7833333333333333 0.9953125 0.7888888888888889 0.99609375 0.7944444444444444 0.99921875 0.7986111111111112 0.99921875 0.8416666666666667 0.99375 0.8458333333333333 0.99609375 0.8527777777777777 0.996875 0.8680555555555556 0.99921875 0.8708333333333333 0.99921875 0.8986111111111111 0.9875 0.9 0.96171875 0.8958333333333334 0.95 0.9041666666666667 0.94140625 0.9 0.9375 0.8930555555555556 0.9328125 0.8763888888888889 0.90390625 0.8569444444444444 0.9 0.85 0.89375 0.8166666666666667 0.88515625 0.7902777777777777 0.88828125 0.7722222222222223 0.8875 0.7597222222222222 0.890625 0.7486111111111111 0.89921875 0.7402777777777778 0.90078125 0.7333333333333333 0.91171875 0.7208333333333333 0.934375 0.7152777777777778
1 0.5125 0.25833333333333336 0.51171875 0.2638888888888889 0.50859375 0.25972222222222224 0.50625 0.26805555555555555 0.52109375 0.2722222222222222 0.525 0.2791666666666667 0.5265625 0.2902777777777778 0.5234375 0.29305555555555557 0.51328125 0.29305555555555557 0.51171875 0.29583333333333334 0.51015625 0.30833333333333335 0.5109375 0.34444444444444444 0.50625 0.34444444444444444 0.49375 0.3347222222222222 0.49296875 0.3013888888888889 0.49140625 0.29444444444444445 0.49453125 0.2763888888888889 0.5 0.2652777777777778 0.5046875 0.25833333333333336 0.51171875 0.25833333333333336
1 0.47265625 0.5208333333333334 0.49140625 0.5208333333333334 0.4984375 0.525 0.5046875 0.5347222222222222 0.515625 0.5666666666666667 0.51484375 0.5708333333333333 0.50546875 0.5805555555555556 0.5 0.6125 0.49921875 0.6319444444444444 0.49453125 0.6361111111111111 0.4890625 0.6333333333333333 0.4796875 0.6152777777777778 0.47265625 0.6111111111111112 0.434375 0.6152777777777778 0.425 0.6152777777777778 0.4234375 0.6111111111111112 0.42265625 0.5972222222222222 0.4265625 0.5597222222222222 0.4328125 0.5347222222222222 0.4390625 0.525 0.44609375 0.5208333333333334 0.471875 0.5208333333333334
1 0.8515625 0.5597222222222222 0.87109375 0.5694444444444444 0.878125 0.5805555555555556 0.88359375 0.5986111111111111 0.89296875 0.6097222222222223 0.89296875 0.6222222222222222 0.8984375 0.6569444444444444 0.89765625 0.6819444444444445 0.89375 0.6888888888888889 0.85390625 0.6847222222222222 0.85078125 0.6722222222222223 0.85078125 0.6402777777777777 0.8484375 0.6152777777777778 0.84453125 0.6069444444444444 0.8375 0.5736111111111111 0.83359375 0.5666666666666667 0.834375 0.5611111111111111 0.83828125 0.5583333333333333 0.85078125 0.5597222222222222
1 0.31171875 0.3194444444444444 0.31640625 0.3236111111111111 0.32109375 0.3333333333333333 0.32109375 0.3486111111111111 0.31171875 0.3458333333333333 0.296875 0.3486111111111111 0.2921875 0.35555555555555557 0.290625 0.36666666666666664 0.2859375 0.36944444444444446 0.27890625 0.3680555555555556 0.278125 0.36527777777777776 0.27890625 0.3375 0.2828125 0.3236111111111111 0.28515625 0.3194444444444444 0.29453125 0.31666666666666665 0.3078125 0.31666666666666665 0.3109375 0.3194444444444444
1 0.34140625 0.23194444444444445 0.3453125 0.24166666666666667 0.34453125 0.25277777777777777 0.34140625 0.2652777777777778 0.33671875 0.26666666666666666 0.33125 0.27361111111111114 0.32734375 0.2722222222222222 0.32421875 0.2652777777777778 0.321875 0.2513888888888889 0.3234375 0.2388888888888889 0.3265625 0.23333333333333334 0.340625 0.23194444444444445
1 0.4671875 0.3055555555555556 0.47734375 0.30972222222222223 0.48046875 0.3138888888888889 0.48515625 0.33611111111111114 0.475 0.34305555555555556 0.46953125 0.36666666666666664 0.46328125 0.3736111111111111 0.46015625 0.36944444444444446 0.453125 0.3472222222222222 0.446875 0.3402777777777778 0.44453125 0.33194444444444443 0.44375 0.31666666666666665 0.44921875 0.30694444444444446 0.46640625 0.3055555555555556
1 0.39609375 0.44166666666666665 0.40390625 0.44722222222222224 0.4078125 0.45416666666666666 0.409375 0.4652777777777778 0.38359375 0.4708333333333333 0.38046875 0.47638888888888886 0.371875 0.5111111111111111 0.36953125 0.5152777777777777 0.3578125 0.5166666666666667 0.34921875 0.5138888888888888 0.34765625 0.5069444444444444 0.3484375 0.4736111111111111 0.3578125 0.4444444444444444 0.3625 0.44027777777777777 0.3953125 0.44166666666666665
1 0.25625 0.25416666666666665 0.26171875 0.2569444444444444 0.26796875 0.26944444444444443 0.26484375 0.2833333333333333 0.2578125 0.29305555555555557 0.24921875 0.2847222222222222 0.24453125 0.275 0.2359375 0.2722222222222222 0.2328125 0.26805555555555555 0.23359375 0.2625 0.23828125 0.25555555555555554 0.25546875 0.25416666666666665
1 0.23828125 0.45 0.24453125 0.45555555555555555 0.25 0.47638888888888886 0.21328125 0.48055555555555557 0.20234375 0.5069444444444444 0.20078125 0.5222222222222223 0.19375 0.525 0.19375 0.5333333333333333 0.19765625 0.5430555555555555 0.196875 0.55 0.19453125 0.55 0.19453125 0.5458333333333333 0.1921875 0.5430555555555555 0.190625 0.5027777777777778 0.1875 0.49583333333333335 0.18828125 0.4888888888888889 0.19453125 0.48194444444444445 0.19765625 0.46944444444444444 0.20625 0.45416666666666666 0.2375 0.45
1 0.7453125 0.8236111111111111 0.77265625 0.8277777777777777 0.78828125 0.8375 0.80078125 0.8513888888888889 0.82421875 0.9 0.83046875 0.9 0.8328125 0.9041666666666667 0.83046875 0.9069444444444444 0.82734375 0.9027777777777778 0.821875 0.9138888888888889 0.8109375 0.9180555555555555 0.8046875 0.925 0.79765625 0.9513888888888888 0.79375 0.9569444444444445 0.7953125 0.9625 0.79453125 0.9736111111111111 0.78984375 0.9875 0.7375 0.9958333333333333 0.7125 0.9944444444444445 0.71171875 0.9791666666666666 0.70625 0.9569444444444445 0.70703125 0.9513888888888888 0.703125 0.9166666666666666 0.69921875 0.9 0.6921875 0.8847222222222222 0.68671875 0.8805555555555555 0.671875 0.8791666666666667 0.66953125 0.8763888888888889 0.66953125 0.8722222222222222 0.68515625 0.8458333333333333 0.69609375 0.8333333333333334 0.74453125 0.8236111111111111
1 0.234375 0.35833333333333334 0.2390625 0.375 0.24609375 0.3819444444444444 0.24375 0.39166666666666666 0.24453125 0.42083333333333334 0.2390625 0.4 0.22890625 0.39305555555555555 0.20859375 0.39305555555555555 0.2 0.3972222222222222 0.19609375 0.4041666666666667 0.19453125 0.39861111111111114 0.19453125 0.38055555555555554 0.2 0.3597222222222222 0.21171875 0.35694444444444445 0.23359375 0.35833333333333334
1 0.63203125 0.4486111111111111 0.646875 0.45694444444444443 0.66171875 0.47638888888888886 0.6640625 0.4875 0.6703125 0.4930555555555556 0.67109375 0.49722222222222223 0.66953125 0.5 0.6578125 0.5027777777777778 0.60859375 0.5041666666666667 0.60546875 0.5083333333333333 0.60234375 0.5194444444444445 0.590625 0.5166666666666667 0.58828125 0.5111111111111111 0.58828125 0.4847222222222222 0.596875 0.4527777777777778 0.60625 0.4444444444444444 0.63125 0.4486111111111111
1 0.3625 0.8236111111111111 0.36953125 0.8263888888888888 0.3703125 0.8305555555555556 0.36015625 0.8347222222222223 0.34921875 0.8486111111111111 0.340625 0.8527777777777777 0.3296875 0.8736111111111111 0.32734375 0.9333333333333333 0.32578125 0.9375 0.3265625 0.9694444444444444 0.32421875 0.9833333333333333 0.32578125 0.9944444444444445 0.31640625 0.9958333333333333 0.31484375 0.9986111111111111 0.28359375 0.9986111111111111 0.28203125 0.9958333333333333 0.28046875 0.9569444444444445 0.28125 0.9486111111111111 0.284375 0.9444444444444444 0.2828125 0.9180555555555555 0.2875 0.8680555555555556 0.29609375 0.8388888888888889 0.30234375 0.8291666666666667 0.3140625 0.825 0.36171875 0.8236111111111111
1 0.84921875 0.9111111111111111 0.9046875 0.9138888888888889 0.915625 0.925 0.925 0.9416666666666667 0.9296875 0.9458333333333333 0.9359375 0.9694444444444444 0.93671875 0.9791666666666666 0.9296875 0.9805555555555555 0.921875 0.9708333333333333 0.91015625 0.9680555555555556 0.909375 0.9833333333333333 0.9109375 0.9902777777777778 0.9171875 0.9944444444444445 0.90390625 0.9986111111111111 0.859375 0.9930555555555556 0.84921875 0.9958333333333333 0.815625 0.9958333333333333 0.80078125 0.9944444444444445 0.7921875 0.9902777777777778 0.796875 0.9694444444444444 0.7984375 0.9513888888888888 0.80703125 0.9236111111111112 0.8265625 0.9138888888888889 0.8484375 0.9111111111111111
1 0.35859375 0.23333333333333334 0.36015625 0.21944444444444444 0.3625 0.2152777777777778 0.36796875 0.2111111111111111 0.3765625 0.21388888888888888 0.378125 0.2222222222222222 0.37265625 0.24166666666666667 0.36171875 0.24166666666666667 0.359375 0.23472222222222222
1 0.36953125 0.5180555555555556 0.3796875 0.5263888888888889 0.3875 0.5430555555555555 0.39375 0.5666666666666667 0.39375 0.5777777777777777 0.38515625 0.5736111111111111 0.365625 0.5722222222222222 0.328125 0.5791666666666667 0.32109375 0.5916666666666667 0.31484375 0.6194444444444445 0.3140625 0.6319444444444444 0.31171875 0.6152777777777778 0.31171875 0.5777777777777777 0.3203125 0.5291666666666667 0.3265625 0.5208333333333334 0.36875 0.5180555555555556
1 0.4390625 0.24861111111111112 0.44296875 0.25416666666666665 0.4375 0.25972222222222224 0.4359375 0.26666666666666666 0.44296875 0.2722222222222222 0.4453125 0.28194444444444444 0.44140625 0.28194444444444444 0.440625 0.275 0.43828125 0.2722222222222222 0.43359375 0.2722222222222222 0.425 0.2763888888888889 0.4234375 0.2791666666666667 0.425 0.28194444444444444 0.421875 0.2875 0.41796875 0.2875 0.4171875 0.2847222222222222 0.41640625 0.25972222222222224 0.41875 0.25277777777777777 0.42578125 0.24722222222222223 0.43828125 0.24861111111111112
1 0.10546875 0.25416666666666665 0.1140625 0.2611111111111111 0.11953125 0.275 0.121875 0.2847222222222222 0.121875 0.3055555555555556 0.1203125 0.30833333333333335 0.084375 0.30833333333333335 0.07890625 0.30416666666666664 0.07734375 0.2972222222222222 0.078125 0.28194444444444444 0.0859375 0.2625 0.09296875 0.25416666666666665 0.1046875 0.25416666666666665
1 0.240625 0.4777777777777778 0.25234375 0.4791666666666667 0.259375 0.48333333333333334 0.26171875 0.4930555555555556 0.2609375 0.49722222222222223 0.221875 0.5013888888888889 0.21015625 0.5055555555555555 0.20546875 0.5055555555555555 0.20546875 0.5027777777777778 0.21328125 0.48194444444444445 0.23984375 0.4777777777777778
1 0.49296875 0.3388888888888889 0.50234375 0.34444444444444444 0.50546875 0.3486111111111111 0.50625 0.3541666666666667 0.484375 0.3527777777777778 0.471875 0.36666666666666664 0.46953125 0.3736111111111111 0.47421875 0.34444444444444444 0.48359375 0.3388888888888889 0.4921875 0.3388888888888889
1 0.43203125 0.6319444444444444 0.4390625 0.6388888888888888 0.4875 0.6375 0.4953125 0.6472222222222223 0.50859375 0.6888888888888889 0.51484375 0.6972222222222222 0.521875 0.6930555555555555 0.52421875 0.6986111111111111 0.5234375 0.7055555555555556 0.51171875 0.7138888888888889 0.471875 0.7111111111111111 0.44921875 0.7180555555555556 0.44296875 0.7333333333333333 0.440625 0.7486111111111111 0.43359375 0.7680555555555556 0.434375 0.7777777777777778 0.43125 0.8097222222222222 0.43046875 0.7972222222222223 0.425 0.7888888888888889 0.4203125 0.7930555555555555 0.41484375 0.7930555555555555 0.4125 0.7888888888888889 0.41015625 0.7305555555555555 0.4078125 0.7166666666666667 0.4078125 0.6861111111111111 0.4109375 0.6569444444444444 0.41796875 0.6597222222222222 0.43125 0.6333333333333333
1 0.50390625 0.7125 0.515625 0.7166666666666667 0.53359375 0.7430555555555556 0.55234375 0.7986111111111112 0.55390625 0.8277777777777777 0.54765625 0.8277777777777777 0.525 0.8180555555555555 0.43203125 0.8152777777777778 0.43046875 0.7944444444444444 0.43359375 0.7888888888888889 0.43515625 0.7694444444444445 0.43828125 0.7652777777777777 0.440625 0.7541666666666667 0.44140625 0.7388888888888889 0.4484375 0.7208333333333333 0.465625 0.7138888888888889 0.503125 0.7125
1 0.4546875 0.2569444444444444 0.46328125 0.2638888888888889 0.4703125 0.28055555555555556 0.4703125 0.2847222222222222 0.4640625 0.2916666666666667 0.44921875 0.28888888888888886 0.44453125 0.27361111111111114 0.43671875 0.26666666666666666 0.44296875 0.25555555555555554 0.45390625 0.2569444444444444
1 0.58515625 0.5166666666666667 0.59921875 0.5208333333333334 0.60546875 0.5291666666666667 0.60703125 0.5708333333333333 0.60546875 0.5944444444444444 0.60390625 0.5958333333333333 0.57421875 0.5722222222222222 0.54296875 0.5694444444444444 0.53984375 0.5666666666666667 0.5390625 0.5597222222222222 0.5421875 0.5361111111111111 0.55 0.5194444444444445 0.584375 0.5166666666666667
1 0.59765625 0.375 0.60625 0.38472222222222224 0.609375 0.3972222222222222 0.609375 0.4041666666666667 0.60390625 0.4166666666666667 0.60546875 0.4388888888888889 0.5984375 0.44583333333333336 0.5671875 0.44305555555555554 0.5625 0.4388888888888889 0.56015625 0.41805555555555557 0.56328125 0.39444444444444443 0.5734375 0.3763888888888889 0.58125 0.3736111111111111 0.596875 0.375
1 0.565625 0.33055555555555555 0.57734375 0.3333333333333333 0.58515625 0.3388888888888889 0.59453125 0.36666666666666664 0.5921875 0.37083333333333335 0.57265625 0.3763888888888889 0.5609375 0.3972222222222222 0.5609375 0.4041666666666667 0.5578125 0.41388888888888886 0.54921875 0.4111111111111111 0.5453125 0.4041666666666667 0.54296875 0.3875 0.54609375 0.35555555555555557 0.55234375 0.33611111111111114 0.55703125 0.32916666666666666 0.56484375 0.33055555555555555
1 0.40859375 0.19722222222222222 0.415625 0.20555555555555555 0.41640625 0.22083333333333333 0.4125 0.22916666666666666 0.4078125 0.23194444444444445 0.40078125 0.23055555555555557 0.3984375 0.2263888888888889 0.3953125 0.20555555555555555 0.39921875 0.1986111111111111 0.4078125 0.19722222222222222
1 0.315625 0.7430555555555556 0.33828125 0.7486111111111111 0.3453125 0.7638888888888888 0.35703125 0.8083333333333333 0.36171875 0.8152777777777778 0.365625 0.8138888888888889 0.36953125 0.8180555555555555 0.36328125 0.8236111111111111 0.31875 0.8222222222222222 0.30234375 0.8277777777777777 0.2953125 0.8402777777777778 0.2875 0.8652777777777778 0.28203125 0.9347222222222222 0.2796875 0.9402777777777778 0.2734375 0.9444444444444444 0.26875 0.9444444444444444 0.2671875 0.9388888888888889 0.2640625 0.9013888888888889 0.2609375 0.8944444444444445 0.25859375 0.8777777777777778 0.2578125 0.8388888888888889 0.2546875 0.8305555555555556 0.25546875 0.8222222222222222 0.2625 0.8138888888888889 0.2609375 0.8097222222222222 0.2640625 0.775 0.26796875 0.7583333333333333 0.2734375 0.75 0.2859375 0.7458333333333333 0.31484375 0.7430555555555556
1 0.675 0.44166666666666665 0.678125 0.4388888888888889 0.69765625 0.4388888888888889 0.71953125 0.4444444444444444 0.73046875 0.45555555555555555 0.73828125 0.48194444444444445 0.7328125 0.5166666666666667 0.73046875 0.5222222222222223 0.7234375 0.5222222222222223 0.7 0.5055555555555555 0.6796875 0.49722222222222223 0.66796875 0.4875 0.66640625 0.4791666666666667 0.66640625 0.46805555555555556 0.675 0.44305555555555554
1 0.66796875 0.8777777777777778 0.671875 0.8805555555555555 0.6859375 0.8791666666666667 0.696875 0.8888888888888888 0.7046875 0.9319444444444445 0.70625 0.9611111111111111 0.70390625 0.9666666666666667 0.71328125 0.9944444444444445 0.7125 0.9986111111111111 0.684375 0.9986111111111111 0.67265625 0.9819444444444444 0.66875 0.9708333333333333 0.66015625 0.9666666666666667 0.64453125 0.9430555555555555 0.60859375 0.8972222222222223 0.60859375 0.8875 0.615625 0.8819444444444444 0.625 0.8833333333333333 0.6671875 0.8777777777777778
0 0.5046875 0.8180555555555555 0.52890625 0.8208333333333333 0.546875 0.8291666666666667 0.54921875 0.8277777777777777 0.5734375 0.8513888888888889 0.58125 0.8555555555555555 0.6015625 0.8916666666666667 0.65 0.9527777777777777 0.66015625 0.9722222222222222 0.66484375 0.9736111111111111 0.67890625 0.9902777777777778 0.68125 0.9986111111111111 0.6328125 0.9986111111111111 0.6265625 0.9930555555555556 0.6234375 0.9930555555555556 0.61953125 0.9986111111111111 0.57421875 0.9986111111111111 0.571875 0.9944444444444445 0.5671875 0.9944444444444445 0.56328125 0.9986111111111111 0.5234375 0.9986111111111111 0.515625 0.9944444444444445 0.51171875 0.9986111111111111 0.49765625 0.9986111111111111 0.4890625 0.9944444444444445 0.49453125 0.9902777777777778 0.48828125 0.9875 0.46875 0.9888888888888889 0.4578125 0.9944444444444445 0.42890625 0.9930555555555556 0.403125 0.9986111111111111 0.328125 0.9986111111111111 0.3265625 0.9819444444444444 0.328125 0.9527777777777777 0.32734375 0.9166666666666666 0.33203125 0.8736111111111111 0.3359375 0.8611111111111112 0.33984375 0.8555555555555555 0.34921875 0.85 0.3625 0.8361111111111111 0.3921875 0.8263888888888888 0.453125 0.8180555555555555 0.50390625 0.8180555555555555