3 0.44609375 0.1638888888888889 0.45 0.1763888888888889 0.44921875 0.20555555555555555 0.44765625 0.2111111111111111 0.43671875 0.21805555555555556 0.42734375 0.21666666666666667 0.4265625 0.19444444444444445 0.428125 0.175 0.43203125 0.16527777777777777 0.4453125 0.1638888888888889
3 0.39296875 0.39166666666666666 0.40234375 0.3958333333333333 0.41328125 0.41388888888888886 0.41640625 0.4236111111111111 0.41640625 0.4486111111111111 0.41796875 0.45555555555555555 0.41640625 0.5041666666666667 0.4171875 0.5152777777777777 0.421875 0.5277777777777778 0.42109375 0.5388888888888889 0.41875 0.5402777777777777 0.41484375 0.5375 0.41328125 0.5305555555555556 0.40234375 0.5152777777777777 0.396875 0.5111111111111111 0.34921875 0.5152777777777777 0.32734375 0.5222222222222223 0.32890625 0.5194444444444445 0.32890625 0.49027777777777776 0.328125 0.48194444444444445 0.32578125 0.4777777777777778 0.3265625 0.4722222222222222 0.32265625 0.4666666666666667 0.321875 0.4583333333333333 0.3234375 0.4527777777777778 0.321875 0.44583333333333336 0.32421875 0.4375 0.3234375 0.42916666666666664 0.3265625 0.41805555555555557 0.32578125 0.39861111111111114 0.340625 0.39305555555555555 0.36953125 0.39444444444444443 0.3921875 0.39166666666666666
3 0.4578125 0.2625 0.49453125 0.2625 0.50234375 0.26805555555555555 0.50625 0.2777777777777778 0.50390625 0.30416666666666664 0.50390625 0.3388888888888889 0.5015625 0.3472222222222222 0.4640625 0.3416666666666667 0.45859375 0.3388888888888889 0.45625 0.33194444444444443 0.4578125 0.2638888888888889
2 0.675 0.6569444444444444 0.68671875 0.6569444444444444 0.69375 0.6638888888888889 0.68984375 0.675 0.6859375 0.7166666666666667 0.68203125 0.7208333333333333 0.67421875 0.6930555555555555 0.675 0.6583333333333333
2 0.078125 0.5527777777777778 0.08125 0.5597222222222222 0.08125 0.5708333333333333 0.08359375 0.575 0.08359375 0.6027777777777777 0.0828125 0.6111111111111112 0.075 0.6194444444444445 0.0703125 0.6180555555555556 0.0671875 0.6041666666666666 0.065625 0.5652777777777778 0.0671875 0.5555555555555556 0.07734375 0.5527777777777778
2 0.14375 0.32083333333333336 0.14765625 0.33194444444444443 0.1484375 0.34444444444444444 0.1453125 0.35833333333333334 0.140625 0.36666666666666664 0.1359375 0.36527777777777776 0.1296875 0.3541666666666667 0.128125 0.32916666666666666 0.1296875 0.3236111111111111 0.134375 0.325 0.14296875 0.32083333333333336
2 0.0671875 0.38055555555555554 0.0703125 0.38333333333333336 0.071875 0.3972222222222222 0.071875 0.4236111111111111 0.06953125 0.4305555555555556 0.0671875 0.43333333333333335 0.0640625 0.43194444444444446 0.05859375 0.3958333333333333 0.05859375 0.3888888888888889 0.06640625 0.3819444444444444
2 0.82734375 0.7305555555555555 0.834375 0.7333333333333333 0.83984375 0.7402777777777778 0.8484375 0.7694444444444445 0.8453125 0.7930555555555555 0.8453125 0.8222222222222222 0.8421875 0.8347222222222223 0.8390625 0.8388888888888889 0.83125 0.8375 0.80390625 0.8027777777777778 0.80625 0.8 0.8046875 0.7888888888888889 0.80703125 0.7680555555555556 0.81953125 0.7569444444444444 0.8203125 0.7361111111111112 0.8265625 0.7305555555555555
2 0.17421875 0.6277777777777778 0.17578125 0.6333333333333333 0.1734375 0.6625 0.17578125 0.6736111111111112 0.17578125 0.6972222222222222 0.17109375 0.7069444444444445 0.1640625 0.7069444444444445 0.16171875 0.7097222222222223 0.1578125 0.7097222222222223 0.15390625 0.6986111111111111 0.153125 0.6847222222222222 0.1546875 0.6777777777777778 0.1515625 0.6652777777777777 0.15078125 0.6361111111111111 0.15625 0.6277777777777778 0.1734375 0.6277777777777778
2 0.58125 0.5763888888888888 0.5875 0.5791666666666667 0.59296875 0.5972222222222222 0.59296875 0.6125 0.590625 0.625 0.5875 0.6291666666666667 0.58046875 0.6291666666666667 0.571875 0.6180555555555556 0.57109375 0.5916666666666667 0.575 0.5805555555555556 0.58046875 0.5777777777777777
2 0.07734375 0.37083333333333335 0.08125 0.37222222222222223 0.084375 0.37777777777777777 0.09140625 0.4152777777777778 0.090625 0.4305555555555556 0.07421875 0.43194444444444446 0.07109375 0.42777777777777776 0.06875 0.38333333333333336 0.07109375 0.37777777777777777 0.07734375 0.37222222222222223
2 0.11015625 0.5944444444444444 0.1125 0.5986111111111111 0.1125 0.625 0.11484375 0.6430555555555556 0.10859375 0.6652777777777777 0.10546875 0.6652777777777777 0.0984375 0.6569444444444444 0.09609375 0.6486111111111111 0.09609375 0.6305555555555555 0.09921875 0.5972222222222222 0.1015625 0.5930555555555556 0.109375 0.5944444444444444
2 0.12265625 0.5263888888888889 0.128125 0.5291666666666667 0.13046875 0.5347222222222222 0.1328125 0.5458333333333333 0.13359375 0.5736111111111111 0.121875 0.5861111111111111 0.11640625 0.5722222222222222 0.1140625 0.5430555555555555 0.11640625 0.5305555555555556 0.121875 0.5277777777777778
2 0.615625 0.5513888888888889 0.62265625 0.5555555555555556 0.62421875 0.5611111111111111 0.62421875 0.6055555555555555 0.62265625 0.6097222222222223 0.61875 0.6111111111111112 0.61796875 0.6152777777777778 0.61953125 0.6194444444444445 0.615625 0.6194444444444445 0.61328125 0.6138888888888889 0.609375 0.6152777777777778 0.60859375 0.6111111111111112 0.609375 0.5847222222222223 0.6078125 0.5569444444444445 0.60859375 0.5527777777777778 0.61484375 0.5513888888888889
2 0.128125 0.46111111111111114 0.13203125 0.46805555555555556 0.13359375 0.5055555555555555 0.128125 0.5013888888888889 0.1234375 0.4861111111111111 0.11953125 0.4861111111111111 0.11796875 0.4930555555555556 0.11484375 0.49444444444444446 0.11484375 0.4638888888888889 0.11875 0.4583333333333333 0.12578125 0.4583333333333333 0.12734375 0.46111111111111114
2 0.71640625 0.6875 0.72578125 0.7013888888888888 0.72421875 0.7125 0.72421875 0.7472222222222222 0.7234375 0.7541666666666667 0.72109375 0.7555555555555555 0.69765625 0.7541666666666667 0.69453125 0.7513888888888889 0.69453125 0.7319444444444444 0.69765625 0.7125 0.71328125 0.6875 0.715625 0.6875
2 0.60703125 0.5611111111111111 0.61015625 0.5833333333333334 0.609375 0.6166666666666667 0.60234375 0.6361111111111111 0.5984375 0.6361111111111111 0.590625 0.6291666666666667 0.59296875 0.5986111111111111 0.58828125 0.5777777777777777 0.58828125 0.5666666666666667 0.59140625 0.5611111111111111 0.60625 0.5611111111111111
2 0.08984375 0.5666666666666667 0.0921875 0.5708333333333333 0.09296875 0.5916666666666667 0.09140625 0.6263888888888889 0.08828125 0.6388888888888888 0.08515625 0.6347222222222222 0.08203125 0.6194444444444445 0.08203125 0.575 0.08359375 0.5680555555555555 0.0890625 0.5666666666666667
2 0.50703125 0.45555555555555555 0.5140625 0.45555555555555555 0.51875 0.4652777777777778 0.51875 0.4986111111111111 0.5171875 0.5041666666666667 0.5140625 0.5055555555555555 0.5078125 0.49166666666666664 0.50859375 0.4736111111111111 0.50625 0.4625 0.50703125 0.45694444444444443
2 0.2546875 0.3138888888888889 0.25078125 0.30833333333333335 0.2515625 0.2791666666666667 0.25546875 0.27361111111111114 0.2578125 0.27361111111111114 0.26015625 0.2791666666666667 0.259375 0.3013888888888889 0.2578125 0.30972222222222223 0.25546875 0.3125
2 0.075 0.32916666666666666 0.0875 0.34305555555555556 0.0890625 0.35694444444444445 0.0875 0.3680555555555556 0.0796875 0.36527777777777776 0.06875 0.36666666666666664 0.06484375 0.3638888888888889 0.05625 0.36527777777777776 0.053125 0.3611111111111111 0.053125 0.3416666666666667 0.0640625 0.33055555555555555 0.07421875 0.32916666666666666
2 0.63125 0.8263888888888888 0.63671875 0.8361111111111111 0.6390625 0.8902777777777777 0.64140625 0.9041666666666667 0.6390625 0.9069444444444444 0.6375 0.9430555555555555 0.6296875 0.9597222222222223 0.6265625 0.9597222222222223 0.621875 0.9513888888888888 0.6046875 0.9125 0.60234375 0.9 0.6046875 0.8972222222222223 0.6046875 0.8569444444444444 0.6078125 0.8472222222222222 0.60546875 0.8375 0.6171875 0.8291666666666667 0.63046875 0.8263888888888888
2 0.646875 0.6013888888888889 0.653125 0.6083333333333333 0.65546875 0.6361111111111111 0.65546875 0.6694444444444444 0.6515625 0.6958333333333333 0.6484375 0.7 0.64296875 0.7 0.63203125 0.6916666666666667 0.6265625 0.6777777777777778 0.628125 0.6444444444444445 0.63203125 0.6347222222222222 0.63046875 0.6263888888888889 0.63125 0.6166666666666667 0.63671875 0.6138888888888889 0.640625 0.6041666666666666 0.64609375 0.6013888888888889
2 0.0546875 0.6833333333333333 0.0625 0.6958333333333333 0.06328125 0.7375 0.06015625 0.7555555555555555 0.05 0.7680555555555556 0.04609375 0.7680555555555556 0.04296875 0.7625 0.0390625 0.7458333333333333 0.0359375 0.7277777777777777 0.0375 0.7166666666666667 0.0375 0.6986111111111111 0.0359375 0.6944444444444444 0.040625 0.6861111111111111 0.04921875 0.6819444444444445 0.05390625 0.6833333333333333
2 0.6671875 0.5180555555555556 0.6703125 0.5388888888888889 0.66875 0.5458333333333333 0.6640625 0.55 0.65078125 0.5527777777777778 0.64765625 0.5444444444444444 0.64765625 0.5291666666666667 0.6578125 0.5180555555555556 0.66640625 0.5180555555555556
2 0.10546875 0.9583333333333334 0.1109375 0.9611111111111111 0.115625 0.9736111111111111 0.12109375 0.9777777777777777 0.1234375 0.9986111111111111 0.08828125 0.9986111111111111 0.084375 0.9944444444444445 0.0828125 0.9847222222222223 0.08671875 0.9694444444444444 0.09140625 0.9611111111111111 0.1046875 0.9583333333333334
1 0.70546875 0.4305555555555556 0.728125 0.4375 0.7375 0.45 0.74140625 0.4625 0.73671875 0.4652777777777778 0.71953125 0.4638888888888889 0.7109375 0.4708333333333333 0.70078125 0.5069444444444444 0.69921875 0.5430555555555555 0.68984375 0.5430555555555555 0.68046875 0.5388888888888889 0.67421875 0.5291666666666667 0.67265625 0.5138888888888888 0.66796875 0.5013888888888889 0.66796875 0.475 0.6734375 0.44722222222222224 0.6796875 0.43472222222222223 0.69140625 0.4305555555555556 0.7046875 0.4305555555555556
1 0.30859375 0.31666666666666665 0.31484375 0.33194444444444443 0.31484375 0.3416666666666667 0.30703125 0.3333333333333333 0.30234375 0.33194444444444443 0.29140625 0.33194444444444443 0.2828125 0.3375 0.27890625 0.34444444444444444 0.2765625 0.3611111111111111 0.2734375 0.36666666666666664 0.27265625 0.38055555555555554 0.27421875 0.3902777777777778 0.27265625 0.3958333333333333 0.2703125 0.3888888888888889 0.2703125 0.36666666666666664 0.26796875 0.3611111111111111 0.26640625 0.3416666666666667 0.26875 0.32083333333333336 0.275 0.3125 0.27890625 0.3125 0.2828125 0.3194444444444444 0.3078125 0.31666666666666665
1 0.5125 0.3736111111111111 0.52265625 0.37916666666666665 0.5328125 0.4097222222222222 0.53125 0.43333333333333335 0.525 0.4486111111111111 0.51875 0.4444444444444444 0.5171875 0.4305555555555556 0.51171875 0.41944444444444445 0.49765625 0.425 0.490625 0.42083333333333334 0.4875 0.41388888888888886 0.4859375 0.3902777777777778 0.490625 0.37777777777777777 0.51171875 0.3736111111111111
1 0.23046875 0.33611111111111114 0.234375 0.3416666666666667 0.2375 0.3611111111111111 0.22890625 0.3541666666666667 0.20859375 0.3541666666666667 0.2046875 0.35694444444444445 0.19609375 0.37222222222222223 0.19140625 0.36527777777777776 0.190625 0.35555555555555557 0.19921875 0.3375 0.21171875 0.3333333333333333 0.2296875 0.33611111111111114
1 0.45546875 0.29305555555555557 0.4578125 0.29583333333333334 0.4578125 0.3055555555555556 0.45625 0.33194444444444443 0.453125 0.35 0.43671875 0.3486111111111111 0.4328125 0.3277777777777778 0.4328125 0.31805555555555554 0.44140625 0.29305555555555557 0.4546875 0.29305555555555557
1 0.43515625 0.22916666666666666 0.4421875 0.24027777777777778 0.44375 0.25416666666666665 0.43359375 0.25555555555555554 0.43046875 0.2611111111111111 0.42890625 0.275 0.425 0.2847222222222222 0.421875 0.2861111111111111 0.41796875 0.28194444444444444 0.41484375 0.26805555555555555 0.41875 0.2513888888888889 0.41953125 0.2375 0.434375 0.23055555555555557
1 0.45546875 0.2222222222222222 0.4609375 0.2263888888888889 0.45390625 0.23333333333333334 0.4515625 0.2513888888888889 0.44921875 0.25416666666666665 0.44453125 0.2513888888888889 0.44140625 0.23055555555555557 0.44609375 0.2222222222222222 0.4546875 0.2222222222222222
1 0.578125 0.3472222222222222 0.59453125 0.3541666666666667 0.60078125 0.37222222222222223 0.60078125 0.3819444444444444 0.590625 0.3861111111111111 0.578125 0.4097222222222222 0.5734375 0.4111111111111111 0.565625 0.40694444444444444 0.55703125 0.3680555555555556 0.5609375 0.3486111111111111 0.57734375 0.3472222222222222
1 0.73671875 0.5041666666666667 0.76640625 0.5069444444444444 0.778125 0.5125 0.784375 0.5208333333333334 0.7875 0.5361111111111111 0.79765625 0.5527777777777778 0.796875 0.5611111111111111 0.80078125 0.5722222222222222 0.8046875 0.5958333333333333 0.80390625 0.6166666666666667 0.8 0.6208333333333333 0.78515625 0.6236111111111111 0.76875 0.6361111111111111 0.7546875 0.6305555555555555 0.74296875 0.6319444444444444 0.734375 0.6277777777777778 0.71875 0.5805555555555556 0.70390625 0.55 0.70625 0.5361111111111111 0.71171875 0.5263888888888889 0.71640625 0.5083333333333333 0.72109375 0.5041666666666667 0.7359375 0.5041666666666667
1 0.33671875 0.37777777777777777 0.3453125 0.38333333333333336 0.34921875 0.3902777777777778 0.31640625 0.3972222222222222 0.3140625 0.4013888888888889 0.31484375 0.4125 0.31328125 0.4152777777777778 0.30234375 0.41388888888888886 0.30703125 0.38333333333333336 0.31796875 0.37777777777777777 0.3359375 0.37777777777777777
1 0.53984375 0.3013888888888889 0.546875 0.30694444444444446 0.55 0.3138888888888889 0.5421875 0.31666666666666665 0.5375 0.3236111111111111 0.5328125 0.3458333333333333 0.521875 0.3375 0.515625 0.3486111111111111 0.51015625 0.3388888888888889 0.50703125 0.32222222222222224 0.5078125 0.31805555555555554 0.5234375 0.3 0.5390625 0.3013888888888889
1 0.22109375 0.3888888888888889 0.228125 0.3972222222222222 0.23046875 0.40694444444444444 0.1984375 0.4111111111111111 0.18515625 0.43194444444444446 0.18515625 0.42777777777777776 0.1796875 0.41805555555555557 0.18515625 0.4152777777777778 0.18828125 0.4097222222222222 0.1890625 0.3958333333333333 0.19140625 0.39166666666666666 0.2046875 0.3875 0.2203125 0.3888888888888889
1 0.31953125 0.3486111111111111 0.32578125 0.3527777777777778 0.33203125 0.375 0.32890625 0.37777777777777777 0.31640625 0.37777777777777777 0.30625 0.38472222222222224 0.30390625 0.39444444444444443 0.303125 0.4111111111111111 0.29453125 0.4236111111111111 0.29296875 0.4388888888888889 0.29140625 0.44027777777777777 0.2890625 0.4388888888888889 0.28828125 0.425 0.2859375 0.42083333333333334 0.28828125 0.3902777777777778 0.2875 0.37916666666666665 0.290625 0.35833333333333334 0.29609375 0.35 0.31875 0.3486111111111111
1 0.4109375 0.36666666666666664 0.42109375 0.37083333333333335 0.4328125 0.4 0.434375 0.4125 0.440625 0.43472222222222223 0.440625 0.4486111111111111 0.4359375 0.4652777777777778 0.421875 0.46944444444444444 0.41796875 0.46111111111111114 0.41640625 0.4222222222222222 0.41328125 0.41388888888888886 0.40234375 0.39444444444444443 0.38828125 0.3888888888888889 0.3875 0.3736111111111111 0.38984375 0.36944444444444446 0.41015625 0.3680555555555556
1 0.815625 0.6222222222222222 0.82421875 0.6236111111111111 0.840625 0.6333333333333333 0.85546875 0.6472222222222223 0.865625 0.6694444444444444 0.87734375 0.6763888888888889 0.8765625 0.6819444444444445 0.8734375 0.6861111111111111 0.8734375 0.6930555555555555 0.88203125 0.7180555555555556 0.88359375 0.7472222222222222 0.88125 0.7513888888888889 0.875 0.7541666666666667 0.87109375 0.7652777777777777 0.86640625 0.7694444444444445 0.85625 0.7666666666666667 0.8515625 0.7694444444444445 0.84375 0.7486111111111111 0.84375 0.7208333333333333 0.83046875 0.6930555555555555 0.8296875 0.675 0.82265625 0.6666666666666666 0.81484375 0.6736111111111112 0.8140625 0.6888888888888889 0.803125 0.7027777777777777 0.8015625 0.7111111111111111 0.7921875 0.7319444444444444 0.790625 0.7430555555555556 0.784375 0.7458333333333333 0.77265625 0.7402777777777778 0.76484375 0.7416666666666667 0.76015625 0.7347222222222223 0.75859375 0.6819444444444445 0.7609375 0.6527777777777778 0.78203125 0.6277777777777778 0.8015625 0.6222222222222222 0.81484375 0.6222222222222222
1 0.47421875 0.34444444444444444 0.49765625 0.3472222222222222 0.50234375 0.3527777777777778 0.50625 0.36666666666666664 0.50546875 0.37222222222222223 0.49453125 0.3736111111111111 0.48984375 0.37777777777777777 0.48515625 0.39166666666666666 0.48515625 0.40555555555555556 0.4765625 0.41805555555555557 0.46171875 0.4166666666666667 0.4609375 0.39305555555555555 0.45625 0.37916666666666665 0.45625 0.3638888888888889 0.4609375 0.35138888888888886 0.46484375 0.3458333333333333 0.4734375 0.34444444444444444
1 0.55 0.4125 0.57421875 0.4152777777777778 0.57890625 0.4222222222222222 0.57890625 0.4263888888888889 0.5671875 0.43333333333333335 0.55859375 0.45555555555555555 0.5546875 0.49444444444444446 0.5515625 0.5125 0.5484375 0.5166666666666667 0.5421875 0.5166666666666667 0.5375 0.5083333333333333 0.5328125 0.5083333333333333 0.5296875 0.5041666666666667 0.528125 0.46944444444444444 0.5296875 0.44722222222222224 0.53515625 0.41944444444444445 0.53984375 0.4125 0.54921875 0.4125
1 0.3828125 0.3472222222222222 0.3859375 0.3527777777777778 0.38828125 0.36527777777777776 0.37890625 0.37222222222222223 0.378125 0.3902777777777778 0.353125 0.3902777777777778 0.346875 0.37916666666666665 0.3484375 0.3763888888888889 0.35 0.35555555555555557 0.3546875 0.34305555555555556 0.3796875 0.34305555555555556 0.38203125 0.3472222222222222
1 0.3875 0.2791666666666667 0.40078125 0.2833333333333333 0.40390625 0.2902777777777778 0.40390625 0.3013888888888889 0.39609375 0.3055555555555556 0.396875 0.3013888888888889 0.39453125 0.2972222222222222 0.3796875 0.29444444444444445 0.3734375 0.3 0.36953125 0.31527777777777777 0.3671875 0.30833333333333335 0.36640625 0.2902777777777778 0.3703125 0.2833333333333333 0.38671875 0.2791666666666667
1 0.32421875 0.2861111111111111 0.34921875 0.2861111111111111 0.3546875 0.29305555555555557 0.35625 0.3013888888888889 0.35546875 0.3125 0.33828125 0.3138888888888889 0.334375 0.3194444444444444 0.32265625 0.3055555555555556 0.32265625 0.2916666666666667 0.32421875 0.2875
1 0.365625 0.3138888888888889 0.36953125 0.31805555555555554 0.37109375 0.3375 0.3546875 0.34305555555555556 0.3484375 0.3611111111111111 0.34375 0.36666666666666664 0.3421875 0.37777777777777777 0.33515625 0.3736111111111111 0.33671875 0.36527777777777776 0.33125 0.3597222222222222 0.3359375 0.3527777777777778 0.3359375 0.34305555555555556 0.33359375 0.3347222222222222 0.33515625 0.32083333333333336 0.3375 0.31666666666666665 0.3421875 0.31527777777777777 0.36484375 0.3138888888888889
1 0.22421875 0.31527777777777777 0.2328125 0.3194444444444444 0.2375 0.3347222222222222 0.24453125 0.3375 0.24453125 0.35555555555555557 0.240625 0.3611111111111111 0.23515625 0.35138888888888886 0.2328125 0.3416666666666667 0.22734375 0.3347222222222222 0.2015625 0.3347222222222222 0.19609375 0.3388888888888889 0.1953125 0.33055555555555555 0.1984375 0.3194444444444444 0.20859375 0.31527777777777777 0.2234375 0.31527777777777777
1 0.99921875 0.6569444444444444 0.99921875 0.7472222222222222 0.98203125 0.7472222222222222 0.9734375 0.7513888888888889 0.92421875 0.7472222222222222 0.921875 0.7361111111111112 0.921875 0.725 0.925 0.6972222222222222 0.9296875 0.6875 0.9359375 0.6833333333333333 0.9453125 0.6694444444444444 0.9546875 0.6611111111111111 0.9984375 0.6569444444444444
1 0.46796875 0.2263888888888889 0.4734375 0.2361111111111111 0.46796875 0.25555555555555554 0.46484375 0.25972222222222224 0.45625 0.25972222222222224 0.4515625 0.25416666666666665 0.4515625 0.24027777777777778 0.459375 0.2263888888888889 0.4671875 0.2263888888888889
1 0.49296875 0.5166666666666667 0.52109375 0.5180555555555556 0.5265625 0.5263888888888889 0.52890625 0.5361111111111111 0.5265625 0.5388888888888889 0.49609375 0.5402777777777777 0.48828125 0.5458333333333333 0.4828125 0.5833333333333334 0.48203125 0.6166666666666667 0.47578125 0.6444444444444445 0.47421875 0.6666666666666666 0.47109375 0.6708333333333333 0.465625 0.6694444444444444 0.4625 0.65 0.45859375 0.6388888888888888 0.45625 0.6041666666666666 0.45625 0.5583333333333333 0.45859375 0.5444444444444444 0.471875 0.5208333333333334 0.4921875 0.5166666666666667
1 0.578125 0.6291666666666667 0.58828125 0.6305555555555555 0.59765625 0.6375 0.6109375 0.6847222222222222 0.61484375 0.6888888888888889 0.6234375 0.6902777777777778 0.6234375 0.6972222222222222 0.61484375 0.7055555555555556 0.615625 0.7180555555555556 0.62265625 0.7375 0.6234375 0.7638888888888888 0.61484375 0.7569444444444444 0.60703125 0.7583333333333333 0.6046875 0.7625 0.60234375 0.7916666666666666 0.5984375 0.8083333333333333 0.55703125 0.8069444444444445 0.54453125 0.7625 0.515625 0.7194444444444444 0.5109375 0.6986111111111111 0.5140625 0.6847222222222222 0.51484375 0.6680555555555555 0.51796875 0.6569444444444444 0.53203125 0.6319444444444444 0.57734375 0.6291666666666667
1 0.38828125 0.22777777777777777 0.39375 0.22916666666666666 0.396875 0.2375 0.396875 0.25972222222222224 0.3796875 0.25833333333333336 0.37734375 0.2611111111111111 0.3765625 0.2722222222222222 0.37265625 0.28055555555555556 0.36875 0.28055555555555556 0.36796875 0.2777777777777778 0.3703125 0.24027777777777778 0.37734375 0.22916666666666666 0.3875 0.22777777777777777
1 0.39375 0.2916666666666667 0.396875 0.29444444444444445 0.4 0.30416666666666664 0.3921875 0.31527777777777777 0.3921875 0.3236111111111111 0.3828125 0.3263888888888889 0.37734375 0.3347222222222222 0.37109375 0.32916666666666666 0.3703125 0.30694444444444446 0.371875 0.3 0.3796875 0.29444444444444445 0.39296875 0.29305555555555557
1 0.39140625 0.3263888888888889 0.40625 0.32916666666666666 0.4109375 0.3375 0.41328125 0.3527777777777778 0.4109375 0.3625 0.40859375 0.36666666666666664 0.4 0.3680555555555556 0.3890625 0.3680555555555556 0.3859375 0.3527777777777778 0.378125 0.3402777777777778 0.378125 0.3347222222222222 0.38359375 0.3263888888888889 0.390625 0.3263888888888889
1 0.31015625 0.33055555555555555 0.3140625 0.3402777777777778 0.3140625 0.3472222222222222 0.29609375 0.35 0.29140625 0.35694444444444445 0.2875 0.37777777777777777 0.28828125 0.39305555555555555 0.2859375 0.41944444444444445 0.278125 0.42083333333333334 0.2765625 0.4152777777777778 0.2765625 0.4027777777777778 0.271875 0.36527777777777776 0.275 0.3625 0.2828125 0.3347222222222222 0.309375 0.33194444444444443
1 0.18515625 0.43472222222222223 0.18828125 0.4263888888888889 0.20078125 0.4111111111111111 0.23125 0.4097222222222222 0.25 0.44166666666666665 0.24609375 0.4486111111111111 0.246875 0.46805555555555556 0.2453125 0.4708333333333333 0.240625 0.4736111111111111 0.225 0.4722222222222222 0.21171875 0.475 0.2015625 0.4986111111111111 0.1984375 0.5194444444444445 0.19375 0.525 0.18671875 0.525 0.1828125 0.5013888888888889 0.18359375 0.4527777777777778 0.18203125 0.4444444444444444 0.18515625 0.4361111111111111
1 0.696875 0.7555555555555555 0.72578125 0.7583333333333333 0.73671875 0.7652777777777777 0.7296875 0.7694444444444445 0.68515625 0.7777777777777778 0.67890625 0.7805555555555556 0.6765625 0.7847222222222222 0.67421875 0.7916666666666666 0.675 0.7986111111111112 0.671875 0.8277777777777777 0.66875 0.8347222222222223 0.66875 0.8847222222222222 0.665625 0.9 0.665625 0.9166666666666666 0.66796875 0.9277777777777778 0.6671875 0.9388888888888889 0.6625 0.9375 0.6625 0.9152777777777777 0.66015625 0.9111111111111111 0.653125 0.9083333333333333 0.65 0.9027777777777778 0.64609375 0.8861111111111111 0.64375 0.8236111111111111 0.6453125 0.8222222222222222 0.646875 0.8013888888888889 0.6640625 0.7611111111111111 0.69609375 0.7555555555555555
1 0.41796875 0.30833333333333335 0.421875 0.31666666666666665 0.42421875 0.3333333333333333 0.42421875 0.3458333333333333 0.4203125 0.35138888888888886 0.4140625 0.35 0.4078125 0.32916666666666666 0.3953125 0.3277777777777778 0.3890625 0.3236111111111111 0.39296875 0.3125 0.39765625 0.30694444444444446 0.4171875 0.30833333333333335
1 0.63359375 0.4125 0.64453125 0.4152777777777778 0.65390625 0.4263888888888889 0.6578125 0.43472222222222223 0.6640625 0.4666666666666667 0.6640625 0.48333333333333334 0.66171875 0.4875 0.66171875 0.49444444444444446 0.6578125 0.4888888888888889 0.6546875 0.4888888888888889 0.640625 0.5166666666666667 0.6359375 0.5152777777777777 0.62890625 0.4777777777777778 0.62109375 0.45416666666666666 0.60546875 0.43194444444444446 0.60546875 0.425 0.61171875 0.4125 0.6328125 0.4125
1 0.31328125 0.4152777777777778 0.31484375 0.49027777777777776 0.31328125 0.49444444444444446 0.30234375 0.5 0.29609375 0.49583333333333335 0.29453125 0.47638888888888886 0.2953125 0.4388888888888889 0.2984375 0.425 0.303125 0.4152777777777778 0.3125 0.4152777777777778
1 0.58828125 0.4305555555555556 0.603125 0.43472222222222223 0.61484375 0.44583333333333336 0.6203125 0.45555555555555555 0.6296875 0.4861111111111111 0.63203125 0.5166666666666667 0.6296875 0.5208333333333334 0.62578125 0.5208333333333334 0.62265625 0.5180555555555556 0.61953125 0.5083333333333333 0.615625 0.5069444444444444 0.6109375 0.5138888888888888 0.60859375 0.5222222222222223 0.59921875 0.5166666666666667 0.5859375 0.5208333333333334 0.57734375 0.5194444444444445 0.57109375 0.5361111111111111 0.5640625 0.5361111111111111 0.55703125 0.5291666666666667 0.55390625 0.5166666666666667 0.55703125 0.46944444444444444 0.5671875 0.43333333333333335 0.571875 0.42916666666666664 0.58046875 0.42777777777777776 0.5875 0.4305555555555556
1 0.38828125 0.25833333333333336 0.39765625 0.25972222222222224 0.4015625 0.2652777777777778 0.4046875 0.2791666666666667 0.39765625 0.2861111111111111 0.390625 0.28055555555555556 0.37421875 0.2791666666666667 0.378125 0.25972222222222224 0.3875 0.25833333333333336
1 0.4078125 0.15694444444444444 0.4109375 0.1625 0.41171875 0.16944444444444445 0.4015625 0.175 0.39453125 0.17083333333333334 0.39609375 0.16111111111111112 0.40078125 0.15555555555555556 0.40703125 0.15694444444444444
1 0.4953125 0.16111111111111112 0.496875 0.17777777777777778 0.49453125 0.18055555555555555 0.4890625 0.18055555555555555 0.4828125 0.175 0.4828125 0.16944444444444445 0.4859375 0.1625 0.49453125 0.16111111111111112
1 0.4453125 0.6416666666666667 0.453125 0.6652777777777777 0.45546875 0.6805555555555556 0.4625 0.6930555555555555 0.46171875 0.7027777777777777 0.459375 0.7055555555555556 0.43203125 0.7041666666666667 0.409375 0.7097222222222223 0.4015625 0.7166666666666667 0.396875 0.725 0.390625 0.7277777777777777 0.3875 0.7333333333333333 0.384375 0.7513888888888889 0.3859375 0.7777777777777778 0.38359375 0.7902777777777777 0.38125 0.7861111111111111 0.3796875 0.7652777777777777 0.37265625 0.7583333333333333 0.371875 0.7541666666666667 0.37109375 0.6916666666666667 0.37265625 0.6722222222222223 0.38203125 0.65 0.38984375 0.6402777777777777 0.43671875 0.6361111111111111 0.44453125 0.6416666666666667
1 0.228125 0.3541666666666667 0.234375 0.35833333333333334 0.23984375 0.3763888888888889 0.24609375 0.3819444444444444 0.24453125 0.3888888888888889 0.24453125 0.4263888888888889 0.24140625 0.425 0.2359375 0.4125 0.2296875 0.40694444444444444 0.22265625 0.3902777777777778 0.21796875 0.3875 0.19453125 0.3888888888888889 0.19140625 0.38472222222222224 0.19140625 0.38055555555555554 0.1953125 0.37777777777777777 0.19765625 0.36944444444444446 0.20625 0.35555555555555557 0.22734375 0.3541666666666667
1 0.546875 0.5347222222222222 0.55625 0.5416666666666666 0.56484375 0.5527777777777778 0.56484375 0.5611111111111111 0.57109375 0.5888888888888889 0.57109375 0.6097222222222223 0.57421875 0.625 0.5640625 0.6305555555555555 0.5375 0.6305555555555555 0.52890625 0.6361111111111111 0.52109375 0.6527777777777778 0.5234375 0.6597222222222222 0.51796875 0.6666666666666666 0.51640625 0.6819444444444445 0.5109375 0.6972222222222222 0.51328125 0.7125 0.51015625 0.7138888888888889 0.4828125 0.7138888888888889 0.47890625 0.7069444444444445 0.47890625 0.6861111111111111 0.4765625 0.6708333333333333 0.47734375 0.6444444444444445 0.48359375 0.6222222222222222 0.4828125 0.5972222222222222 0.48828125 0.5472222222222223 0.49296875 0.5430555555555555 0.5265625 0.5416666666666666 0.5390625 0.5347222222222222 0.54609375 0.5347222222222222
1 0.59765625 0.9097222222222222 0.6046875 0.9152777777777777 0.6140625 0.9319444444444445 0.63046875 0.9736111111111111 0.62890625 0.9833333333333333 0.634375 0.9916666666666667 0.6359375 0.9986111111111111 0.60078125 0.9986111111111111 0.59375 0.9944444444444445 0.5953125 0.9791666666666666 0.5859375 0.9777777777777777 0.584375 0.975 0.5828125 0.9805555555555555 0.56953125 0.9791666666666666 0.5609375 0.9819444444444444 0.56015625 0.9847222222222223 0.5671875 0.9944444444444445 0.49921875 0.9944444444444445 0.496875 0.9902777777777778 0.4953125 0.9708333333333333 0.49921875 0.9472222222222222 0.50859375 0.9305555555555556 0.521875 0.9152777777777777 0.534375 0.9097222222222222 0.596875 0.9097222222222222
1 0.47578125 0.15416666666666667 0.47890625 0.16111111111111112 0.475 0.16944444444444445 0.4671875 0.16944444444444445 0.465625 0.1638888888888889 0.46640625 0.15694444444444444 0.475 0.15416666666666667
1 0.44921875 0.3625 0.453125 0.37222222222222223 0.4578125 0.3972222222222222 0.459375 0.41944444444444445 0.45078125 0.425 0.44375 0.4361111111111111 0.4421875 0.4361111111111111 0.434375 0.4125 0.43046875 0.3902777777777778 0.42109375 0.37083333333333335 0.41484375 0.36666666666666664 0.41328125 0.3597222222222222 0.42109375 0.3541666666666667 0.4390625 0.3541666666666667 0.4484375 0.3625
1 0.3765625 0.23194444444444445 0.371875 0.225 0.371875 0.2125 0.37421875 0.20555555555555555 0.378125 0.2013888888888889 0.38671875 0.2013888888888889 0.390625 0.20833333333333334 0.390625 0.21666666666666667 0.38828125 0.22083333333333333 0.38359375 0.2222222222222222 0.37734375 0.23055555555555557
1 0.4625 0.7069444444444445 0.46875 0.7097222222222223 0.4734375 0.7166666666666667 0.44453125 0.7277777777777777 0.440625 0.7375 0.4359375 0.7597222222222222 0.428125 0.8138888888888889 0.42890625 0.8416666666666667 0.43125 0.8513888888888889 0.4296875 0.8736111111111111 0.41796875 0.8736111111111111 0.41015625 0.8819444444444444 0.4046875 0.8819444444444444 0.403125 0.8791666666666667 0.39921875 0.8513888888888889 0.38984375 0.8375 0.38671875 0.825 0.38515625 0.7972222222222223 0.38671875 0.7777777777777778 0.3859375 0.75 0.38984375 0.7291666666666666 0.39453125 0.7208333333333333 0.41484375 0.7083333333333334 0.43515625 0.7055555555555556 0.46171875 0.7069444444444445
1 0.48359375 0.4236111111111111 0.496875 0.4305555555555556 0.5015625 0.4388888888888889 0.503125 0.4444444444444444 0.50234375 0.45 0.48671875 0.4444444444444444 0.44375 0.4486111111111111 0.4484375 0.4305555555555556 0.453125 0.425 0.4828125 0.4236111111111111
1 0.68671875 0.5458333333333333 0.690625 0.55 0.703125 0.5541666666666667 0.709375 0.5625 0.72578125 0.6041666666666666 0.7328125 0.6291666666666667 0.734375 0.6416666666666667 0.734375 0.6611111111111111 0.73125 0.675 0.72734375 0.6819444444444445 0.72421875 0.6819444444444445 0.7203125 0.6736111111111112 0.71328125 0.6694444444444444 0.7125 0.6527777777777778 0.703125 0.6402777777777777 0.70078125 0.6291666666666667 0.6953125 0.6194444444444445 0.69375 0.6055555555555555 0.6890625 0.6 0.684375 0.6055555555555555 0.68359375 0.6194444444444445 0.675 0.6333333333333333 0.67421875 0.6680555555555555 0.671875 0.6708333333333333 0.66015625 0.6708333333333333 0.65625 0.6638888888888889 0.6546875 0.6555555555555556 0.65625 0.6402777777777777 0.65390625 0.6263888888888889 0.6546875 0.6083333333333333 0.6421875 0.5916666666666667 0.640625 0.5847222222222223 0.64140625 0.5680555555555555 0.65 0.5513888888888889 0.66875 0.55 0.68046875 0.5430555555555555 0.6859375 0.5458333333333333
1 0.48359375 0.175 0.49140625 0.18194444444444444 0.49140625 0.19305555555555556 0.4890625 0.19583333333333333 0.4765625 0.19444444444444445 0.47578125 0.18472222222222223 0.47734375 0.17916666666666667 0.4828125 0.1763888888888889
1 0.26484375 0.6027777777777777 0.27890625 0.6069444444444444 0.2859375 0.6208333333333333 0.2875 0.6319444444444444 0.23046875 0.6416666666666667 0.22265625 0.6527777777777778 0.221875 0.6611111111111111 0.21796875 0.6708333333333333 0.2171875 0.6888888888888889 0.2125 0.6902777777777778 0.21171875 0.6708333333333333 0.2078125 0.6611111111111111 0.2078125 0.6527777777777778 0.2125 0.6472222222222223 0.21640625 0.6305555555555555 0.2234375 0.6125 0.2359375 0.6055555555555555 0.2640625 0.6041666666666666
1 0.6140625 0.38333333333333336 0.6265625 0.3888888888888889 0.6296875 0.39444444444444443 0.6328125 0.4097222222222222 0.6296875 0.4125 0.61171875 0.4111111111111111 0.60234375 0.42916666666666664 0.58359375 0.425 0.5796875 0.4152777777777778 0.57890625 0.40694444444444444 0.58984375 0.38472222222222224 0.59609375 0.3819444444444444 0.61328125 0.38333333333333336
1 0.48984375 0.20972222222222223 0.50078125 0.22361111111111112 0.5015625 0.2375 0.4984375 0.24166666666666667 0.4921875 0.24166666666666667 0.48125 0.23472222222222222 0.4734375 0.23472222222222222 0.471875 0.21944444444444444 0.475 0.20972222222222223 0.4796875 0.20555555555555555 0.4890625 0.20972222222222223
1 0.753125 0.4666666666666667 0.76875 0.47638888888888886 0.7765625 0.4875 0.78515625 0.5069444444444444 0.79375 0.5111111111111111 0.79375 0.5166666666666667 0.790625 0.5222222222222223 0.79296875 0.5375 0.7890625 0.5361111111111111 0.7859375 0.5208333333333334 0.7828125 0.5152777777777777 0.76875 0.5055555555555555 0.7234375 0.5013888888888889 0.7171875 0.5041666666666667 0.7140625 0.5097222222222222 0.709375 0.5277777777777778 0.703125 0.5388888888888889 0.70234375 0.5444444444444444 0.70078125 0.5416666666666666 0.7015625 0.5 0.7125 0.46944444444444444 0.71796875 0.4652777777777778 0.75234375 0.4666666666666667
1 0.408984375 0.18680555555555556 0.01484375 0.020833333333333332
1 0.36953125 0.8416666666666667 0.3765625 0.8458333333333333 0.38203125 0.8541666666666666 0.4 0.9069444444444444 0.41015625 0.9041666666666667 0.4140625 0.9097222222222222 0.41484375 0.9180555555555555 0.4046875 0.9291666666666667 0.409375 0.9569444444444445 0.40625 0.9597222222222223 0.3546875 0.9680555555555556 0.33984375 0.9819444444444444 0.334375 0.9958333333333333 0.2984375 0.9972222222222222 0.28125 0.9958333333333333 0.27734375 0.9930555555555556 0.275 0.9847222222222223 0.27421875 0.9111111111111111 0.27734375 0.8847222222222222 0.28203125 0.8722222222222222 0.2921875 0.8527777777777777 0.309375 0.8430555555555556 0.3265625 0.8402777777777778 0.36875 0.8416666666666667
0 0.4421875 0.14166666666666666 0.446875 0.14583333333333334 0.446875 0.17083333333333334 0.43125 0.17083333333333334 0.43046875 0.16805555555555557 0.43125 0.14444444444444443 0.44140625 0.14166666666666666
0 0.2359375 0.23333333333333334 0.24140625 0.2361111111111111 0.24296875 0.24027777777777778 0.24921875 0.30833333333333335 0.24609375 0.3416666666666667 0.24140625 0.3458333333333333 0.23671875 0.34305555555555556 0.2328125 0.32222222222222224 0.22890625 0.31666666666666665 0.20859375 0.31527777777777777 0.20078125 0.3194444444444444 0.19921875 0.3263888888888889 0.19609375 0.3277777777777778 0.1921875 0.32222222222222224 0.18828125 0.2875 0.18828125 0.26944444444444443 0.190625 0.2513888888888889 0.1984375 0.2361111111111111 0.20390625 0.23333333333333334 0.23515625 0.23333333333333334