0 0.32734375 0.6930555555555555 0.34921875 0.7402777777777778 0.3640625 0.8013888888888889 0.365625 0.8041666666666667 0.36953125 0.8027777777777778 0.371875 0.8097222222222222 0.36875 0.8166666666666667 0.36953125 0.8208333333333333 0.3671875 0.8263888888888888 0.3671875 0.8375 0.365625 0.8402777777777778 0.353125 0.8402777777777778 0.34453125 0.8361111111111111 0.31328125 0.8333333333333334 0.28359375 0.8263888888888888 0.24375 0.8305555555555556 0.2390625 0.825 0.23671875 0.7791666666666667 0.240625 0.7583333333333333 0.240625 0.7333333333333333 0.24375 0.7291666666666666 0.246875 0.7125 0.25078125 0.7027777777777777 0.25390625 0.6986111111111111 0.2671875 0.6972222222222222 0.28515625 0.6902777777777778 0.31953125 0.6888888888888889 0.3265625 0.6930555555555555
0 0.44609375 0.2708333333333333 0.45390625 0.275 0.459375 0.2861111111111111 0.46015625 0.3138888888888889 0.45625 0.31527777777777777 0.44609375 0.3125 0.42890625 0.3138888888888889 0.4265625 0.30972222222222223 0.42578125 0.29305555555555557 0.43046875 0.2777777777777778 0.43515625 0.2722222222222222 0.4453125 0.2708333333333333
0 0.10703125 0.25416666666666665 0.115625 0.25833333333333336 0.1203125 0.2763888888888889 0.11875 0.30416666666666664 0.11640625 0.3138888888888889 0.1109375 0.32083333333333336 0.10078125 0.3194444444444444 0.09296875 0.3138888888888889 0.08125 0.3138888888888889 0.078125 0.30972222222222223 0.078125 0.28888888888888886 0.08671875 0.25972222222222224 0.09296875 0.25416666666666665 0.10625 0.25416666666666665
0 0.41171875 0.20833333333333334 0.415625 0.22083333333333333 0.41484375 0.24861111111111112 0.3953125 0.25 0.39140625 0.24583333333333332 0.39296875 0.2111111111111111 0.3984375 0.20694444444444443 0.4109375 0.20833333333333334
0 0.45234375 0.2 0.45625 0.2125 0.45625 0.23055555555555557 0.4546875 0.23194444444444445 0.4375 0.23194444444444445 0.4359375 0.22777777777777777 0.43828125 0.20277777777777778 0.44375 0.1986111111111111 0.4515625 0.2
0 0.72890625 0.7847222222222222 0.7546875 0.7888888888888889 0.77578125 0.8055555555555556 0.7921875 0.8263888888888888 0.81640625 0.8777777777777778 0.82421875 0.875 0.83125 0.8763888888888889 0.83515625 0.8819444444444444 0.8359375 0.8930555555555556 0.825 0.9041666666666667 0.83203125 0.9180555555555555 0.83203125 0.925 0.7765625 0.9222222222222223 0.7546875 0.9263888888888889 0.74453125 0.9333333333333333 0.734375 0.9569444444444445 0.728125 0.9611111111111111 0.7171875 0.9597222222222223 0.7109375 0.9375 0.7046875 0.9236111111111112 0.7046875 0.8847222222222222 0.70703125 0.8722222222222222 0.703125 0.8486111111111111 0.70390625 0.8361111111111111 0.70078125 0.8152777777777778 0.6890625 0.7930555555555555 0.68984375 0.7888888888888889 0.728125 0.7847222222222222
0 0.3 0.6555555555555556 0.30703125 0.675 0.3078125 0.6861111111111111 0.26953125 0.6916666666666667 0.253125 0.6972222222222222 0.2484375 0.7041666666666667 0.24296875 0.7291666666666666 0.2375 0.7375 0.22734375 0.7333333333333333 0.234375 0.7236111111111111 0.2328125 0.7125 0.23984375 0.6819444444444445 0.24921875 0.6736111111111112 0.26796875 0.6680555555555555 0.29765625 0.6694444444444444 0.29921875 0.6666666666666666 0.29921875 0.6569444444444444
0 0.296875 0.8319444444444445 0.33984375 0.8375 0.35234375 0.8430555555555556 0.3765625 0.8472222222222222 0.4171875 0.8888888888888888 0.4296875 0.9083333333333333 0.46640625 0.9347222222222222 0.4703125 0.9430555555555555 0.4734375 0.9597222222222223 0.47265625 0.9875 0.46640625 0.9916666666666667 0.4546875 0.9888888888888889 0.4359375 0.9902777777777778 0.43125 0.9958333333333333 0.41640625 0.9986111111111111 0.3921875 0.9986111111111111 0.390625 0.9958333333333333 0.38671875 0.9986111111111111 0.33828125 0.9986111111111111 0.334375 0.9875 0.32734375 0.9944444444444445 0.3171875 0.9958333333333333 0.29609375 0.9902777777777778 0.29296875 0.9819444444444444 0.28828125 0.9847222222222223 0.2890625 0.9944444444444445 0.27109375 0.9986111111111111 0.265625 0.9958333333333333 0.26015625 0.9986111111111111 0.24296875 0.9986111111111111 0.24140625 0.9958333333333333 0.2359375 0.9986111111111111 0.2125 0.9986111111111111 0.2109375 0.9958333333333333 0.18515625 0.9986111111111111 0.18359375 0.9944444444444445 0.1828125 0.9736111111111111 0.18359375 0.9291666666666667 0.1875 0.9166666666666666 0.18828125 0.9055555555555556 0.19375 0.8972222222222223 0.2078125 0.8625 0.209375 0.8486111111111111 0.215625 0.8430555555555556 0.2375 0.8347222222222223 0.25546875 0.8347222222222223 0.26953125 0.8305555555555556 0.29609375 0.8319444444444445
0 0.50390625 0.3194444444444444 0.509375 0.3194444444444444 0.5109375 0.325 0.51015625 0.34305555555555556 0.50625 0.35138888888888886 0.50078125 0.35138888888888886 0.4984375 0.3458333333333333 0.4984375 0.32083333333333336 0.5 0.31805555555555554 0.503125 0.3194444444444444
0 0.2171875 0.4236111111111111 0.22421875 0.42777777777777776 0.228125 0.43472222222222223 0.23203125 0.4527777777777778 0.22109375 0.46805555555555556 0.2171875 0.49027777777777776 0.21640625 0.5111111111111111 0.2 0.525 0.1953125 0.525 0.1828125 0.5333333333333333 0.17890625 0.5291666666666667 0.17421875 0.5055555555555555 0.1765625 0.48055555555555557 0.1734375 0.4597222222222222 0.1796875 0.4527777777777778 0.18203125 0.43194444444444446 0.1859375 0.425 0.21640625 0.4236111111111111
0 0.20859375 0.20277777777777778 0.215625 0.2111111111111111 0.23125 0.22083333333333333 0.23046875 0.2361111111111111 0.2171875 0.24166666666666667 0.19921875 0.2375 0.19140625 0.2388888888888889 0.18828125 0.23333333333333334 0.18828125 0.21805555555555556 0.19140625 0.20416666666666666 0.2078125 0.20277777777777778
0 0.2421875 0.37777777777777777 0.2484375 0.3875 0.2515625 0.4027777777777778 0.25234375 0.44583333333333336 0.2484375 0.4513888888888889 0.234375 0.45 0.22890625 0.43333333333333335 0.21875 0.4222222222222222 0.19453125 0.42083333333333334 0.1890625 0.4166666666666667 0.18828125 0.39444444444444443 0.190625 0.39166666666666666 0.1921875 0.3819444444444444 0.21171875 0.3763888888888889 0.24140625 0.37777777777777777
0 0.365625 0.2 0.371875 0.20972222222222223 0.37265625 0.2222222222222222 0.36953125 0.225 0.35234375 0.22361111111111112 0.3515625 0.2125 0.35390625 0.20555555555555555 0.35625 0.2013888888888889 0.36484375 0.2
0 0.24296875 0.27361111111111114 0.246875 0.2791666666666667 0.246875 0.28888888888888886 0.25234375 0.30972222222222223 0.2484375 0.33055555555555555 0.23671875 0.3277777777777778 0.234375 0.2986111111111111 0.23125 0.2916666666666667 0.21328125 0.2916666666666667 0.21484375 0.2833333333333333 0.22265625 0.275 0.2421875 0.27361111111111114
0 0.33359375 0.35138888888888886 0.33828125 0.3611111111111111 0.33828125 0.375 0.3203125 0.3736111111111111 0.3109375 0.3763888888888889 0.30546875 0.3861111111111111 0.30390625 0.3972222222222222 0.29296875 0.4083333333333333 0.29375 0.3888888888888889 0.29140625 0.37916666666666665 0.30078125 0.3541666666666667 0.3328125 0.35138888888888886
0 0.0984375 0.5777777777777777 0.10078125 0.5833333333333334 0.10546875 0.5819444444444445 0.109375 0.5847222222222223 0.1109375 0.5986111111111111 0.1171875 0.6111111111111112 0.1140625 0.6194444444444445 0.11953125 0.6263888888888889 0.12421875 0.6166666666666667 0.12421875 0.6083333333333333 0.12734375 0.6027777777777777 0.13359375 0.6013888888888889 0.13515625 0.6125 0.13359375 0.6347222222222222 0.1296875 0.6444444444444445 0.1296875 0.6638888888888889 0.1171875 0.6638888888888889 0.10234375 0.6708333333333333 0.0953125 0.6708333333333333 0.09296875 0.6680555555555555 0.08984375 0.6277777777777778 0.09765625 0.5791666666666667
0 0.284375 0.29444444444444445 0.2890625 0.2986111111111111 0.28984375 0.30833333333333335 0.28046875 0.32222222222222224 0.278125 0.33055555555555555 0.2765625 0.35138888888888886 0.2609375 0.35555555555555557 0.25390625 0.35555555555555557 0.25078125 0.3486111111111111 0.25078125 0.33055555555555555 0.2546875 0.30972222222222223 0.259375 0.3 0.2640625 0.29583333333333334 0.28359375 0.29444444444444445
0 0.134375 0.3236111111111111 0.1375 0.3347222222222222 0.134375 0.3597222222222222 0.13203125 0.3625 0.12578125 0.3611111111111111 0.12265625 0.3472222222222222 0.12265625 0.33055555555555555 0.1265625 0.3236111111111111 0.13359375 0.3236111111111111
0 0.94375 0.5458333333333333 0.96796875 0.5555555555555556 0.99921875 0.5763888888888888 0.99921875 0.6652777777777777 0.996875 0.6680555555555555 0.99609375 0.6777777777777778 0.99921875 0.6819444444444445 0.99921875 0.8055555555555556 0.9953125 0.8152777777777778 0.996875 0.8222222222222222 0.99921875 0.8236111111111111 0.99921875 0.8333333333333334 0.99609375 0.8375 0.996875 0.8472222222222222 0.99921875 0.85 0.99921875 0.8638888888888889 0.996875 0.8666666666666667 0.9953125 0.8833333333333333 0.990625 0.8944444444444445 0.9828125 0.8888888888888888 0.9828125 0.8930555555555556 0.9765625 0.8958333333333334 0.96875 0.9125 0.96328125 0.9180555555555555 0.95546875 0.9152777777777777 0.94609375 0.9027777777777778 0.9390625 0.8875 0.93828125 0.8722222222222222 0.93359375 0.8638888888888889 0.90859375 0.8513888888888889 0.896875 0.8388888888888889 0.88984375 0.8541666666666666 0.87421875 0.8541666666666666 0.8671875 0.8375 0.86328125 0.8027777777777778 0.8453125 0.7722222222222223 0.84140625 0.7486111111111111 0.84296875 0.7027777777777777 0.840625 0.6847222222222222 0.84296875 0.6611111111111111 0.8421875 0.6486111111111111 0.84453125 0.6319444444444444 0.85 0.6263888888888889 0.85 0.6222222222222222 0.84453125 0.6194444444444445 0.84296875 0.6125 0.84375 0.5527777777777778 0.85625 0.5486111111111112 0.94296875 0.5458333333333333
0 0.27734375 0.5944444444444444 0.28359375 0.5972222222222222 0.29296875 0.6125 0.29921875 0.6305555555555555 0.30703125 0.6361111111111111 0.30703125 0.6402777777777777 0.30078125 0.65 0.30234375 0.6708333333333333 0.27265625 0.6694444444444444 0.2546875 0.6722222222222223 0.24453125 0.6777777777777778 0.2375 0.6888888888888889 0.2359375 0.6958333333333333 0.234375 0.7097222222222223 0.23515625 0.7305555555555555 0.2234375 0.7305555555555555 0.2203125 0.7180555555555556 0.21796875 0.6986111111111111 0.21640625 0.6402777777777777 0.22890625 0.6055555555555555 0.23515625 0.5972222222222222 0.2453125 0.5944444444444444 0.2765625 0.5944444444444444
0 0.39296875 0.5152777777777777 0.4078125 0.5236111111111111 0.421875 0.5597222222222222 0.43125 0.5597222222222222 0.43359375 0.5638888888888889 0.43203125 0.5708333333333333 0.42578125 0.5763888888888888 0.43046875 0.6013888888888889 0.43046875 0.6111111111111112 0.42890625 0.6125 0.41875 0.6 0.4109375 0.5972222222222222 0.36640625 0.6027777777777777 0.36171875 0.6083333333333333 0.35703125 0.6291666666666667 0.34921875 0.6388888888888888 0.3453125 0.6361111111111111 0.34140625 0.5902777777777778 0.34453125 0.5736111111111111 0.34375 0.5555555555555556 0.34765625 0.5375 0.35546875 0.5208333333333334 0.36015625 0.5180555555555556 0.3921875 0.5152777777777777
0 0.4078125 0.5986111111111111 0.42265625 0.6041666666666666 0.43515625 0.6347222222222222 0.44375 0.6361111111111111 0.446875 0.6402777777777777 0.4453125 0.6472222222222223 0.43984375 0.6513888888888889 0.4453125 0.6805555555555556 0.4453125 0.6916666666666667 0.4421875 0.6958333333333333 0.41640625 0.6958333333333333 0.39296875 0.7013888888888888 0.37578125 0.7319444444444444 0.3703125 0.7375 0.36484375 0.7333333333333333 0.36171875 0.7208333333333333 0.35546875 0.7125 0.35234375 0.7027777777777777 0.3515625 0.6458333333333334 0.36484375 0.6055555555555555 0.3828125 0.6 0.40703125 0.5986111111111111
0 0.253125 0.5569444444444445 0.2578125 0.5597222222222222 0.26484375 0.5722222222222222 0.26796875 0.5916666666666667 0.259375 0.5944444444444444 0.24375 0.5930555555555556 0.23203125 0.5986111111111111 0.22578125 0.6111111111111112 0.2203125 0.6333333333333333 0.215625 0.6430555555555556 0.2171875 0.6763888888888889 0.20625 0.6819444444444445 0.20234375 0.6819444444444445 0.1984375 0.675 0.1953125 0.6513888888888889 0.19453125 0.6125 0.19140625 0.6041666666666666 0.19140625 0.6 0.19765625 0.5916666666666667 0.2015625 0.5694444444444444 0.2046875 0.5638888888888889 0.221875 0.5569444444444445 0.25234375 0.5569444444444445
0 0.2296875 0.2875 0.2359375 0.29444444444444445 0.24140625 0.3277777777777778 0.23828125 0.33611111111111114 0.234375 0.3388888888888889 0.228125 0.31666666666666665 0.22109375 0.3055555555555556 0.2015625 0.30694444444444446 0.2078125 0.29444444444444445 0.221875 0.2875 0.22890625 0.2875
0 0.23828125 0.5111111111111111 0.25078125 0.5138888888888888 0.259375 0.5263888888888889 0.2640625 0.5472222222222223 0.265625 0.5708333333333333 0.25546875 0.5569444444444445 0.24921875 0.5541666666666667 0.2296875 0.5541666666666667 0.21328125 0.5583333333333333 0.19921875 0.5722222222222222 0.1984375 0.5666666666666667 0.1921875 0.5597222222222222 0.19140625 0.5541666666666667 0.196875 0.5513888888888889 0.20078125 0.5444444444444444 0.20546875 0.525 0.209375 0.5180555555555556 0.2140625 0.5138888888888888 0.2375 0.5111111111111111
0 0.303125 0.39861111111111114 0.30625 0.4013888888888889 0.315625 0.39861111111111114 0.3296875 0.4 0.334375 0.4027777777777778 0.3375 0.4083333333333333 0.3375 0.41388888888888886 0.3359375 0.4166666666666667 0.31328125 0.41805555555555557 0.3078125 0.4236111111111111 0.30390625 0.44166666666666665 0.30078125 0.4861111111111111 0.29453125 0.49027777777777776 0.28984375 0.48333333333333334 0.28671875 0.425 0.29453125 0.41388888888888886 0.29609375 0.40555555555555556 0.30234375 0.4
0 0.34140625 0.4027777777777778 0.3421875 0.4111111111111111 0.340625 0.41388888888888886 0.3453125 0.41388888888888886 0.34765625 0.42083333333333334 0.3546875 0.4263888888888889 0.3609375 0.44166666666666665 0.359375 0.4444444444444444 0.32265625 0.45 0.3171875 0.4666666666666667 0.3171875 0.49166666666666664 0.31484375 0.5013888888888889 0.3078125 0.525 0.303125 0.5208333333333334 0.3 0.5069444444444444 0.30078125 0.4666666666666667 0.30390625 0.4375 0.30703125 0.425 0.31015625 0.41944444444444445 0.334375 0.4152777777777778 0.3390625 0.4111111111111111 0.34140625 0.40694444444444444 0.340625 0.4041666666666667
0 0.4078125 0.17083333333333334 0.415625 0.1763888888888889 0.41484375 0.19166666666666668 0.4046875 0.19444444444444445 0.40078125 0.19027777777777777 0.39921875 0.18472222222222223 0.4 0.1763888888888889 0.403125 0.17222222222222222 0.40703125 0.17222222222222222
0 0.2203125 0.30416666666666664 0.2234375 0.3055555555555556 0.23125 0.32083333333333336 0.23359375 0.3277777777777778 0.234375 0.3416666666666667 0.23125 0.3416666666666667 0.22421875 0.3333333333333333 0.20703125 0.3333333333333333 0.2 0.3375 0.1953125 0.34444444444444444 0.19296875 0.3402777777777778 0.19375 0.325 0.19921875 0.30694444444444446 0.203125 0.30416666666666664 0.21953125 0.30416666666666664
0 0.25625 0.45416666666666666 0.2671875 0.4597222222222222 0.2703125 0.4652777777777778 0.27578125 0.4888888888888889 0.284375 0.49722222222222223 0.2796875 0.5055555555555555 0.284375 0.5569444444444445 0.284375 0.5680555555555555 0.2828125 0.5708333333333333 0.26875 0.5680555555555555 0.26640625 0.5638888888888889 0.2640625 0.5416666666666666 0.26015625 0.5277777777777778 0.253125 0.5152777777777777 0.2453125 0.5111111111111111 0.21953125 0.5097222222222222 0.2203125 0.48333333333333334 0.2234375 0.4666666666666667 0.22734375 0.4597222222222222 0.23359375 0.45555555555555555 0.25546875 0.45416666666666666
0 0.79921875 0.9236111111111112 0.8171875 0.9263888888888889 0.84296875 0.925 0.8515625 0.9291666666666667 0.86796875 0.9430555555555555 0.87421875 0.9527777777777777 0.88203125 0.9569444444444445 0.90078125 0.9888888888888889 0.90546875 0.9902777777777778 0.89765625 0.9958333333333333 0.88125 0.9944444444444445 0.87734375 0.9888888888888889 0.875 0.9888888888888889 0.8734375 0.9944444444444445 0.83671875 0.9944444444444445 0.8234375 0.9875 0.81953125 0.9805555555555555 0.81484375 0.9875 0.8078125 0.9916666666666667 0.79765625 0.9944444444444445 0.78359375 0.9930555555555556 0.77578125 0.9972222222222222 0.76015625 0.9958333333333333 0.75859375 0.9986111111111111 0.73515625 0.9986111111111111 0.7234375 0.9694444444444444 0.73359375 0.9625 0.73984375 0.9444444444444444 0.74921875 0.9305555555555556 0.75859375 0.9263888888888889 0.7984375 0.9236111111111112
0 0.33828125 0.3736111111111111 0.34375 0.3972222222222222 0.35234375 0.4083333333333333 0.3453125 0.41944444444444445 0.33671875 0.41388888888888886 0.3375 0.40694444444444444 0.32890625 0.39861111111111114 0.3046875 0.3972222222222222 0.30625 0.38333333333333336 0.309375 0.37777777777777777 0.3375 0.3736111111111111
0 0.74921875 0.5125 0.79453125 0.5166666666666667 0.8125 0.5347222222222222 0.82421875 0.5597222222222222 0.83125 0.5597222222222222 0.83203125 0.5666666666666667 0.82890625 0.5736111111111111 0.83671875 0.5944444444444444 0.840625 0.6305555555555555 0.8359375 0.65 0.83515625 0.6611111111111111 0.83125 0.6680555555555555 0.82265625 0.6680555555555555 0.80859375 0.6583333333333333 0.784375 0.6527777777777778 0.7703125 0.6569444444444444 0.7625 0.6666666666666666 0.7546875 0.6680555555555555 0.75078125 0.6638888888888889 0.74453125 0.6347222222222222 0.740625 0.6333333333333333 0.73359375 0.6402777777777777 0.72578125 0.6375 0.71953125 0.5777777777777777 0.72265625 0.5333333333333333 0.7359375 0.5277777777777778 0.740625 0.5180555555555556 0.7484375 0.5125
0 0.2203125 0.33194444444444443 0.2265625 0.3347222222222222 0.23671875 0.3486111111111111 0.23984375 0.37222222222222223 0.23359375 0.36944444444444446 0.228125 0.3597222222222222 0.2234375 0.35694444444444445 0.19921875 0.35833333333333334 0.1890625 0.3680555555555556 0.18828125 0.3611111111111111 0.19296875 0.35555555555555557 0.19375 0.3458333333333333 0.1984375 0.3388888888888889 0.20546875 0.3333333333333333 0.21953125 0.3333333333333333
0 0.3 0.2611111111111111 0.3421875 0.25972222222222224 0.346875 0.2638888888888889 0.34921875 0.29305555555555557 0.35234375 0.30694444444444446 0.35078125 0.32083333333333336 0.353125 0.34444444444444444 0.353125 0.3527777777777778 0.35 0.3611111111111111 0.3484375 0.3958333333333333 0.3421875 0.38055555555555554 0.33828125 0.35833333333333334 0.33515625 0.35138888888888886 0.3109375 0.35 0.3 0.3527777777777778 0.29921875 0.31666666666666665 0.29609375 0.30833333333333335 0.29609375 0.29305555555555557 0.29921875 0.28888888888888886 0.29609375 0.2833333333333333 0.29296875 0.26805555555555555 0.29375 0.2638888888888889 0.29921875 0.2625
0 0.453125 0.16666666666666666 0.45390625 0.18194444444444444 0.45234375 0.19027777777777777 0.45 0.19305555555555556 0.4453125 0.19305555555555556 0.4421875 0.1875 0.4421875 0.16805555555555557 0.44453125 0.16527777777777777 0.45234375 0.16666666666666666
0 0.29609375 0.3125 0.2984375 0.32222222222222224 0.2984375 0.35555555555555557 0.29375 0.3736111111111111 0.290625 0.375 0.28203125 0.375 0.2765625 0.37083333333333335 0.275 0.3611111111111111 0.27578125 0.3416666666666667 0.27890625 0.3236111111111111 0.28203125 0.31666666666666665 0.28671875 0.3125 0.2953125 0.3125
0 0.38984375 0.2125 0.39140625 0.2152777777777778 0.390625 0.23472222222222222 0.38125 0.23333333333333334 0.38125 0.21666666666666667 0.38359375 0.2125 0.3890625 0.2125
0 0.221875 0.35694444444444445 0.2296875 0.3611111111111111 0.234375 0.36944444444444446 0.234375 0.3763888888888889 0.20546875 0.3763888888888889 0.19296875 0.38333333333333336 0.1890625 0.39166666666666666 0.1859375 0.3902777777777778 0.18515625 0.3861111111111111 0.190625 0.375 0.19453125 0.3597222222222222 0.22109375 0.35694444444444445
0 0.0359375 0.8708333333333333 0.03984375 0.8736111111111111 0.03984375 0.8819444444444444 0.0421875 0.8888888888888888 0.040625 0.9277777777777778 0.03828125 0.9361111111111111 0.03984375 0.9513888888888888 0.03828125 0.9625 0.03125 0.9805555555555555 0.02890625 0.9986111111111111 0.02265625 0.9986111111111111 0.0203125 0.9944444444444445 0.015625 0.9694444444444444 0.00703125 0.9555555555555556 0.0109375 0.9388888888888889 0.0078125 0.9291666666666667 0.0109375 0.9236111111111112 0.009375 0.9041666666666667 0.01171875 0.8958333333333334 0.009375 0.8902777777777777 0.009375 0.8819444444444444 0.00390625 0.8791666666666667 0.0046875 0.875 0.01796875 0.8694444444444445 0.03203125 0.8680555555555556 0.03515625 0.8708333333333333
0 0.065625 0.1763888888888889 0.07890625 0.18472222222222223 0.08515625 0.20555555555555555 0.0859375 0.24166666666666667 0.08359375 0.2513888888888889 0.07890625 0.25833333333333336 0.06171875 0.2569444444444444 0.05703125 0.2513888888888889 0.0578125 0.23472222222222222 0.05546875 0.23055555555555557 0.0578125 0.22777777777777777 0.059375 0.20972222222222223 0.0578125 0.17916666666666667 0.059375 0.1763888888888889 0.06484375 0.1763888888888889
0 0.52109375 0.35555555555555557 0.52890625 0.35555555555555557 0.54296875 0.3638888888888889 0.5578125 0.36527777777777776 0.5671875 0.3736111111111111 0.57109375 0.38055555555555554 0.57421875 0.39305555555555555 0.57734375 0.42777777777777776 0.5765625 0.49722222222222223 0.57421875 0.5055555555555555 0.553125 0.5027777777777778 0.51875 0.5069444444444444 0.5140625 0.5111111111111111 0.50859375 0.5111111111111111 0.50546875 0.4986111111111111 0.4953125 0.4861111111111111 0.49140625 0.4722222222222222 0.4890625 0.4041666666666667 0.48984375 0.37777777777777777 0.49140625 0.36666666666666664 0.49609375 0.35555555555555557 0.5203125 0.35555555555555557
0 0.3625 0.44722222222222224 0.3671875 0.4527777777777778 0.36875 0.4597222222222222 0.36796875 0.4666666666666667 0.34375 0.46944444444444444 0.33671875 0.48055555555555557 0.33359375 0.49027777777777776 0.3296875 0.5166666666666667 0.33046875 0.5472222222222223 0.32890625 0.5555555555555556 0.32421875 0.5611111111111111 0.3171875 0.5611111111111111 0.31171875 0.5486111111111112 0.31015625 0.5361111111111111 0.31171875 0.5180555555555556 0.3171875 0.49027777777777776 0.31640625 0.4722222222222222 0.3203125 0.45555555555555555 0.328125 0.4486111111111111 0.36171875 0.44722222222222224
0 0.57734375 0.5111111111111111 0.584375 0.5208333333333334 0.5953125 0.5291666666666667 0.6125 0.5555555555555556 0.61484375 0.5666666666666667 0.61484375 0.5805555555555556 0.61953125 0.6 0.62265625 0.6569444444444444 0.61796875 0.6638888888888889 0.59921875 0.6666666666666666 0.59296875 0.6777777777777778 0.58828125 0.7027777777777777 0.5828125 0.7111111111111111 0.4984375 0.7194444444444444 0.49140625 0.7180555555555556 0.48984375 0.7138888888888889 0.4875 0.6875 0.48203125 0.6652777777777777 0.48125 0.6513888888888889 0.47734375 0.6402777777777777 0.47578125 0.5916666666666667 0.47734375 0.575 0.48359375 0.5486111111111112 0.49453125 0.5277777777777778 0.5015625 0.5222222222222223 0.5296875 0.5180555555555556 0.553125 0.5069444444444444 0.57109375 0.5069444444444444 0.5765625 0.5111111111111111
0 0.33671875 0.17777777777777778 0.34140625 0.18055555555555555 0.34453125 0.18888888888888888 0.34140625 0.19444444444444445 0.33203125 0.2 0.31484375 0.2 0.3125 0.1986111111111111 0.31171875 0.18888888888888888 0.3140625 0.18194444444444444 0.31875 0.17916666666666667 0.3265625 0.1763888888888889 0.3359375 0.17777777777777778
0 0.38359375 0.4708333333333333 0.3890625 0.4777777777777778 0.40078125 0.5055555555555555 0.409375 0.5111111111111111 0.409375 0.5180555555555556 0.4 0.5194444444444445 0.3953125 0.5152777777777777 0.37109375 0.5152777777777777 0.35390625 0.5208333333333334 0.346875 0.5402777777777777 0.3421875 0.5680555555555555 0.3421875 0.6055555555555555 0.33828125 0.6027777777777777 0.33125 0.5902777777777778 0.3296875 0.5833333333333334 0.32890625 0.5569444444444445 0.33125 0.5486111111111112 0.3296875 0.5180555555555556 0.33359375 0.4888888888888889 0.34140625 0.4722222222222222 0.346875 0.46944444444444444 0.3671875 0.46805555555555556 0.3828125 0.4708333333333333
0 0.6265625 0.7138888888888889 0.63359375 0.7208333333333333 0.66015625 0.7611111111111111 0.68359375 0.7888888888888889 0.6984375 0.8166666666666667 0.70546875 0.875 0.703125 0.8861111111111111 0.703125 0.9138888888888889 0.7 0.9208333333333333 0.7078125 0.9347222222222222 0.71328125 0.9569444444444445 0.7125 0.9638888888888889 0.709375 0.9694444444444444 0.7125 0.975 0.7171875 0.9763888888888889 0.71875 0.9833333333333333 0.7171875 0.9986111111111111 0.6875 0.9986111111111111 0.678125 0.9944444444444445 0.65078125 0.9944444444444445 0.6390625 0.9986111111111111 0.62578125 0.9986111111111111 0.6125 0.9930555555555556 0.6078125 0.9944444444444445 0.60546875 0.9902777777777778 0.6046875 0.9930555555555556 0.596875 0.9902777777777778 0.59765625 0.9861111111111112 0.61484375 0.9819444444444444 0.6140625 0.9777777777777777 0.60390625 0.9777777777777777 0.59921875 0.9819444444444444 0.59453125 0.9791666666666666 0.58828125 0.9833333333333333 0.590625 0.9875 0.5890625 0.9902777777777778 0.5828125 0.9916666666666667 0.58046875 0.9916666666666667 0.58046875 0.9791666666666666 0.57265625 0.9791666666666666 0.571875 0.9847222222222223 0.57578125 0.9930555555555556 0.57109375 0.9986111111111111 0.565625 0.9986111111111111 0.5640625 0.9958333333333333 0.55 0.9986111111111111 0.54609375 0.9958333333333333 0.5453125 0.9902777777777778 0.54921875 0.9819444444444444 0.521875 0.9819444444444444 0.5046875 0.9916666666666667 0.490625 0.9916666666666667 0.48125 0.9875 0.47890625 0.9833333333333333 0.4796875 0.9708333333333333 0.47734375 0.9569444444444445 0.47734375 0.9416666666666667 0.46953125 0.9194444444444444 0.46875 0.9 0.46640625 0.8972222222222223 0.46796875 0.8847222222222222 0.465625 0.8736111111111111 0.465625 0.8611111111111112 0.46015625 0.8458333333333333 0.46015625 0.8347222222222223 0.46875 0.8263888888888888 0.46796875 0.8138888888888889 0.471875 0.8055555555555556 0.47421875 0.7736111111111111 0.47109375 0.7388888888888889 0.471875 0.7319444444444444 0.48046875 0.7263888888888889 0.51484375 0.725 0.534375 0.7194444444444444 0.584375 0.7180555555555556 0.60546875 0.7125 0.62578125 0.7138888888888889
0 0.66640625 0.6652777777777777 0.68984375 0.6875 0.70078125 0.7069444444444445 0.71015625 0.7347222222222223 0.71640625 0.7458333333333333 0.7203125 0.7402777777777778 0.728125 0.7402777777777778 0.73046875 0.7444444444444445 0.73046875 0.7569444444444444 0.72109375 0.7666666666666667 0.72578125 0.7819444444444444 0.71796875 0.7847222222222222 0.68203125 0.7833333333333333 0.6609375 0.7583333333333333 0.63359375 0.7166666666666667 0.62578125 0.7097222222222223 0.5890625 0.7097222222222223 0.59453125 0.6777777777777778 0.60234375 0.6680555555555555 0.64375 0.6638888888888889 0.665625 0.6652777777777777
0 0.56015625 0.3625 0.5640625 0.3597222222222222 0.5859375 0.36666666666666664 0.5921875 0.375 0.59765625 0.3888888888888889 0.6015625 0.39166666666666666 0.6 0.4 0.6 0.4513888888888889 0.59453125 0.45416666666666666 0.58828125 0.4486111111111111 0.57890625 0.44722222222222224 0.578125 0.425 0.5734375 0.3875 0.56875 0.375 0.5609375 0.3638888888888889
0 0.53203125 0.35138888888888886 0.54765625 0.35694444444444445 0.565625 0.35833333333333334 0.58984375 0.36944444444444446 0.59609375 0.3861111111111111 0.60234375 0.39305555555555555 0.60234375 0.3972222222222222 0.6 0.4 0.60078125 0.44583333333333336 0.5984375 0.45416666666666666 0.59375 0.45416666666666666 0.5875 0.4486111111111111 0.58203125 0.4513888888888889 0.578125 0.4486111111111111 0.57734375 0.42083333333333334 0.57421875 0.3958333333333333 0.57109375 0.3819444444444444 0.565625 0.37222222222222223 0.5578125 0.36527777777777776 0.5375 0.3625 0.5328125 0.35694444444444445 0.52265625 0.35833333333333334 0.52109375 0.35555555555555557 0.521875 0.35138888888888886 0.53125 0.35138888888888886
0 0.4453125 0.6972222222222222 0.45546875 0.7055555555555556 0.46015625 0.7166666666666667 0.46875 0.7486111111111111 0.471875 0.7777777777777778 0.47109375 0.7902777777777777 0.4640625 0.8138888888888889 0.46328125 0.8236111111111111 0.45703125 0.8361111111111111 0.45703125 0.8458333333333333 0.46171875 0.8583333333333333 0.4609375 0.8652777777777778 0.459375 0.8680555555555556 0.4515625 0.8666666666666667 0.44453125 0.8694444444444445 0.40390625 0.8680555555555556 0.38984375 0.8555555555555555 0.37421875 0.8236111111111111 0.375 0.8055555555555556 0.37265625 0.7875 0.375 0.7375 0.38984375 0.7055555555555556 0.41328125 0.6986111111111111 0.44453125 0.6972222222222222
0 0.47109375 0.17777777777777778 0.47421875 0.18194444444444444 0.4765625 0.19444444444444445 0.475 0.20277777777777778 0.4625 0.20277777777777778 0.459375 0.1986111111111111 0.46171875 0.17916666666666667 0.4640625 0.1763888888888889 0.4703125 0.17777777777777778
0 0.7140625 0.4722222222222222 0.73984375 0.5111111111111111 0.73828125 0.5222222222222223 0.7328125 0.5277777777777778 0.7265625 0.5291666666666667 0.72265625 0.5347222222222222 0.7203125 0.5583333333333333 0.71796875 0.5638888888888889 0.68828125 0.5638888888888889 0.68203125 0.5694444444444444 0.6765625 0.5666666666666667 0.67109375 0.5569444444444445 0.66171875 0.5527777777777778 0.659375 0.5472222222222223 0.65859375 0.5166666666666667 0.66328125 0.49027777777777776 0.671875 0.47638888888888886 0.67890625 0.4708333333333333 0.71328125 0.4722222222222222