3 0.38359375 0.4486111111111111 0.3953125 0.4652777777777778 0.396875 0.49444444444444446 0.38359375 0.5027777777777778 0.378125 0.5152777777777777 0.37734375 0.5319444444444444 0.375 0.5416666666666666 0.3765625 0.5958333333333333 0.37265625 0.5986111111111111 0.36953125 0.6097222222222223 0.35625 0.6111111111111112 0.3515625 0.6138888888888889 0.34765625 0.6208333333333333 0.34140625 0.6194444444444445 0.3375 0.6027777777777777 0.32734375 0.5930555555555556 0.32578125 0.575 0.321875 0.5611111111111111 0.31875 0.5305555555555556 0.31796875 0.49583333333333335 0.31953125 0.45555555555555555 0.34765625 0.45 0.3828125 0.4486111111111111
3 0.28125 0.2986111111111111 0.303125 0.30416666666666664 0.30703125 0.3138888888888889 0.30859375 0.3277777777777778 0.30703125 0.33194444444444443 0.28984375 0.33055555555555555 0.28203125 0.33611111111111114 0.2765625 0.35555555555555557 0.27578125 0.3736111111111111 0.27265625 0.37083333333333335 0.26640625 0.3486111111111111 0.265625 0.30277777777777776 0.26875 0.2986111111111111 0.28046875 0.2986111111111111
3 0.8625 0.5180555555555556 0.8796875 0.5263888888888889 0.90078125 0.5444444444444444 0.90234375 0.5597222222222222 0.90703125 0.5694444444444444 0.91640625 0.6013888888888889 0.91640625 0.6222222222222222 0.890625 0.6513888888888889 0.88984375 0.6652777777777777 0.89140625 0.6805555555555556 0.88828125 0.6875 0.8484375 0.6819444444444445 0.8453125 0.6833333333333333 0.840625 0.6958333333333333 0.8359375 0.6986111111111111 0.828125 0.6944444444444444 0.825 0.6805555555555556 0.8203125 0.6736111111111112 0.80703125 0.675 0.803125 0.6666666666666666 0.8015625 0.6430555555555556 0.8 0.6361111111111111 0.79609375 0.6305555555555555 0.79453125 0.6125 0.7984375 0.55 0.7984375 0.5222222222222223 0.80078125 0.5180555555555556 0.80859375 0.5166666666666667 0.86171875 0.5180555555555556
3 0.3171875 0.19722222222222222 0.3203125 0.20416666666666666 0.31875 0.25277777777777777 0.32109375 0.26805555555555555 0.315625 0.2708333333333333 0.30703125 0.2708333333333333 0.3015625 0.2611111111111111 0.29921875 0.24861111111111112 0.29453125 0.24027777777777778 0.29453125 0.23055555555555557 0.296875 0.20694444444444443 0.30078125 0.1986111111111111 0.31640625 0.19722222222222222
3 0.0640625 0.1763888888888889 0.078125 0.18472222222222223 0.08359375 0.2013888888888889 0.08515625 0.24444444444444444 0.0828125 0.25416666666666665 0.078125 0.25833333333333336 0.06171875 0.25416666666666665 0.05859375 0.24583333333333332 0.059375 0.2111111111111111 0.0578125 0.18055555555555555 0.059375 0.1763888888888889 0.06328125 0.1763888888888889
3 0.20703125 0.20277777777777778 0.23203125 0.21944444444444444 0.2328125 0.23055555555555557 0.23125 0.23472222222222222 0.21796875 0.24166666666666667 0.20078125 0.2375 0.1890625 0.24027777777777778 0.1875 0.2361111111111111 0.18515625 0.225 0.18515625 0.20555555555555555 0.18984375 0.20277777777777778 0.20625 0.20277777777777778
3 0.2578125 0.2902777777777778 0.26171875 0.2916666666666667 0.26328125 0.29583333333333334 0.2640625 0.34305555555555556 0.2703125 0.37916666666666665 0.26875 0.3958333333333333 0.26953125 0.4444444444444444 0.2375 0.4444444444444444 0.215625 0.44722222222222224 0.209375 0.4513888888888889 0.2078125 0.45555555555555555 0.20625 0.4930555555555556 0.2015625 0.49722222222222223 0.2046875 0.5125 0.20390625 0.5152777777777777 0.19609375 0.5166666666666667 0.19140625 0.5 0.190625 0.475 0.18515625 0.4361111111111111 0.184375 0.38055555555555554 0.18515625 0.3486111111111111 0.1875 0.3347222222222222 0.18515625 0.30833333333333335 0.18671875 0.2972222222222222 0.18828125 0.29444444444444445 0.19921875 0.29305555555555557 0.25703125 0.2916666666666667
3 0.2640625 0.44166666666666665 0.26875 0.44305555555555554 0.27421875 0.45694444444444443 0.27890625 0.4861111111111111 0.2875 0.4930555555555556 0.2875 0.5013888888888889 0.28046875 0.5097222222222222 0.28125 0.5263888888888889 0.2796875 0.5291666666666667 0.2671875 0.5041666666666667 0.22578125 0.5041666666666667 0.21796875 0.5097222222222222 0.21484375 0.5152777777777777 0.21328125 0.5319444444444444 0.21015625 0.5416666666666666 0.2078125 0.5388888888888889 0.20625 0.5152777777777777 0.20234375 0.5097222222222222 0.2015625 0.5041666666666667 0.20234375 0.49722222222222223 0.20703125 0.4930555555555556 0.209375 0.4527777777777778 0.21953125 0.44722222222222224 0.2484375 0.44583333333333336 0.26328125 0.44166666666666665
3 0.49375 0.6194444444444445 0.5015625 0.6277777777777778 0.5234375 0.6708333333333333 0.52421875 0.6888888888888889 0.52265625 0.6930555555555555 0.52265625 0.7069444444444445 0.528125 0.7347222222222223 0.53125 0.7402777777777778 0.53515625 0.7625 0.53515625 0.7722222222222223 0.52734375 0.7763888888888889 0.5046875 0.7777777777777778 0.49375 0.7819444444444444 0.48203125 0.8194444444444444 0.47890625 0.8375 0.475 0.8458333333333333 0.471875 0.8777777777777778 0.46796875 0.8819444444444444 0.44921875 0.8847222222222222 0.44140625 0.8902777777777777 0.43515625 0.8861111111111111 0.4296875 0.8472222222222222 0.42421875 0.8402777777777778 0.4203125 0.8277777777777777 0.41875 0.8166666666666667 0.41640625 0.8125 0.415625 0.8 0.41015625 0.7819444444444444 0.4078125 0.725 0.409375 0.6333333333333333 0.41640625 0.625 0.46953125 0.6180555555555556 0.49296875 0.6194444444444445
2 0.46328125 0.19305555555555556 0.46640625 0.19722222222222222 0.465625 0.20694444444444443 0.46328125 0.20972222222222223 0.4609375 0.20555555555555555 0.46015625 0.1986111111111111 0.4625 0.19444444444444445
2 0.4890625 0.19583333333333333 0.4921875 0.1986111111111111 0.490625 0.2125 0.4875 0.2125 0.48515625 0.20555555555555555 0.48515625 0.2 0.48828125 0.19583333333333333
2 0.0859375 0.525 0.0953125 0.5361111111111111 0.0984375 0.5541666666666667 0.0984375 0.5652777777777778 0.09609375 0.5763888888888888 0.08828125 0.5902777777777778 0.0828125 0.5888888888888889 0.078125 0.5763888888888888 0.078125 0.5402777777777777 0.0796875 0.5319444444444444 0.08515625 0.525
2 0.678125 0.5069444444444444 0.696875 0.5013888888888889 0.69921875 0.5097222222222222 0.69765625 0.5208333333333334 0.6859375 0.5236111111111111 0.678125 0.5291666666666667 0.67578125 0.5236111111111111 0.678125 0.5083333333333333
2 0.4703125 0.3277777777777778 0.4734375 0.3388888888888889 0.4734375 0.35833333333333334 0.47109375 0.3625 0.46171875 0.35 0.4625 0.33055555555555555 0.46484375 0.3263888888888889 0.46953125 0.3277777777777778
2 0.04609375 0.5597222222222222 0.05078125 0.5625 0.05703125 0.5597222222222222 0.0640625 0.5611111111111111 0.06875 0.5680555555555555 0.07265625 0.5805555555555556 0.07265625 0.6125 0.07109375 0.6222222222222222 0.06484375 0.6402777777777777 0.05703125 0.6430555555555556 0.053125 0.6375 0.046875 0.6097222222222223 0.0484375 0.5722222222222222 0.0453125 0.5666666666666667 0.04609375 0.5611111111111111
2 0.3328125 0.38333333333333336 0.33203125 0.37222222222222223 0.334375 0.36527777777777776 0.3453125 0.36527777777777776 0.34765625 0.3736111111111111 0.34765625 0.38472222222222224 0.34296875 0.3875 0.33359375 0.38333333333333336
2 0.40078125 0.22361111111111112 0.40546875 0.22916666666666666 0.40546875 0.24166666666666667 0.40390625 0.24444444444444444 0.4 0.24166666666666667 0.4 0.225
2 0.13203125 0.5083333333333333 0.13359375 0.5138888888888888 0.13359375 0.5611111111111111 0.12578125 0.5708333333333333 0.1203125 0.5694444444444444 0.11640625 0.5569444444444445 0.11484375 0.5083333333333333 0.13125 0.5083333333333333
2 0.36015625 0.2361111111111111 0.3625 0.24722222222222223 0.359375 0.2569444444444444 0.35625 0.25555555555555554 0.3546875 0.25 0.3546875 0.2388888888888889 0.359375 0.2361111111111111
2 0.11640625 0.39305555555555555 0.13125 0.39444444444444443 0.13359375 0.40555555555555556 0.1328125 0.42916666666666664 0.11875 0.43333333333333335 0.11640625 0.42916666666666664 0.11484375 0.41388888888888886 0.11640625 0.39444444444444443
2 0.05546875 0.8430555555555556 0.05546875 0.8652777777777778 0.046875 0.8763888888888889 0.05078125 0.9416666666666667 0.040625 0.9763888888888889 0.0328125 0.9916666666666667 0.02734375 0.9916666666666667 0.0234375 0.9861111111111112 0.01640625 0.9597222222222223 0.01484375 0.9486111111111111 0.015625 0.9347222222222222 0.01328125 0.9291666666666667 0.0140625 0.9152777777777777 0.01171875 0.9069444444444444 0.01484375 0.8875 0.0140625 0.875 0.015625 0.8722222222222222 0.00859375 0.8680555555555556 0.0078125 0.8513888888888889 0.01171875 0.8472222222222222 0.0140625 0.8486111111111111 0.015625 0.8555555555555555 0.02265625 0.8638888888888889 0.04296875 0.8569444444444444 0.0484375 0.8458333333333333 0.0546875 0.8430555555555556
2 0.13984375 0.3486111111111111 0.1359375 0.34444444444444444 0.1328125 0.33055555555555555 0.13203125 0.31666666666666665 0.134375 0.30277777777777776 0.13671875 0.2986111111111111 0.140625 0.2986111111111111 0.14375 0.30694444444444446 0.14375 0.3388888888888889 0.140625 0.3472222222222222
2 0.4578125 0.28888888888888886 0.4578125 0.30694444444444446 0.453125 0.3125 0.45078125 0.30833333333333335 0.44921875 0.29444444444444445 0.45234375 0.2875 0.45703125 0.28888888888888886
2 0.45390625 0.1986111111111111 0.45625 0.20277777777777778 0.45625 0.2111111111111111 0.453125 0.2152777777777778 0.45 0.20833333333333334 0.45 0.20277777777777778 0.453125 0.1986111111111111
2 0.49453125 0.325 0.50078125 0.33055555555555555 0.50234375 0.3388888888888889 0.5015625 0.35 0.48671875 0.3486111111111111 0.4890625 0.32916666666666666 0.49375 0.325
1 0.72890625 0.2625 0.73984375 0.2652777777777778 0.74609375 0.2875 0.74453125 0.30277777777777776 0.7375 0.3125 0.734375 0.3125 0.73125 0.30694444444444446 0.71328125 0.3055555555555556 0.70234375 0.2916666666666667 0.703125 0.28194444444444444 0.7109375 0.2652777777777778 0.728125 0.2625
1 0.43203125 0.1736111111111111 0.43828125 0.18194444444444444 0.43984375 0.19722222222222222 0.42890625 0.20277777777777778 0.425 0.2 0.42421875 0.18194444444444444 0.428125 0.17222222222222222 0.43125 0.1736111111111111
1 0.4921875 0.3486111111111111 0.5234375 0.35138888888888886 0.52890625 0.35694444444444445 0.5296875 0.36527777777777776 0.4984375 0.36527777777777776 0.4890625 0.3819444444444444 0.4875 0.41805555555555557 0.47890625 0.4152777777777778 0.47578125 0.4041666666666667 0.47578125 0.39166666666666666 0.4734375 0.3875 0.47265625 0.3736111111111111 0.4765625 0.35694444444444445 0.4828125 0.35 0.49140625 0.3486111111111111
1 0.90703125 0.7222222222222222 0.93515625 0.7263888888888889 0.94453125 0.7319444444444444 0.95625 0.7444444444444445 0.971875 0.7541666666666667 0.99453125 0.7861111111111111 0.996875 0.8069444444444445 0.99921875 0.8083333333333333 0.99921875 0.8944444444444445 0.99609375 0.9 0.99921875 0.9041666666666667 0.99921875 0.9388888888888889 0.9953125 0.9430555555555555 0.99453125 0.9541666666666667 0.98046875 0.9652777777777778 0.971875 0.9597222222222223 0.94609375 0.9652777777777778 0.93125 0.9625 0.928125 0.9569444444444445 0.93359375 0.9513888888888888 0.934375 0.9472222222222222 0.93203125 0.9430555555555555 0.9171875 0.9458333333333333 0.91171875 0.9402777777777778 0.9078125 0.9402777777777778 0.9015625 0.9291666666666667 0.8921875 0.9236111111111112 0.87734375 0.9069444444444444 0.8515625 0.8944444444444445 0.85078125 0.8763888888888889 0.8453125 0.8458333333333333 0.84453125 0.8 0.85546875 0.75 0.8625 0.7305555555555555 0.86875 0.725 0.8859375 0.7208333333333333 0.90625 0.7222222222222222
1 0.390625 0.8444444444444444 0.40078125 0.8625 0.40703125 0.8791666666666667 0.4234375 0.9472222222222222 0.425 0.95 0.43203125 0.9347222222222222 0.43515625 0.9333333333333333 0.4421875 0.9347222222222222 0.4453125 0.9416666666666667 0.4453125 0.9513888888888888 0.44296875 0.9555555555555556 0.42734375 0.9652777777777778 0.428125 0.9722222222222222 0.4359375 0.9916666666666667 0.43203125 0.9958333333333333 0.41640625 0.9986111111111111 0.4109375 0.9958333333333333 0.38359375 0.9944444444444445 0.36171875 0.9958333333333333 0.359375 0.9986111111111111 0.33671875 0.9958333333333333 0.33125 0.9986111111111111 0.2984375 0.9986111111111111 0.29375 0.9944444444444445 0.2859375 0.9944444444444445 0.28515625 0.9916666666666667 0.2859375 0.9819444444444444 0.29140625 0.9805555555555555 0.28671875 0.9791666666666666 0.284375 0.9722222222222222 0.284375 0.9541666666666667 0.290625 0.9430555555555555 0.28984375 0.9347222222222222 0.2921875 0.9319444444444445 0.29296875 0.9222222222222223 0.29140625 0.9180555555555555 0.29296875 0.8930555555555556 0.296875 0.875 0.29921875 0.8722222222222222 0.303125 0.8486111111111111 0.3203125 0.8402777777777778 0.353125 0.8402777777777778 0.35859375 0.8375 0.384375 0.8375 0.38984375 0.8444444444444444
1 0.0875 0.30416666666666664 0.10078125 0.30833333333333335 0.11875 0.325 0.13125 0.33055555555555555 0.134375 0.33611111111111114 0.13515625 0.3486111111111111 0.1328125 0.3527777777777778 0.1234375 0.35555555555555557 0.11484375 0.36666666666666664 0.11015625 0.36666666666666664 0.1078125 0.3527777777777778 0.10234375 0.34444444444444444 0.0984375 0.34444444444444444 0.09296875 0.35694444444444445 0.0890625 0.3597222222222222 0.0703125 0.35694444444444445 0.0609375 0.36527777777777776 0.05 0.3638888888888889 0.03515625 0.3541666666666667 0.0328125 0.3277777777777778 0.03359375 0.3111111111111111 0.0359375 0.3055555555555556 0.03984375 0.30277777777777776 0.08671875 0.30416666666666664
1 0.32265625 0.3472222222222222 0.3296875 0.35833333333333334 0.33203125 0.37222222222222223 0.33125 0.37777777777777777 0.32890625 0.3819444444444444 0.309375 0.3861111111111111 0.30625 0.3902777777777778 0.3 0.39166666666666666 0.296875 0.3972222222222222 0.296875 0.41805555555555557 0.29375 0.43333333333333335 0.3015625 0.44166666666666665 0.29921875 0.44722222222222224 0.3 0.45555555555555555 0.296875 0.4583333333333333 0.29296875 0.45555555555555555 0.2921875 0.43472222222222223 0.2875 0.42777777777777776 0.2859375 0.4125 0.2875 0.40555555555555556 0.2875 0.37916666666666665 0.29296875 0.35694444444444445 0.29609375 0.35138888888888886 0.30703125 0.3472222222222222 0.321875 0.3472222222222222
1 0.52109375 0.36527777777777776 0.53203125 0.37083333333333335 0.54140625 0.39305555555555555 0.54140625 0.4 0.5359375 0.4013888888888889 0.53046875 0.4083333333333333 0.5265625 0.4236111111111111 0.5265625 0.4305555555555556 0.521875 0.44305555555555554 0.48984375 0.44305555555555554 0.4875 0.43333333333333335 0.4890625 0.425 0.48828125 0.37916666666666665 0.49765625 0.36527777777777776 0.5203125 0.36527777777777776
1 0.33359375 0.23055555555555557 0.3375 0.24305555555555555 0.3375 0.2611111111111111 0.325 0.26666666666666666 0.321875 0.2652777777777778 0.31875 0.2569444444444444 0.31953125 0.23333333333333334 0.3234375 0.22916666666666666 0.3328125 0.23055555555555557
1 0.33828125 0.7138888888888889 0.353125 0.7513888888888889 0.365625 0.7541666666666667 0.365625 0.7611111111111111 0.35625 0.7708333333333334 0.3640625 0.8027777777777778 0.3640625 0.8333333333333334 0.36015625 0.8361111111111111 0.325 0.8361111111111111 0.3203125 0.8236111111111111 0.32109375 0.8097222222222222 0.31875 0.7902777777777777 0.315625 0.7833333333333333 0.31015625 0.7819444444444444 0.30859375 0.7861111111111111 0.30859375 0.8069444444444445 0.3046875 0.8180555555555555 0.29921875 0.8236111111111111 0.29609375 0.8513888888888889 0.28984375 0.8527777777777777 0.278125 0.8486111111111111 0.27578125 0.8527777777777777 0.27265625 0.8805555555555555 0.26796875 0.8791666666666667 0.26484375 0.8513888888888889 0.25703125 0.8388888888888889 0.253125 0.7972222222222223 0.2546875 0.7458333333333333 0.26484375 0.7236111111111111 0.26484375 0.7180555555555556 0.27734375 0.7041666666666667 0.29453125 0.7041666666666667 0.2984375 0.7013888888888888 0.3296875 0.7055555555555556 0.3375 0.7138888888888889
1 0.48359375 0.45416666666666666 0.4953125 0.4666666666666667 0.5015625 0.48055555555555557 0.503125 0.49027777777777776 0.49296875 0.49444444444444446 0.48828125 0.5013888888888889 0.48203125 0.5361111111111111 0.48203125 0.5694444444444444 0.48046875 0.5763888888888888 0.475 0.5791666666666667 0.4734375 0.5791666666666667 0.471875 0.5722222222222222 0.46875 0.5694444444444444 0.46328125 0.5708333333333333 0.4609375 0.5666666666666667 0.4546875 0.5291666666666667 0.44765625 0.5055555555555555 0.43828125 0.49166666666666664 0.43828125 0.4875 0.4421875 0.4638888888888889 0.44921875 0.45555555555555555 0.4828125 0.45416666666666666
1 0.5828125 0.5875 0.59921875 0.5986111111111111 0.6125 0.625 0.62421875 0.6611111111111111 0.63359375 0.6597222222222222 0.63828125 0.6638888888888889 0.63671875 0.6736111111111112 0.63203125 0.6763888888888889 0.63046875 0.6847222222222222 0.63828125 0.7111111111111111 0.640625 0.7652777777777777 0.634375 0.7833333333333333 0.6265625 0.7958333333333333 0.61953125 0.7847222222222222 0.6109375 0.7805555555555556 0.57109375 0.7763888888888889 0.55 0.7708333333333334 0.53828125 0.7541666666666667 0.5375 0.7388888888888889 0.534375 0.7319444444444444 0.5296875 0.7291666666666666 0.52578125 0.7138888888888889 0.525 0.6958333333333333 0.528125 0.6916666666666667 0.52890625 0.6819444444444445 0.51796875 0.6555555555555556 0.51640625 0.6430555555555556 0.5234375 0.6375 0.525 0.6152777777777778 0.528125 0.6055555555555555 0.53828125 0.5902777777777778 0.54609375 0.5861111111111111 0.57578125 0.5847222222222223 0.58203125 0.5875
1 0.35546875 0.4125 0.37578125 0.41944444444444445 0.3796875 0.42777777777777776 0.3828125 0.4444444444444444 0.36328125 0.45 0.35546875 0.44722222222222224 0.34609375 0.45 0.3296875 0.4486111111111111 0.33359375 0.4236111111111111 0.34140625 0.4166666666666667 0.3546875 0.41388888888888886
1 0.29453125 0.24305555555555555 0.30078125 0.25 0.303125 0.2611111111111111 0.28125 0.2638888888888889 0.27578125 0.2638888888888889 0.27421875 0.2611111111111111 0.27890625 0.24722222222222223 0.29375 0.24305555555555555
1 0.45546875 0.1486111111111111 0.45859375 0.15416666666666667 0.45859375 0.16805555555555557 0.45390625 0.17083333333333334 0.446875 0.16944444444444445 0.4453125 0.16666666666666666 0.4453125 0.15555555555555556 0.44921875 0.1486111111111111 0.4546875 0.1486111111111111
1 0.30703125 0.33194444444444443 0.31328125 0.3375 0.315625 0.34444444444444444 0.2984375 0.35 0.29375 0.35833333333333334 0.28828125 0.3819444444444444 0.2875 0.40694444444444444 0.28515625 0.4111111111111111 0.2796875 0.4111111111111111 0.278125 0.4083333333333333 0.275 0.3888888888888889 0.27421875 0.3736111111111111 0.27734375 0.3486111111111111 0.2859375 0.3333333333333333 0.30625 0.33194444444444443
1 0.2484375 0.5041666666666667 0.2703125 0.5069444444444444 0.27890625 0.5263888888888889 0.28203125 0.5416666666666666 0.2859375 0.5472222222222223 0.2921875 0.55 0.2921875 0.5555555555555556 0.2859375 0.5638888888888889 0.28984375 0.6083333333333333 0.2640625 0.6069444444444444 0.23671875 0.6125 0.228125 0.6222222222222222 0.22109375 0.65 0.2140625 0.6569444444444444 0.20859375 0.6541666666666667 0.20625 0.6472222222222223 0.20546875 0.6 0.20703125 0.5708333333333333 0.2015625 0.5611111111111111 0.2015625 0.5527777777777778 0.20859375 0.5458333333333333 0.21328125 0.5305555555555556 0.215625 0.5138888888888888 0.21875 0.5097222222222222 0.2265625 0.5055555555555555 0.24765625 0.5041666666666667
1 0.85 0.8986111111111111 0.8625 0.9013888888888889 0.8765625 0.9097222222222222 0.896875 0.9277777777777778 0.90625 0.9416666666666667 0.909375 0.9513888888888888 0.91796875 0.9569444444444445 0.92265625 0.9638888888888889 0.92421875 0.9708333333333333 0.9140625 0.9652777777777778 0.9078125 0.9680555555555556 0.90703125 0.9819444444444444 0.91875 0.9944444444444445 0.9 0.9972222222222222 0.86796875 0.9944444444444445 0.7953125 0.9958333333333333 0.79296875 0.9930555555555556 0.7890625 0.9986111111111111 0.753125 0.9986111111111111 0.75078125 0.9944444444444445 0.74765625 0.9944444444444445 0.75078125 0.9861111111111112 0.75390625 0.9638888888888889 0.7625 0.9597222222222223 0.7609375 0.9555555555555556 0.7625 0.9527777777777777 0.76328125 0.9347222222222222 0.7703125 0.9194444444444444 0.7734375 0.9055555555555556 0.7859375 0.9013888888888889 0.8078125 0.9027777777777778 0.84921875 0.8986111111111111
1 0.42109375 0.21388888888888888 0.43359375 0.22083333333333333 0.43515625 0.22916666666666666 0.43515625 0.25555555555555554 0.43359375 0.25833333333333336 0.41328125 0.25833333333333336 0.40859375 0.25277777777777777 0.40625 0.2375 0.40859375 0.22083333333333333 0.4140625 0.2152777777777778 0.4203125 0.21388888888888888
1 0.71015625 0.5208333333333334 0.73671875 0.5277777777777778 0.7484375 0.5458333333333333 0.76484375 0.5944444444444444 0.76640625 0.6055555555555555 0.765625 0.6333333333333333 0.76015625 0.6333333333333333 0.75703125 0.6291666666666667 0.73984375 0.6208333333333333 0.6984375 0.6208333333333333 0.67734375 0.6263888888888889 0.671875 0.6180555555555556 0.66953125 0.6083333333333333 0.6703125 0.5652777777777778 0.678125 0.5319444444444444 0.68515625 0.5236111111111111 0.709375 0.5208333333333334
1 0.30625 0.32083333333333336 0.30859375 0.3347222222222222 0.28984375 0.3333333333333333 0.284375 0.33611111111111114 0.2796875 0.34305555555555556 0.27734375 0.35555555555555557 0.27578125 0.3861111111111111 0.271875 0.3819444444444444 0.2671875 0.3527777777777778 0.26953125 0.3236111111111111 0.28984375 0.31527777777777777 0.303125 0.31527777777777777 0.30546875 0.32083333333333336
1 0.3375 0.38472222222222224 0.3484375 0.3902777777777778 0.35546875 0.40694444444444444 0.35546875 0.4125 0.3375 0.41944444444444445 0.33515625 0.4236111111111111 0.33203125 0.44722222222222224 0.3203125 0.4527777777777778 0.31796875 0.46111111111111114 0.3171875 0.48055555555555557 0.3140625 0.4875 0.30859375 0.4888888888888889 0.303125 0.4875 0.30078125 0.48055555555555557 0.29921875 0.4388888888888889 0.2953125 0.43194444444444446 0.296875 0.40694444444444444 0.30078125 0.4027777777777778 0.30390625 0.39305555555555555 0.31015625 0.3861111111111111 0.32265625 0.38333333333333336 0.33671875 0.38472222222222224
1 0.634375 0.44027777777777777 0.64453125 0.45416666666666666 0.6515625 0.4791666666666667 0.65703125 0.4888888888888889 0.6609375 0.5069444444444444 0.6625 0.5583333333333333 0.659375 0.5666666666666667 0.65078125 0.5652777777777778 0.64453125 0.5541666666666667 0.6375 0.55 0.609375 0.55 0.5984375 0.5638888888888889 0.59375 0.5652777777777778 0.590625 0.5625 0.58984375 0.5541666666666667 0.58515625 0.5430555555555555 0.578125 0.5430555555555555 0.57421875 0.5319444444444444 0.57578125 0.5152777777777777 0.57421875 0.4986111111111111 0.575 0.46805555555555556 0.590625 0.4375 0.63359375 0.44027777777777777
1 0.36953125 0.2388888888888889 0.384375 0.24166666666666667 0.38984375 0.25416666666666665 0.378125 0.25972222222222224 0.36171875 0.25972222222222224 0.36015625 0.25833333333333336 0.36171875 0.24722222222222223 0.36484375 0.24166666666666667 0.36875 0.24027777777777778
1 0.56953125 0.4013888888888889 0.58515625 0.41944444444444445 0.58828125 0.4388888888888889 0.57578125 0.4625 0.57421875 0.4847222222222222 0.57109375 0.4986111111111111 0.5640625 0.5013888888888889 0.55703125 0.4986111111111111 0.5484375 0.49027777777777776 0.5390625 0.4875 0.5359375 0.48194444444444445 0.52578125 0.4444444444444444 0.52890625 0.41805555555555557 0.53515625 0.4041666666666667 0.56875 0.4013888888888889
1 0.384375 0.20694444444444443 0.38671875 0.2111111111111111 0.3875 0.23472222222222222 0.38359375 0.24166666666666667 0.365625 0.2388888888888889 0.365625 0.21944444444444444 0.36875 0.20972222222222223 0.37265625 0.20555555555555555 0.38359375 0.20694444444444443
1 0.74609375 0.6263888888888889 0.75390625 0.6291666666666667 0.76328125 0.6388888888888888 0.78203125 0.6763888888888889 0.78984375 0.6763888888888889 0.79453125 0.6819444444444445 0.79453125 0.6861111111111111 0.78828125 0.6972222222222222 0.79921875 0.7263888888888889 0.8 0.7722222222222223 0.796875 0.7986111111111112 0.79296875 0.8013888888888889 0.7859375 0.7902777777777777 0.77578125 0.7861111111111111 0.72734375 0.7875 0.70703125 0.7763888888888889 0.6984375 0.775 0.6953125 0.7708333333333334 0.69453125 0.7611111111111111 0.6921875 0.7583333333333333 0.68203125 0.7569444444444444 0.675 0.7597222222222222 0.671875 0.7541666666666667 0.66953125 0.7375 0.66953125 0.6944444444444444 0.671875 0.6652777777777777 0.68984375 0.6263888888888889 0.70078125 0.6236111111111111 0.7453125 0.6263888888888889
1 0.70859375 0.7805555555555556 0.72265625 0.7902777777777777 0.73046875 0.8 0.76015625 0.8638888888888889 0.76171875 0.8652777777777778 0.765625 0.8597222222222223 0.771875 0.8597222222222223 0.7765625 0.8666666666666667 0.7765625 0.875 0.7671875 0.8861111111111111 0.7703125 0.9027777777777778 0.7703125 0.9138888888888889 0.76015625 0.9402777777777778 0.7609375 0.9486111111111111 0.759375 0.9541666666666667 0.75390625 0.9583333333333334 0.7515625 0.9652777777777778 0.7484375 0.9986111111111111 0.72265625 0.9944444444444445 0.66171875 0.9944444444444445 0.66171875 0.9902777777777778 0.65234375 0.975 0.64375 0.9708333333333333 0.64609375 0.9652777777777778 0.64453125 0.9555555555555556 0.6484375 0.9444444444444444 0.64609375 0.9402777777777778 0.63671875 0.9388888888888889 0.625 0.9069444444444444 0.62734375 0.9 0.6234375 0.8888888888888888 0.62890625 0.8819444444444444 0.6296875 0.8763888888888889 0.62734375 0.8708333333333333 0.61875 0.8680555555555556 0.6171875 0.8472222222222222 0.62265625 0.8138888888888889 0.634375 0.7861111111111111 0.63984375 0.7805555555555556 0.6734375 0.7763888888888889 0.69609375 0.7763888888888889 0.7078125 0.7805555555555556
1 0.40078125 0.18611111111111112 0.40625 0.20972222222222223 0.40234375 0.22083333333333333 0.39765625 0.225 0.3875 0.2222222222222222 0.38515625 0.20277777777777778 0.38984375 0.1875 0.39375 0.18472222222222223 0.4 0.18611111111111112
1 0.45390625 0.5763888888888888 0.4609375 0.5833333333333334 0.4640625 0.5972222222222222 0.4734375 0.6152777777777778 0.4640625 0.6194444444444445 0.41640625 0.625 0.409375 0.6319444444444444 0.40703125 0.7263888888888889 0.4078125 0.7569444444444444 0.40546875 0.7625 0.40078125 0.7652777777777777 0.39375 0.7583333333333333 0.3921875 0.7375 0.38828125 0.7222222222222222 0.3859375 0.6902777777777778 0.3796875 0.6736111111111112 0.37890625 0.6638888888888889 0.3828125 0.6569444444444444 0.38203125 0.6430555555555556 0.3890625 0.6277777777777778 0.39375 0.6013888888888889 0.4015625 0.5791666666666667 0.42578125 0.5736111111111111 0.4484375 0.5736111111111111 0.453125 0.5763888888888888
1 0.1125 0.25555555555555554 0.1171875 0.2611111111111111 0.1203125 0.2777777777777778 0.11875 0.30277777777777776 0.11484375 0.31666666666666665 0.09140625 0.30416666666666664 0.08046875 0.30277777777777776 0.078125 0.2833333333333333 0.0796875 0.27361111111111114 0.09140625 0.25416666666666665 0.10390625 0.25277777777777777 0.11171875 0.25555555555555554
1 0.525 0.4486111111111111 0.53671875 0.4847222222222222 0.53671875 0.49027777777777776 0.5328125 0.49166666666666664 0.50390625 0.49166666666666664 0.49921875 0.475 0.4859375 0.45416666666666666 0.4875 0.44722222222222224 0.49296875 0.4444444444444444 0.5171875 0.4444444444444444 0.52421875 0.4486111111111111
1 0.56015625 0.7763888888888889 0.57421875 0.7902777777777777 0.5953125 0.8222222222222222 0.6046875 0.8555555555555555 0.6125 0.8722222222222222 0.61875 0.8763888888888889 0.61875 0.8916666666666667 0.621875 0.8972222222222223 0.6234375 0.9111111111111111 0.62890625 0.9277777777777778 0.63359375 0.9347222222222222 0.6375 0.9513888888888888 0.64140625 0.9569444444444445 0.63671875 0.9736111111111111 0.63828125 0.9847222222222223 0.6359375 0.9944444444444445 0.625 0.9888888888888889 0.625 0.9930555555555556 0.62109375 0.9958333333333333 0.59765625 0.9944444444444445 0.5921875 0.9986111111111111 0.58828125 0.9944444444444445 0.571875 0.9944444444444445 0.575 0.9875 0.57109375 0.9833333333333333 0.5640625 0.9888888888888889 0.56484375 0.9944444444444445 0.5390625 0.9958333333333333 0.5109375 0.9930555555555556 0.509375 0.9902777777777778 0.490625 0.9916666666666667 0.48046875 0.9861111111111112 0.4765625 0.9763888888888889 0.47265625 0.9319444444444445 0.4734375 0.8819444444444444 0.475 0.8763888888888889 0.47421875 0.8541666666666666 0.49296875 0.7875 0.50078125 0.7805555555555556 0.54375 0.775 0.559375 0.7763888888888889
1 0.47890625 0.21805555555555556 0.4875 0.23055555555555557 0.4875 0.24861111111111112 0.4859375 0.25 0.45625 0.25 0.45234375 0.24305555555555555 0.45234375 0.23333333333333334 0.45546875 0.21944444444444444 0.46328125 0.2152777777777778 0.475 0.2152777777777778 0.478125 0.21805555555555556
1 0.51484375 0.2861111111111111 0.52109375 0.29583333333333334 0.52109375 0.3277777777777778 0.51875 0.33194444444444443 0.50078125 0.33194444444444443 0.490625 0.3277777777777778 0.4890625 0.32222222222222224 0.4875 0.3055555555555556 0.48828125 0.29305555555555557 0.49140625 0.2847222222222222 0.51015625 0.28194444444444444 0.5140625 0.2861111111111111
1 0.28828125 0.6125 0.2984375 0.6416666666666667 0.30234375 0.6486111111111111 0.309375 0.65 0.31171875 0.6541666666666667 0.3046875 0.6638888888888889 0.309375 0.6944444444444444 0.30859375 0.7 0.275 0.7055555555555556 0.26953125 0.7125 0.26484375 0.7277777777777777 0.253125 0.7458333333333333 0.23515625 0.7486111111111111 0.22890625 0.7541666666666667 0.22421875 0.75 0.221875 0.7236111111111111 0.221875 0.7083333333333334 0.22578125 0.6861111111111111 0.225 0.6736111111111112 0.21875 0.6583333333333333 0.2234375 0.6486111111111111 0.22890625 0.6222222222222222 0.2359375 0.6138888888888889 0.2484375 0.6097222222222223 0.27734375 0.6083333333333333 0.2875 0.6125
1 0.63125 0.4 0.65703125 0.4097222222222222 0.66484375 0.4166666666666667 0.67734375 0.4361111111111111 0.6765625 0.4583333333333333 0.678125 0.47638888888888886 0.67578125 0.49722222222222223 0.6734375 0.5027777777777778 0.6609375 0.5013888888888889 0.64609375 0.45555555555555555 0.63671875 0.44027777777777777 0.61875 0.4375 0.61328125 0.43333333333333335 0.61484375 0.4152777777777778 0.61796875 0.40694444444444444 0.62109375 0.4027777777777778 0.63046875 0.4
1 0.71875 0.4722222222222222 0.7234375 0.46944444444444444 0.7484375 0.4708333333333333 0.76484375 0.47638888888888886 0.7890625 0.5111111111111111 0.79609375 0.5166666666666667 0.7984375 0.5277777777777778 0.7953125 0.5791666666666667 0.79296875 0.5930555555555556 0.765625 0.5861111111111111 0.7578125 0.5708333333333333 0.75703125 0.5625 0.7515625 0.5486111111111112 0.7359375 0.525 0.71171875 0.5194444444444445 0.69921875 0.5125 0.7015625 0.4930555555555556 0.71328125 0.4888888888888889 0.71875 0.4736111111111111
1 0.42890625 0.15416666666666667 0.43203125 0.16527777777777777 0.425 0.17083333333333334 0.41875 0.16805555555555557 0.4171875 0.15833333333333333 0.421875 0.1527777777777778 0.428125 0.15416666666666667
1 0.95703125 0.6263888888888889 0.9796875 0.6347222222222222 0.99453125 0.65 0.99921875 0.6625 0.99921875 0.7680555555555556 0.9953125 0.7708333333333334 0.9875 0.7694444444444445 0.9796875 0.7583333333333333 0.9375 0.725 0.92734375 0.7208333333333333 0.89921875 0.7194444444444444 0.89296875 0.7166666666666667 0.89140625 0.7125 0.88984375 0.6611111111111111 0.8921875 0.65 0.91953125 0.6236111111111111 0.93203125 0.6222222222222222 0.95625 0.6263888888888889
1 0.40390625 0.15555555555555556 0.40703125 0.16111111111111112 0.40625 0.16666666666666666 0.4015625 0.17222222222222222 0.39375 0.17222222222222222 0.390625 0.1638888888888889 0.39453125 0.15694444444444444 0.403125 0.15555555555555556
0 0.359375 0.16111111111111112 0.3640625 0.16944444444444445 0.3640625 0.2125 0.36015625 0.21944444444444444 0.340625 0.21944444444444444 0.33671875 0.2125 0.33828125 0.16805555555555557 0.34296875 0.1625 0.35859375 0.16111111111111112
0 0.4265625 0.33194444444444443 0.43046875 0.33194444444444443 0.42578125 0.3347222222222222 0.428125 0.3375 0.41640625 0.3388888888888889 0.4171875 0.34305555555555556 0.43359375 0.3472222222222222 0.4390625 0.3472222222222222 0.44296875 0.34305555555555556 0.45078125 0.3486111111111111 0.46015625 0.3486111111111111 0.46796875 0.3611111111111111 0.4703125 0.36944444444444446 0.4734375 0.425 0.47265625 0.44305555555555554 0.46953125 0.4513888888888889 0.4484375 0.45555555555555555 0.44140625 0.4638888888888889 0.4390625 0.4777777777777778 0.43203125 0.48194444444444445 0.4203125 0.48194444444444445 0.4109375 0.4708333333333333 0.4015625 0.44722222222222224 0.4 0.425 0.40078125 0.37222222222222223 0.403125 0.3472222222222222 0.40546875 0.34305555555555556 0.41328125 0.34305555555555556 0.41484375 0.3402777777777778 0.4109375 0.3375 0.41796875 0.33055555555555555 0.42578125 0.33194444444444443
0 0.4078125 0.25833333333333336 0.42109375 0.2638888888888889 0.425 0.2722222222222222 0.4375 0.2722222222222222 0.44453125 0.2791666666666667 0.446875 0.28888888888888886 0.44609375 0.30833333333333335 0.43828125 0.32222222222222224 0.41640625 0.3277777777777778 0.403125 0.34305555555555556 0.4 0.37222222222222223 0.39921875 0.4222222222222222 0.3953125 0.42777777777777776 0.38046875 0.425 0.3734375 0.4152777777777778 0.36484375 0.4097222222222222 0.3609375 0.39861111111111114 0.35859375 0.37083333333333335 0.35546875 0.35833333333333334 0.35703125 0.33055555555555555 0.35546875 0.2791666666666667 0.35703125 0.26944444444444443 0.36171875 0.2638888888888889 0.40703125 0.25833333333333336