3 0.04375 0.17083333333333334 0.05390625 0.16805555555555557 0.06015625 0.1763888888888889 0.0703125 0.17777777777777778 0.078125 0.18333333333333332 0.08203125 0.19027777777777777 0.08515625 0.20416666666666666 0.0875 0.2263888888888889 0.08671875 0.24444444444444444 0.08828125 0.24722222222222223 0.08046875 0.25833333333333336 0.053125 0.2569444444444444 0.0390625 0.25 0.03515625 0.23333333333333334 0.03671875 0.22777777777777777 0.034375 0.2222222222222222 0.0375 0.2152777777777778 0.03515625 0.20277777777777778 0.04296875 0.19444444444444445 0.04296875 0.1875 0.0375 0.17777777777777778 0.04375 0.17222222222222222
3 0.1796875 0.35694444444444445 0.184375 0.3597222222222222 0.18671875 0.36527777777777776 0.1921875 0.4125 0.190625 0.41805555555555557 0.18203125 0.42916666666666664 0.18046875 0.44166666666666665 0.18125 0.45416666666666666 0.17890625 0.4652777777777778 0.16953125 0.46805555555555556 0.15546875 0.4625 0.146875 0.4625 0.134375 0.4736111111111111 0.1265625 0.4708333333333333 0.12578125 0.4638888888888889 0.11953125 0.45416666666666666 0.11640625 0.41944444444444445 0.11640625 0.37916666666666665 0.12109375 0.36944444444444446 0.14375 0.35833333333333334 0.17890625 0.35694444444444445
3 0.21328125 0.33194444444444443 0.23125 0.3333333333333333 0.23515625 0.3375 0.2375 0.35694444444444445 0.2375 0.41388888888888886 0.21484375 0.4125 0.20234375 0.4166666666666667 0.19375 0.41388888888888886 0.19140625 0.39861111111111114 0.190625 0.3388888888888889 0.19296875 0.3347222222222222 0.19765625 0.3333333333333333 0.2125 0.3333333333333333
3 0.20703125 0.20277777777777778 0.23203125 0.2222222222222222 0.23046875 0.2361111111111111 0.21796875 0.24166666666666667 0.2046875 0.2388888888888889 0.1921875 0.24027777777777778 0.18984375 0.2375 0.1875 0.2222222222222222 0.18828125 0.20694444444444443 0.18984375 0.20416666666666666 0.20625 0.20277777777777778
3 0.45234375 0.14583333333333334 0.459375 0.15 0.46328125 0.15694444444444444 0.4609375 0.16111111111111112 0.46015625 0.17083333333333334 0.45234375 0.1763888888888889 0.44375 0.17777777777777778 0.43203125 0.1736111111111111 0.4328125 0.15 0.43984375 0.14583333333333334 0.4515625 0.14583333333333334
3 0.4921875 0.1597222222222222 0.49375 0.16944444444444445 0.49140625 0.18472222222222223 0.48125 0.1875 0.471875 0.19444444444444445 0.4671875 0.18611111111111112 0.46640625 0.17083333333333334 0.46796875 0.16111111111111112 0.475 0.15694444444444444 0.49140625 0.1597222222222222
2 0.359375 0.3902777777777778 0.3625 0.39305555555555555 0.3640625 0.4 0.365625 0.4375 0.36015625 0.4361111111111111 0.3515625 0.4166666666666667 0.35234375 0.39444444444444443 0.3546875 0.3902777777777778 0.35859375 0.3902777777777778
2 0.0796875 0.6236111111111111 0.08984375 0.6361111111111111 0.0890625 0.6611111111111111 0.09140625 0.6722222222222223 0.09140625 0.6888888888888889 0.08515625 0.7069444444444445 0.0796875 0.7138888888888889 0.0703125 0.7111111111111111 0.0640625 0.6958333333333333 0.0625 0.6847222222222222 0.06484375 0.6388888888888888 0.07265625 0.6236111111111111 0.07890625 0.6236111111111111
2 0.9453125 0.9541666666666667 0.96015625 0.9583333333333334 0.9734375 0.9513888888888888 0.9828125 0.9527777777777777 0.9875 0.9625 0.98828125 0.9708333333333333 0.98515625 0.9777777777777777 0.99140625 0.9888888888888889 0.98984375 0.9986111111111111 0.9609375 0.9986111111111111 0.959375 0.9958333333333333 0.9390625 0.9944444444444445 0.93671875 0.9597222222222223 0.9390625 0.9541666666666667 0.94453125 0.9541666666666667
2 0.0796875 0.4625 0.08203125 0.46805555555555556 0.0828125 0.4791666666666667 0.08125 0.5041666666666667 0.078125 0.5097222222222222 0.07578125 0.5083333333333333 0.0734375 0.4930555555555556 0.07265625 0.4638888888888889 0.07421875 0.46111111111111114 0.07890625 0.4625
2 0.22265625 0.2513888888888889 0.22578125 0.24583333333333332 0.2296875 0.24583333333333332 0.23203125 0.2513888888888889 0.23046875 0.2652777777777778 0.22578125 0.2652777777777778 0.2234375 0.2611111111111111 0.2234375 0.25277777777777777
2 0.17734375 0.2986111111111111 0.18203125 0.3055555555555556 0.18203125 0.31527777777777777 0.17578125 0.3277777777777778 0.1703125 0.325 0.16953125 0.30694444444444446 0.17109375 0.3013888888888889 0.1765625 0.2986111111111111
2 0.88984375 0.7444444444444445 0.89453125 0.75 0.90078125 0.7819444444444444 0.896875 0.7833333333333333 0.88203125 0.7541666666666667 0.88203125 0.7472222222222222 0.8890625 0.7458333333333333
2 0.175 0.3013888888888889 0.1828125 0.30694444444444446 0.1828125 0.325 0.17734375 0.33055555555555555 0.17109375 0.3277777777777778 0.1703125 0.30694444444444446 0.17421875 0.30277777777777776
2 0.1109375 0.8347222222222223 0.11484375 0.8319444444444445 0.11953125 0.8333333333333334 0.11953125 0.8375 0.11171875 0.8541666666666666 0.11328125 0.8833333333333333 0.1171875 0.8861111111111111 0.1140625 0.8930555555555556 0.11796875 0.9 0.11875 0.9152777777777777 0.115625 0.9347222222222222 0.109375 0.9472222222222222 0.10390625 0.9652777777777778 0.0953125 0.9625 0.08125 0.9291666666666667 0.08046875 0.9166666666666666 0.08515625 0.8972222222222223 0.08671875 0.8777777777777778 0.08984375 0.8694444444444445 0.090625 0.8541666666666666 0.08828125 0.85 0.078125 0.8472222222222222 0.078125 0.8402777777777778 0.08046875 0.8375 0.0921875 0.8430555555555556 0.0953125 0.8388888888888889 0.10859375 0.8402777777777778 0.1109375 0.8361111111111111
1 0.334375 0.24027777777777778 0.33671875 0.24444444444444444 0.3359375 0.2569444444444444 0.321875 0.25972222222222224 0.3171875 0.28194444444444444 0.3125 0.2569444444444444 0.3125 0.24583333333333332 0.32421875 0.2388888888888889 0.33359375 0.24027777777777778
1 0.75625 0.475 0.77109375 0.4777777777777778 0.78359375 0.4861111111111111 0.79296875 0.49722222222222223 0.8 0.5138888888888888 0.81015625 0.5208333333333334 0.80703125 0.5319444444444444 0.8109375 0.5416666666666666 0.81171875 0.5527777777777778 0.80625 0.5625 0.80234375 0.5791666666666667 0.8 0.5819444444444445 0.7796875 0.5708333333333333 0.76171875 0.5708333333333333 0.7453125 0.5666666666666667 0.74140625 0.5625 0.73828125 0.5361111111111111 0.73203125 0.5263888888888889 0.71796875 0.5152777777777777 0.71796875 0.5013888888888889 0.7265625 0.4791666666666667 0.73125 0.475 0.75546875 0.475
1 0.49140625 0.35138888888888886 0.50078125 0.3541666666666667 0.50234375 0.3611111111111111 0.5015625 0.4305555555555556 0.50078125 0.44027777777777777 0.4984375 0.44166666666666665 0.484375 0.4388888888888889 0.46875 0.3888888888888889 0.46875 0.37083333333333335 0.47265625 0.3541666666666667 0.48046875 0.3486111111111111 0.490625 0.35138888888888886
1 0.09921875 0.30972222222222223 0.12578125 0.3138888888888889 0.13359375 0.32083333333333336 0.14140625 0.3388888888888889 0.14453125 0.35138888888888886 0.14375 0.35555555555555557 0.13203125 0.3638888888888889 0.12265625 0.36527777777777776 0.1171875 0.37083333333333335 0.0765625 0.3680555555555556 0.06015625 0.35833333333333334 0.06015625 0.33055555555555555 0.06484375 0.32083333333333336 0.07734375 0.30972222222222223 0.0984375 0.30972222222222223
1 0.4484375 0.28055555555555556 0.45703125 0.2847222222222222 0.4609375 0.28194444444444444 0.46328125 0.275 0.4625 0.28194444444444444 0.4671875 0.29444444444444445 0.46796875 0.30694444444444446 0.44921875 0.30833333333333335 0.4453125 0.3111111111111111 0.4375 0.3388888888888889 0.43828125 0.3597222222222222 0.43203125 0.35694444444444445 0.428125 0.3486111111111111 0.4265625 0.3347222222222222 0.42734375 0.30694444444444446 0.4328125 0.2861111111111111 0.440625 0.28055555555555556 0.44765625 0.28055555555555556
1 0.26171875 0.28194444444444444 0.25546875 0.24583333333333332 0.26328125 0.2375 0.2703125 0.2375 0.27578125 0.25555555555555554 0.27578125 0.2763888888888889 0.27109375 0.2861111111111111 0.2625 0.28194444444444444
1 0.6578125 0.5694444444444444 0.68671875 0.5736111111111111 0.709375 0.5916666666666667 0.7203125 0.5958333333333333 0.73828125 0.6375 0.74296875 0.6569444444444444 0.7515625 0.6736111111111112 0.75625 0.6930555555555555 0.75859375 0.7208333333333333 0.7578125 0.7583333333333333 0.753125 0.7666666666666667 0.74453125 0.7652777777777777 0.7359375 0.75 0.73125 0.7472222222222222 0.6984375 0.7472222222222222 0.68515625 0.75 0.6765625 0.7638888888888888 0.66796875 0.7694444444444445 0.66015625 0.7652777777777777 0.6546875 0.7361111111111112 0.65078125 0.7277777777777777 0.64765625 0.7263888888888889 0.6375 0.7375 0.62890625 0.7347222222222223 0.62578125 0.7263888888888889 0.6234375 0.7013888888888888 0.62265625 0.6736111111111112 0.62578125 0.6611111111111111 0.62578125 0.6152777777777778 0.634375 0.5972222222222222 0.63671875 0.5805555555555556 0.6390625 0.5763888888888888 0.65703125 0.5694444444444444
1 0.3359375 0.37777777777777777 0.34296875 0.38055555555555554 0.35078125 0.39305555555555555 0.3515625 0.4152777777777778 0.35859375 0.4375 0.359375 0.48055555555555557 0.35625 0.48194444444444445 0.353125 0.4736111111111111 0.35078125 0.45 0.334375 0.4152777777777778 0.32578125 0.4083333333333333 0.3 0.40694444444444444 0.3 0.4013888888888889 0.30625 0.38472222222222224 0.33515625 0.37777777777777777
1 0.2734375 0.28194444444444444 0.27421875 0.25416666666666665 0.26953125 0.2375 0.27890625 0.22916666666666666 0.2890625 0.23194444444444445 0.29140625 0.2375 0.28515625 0.25416666666666665 0.2828125 0.28055555555555556 0.27734375 0.2847222222222222 0.27421875 0.2833333333333333
1 0.32734375 0.8361111111111111 0.34765625 0.8444444444444444 0.36171875 0.8652777777777778 0.3625 0.8708333333333333 0.36953125 0.8805555555555555 0.37578125 0.8972222222222223 0.378125 0.9138888888888889 0.38671875 0.9444444444444444 0.3921875 0.9347222222222222 0.4015625 0.9361111111111111 0.403125 0.9416666666666667 0.40234375 0.9541666666666667 0.390625 0.9638888888888889 0.3953125 0.9944444444444445 0.3890625 0.9986111111111111 0.3578125 0.9986111111111111 0.3453125 0.9930555555555556 0.34375 0.9958333333333333 0.28203125 0.9986111111111111 0.2796875 0.9958333333333333 0.2546875 0.9958333333333333 0.253125 0.9930555555555556 0.2546875 0.9819444444444444 0.25234375 0.9722222222222222 0.25234375 0.9541666666666667 0.25546875 0.9236111111111112 0.265625 0.8791666666666667 0.27109375 0.8652777777777778 0.284375 0.8472222222222222 0.30859375 0.8430555555555556 0.31640625 0.8361111111111111 0.3265625 0.8361111111111111
1 0.27421875 0.5611111111111111 0.2828125 0.575 0.28671875 0.5944444444444444 0.296875 0.6055555555555555 0.296875 0.6152777777777778 0.29140625 0.6222222222222222 0.28984375 0.6305555555555555 0.2578125 0.6347222222222222 0.2484375 0.6416666666666667 0.24609375 0.6472222222222223 0.2453125 0.6611111111111111 0.2359375 0.6861111111111111 0.234375 0.6958333333333333 0.22890625 0.6986111111111111 0.22265625 0.6972222222222222 0.21875 0.6708333333333333 0.21953125 0.6361111111111111 0.21796875 0.6305555555555555 0.21796875 0.6138888888888889 0.21875 0.6027777777777777 0.225 0.575 0.23046875 0.5680555555555555 0.23671875 0.5652777777777778 0.25625 0.5638888888888889 0.26796875 0.5583333333333333 0.2734375 0.5611111111111111
1 0.31015625 0.24583333333333332 0.31015625 0.2638888888888889 0.29140625 0.26666666666666666 0.2859375 0.275 0.28515625 0.25416666666666665 0.28828125 0.24722222222222223 0.29296875 0.24166666666666667 0.3078125 0.24305555555555555 0.309375 0.24583333333333332
1 0.26875 0.3902777777777778 0.2734375 0.38055555555555554 0.27734375 0.3611111111111111 0.28046875 0.35694444444444445 0.30703125 0.35833333333333334 0.31171875 0.36666666666666664 0.31484375 0.37916666666666665 0.30703125 0.38472222222222224 0.30234375 0.39305555555555555 0.3 0.40694444444444444 0.28203125 0.4125 0.27734375 0.41805555555555557 0.2796875 0.43472222222222223 0.27890625 0.4486111111111111 0.27578125 0.4486111111111111 0.271875 0.4361111111111111 0.271875 0.4 0.26953125 0.39166666666666666
1 0.85703125 0.725 0.8625 0.7277777777777777 0.875 0.7458333333333333 0.88046875 0.75 0.8921875 0.7736111111111111 0.90078125 0.7847222222222222 0.90546875 0.7833333333333333 0.91171875 0.7888888888888889 0.91171875 0.7930555555555555 0.90546875 0.8 0.91953125 0.8375 0.921875 0.8486111111111111 0.92265625 0.8638888888888889 0.91875 0.9055555555555556 0.9140625 0.9083333333333333 0.88828125 0.9097222222222222 0.88125 0.9069444444444444 0.871875 0.8930555555555556 0.86171875 0.8833333333333333 0.825 0.875 0.8125 0.8777777777777778 0.796875 0.8763888888888889 0.78203125 0.8638888888888889 0.76953125 0.8638888888888889 0.7640625 0.8527777777777777 0.7640625 0.7930555555555555 0.7609375 0.7777777777777778 0.7609375 0.7666666666666667 0.76875 0.7347222222222223 0.80234375 0.7222222222222222 0.83203125 0.7208333333333333 0.85625 0.725
1 0.46015625 0.39166666666666666 0.4671875 0.3958333333333333 0.4734375 0.40555555555555556 0.484375 0.44305555555555554 0.484375 0.4486111111111111 0.45859375 0.4527777777777778 0.44609375 0.4666666666666667 0.44609375 0.4791666666666667 0.44140625 0.49444444444444446 0.43203125 0.4986111111111111 0.42734375 0.4888888888888889 0.4203125 0.48194444444444445 0.4203125 0.41944444444444445 0.42734375 0.4 0.43203125 0.39305555555555555 0.459375 0.39166666666666666
1 0.3859375 0.2986111111111111 0.39375 0.3 0.39765625 0.30416666666666664 0.39921875 0.31527777777777777 0.39765625 0.32222222222222224 0.39453125 0.31805555555555554 0.3875 0.31666666666666665 0.375 0.31805555555555554 0.36953125 0.32222222222222224 0.36875 0.3138888888888889 0.37265625 0.30277777777777776 0.38515625 0.2986111111111111
1 0.23671875 0.2861111111111111 0.234375 0.2791666666666667 0.23671875 0.26805555555555555 0.25703125 0.26666666666666666 0.26015625 0.2763888888888889 0.2625 0.2972222222222222 0.26328125 0.31527777777777777 0.2609375 0.32222222222222224 0.25 0.32083333333333336 0.2421875 0.3055555555555556 0.240625 0.29305555555555557 0.2375 0.2861111111111111
1 0.3390625 0.25833333333333336 0.34765625 0.2763888888888889 0.3484375 0.29444444444444445 0.3453125 0.2986111111111111 0.33671875 0.3 0.3203125 0.2986111111111111 0.3171875 0.28888888888888886 0.3171875 0.2791666666666667 0.32109375 0.2611111111111111 0.32734375 0.2569444444444444 0.33828125 0.25833333333333336
1 0.2296875 0.2847222222222222 0.23828125 0.2875 0.24140625 0.29305555555555557 0.24375 0.3111111111111111 0.2375 0.30694444444444446 0.2234375 0.30694444444444446 0.21484375 0.3125 0.21171875 0.30972222222222223 0.2125 0.29305555555555557 0.21953125 0.2861111111111111 0.22890625 0.2847222222222222
1 0.96015625 0.5875 0.98671875 0.5944444444444444 0.99921875 0.6027777777777777 0.99921875 0.6486111111111111 0.996875 0.65 0.99921875 0.6541666666666667 0.99921875 0.7319444444444444 0.9890625 0.7541666666666667 0.98515625 0.7819444444444444 0.9734375 0.7986111111111112 0.9703125 0.7986111111111112 0.96875 0.8027777777777778 0.9640625 0.8055555555555556 0.95625 0.8041666666666667 0.95 0.7944444444444444 0.946875 0.775 0.9421875 0.7652777777777777 0.92890625 0.7569444444444444 0.91875 0.7611111111111111 0.91328125 0.7611111111111111 0.90859375 0.7569444444444444 0.90234375 0.7388888888888889 0.90234375 0.7152777777777778 0.89921875 0.7041666666666667 0.9 0.6597222222222222 0.9046875 0.6305555555555555 0.90390625 0.6111111111111112 0.909375 0.5972222222222222 0.91875 0.5875 0.959375 0.5875
1 0.45703125 0.6208333333333333 0.46484375 0.6236111111111111 0.4734375 0.6361111111111111 0.48828125 0.6736111111111112 0.5015625 0.6777777777777778 0.5015625 0.6833333333333333 0.49296875 0.6944444444444444 0.50234375 0.725 0.5015625 0.775 0.4953125 0.7791666666666667 0.46953125 0.7833333333333333 0.4640625 0.7875 0.43359375 0.7902777777777777 0.4234375 0.8 0.41640625 0.8111111111111111 0.4140625 0.8111111111111111 0.4109375 0.8041666666666667 0.409375 0.7805555555555556 0.40703125 0.7763888888888889 0.396875 0.775 0.39375 0.7708333333333334 0.390625 0.7388888888888889 0.3921875 0.6597222222222222 0.396875 0.6486111111111111 0.39921875 0.6347222222222222 0.40390625 0.6263888888888889 0.421875 0.6194444444444445 0.45625 0.6208333333333333
1 0.2625 0.49722222222222223 0.265625 0.5027777777777778 0.27109375 0.5277777777777778 0.28046875 0.5319444444444444 0.28203125 0.5361111111111111 0.27578125 0.5458333333333333 0.275 0.5569444444444445 0.25859375 0.5625 0.2390625 0.5638888888888889 0.2265625 0.5722222222222222 0.21875 0.5986111111111111 0.2171875 0.6388888888888888 0.21328125 0.6416666666666667 0.20234375 0.6402777777777777 0.1984375 0.6097222222222223 0.1984375 0.5541666666666667 0.1953125 0.5388888888888889 0.20078125 0.5319444444444444 0.20546875 0.5055555555555555 0.21015625 0.4986111111111111 0.2203125 0.49583333333333335 0.25859375 0.49444444444444446 0.26171875 0.49722222222222223
1 0.3328125 0.725 0.3453125 0.75 0.3578125 0.7958333333333333 0.3625 0.8041666666666667 0.36484375 0.8013888888888889 0.37265625 0.8013888888888889 0.375 0.8055555555555556 0.37421875 0.8152777777777778 0.365625 0.825 0.3703125 0.8513888888888889 0.3703125 0.8763888888888889 0.36640625 0.8777777777777778 0.3609375 0.8638888888888889 0.3484375 0.8444444444444444 0.33984375 0.8388888888888889 0.31953125 0.8333333333333334 0.3109375 0.8430555555555556 0.296875 0.8416666666666667 0.2796875 0.8486111111111111 0.26875 0.8680555555555556 0.2640625 0.8805555555555555 0.2609375 0.8972222222222223 0.25703125 0.9027777777777778 0.25546875 0.9125 0.2515625 0.9111111111111111 0.24921875 0.9013888888888889 0.246875 0.8041666666666667 0.25 0.7972222222222223 0.25 0.7861111111111111 0.25390625 0.7805555555555556 0.26171875 0.7444444444444445 0.27109375 0.7291666666666666 0.33203125 0.725
1 0.3125 0.2638888888888889 0.3140625 0.2652777777777778 0.315625 0.2777777777777778 0.3140625 0.28888888888888886 0.31875 0.3055555555555556 0.31796875 0.32083333333333336 0.31484375 0.3236111111111111 0.31328125 0.3236111111111111 0.3140625 0.3125 0.3125 0.30416666666666664 0.3078125 0.2916666666666667 0.30234375 0.2875 0.2828125 0.28888888888888886 0.28515625 0.2833333333333333 0.2859375 0.26805555555555555 0.28828125 0.2652777777777778 0.31171875 0.2638888888888889
1 0.40234375 0.4875 0.40625 0.49166666666666664 0.415625 0.5180555555555556 0.421875 0.5208333333333334 0.42109375 0.525 0.39296875 0.5333333333333333 0.3796875 0.5625 0.3765625 0.5944444444444444 0.37421875 0.5986111111111111 0.3640625 0.6 0.35625 0.6097222222222223 0.3515625 0.6083333333333333 0.35 0.5972222222222222 0.34453125 0.5916666666666667 0.34296875 0.5805555555555556 0.34453125 0.5333333333333333 0.35078125 0.5111111111111111 0.35 0.5069444444444444 0.35390625 0.49166666666666664 0.3578125 0.4861111111111111 0.371875 0.48333333333333334 0.39453125 0.48333333333333334 0.4015625 0.4875
1 0.3078125 0.30416666666666664 0.3125 0.3111111111111111 0.3140625 0.3236111111111111 0.3125 0.3263888888888889 0.296875 0.32916666666666666 0.2890625 0.34305555555555556 0.28828125 0.3541666666666667 0.28046875 0.35833333333333334 0.27734375 0.35555555555555557 0.2765625 0.3388888888888889 0.2734375 0.33194444444444443 0.278125 0.30972222222222223 0.29609375 0.30277777777777776 0.30703125 0.30416666666666664
1 0.828125 0.8777777777777778 0.84765625 0.8847222222222222 0.85625 0.8833333333333333 0.8625 0.8861111111111111 0.8859375 0.9152777777777777 0.89453125 0.9305555555555556 0.90078125 0.9527777777777777 0.90859375 0.9694444444444444 0.9078125 0.9736111111111111 0.9109375 0.9805555555555555 0.91171875 0.9902777777777778 0.9109375 0.9930555555555556 0.903125 0.9958333333333333 0.88203125 0.9958333333333333 0.86640625 0.9916666666666667 0.84453125 0.9930555555555556 0.84140625 0.9888888888888889 0.83828125 0.9902777777777778 0.834375 0.9805555555555555 0.83125 0.9805555555555555 0.828125 0.9875 0.81796875 0.9944444444444445 0.73828125 0.9944444444444445 0.73515625 0.9777777777777777 0.73828125 0.9736111111111111 0.7375 0.9694444444444444 0.7203125 0.9638888888888889 0.71328125 0.9541666666666667 0.71328125 0.9222222222222223 0.71875 0.9027777777777778 0.7234375 0.9 0.7375 0.9069444444444444 0.75390625 0.8847222222222222 0.7703125 0.8791666666666667 0.82734375 0.8777777777777778
1 0.38828125 0.31666666666666665 0.39765625 0.31805555555555554 0.39765625 0.3347222222222222 0.38984375 0.34444444444444444 0.38671875 0.3625 0.37734375 0.38333333333333336 0.36796875 0.3861111111111111 0.36484375 0.38472222222222224 0.36328125 0.3763888888888889 0.36328125 0.3527777777777778 0.36796875 0.3263888888888889 0.371875 0.31805555555555554 0.3875 0.31666666666666665
1 0.24140625 0.30833333333333335 0.24609375 0.31805555555555554 0.24609375 0.33611111111111114 0.25234375 0.36527777777777776 0.2515625 0.3861111111111111 0.25 0.3888888888888889 0.25078125 0.4 0.2453125 0.4083333333333333 0.2390625 0.40694444444444444 0.23515625 0.3402777777777778 0.23046875 0.3333333333333333 0.21484375 0.3333333333333333 0.2109375 0.33055555555555555 0.21171875 0.31666666666666665 0.21640625 0.30972222222222223 0.221875 0.30694444444444446 0.240625 0.30833333333333335
1 0.48046875 0.34305555555555556 0.49375 0.3486111111111111 0.49453125 0.3527777777777778 0.48515625 0.3541666666666667 0.47890625 0.3597222222222222 0.47734375 0.3680555555555556 0.4734375 0.37222222222222223 0.47421875 0.3763888888888889 0.47109375 0.3958333333333333 0.46171875 0.3875 0.46015625 0.37916666666666665 0.46484375 0.3680555555555556 0.46796875 0.35 0.47109375 0.3458333333333333 0.4796875 0.34305555555555556
1 0.60390625 0.4361111111111111 0.628125 0.44027777777777777 0.63671875 0.44722222222222224 0.64296875 0.45694444444444443 0.64765625 0.4722222222222222 0.65 0.49027777777777776 0.6578125 0.5069444444444444 0.6578125 0.5138888888888888 0.6484375 0.5375 0.64921875 0.5611111111111111 0.64765625 0.5652777777777778 0.640625 0.5694444444444444 0.62265625 0.5541666666666667 0.621875 0.5472222222222223 0.61328125 0.5291666666666667 0.59609375 0.5097222222222222 0.57109375 0.5 0.5734375 0.475 0.58046875 0.44305555555555554 0.5859375 0.4375 0.603125 0.4361111111111111
1 0.4078125 0.33611111111111114 0.41875 0.3402777777777778 0.42578125 0.35 0.43046875 0.3625 0.43046875 0.37916666666666665 0.428125 0.3819444444444444 0.42265625 0.37777777777777777 0.40078125 0.37777777777777777 0.39375 0.3902777777777778 0.3890625 0.40694444444444444 0.3890625 0.42083333333333334 0.38671875 0.425 0.38203125 0.4083333333333333 0.38203125 0.37222222222222223 0.38828125 0.35833333333333334 0.390625 0.34444444444444444 0.4 0.3375 0.40703125 0.33611111111111114
1 0.503125 0.2638888888888889 0.50859375 0.2763888888888889 0.50859375 0.2847222222222222 0.50390625 0.30277777777777776 0.50234375 0.3194444444444444 0.49765625 0.325 0.484375 0.325 0.48125 0.3138888888888889 0.48125 0.29583333333333334 0.48671875 0.2638888888888889 0.50234375 0.2638888888888889
1 0.2859375 0.28055555555555556 0.3109375 0.2847222222222222 0.3171875 0.3138888888888889 0.31484375 0.3236111111111111 0.309375 0.3236111111111111 0.31328125 0.3138888888888889 0.3078125 0.3055555555555556 0.2921875 0.30416666666666664 0.27890625 0.3111111111111111 0.27734375 0.30833333333333335 0.27890625 0.2916666666666667 0.2859375 0.28194444444444444
1 0.315625 0.3263888888888889 0.325 0.32916666666666666 0.33359375 0.34444444444444444 0.3328125 0.36944444444444446 0.33046875 0.3763888888888889 0.32734375 0.37777777777777777 0.31484375 0.37777777777777777 0.30546875 0.35694444444444445 0.28671875 0.35555555555555557 0.2859375 0.3375 0.2953125 0.32916666666666666 0.31484375 0.3263888888888889
1 0.99453125 0.7402777777777778 0.99921875 0.7472222222222222 0.99921875 0.8958333333333334 0.990625 0.8972222222222223 0.9828125 0.8875 0.98046875 0.8791666666666667 0.9796875 0.8569444444444444 0.97734375 0.8458333333333333 0.9765625 0.8055555555555556 0.98359375 0.7875 0.98984375 0.7486111111111111 0.99375 0.7416666666666667
1 0.48984375 0.4513888888888889 0.5 0.45416666666666666 0.50703125 0.4625 0.51640625 0.5013888888888889 0.515625 0.5388888888888889 0.51171875 0.5416666666666666 0.49765625 0.5333333333333333 0.48515625 0.5319444444444444 0.46875 0.5333333333333333 0.46015625 0.5430555555555555 0.45703125 0.5416666666666666 0.44765625 0.5263888888888889 0.44765625 0.5111111111111111 0.44453125 0.4861111111111111 0.44921875 0.4666666666666667 0.45859375 0.45416666666666666 0.46484375 0.4513888888888889 0.4890625 0.4513888888888889
1 0.42421875 0.37777777777777777 0.4296875 0.3819444444444444 0.43046875 0.39166666666666666 0.41953125 0.41805555555555557 0.41875 0.4527777777777778 0.409375 0.45416666666666666 0.4015625 0.46111111111111114 0.39609375 0.4597222222222222 0.390625 0.4486111111111111 0.390625 0.4027777777777778 0.396875 0.38333333333333336 0.4015625 0.37916666666666665 0.4234375 0.37777777777777777
1 0.375 0.2847222222222222 0.3796875 0.2875 0.38203125 0.29583333333333334 0.37109375 0.3055555555555556 0.36953125 0.31666666666666665 0.36328125 0.33611111111111114 0.35546875 0.33611111111111114 0.353125 0.33055555555555555 0.35234375 0.30833333333333335 0.35390625 0.29583333333333334 0.35703125 0.2875 0.37421875 0.2847222222222222
1 0.85703125 0.5236111111111111 0.8734375 0.5291666666666667 0.91484375 0.5555555555555556 0.925 0.5680555555555555 0.92734375 0.5805555555555556 0.92578125 0.5847222222222223 0.91171875 0.5902777777777778 0.90234375 0.6125 0.90390625 0.6305555555555555 0.90078125 0.6402777777777777 0.8984375 0.6611111111111111 0.89765625 0.6902777777777778 0.89296875 0.6958333333333333 0.89375 0.6986111111111111 0.890625 0.6986111111111111 0.8890625 0.6888888888888889 0.884375 0.6819444444444445 0.87578125 0.6763888888888889 0.871875 0.6819444444444445 0.86875 0.6944444444444444 0.8625 0.7027777777777777 0.84921875 0.7013888888888888 0.84453125 0.6916666666666667 0.8421875 0.6763888888888889 0.83125 0.6708333333333333 0.83125 0.6652777777777777 0.81953125 0.6361111111111111 0.82265625 0.6222222222222222 0.8171875 0.6138888888888889 0.81015625 0.6097222222222223 0.803125 0.5958333333333333 0.80234375 0.5902777777777778 0.80703125 0.5638888888888889 0.81484375 0.5527777777777778 0.8203125 0.5277777777777778 0.8265625 0.5222222222222223 0.85625 0.5236111111111111
1 0.75234375 0.5722222222222222 0.77578125 0.5736111111111111 0.79296875 0.5819444444444445 0.8078125 0.6152777777777778 0.81015625 0.6180555555555556 0.815625 0.6166666666666667 0.8203125 0.6222222222222222 0.81484375 0.6333333333333333 0.82265625 0.65 0.825 0.6625 0.825 0.7152777777777778 0.82109375 0.7180555555555556 0.80390625 0.7166666666666667 0.78671875 0.7208333333333333 0.7671875 0.7208333333333333 0.7609375 0.7166666666666667 0.75859375 0.7083333333333334 0.75625 0.6819444444444445 0.74453125 0.6555555555555556 0.73984375 0.6347222222222222 0.72265625 0.5986111111111111 0.721875 0.5916666666666667 0.72890625 0.575 0.74375 0.5708333333333333 0.7515625 0.5722222222222222
1 0.57265625 0.5069444444444444 0.590625 0.5097222222222222 0.61015625 0.5277777777777778 0.61953125 0.5472222222222223 0.62421875 0.5625 0.6296875 0.5625 0.6328125 0.5666666666666667 0.6328125 0.5736111111111111 0.62890625 0.5805555555555556 0.63125 0.5972222222222222 0.625 0.6236111111111111 0.62578125 0.6375 0.6234375 0.6555555555555556 0.61953125 0.6611111111111111 0.57578125 0.6652777777777777 0.5671875 0.6722222222222223 0.5609375 0.6666666666666666 0.55859375 0.65 0.55625 0.6458333333333334 0.54609375 0.6486111111111111 0.54296875 0.6444444444444445 0.53828125 0.5986111111111111 0.53828125 0.5583333333333333 0.54609375 0.5194444444444445 0.55078125 0.5097222222222222 0.55390625 0.5069444444444444 0.571875 0.5069444444444444
1 0.33046875 0.22777777777777777 0.33359375 0.24027777777777778 0.3171875 0.24583333333333332 0.3140625 0.25555555555555554 0.31015625 0.24305555555555555 0.31171875 0.23194444444444445 0.3171875 0.2263888888888889 0.3296875 0.22777777777777777
1 0.44375 0.5305555555555556 0.45390625 0.5430555555555555 0.46328125 0.5722222222222222 0.47265625 0.5722222222222222 0.47421875 0.575 0.4734375 0.5819444444444445 0.46640625 0.5875 0.47578125 0.6166666666666667 0.47421875 0.6333333333333333 0.45390625 0.6166666666666667 0.415625 0.6194444444444445 0.40390625 0.6263888888888889 0.3984375 0.6361111111111111 0.3953125 0.6527777777777778 0.3875 0.6708333333333333 0.38203125 0.6708333333333333 0.37890625 0.6666666666666666 0.3765625 0.6430555555555556 0.3765625 0.5972222222222222 0.38125 0.5597222222222222 0.3859375 0.5527777777777778 0.3890625 0.5416666666666666 0.39609375 0.5333333333333333 0.41953125 0.5291666666666667 0.44296875 0.5305555555555556
1 0.0984375 0.25972222222222224 0.11328125 0.26666666666666666 0.11875 0.2777777777777778 0.12109375 0.2986111111111111 0.11640625 0.3111111111111111 0.08515625 0.30833333333333335 0.08125 0.30416666666666664 0.07890625 0.28888888888888886 0.08046875 0.2777777777777778 0.090625 0.25972222222222224 0.09765625 0.25972222222222224
1 0.4421875 0.25972222222222224 0.44765625 0.2652777777777778 0.446875 0.2791666666666667 0.43671875 0.28194444444444444 0.43203125 0.28888888888888886 0.428125 0.32083333333333336 0.42578125 0.3263888888888889 0.421875 0.3277777777777778 0.4171875 0.3236111111111111 0.41796875 0.26666666666666666 0.428125 0.25972222222222224 0.44140625 0.25972222222222224
1 0.45234375 0.30833333333333335 0.46953125 0.3111111111111111 0.47421875 0.31805555555555554 0.478125 0.33055555555555555 0.478125 0.3402777777777778 0.47109375 0.3458333333333333 0.4671875 0.3527777777777778 0.4625 0.37777777777777777 0.46015625 0.3819444444444444 0.4484375 0.38055555555555554 0.4421875 0.38333333333333336 0.43828125 0.3736111111111111 0.4375 0.3402777777777778 0.44296875 0.31527777777777777 0.44765625 0.30972222222222223 0.4515625 0.30972222222222223
1 0.31171875 0.6402777777777777 0.3203125 0.6583333333333333 0.33046875 0.6972222222222222 0.34296875 0.6972222222222222 0.3453125 0.7013888888888888 0.34453125 0.7083333333333334 0.33515625 0.7166666666666667 0.33203125 0.7236111111111111 0.303125 0.7236111111111111 0.29765625 0.7277777777777777 0.271875 0.7277777777777777 0.26875 0.7305555555555555 0.26015625 0.7472222222222222 0.253125 0.7791666666666667 0.2453125 0.7888888888888889 0.24453125 0.8 0.23828125 0.7944444444444444 0.23671875 0.7888888888888889 0.23515625 0.7388888888888889 0.23125 0.7125 0.23671875 0.6944444444444444 0.23828125 0.6805555555555556 0.2453125 0.6611111111111111 0.24609375 0.6458333333333334 0.25234375 0.6388888888888888 0.26484375 0.6347222222222222 0.29921875 0.6333333333333333 0.3109375 0.6402777777777777
1 0.7203125 0.44722222222222224 0.72734375 0.45555555555555555 0.73125 0.4722222222222222 0.721875 0.4861111111111111 0.71640625 0.5083333333333333 0.71328125 0.5125 0.69296875 0.5069444444444444 0.66640625 0.5069444444444444 0.6640625 0.5041666666666667 0.66484375 0.48333333333333334 0.67421875 0.45416666666666666 0.67890625 0.44722222222222224 0.71953125 0.44722222222222224
1 0.57265625 0.4152777777777778 0.58515625 0.4263888888888889 0.58671875 0.43194444444444446 0.578125 0.4486111111111111 0.57109375 0.48194444444444445 0.56953125 0.4986111111111111 0.56328125 0.5027777777777778 0.553125 0.5013888888888889 0.546875 0.5097222222222222 0.53515625 0.5041666666666667 0.53203125 0.4986111111111111 0.53046875 0.4875 0.53203125 0.4444444444444444 0.540625 0.4166666666666667 0.546875 0.41388888888888886 0.571875 0.4152777777777778
1 0.52421875 0.7805555555555556 0.5375 0.7847222222222222 0.546875 0.7916666666666666 0.55 0.7958333333333333 0.56484375 0.8375 0.56796875 0.8402777777777778 0.578125 0.8402777777777778 0.58203125 0.8444444444444444 0.58203125 0.85 0.5703125 0.8611111111111112 0.571875 0.8791666666666667 0.54453125 0.8888888888888888 0.534375 0.9027777777777778 0.53359375 0.9097222222222222 0.53671875 0.9208333333333333 0.53671875 0.9458333333333333 0.5390625 0.9569444444444445 0.5390625 0.9694444444444444 0.53671875 0.9777777777777777 0.52578125 0.975 0.51796875 0.9777777777777777 0.48203125 0.9777777777777777 0.47734375 0.9805555555555555 0.4703125 0.9722222222222222 0.46875 0.9555555555555556 0.465625 0.9527777777777777 0.465625 0.9430555555555555 0.45625 0.9333333333333333 0.45234375 0.925 0.44921875 0.8888888888888888 0.44921875 0.8555555555555555 0.45234375 0.8208333333333333 0.46640625 0.7916666666666666 0.47421875 0.7861111111111111 0.49765625 0.7805555555555556 0.5234375 0.7805555555555556
1 0.69921875 0.5111111111111111 0.71015625 0.5138888888888888 0.7265625 0.525 0.73671875 0.5430555555555555 0.7390625 0.5666666666666667 0.72890625 0.5722222222222222 0.71953125 0.5930555555555556 0.7109375 0.5902777777777778 0.6859375 0.5708333333333333 0.65625 0.5680555555555555 0.6515625 0.5638888888888889 0.65078125 0.5375 0.6578125 0.5208333333333334 0.6640625 0.5125 0.68203125 0.5083333333333333 0.6984375 0.5111111111111111
0 0.659375 0.8791666666666667 0.678125 0.9 0.6984375 0.9333333333333333 0.71015625 0.9472222222222222 0.715625 0.9597222222222223 0.7296875 0.9708333333333333 0.7359375 0.9902777777777778 0.73125 0.9986111111111111 0.69765625 0.9986111111111111 0.69609375 0.9958333333333333 0.69296875 0.9986111111111111 0.54375 0.9986111111111111 0.5421875 0.9944444444444445 0.54296875 0.9819444444444444 0.53984375 0.9763888888888889 0.53984375 0.9597222222222223 0.5359375 0.9555555555555556 0.52890625 0.9555555555555556 0.52578125 0.9597222222222223 0.52265625 0.9541666666666667 0.52265625 0.9458333333333333 0.52578125 0.9444444444444444 0.53125 0.9513888888888888 0.53671875 0.9486111111111111 0.53828125 0.9333333333333333 0.53515625 0.9055555555555556 0.54140625 0.8930555555555556 0.54921875 0.8875 0.58046875 0.8791666666666667 0.62265625 0.875 0.65 0.875 0.65859375 0.8791666666666667
0 0.39375 0.20972222222222223 0.39765625 0.21666666666666667 0.4 0.25277777777777777 0.396875 0.29305555555555557 0.39375 0.2972222222222222 0.38671875 0.29583333333333334 0.38203125 0.2875 0.3765625 0.2833333333333333 0.3578125 0.2833333333333333 0.35546875 0.28055555555555556 0.353125 0.26666666666666666 0.3546875 0.22777777777777777 0.35859375 0.2152777777777778 0.365625 0.2111111111111111 0.39296875 0.20972222222222223