3 0.05859375 0.17777777777777778 0.06953125 0.17777777777777778 0.07890625 0.18472222222222223 0.084375 0.20277777777777778 0.08515625 0.22361111111111112 0.08515625 0.24305555555555555 0.08203125 0.25555555555555554 0.06875 0.2569444444444444 0.0609375 0.25416666666666665 0.05859375 0.24583333333333332 0.06015625 0.2125 0.05859375 0.17916666666666667
3 0.89296875 0.6430555555555556 0.925 0.6458333333333334 0.9453125 0.6666666666666666 0.96171875 0.7041666666666667 0.97265625 0.7083333333333334 0.9734375 0.7166666666666667 0.9703125 0.7222222222222222 0.98671875 0.7611111111111111 0.98984375 0.7861111111111111 0.98984375 0.8069444444444445 0.98515625 0.8180555555555555 0.96953125 0.8138888888888889 0.96328125 0.8277777777777777 0.96015625 0.8291666666666667 0.90703125 0.8263888888888888 0.890625 0.8319444444444445 0.8875 0.8375 0.88203125 0.8347222222222223 0.878125 0.8166666666666667 0.871875 0.8027777777777778 0.86875 0.7833333333333333 0.86328125 0.775 0.8640625 0.7722222222222223 0.85078125 0.7361111111111112 0.83984375 0.7208333333333333 0.8203125 0.7041666666666667 0.8171875 0.6986111111111111 0.8171875 0.6916666666666667 0.81953125 0.675 0.82421875 0.6694444444444444 0.846875 0.6666666666666666 0.85390625 0.6430555555555556 0.8921875 0.6430555555555556
3 0.73203125 0.4388888888888889 0.74296875 0.4513888888888889 0.75234375 0.48055555555555557 0.759375 0.49444444444444446 0.759375 0.4986111111111111 0.74453125 0.5055555555555555 0.73046875 0.5402777777777777 0.7265625 0.5347222222222222 0.725 0.5194444444444445 0.71796875 0.5 0.7171875 0.49166666666666664 0.7125 0.48194444444444445 0.70859375 0.48194444444444445 0.70546875 0.4888888888888889 0.70546875 0.5083333333333333 0.69609375 0.5166666666666667 0.68828125 0.5097222222222222 0.678125 0.5083333333333333 0.6734375 0.5041666666666667 0.66796875 0.48194444444444445 0.66796875 0.4652777777777778 0.66875 0.4583333333333333 0.671875 0.4527777777777778 0.67890625 0.44722222222222224 0.684375 0.4375 0.71640625 0.43472222222222223 0.73125 0.4388888888888889
3 0.2109375 0.20555555555555555 0.21328125 0.20972222222222223 0.23125 0.22083333333333333 0.23046875 0.23472222222222222 0.21640625 0.24166666666666667 0.21171875 0.2375 0.18828125 0.23472222222222222 0.1859375 0.2263888888888889 0.1859375 0.20972222222222223 0.1890625 0.20416666666666666 0.20703125 0.20277777777777778 0.21015625 0.20555555555555555
2 0.703125 0.5305555555555556 0.709375 0.5305555555555556 0.715625 0.5375 0.7203125 0.5375 0.72421875 0.5333333333333333 0.7265625 0.5361111111111111 0.72734375 0.5444444444444444 0.7265625 0.5875 0.7234375 0.5958333333333333 0.71640625 0.5958333333333333 0.7140625 0.5916666666666667 0.71171875 0.5666666666666667 0.70625 0.5541666666666667 0.703125 0.5402777777777777 0.703125 0.5319444444444444
2 0.0125 0.8777777777777778 0.01796875 0.8930555555555556 0.021875 0.8930555555555556 0.02421875 0.9 0.03125 0.9055555555555556 0.0375 0.9055555555555556 0.0453125 0.9 0.05546875 0.8763888888888889 0.059375 0.8736111111111111 0.0640625 0.875 0.0640625 0.8805555555555555 0.06015625 0.8902777777777777 0.06015625 0.8986111111111111 0.05390625 0.9152777777777777 0.05390625 0.95 0.0515625 0.9708333333333333 0.05234375 0.9958333333333333 0.05078125 0.9986111111111111 0.02265625 0.9986111111111111 0.01875 0.9944444444444445 0.01953125 0.9652777777777778 0.015625 0.9375 0.01484375 0.9097222222222222 0.01171875 0.9013888888888889 0.0140625 0.8930555555555556 0.00625 0.8833333333333333 0.00703125 0.8763888888888889 0.01171875 0.8777777777777778
2 0.07421875 0.6402777777777777 0.078125 0.65 0.08125 0.6847222222222222 0.075 0.7111111111111111 0.0671875 0.7208333333333333 0.06171875 0.7194444444444444 0.059375 0.7152777777777778 0.0515625 0.6805555555555556 0.05546875 0.6680555555555555 0.05546875 0.6444444444444445 0.0640625 0.6388888888888888 0.0734375 0.6402777777777777
2 0.08671875 0.5458333333333333 0.10546875 0.5458333333333333 0.10703125 0.5611111111111111 0.10625 0.6 0.09921875 0.6152777777777778 0.09296875 0.6152777777777778 0.0875 0.6041666666666666 0.08515625 0.5888888888888889 0.08515625 0.5527777777777778 0.08671875 0.5472222222222223
2 0.07890625 0.4166666666666667 0.0875 0.4166666666666667 0.09296875 0.42083333333333334 0.09296875 0.4583333333333333 0.0859375 0.4708333333333333 0.08046875 0.4708333333333333 0.07421875 0.45694444444444443 0.07421875 0.41944444444444445 0.078125 0.4166666666666667
2 0.54921875 0.48194444444444445 0.55546875 0.4888888888888889 0.5640625 0.4861111111111111 0.56796875 0.5083333333333333 0.546875 0.5111111111111111 0.54140625 0.5083333333333333 0.54140625 0.49166666666666664 0.54453125 0.48333333333333334 0.5484375 0.48194444444444445
1 0.5796875 0.35 0.5921875 0.35694444444444445 0.60625 0.37916666666666665 0.6015625 0.39305555555555555 0.5875 0.4 0.58203125 0.41388888888888886 0.578125 0.41805555555555557 0.57109375 0.4125 0.56640625 0.39861111111111114 0.55859375 0.38472222222222224 0.54921875 0.3763888888888889 0.5484375 0.37083333333333335 0.55078125 0.35833333333333334 0.55390625 0.3541666666666667 0.57890625 0.35
1 0.33125 0.7138888888888889 0.3421875 0.7166666666666667 0.353125 0.7361111111111112 0.3703125 0.7847222222222222 0.38828125 0.7902777777777777 0.3890625 0.8013888888888889 0.38671875 0.8055555555555556 0.37734375 0.8097222222222222 0.37578125 0.8152777777777778 0.3875 0.85 0.38984375 0.875 0.3890625 0.9041666666666667 0.38671875 0.9069444444444444 0.3765625 0.8986111111111111 0.35859375 0.8972222222222223 0.3109375 0.9055555555555556 0.30234375 0.9111111111111111 0.28671875 0.9333333333333333 0.284375 0.9388888888888889 0.28203125 0.9625 0.2765625 0.9833333333333333 0.2703125 0.9833333333333333 0.265625 0.9763888888888889 0.2625 0.9305555555555556 0.26015625 0.925 0.253125 0.9208333333333333 0.25078125 0.9083333333333333 0.24765625 0.8388888888888889 0.24765625 0.7958333333333333 0.2546875 0.7708333333333334 0.26015625 0.7625 0.25859375 0.7541666666666667 0.26015625 0.7416666666666667 0.26875 0.7263888888888889 0.2734375 0.7222222222222222 0.325 0.7180555555555556 0.33046875 0.7152777777777778
1 0.50859375 0.36527777777777776 0.51640625 0.3680555555555556 0.5234375 0.3819444444444444 0.52421875 0.3902777777777778 0.51953125 0.39305555555555555 0.49765625 0.39305555555555555 0.4984375 0.3819444444444444 0.49140625 0.36944444444444446 0.5078125 0.36527777777777776
1 0.48359375 0.3375 0.49375 0.3416666666666667 0.5015625 0.35833333333333334 0.50078125 0.3638888888888889 0.49140625 0.36666666666666664 0.47890625 0.3611111111111111 0.459375 0.35833333333333334 0.46328125 0.3402777777777778 0.46640625 0.3375 0.4828125 0.3375
1 0.97890625 0.9166666666666666 0.99921875 0.9222222222222223 0.99921875 0.9777777777777777 0.99296875 0.9833333333333333 0.9953125 0.9875 0.99375 0.9930555555555556 0.98671875 0.9986111111111111 0.9203125 0.9972222222222222 0.91171875 0.9944444444444445 0.90546875 0.9763888888888889 0.90625 0.9666666666666667 0.9140625 0.9569444444444445 0.921875 0.9416666666666667 0.9359375 0.9347222222222222 0.95078125 0.9208333333333333 0.96171875 0.9166666666666666 0.978125 0.9166666666666666
1 0.61875 0.3958333333333333 0.6265625 0.4013888888888889 0.63125 0.4097222222222222 0.6328125 0.41388888888888886 0.63203125 0.42083333333333334 0.6171875 0.44305555555555554 0.61640625 0.4513888888888889 0.6125 0.4583333333333333 0.60390625 0.45694444444444443 0.5921875 0.46944444444444444 0.584375 0.4638888888888889 0.57734375 0.4527777777777778 0.57578125 0.42083333333333334 0.57890625 0.41805555555555557 0.5875 0.3972222222222222 0.60078125 0.39444444444444443 0.61796875 0.3958333333333333
1 0.8328125 0.5361111111111111 0.86953125 0.5361111111111111 0.890625 0.5486111111111112 0.9 0.5583333333333333 0.915625 0.5902777777777778 0.925 0.5944444444444444 0.92578125 0.5972222222222222 0.92265625 0.6125 0.92890625 0.6319444444444444 0.92734375 0.6361111111111111 0.91640625 0.6416666666666667 0.8484375 0.6388888888888888 0.83203125 0.6041666666666666 0.8234375 0.5902777777777778 0.8109375 0.5777777777777777 0.82265625 0.5402777777777777 0.8265625 0.5361111111111111 0.83203125 0.5361111111111111
1 0.3765625 0.9027777777777778 0.3828125 0.9055555555555556 0.390625 0.9152777777777777 0.40078125 0.9541666666666667 0.4140625 0.9819444444444444 0.42265625 0.9819444444444444 0.428125 0.9875 0.4265625 0.9930555555555556 0.41640625 0.9944444444444445 0.4109375 0.9986111111111111 0.36953125 0.9986111111111111 0.365625 0.9958333333333333 0.3625 0.9986111111111111 0.359375 0.9958333333333333 0.34921875 0.9958333333333333 0.34609375 0.9986111111111111 0.34296875 0.9958333333333333 0.2828125 0.9986111111111111 0.278125 0.9944444444444445 0.28203125 0.9638888888888889 0.28515625 0.9569444444444445 0.2859375 0.9430555555555555 0.29140625 0.9291666666666667 0.303125 0.9125 0.3109375 0.9069444444444444 0.34609375 0.9013888888888889 0.37578125 0.9027777777777778
1 0.52890625 0.2986111111111111 0.540625 0.3138888888888889 0.52734375 0.3277777777777778 0.5140625 0.3611111111111111 0.50859375 0.3625 0.50078125 0.34444444444444444 0.5015625 0.32916666666666666 0.5 0.32222222222222224 0.5015625 0.3125 0.515625 0.30277777777777776 0.5265625 0.30277777777777776 0.52890625 0.3
1 0.246875 0.5361111111111111 0.25234375 0.5388888888888889 0.25859375 0.5513888888888889 0.25859375 0.5569444444444445 0.2546875 0.5597222222222222 0.23203125 0.5597222222222222 0.228125 0.5652777777777778 0.221875 0.5861111111111111 0.21640625 0.6152777777777778 0.21171875 0.6222222222222222 0.2140625 0.6361111111111111 0.21328125 0.6486111111111111 0.20703125 0.6569444444444444 0.19921875 0.6569444444444444 0.19765625 0.6527777777777778 0.19609375 0.6083333333333333 0.18984375 0.5805555555555556 0.190625 0.5777777777777777 0.1984375 0.5680555555555555 0.21015625 0.5375 0.234375 0.5333333333333333 0.24609375 0.5361111111111111
1 0.41484375 0.2875 0.41953125 0.29305555555555557 0.421875 0.30416666666666664 0.421875 0.35 0.4171875 0.35 0.4078125 0.3388888888888889 0.40234375 0.3055555555555556 0.39296875 0.29305555555555557 0.39609375 0.2875 0.4140625 0.2875
1 0.31015625 0.35694444444444445 0.3203125 0.3625 0.321875 0.37083333333333335 0.3 0.3763888888888889 0.2953125 0.38472222222222224 0.29296875 0.40694444444444444 0.2890625 0.4236111111111111 0.2859375 0.4236111111111111 0.28203125 0.4152777777777778 0.28125 0.3861111111111111 0.28515625 0.36944444444444446 0.2890625 0.3597222222222222 0.29296875 0.35694444444444445 0.309375 0.35694444444444445
1 0.103125 0.31666666666666665 0.1125 0.3236111111111111 0.115625 0.3347222222222222 0.109375 0.34305555555555556 0.10078125 0.3458333333333333 0.09140625 0.3680555555555556 0.0765625 0.36527777777777776 0.0734375 0.3375 0.06953125 0.32083333333333336 0.07734375 0.31527777777777777 0.10234375 0.31666666666666665
1 0.9671875 0.6333333333333333 0.9875 0.6375 0.99921875 0.6444444444444445 0.99921875 0.7875 0.9953125 0.7930555555555555 0.99375 0.7930555555555555 0.990625 0.7819444444444444 0.98671875 0.7527777777777778 0.97265625 0.7263888888888889 0.97265625 0.7194444444444444 0.97578125 0.7152777777777778 0.97578125 0.7111111111111111 0.9734375 0.7069444444444445 0.96328125 0.7027777777777777 0.95546875 0.6902777777777778 0.946875 0.6680555555555555 0.928125 0.6472222222222223 0.928125 0.6402777777777777 0.934375 0.6347222222222222 0.96640625 0.6333333333333333
1 0.31171875 0.6652777777777777 0.32109375 0.6861111111111111 0.32734375 0.7125 0.32109375 0.7166666666666667 0.28671875 0.7180555555555556 0.27109375 0.7222222222222222 0.259375 0.7430555555555556 0.2578125 0.7638888888888888 0.24453125 0.7944444444444444 0.24140625 0.7930555555555555 0.2390625 0.7847222222222222 0.2375 0.7194444444444444 0.24375 0.7083333333333334 0.24609375 0.6902777777777778 0.25 0.6777777777777778 0.25546875 0.6708333333333333 0.27265625 0.6638888888888889 0.29375 0.6625 0.3109375 0.6652777777777777
1 0.51328125 0.5138888888888888 0.5203125 0.5222222222222223 0.5328125 0.5527777777777778 0.5328125 0.6194444444444445 0.5296875 0.6222222222222222 0.5015625 0.6236111111111111 0.4734375 0.6208333333333333 0.46953125 0.6166666666666667 0.4578125 0.5763888888888888 0.46015625 0.5402777777777777 0.47109375 0.5180555555555556 0.475 0.5152777777777777 0.5125 0.5138888888888888
1 0.7734375 0.5027777777777778 0.80078125 0.5097222222222222 0.81015625 0.5166666666666667 0.81796875 0.5291666666666667 0.8203125 0.5361111111111111 0.8203125 0.5444444444444444 0.8109375 0.5736111111111111 0.80859375 0.5777777777777777 0.80234375 0.5777777777777777 0.78984375 0.5708333333333333 0.77578125 0.5694444444444444 0.75703125 0.5736111111111111 0.75078125 0.5708333333333333 0.73984375 0.5819444444444445 0.7359375 0.5930555555555556 0.7328125 0.5930555555555556 0.73046875 0.5847222222222223 0.73125 0.5458333333333333 0.7328125 0.5361111111111111 0.7375 0.5277777777777778 0.74296875 0.5083333333333333 0.7515625 0.5027777777777778 0.77265625 0.5027777777777778
1 0.36015625 0.26805555555555555 0.365625 0.2638888888888889 0.38046875 0.2638888888888889 0.38359375 0.2722222222222222 0.38203125 0.2875 0.3796875 0.2902777777777778 0.37265625 0.2902777777777778 0.35859375 0.2861111111111111 0.3578125 0.2763888888888889 0.36015625 0.26944444444444443
1 0.28203125 0.5611111111111111 0.2890625 0.5708333333333333 0.2921875 0.5805555555555556 0.2953125 0.6055555555555555 0.29921875 0.6180555555555556 0.303125 0.6208333333333333 0.30625 0.6111111111111112 0.3109375 0.6138888888888889 0.3109375 0.6222222222222222 0.30234375 0.6263888888888889 0.309375 0.6597222222222222 0.271875 0.6611111111111111 0.25234375 0.6708333333333333 0.246875 0.6805555555555556 0.24375 0.7013888888888888 0.2359375 0.7194444444444444 0.2359375 0.7333333333333333 0.23203125 0.7430555555555556 0.22578125 0.7430555555555556 0.221875 0.7361111111111112 0.21640625 0.7083333333333334 0.21484375 0.6805555555555556 0.215625 0.6375 0.21328125 0.6305555555555555 0.21328125 0.6222222222222222 0.21796875 0.6138888888888889 0.2234375 0.5833333333333334 0.23046875 0.5625 0.253125 0.5625 0.265625 0.5569444444444445 0.27578125 0.5569444444444445 0.28125 0.5611111111111111
1 0.41171875 0.34305555555555556 0.41796875 0.35138888888888886 0.42265625 0.36527777777777776 0.42734375 0.36944444444444446 0.42421875 0.3763888888888889 0.425 0.3958333333333333 0.4234375 0.4 0.41796875 0.4 0.4078125 0.39305555555555555 0.38984375 0.4 0.37890625 0.39305555555555555 0.37890625 0.37222222222222223 0.38515625 0.3472222222222222 0.4109375 0.34305555555555556
1 0.5296875 0.2916666666666667 0.53359375 0.3055555555555556 0.52578125 0.30694444444444446 0.5171875 0.30416666666666664 0.51171875 0.30833333333333335 0.50859375 0.31527777777777777 0.50546875 0.3388888888888889 0.50234375 0.34305555555555556 0.49453125 0.33611111111111114 0.4921875 0.33055555555555555 0.4953125 0.3236111111111111 0.4953125 0.31805555555555554 0.49296875 0.3138888888888889 0.49765625 0.30277777777777776 0.5078125 0.2916666666666667 0.521875 0.28888888888888886 0.52890625 0.2916666666666667
1 0.321875 0.375 0.3140625 0.3763888888888889 0.309375 0.38472222222222224 0.30703125 0.39861111111111114 0.30078125 0.4125 0.3 0.44027777777777777 0.296875 0.4527777777777778 0.28984375 0.4444444444444444 0.28828125 0.4305555555555556 0.28828125 0.41944444444444445 0.29609375 0.3819444444444444 0.30234375 0.3763888888888889 0.32109375 0.375
1 0.2953125 0.4625 0.29921875 0.46805555555555556 0.30078125 0.4930555555555556 0.3015625 0.5791666666666667 0.3 0.5847222222222223 0.29375 0.5805555555555556 0.2796875 0.55 0.27734375 0.5152777777777777 0.28203125 0.5 0.2859375 0.4722222222222222 0.28984375 0.4638888888888889 0.29453125 0.4625
1 0.62890625 0.46805555555555556 0.64375 0.475 0.65546875 0.5041666666666667 0.65390625 0.5083333333333333 0.646875 0.5097222222222222 0.64296875 0.5138888888888888 0.6296875 0.5402777777777777 0.60703125 0.5111111111111111 0.58984375 0.5069444444444444 0.58671875 0.49166666666666664 0.590625 0.47638888888888886 0.5984375 0.46805555555555556 0.628125 0.46805555555555556
1 0.35546875 0.28888888888888886 0.3625 0.2916666666666667 0.36640625 0.2972222222222222 0.3609375 0.3236111111111111 0.35859375 0.3527777777777778 0.35390625 0.35833333333333334 0.33671875 0.35833333333333334 0.33359375 0.3527777777777778 0.334375 0.3333333333333333 0.3328125 0.32083333333333336 0.334375 0.30416666666666664 0.3421875 0.2916666666666667 0.3546875 0.2902777777777778
1 0.22890625 0.4625 0.24140625 0.4638888888888889 0.2515625 0.48194444444444445 0.26171875 0.5277777777777778 0.26328125 0.5388888888888889 0.26171875 0.5486111111111112 0.25703125 0.5472222222222223 0.25234375 0.5388888888888889 0.2453125 0.5333333333333333 0.21328125 0.5333333333333333 0.2078125 0.5388888888888889 0.19765625 0.5666666666666667 0.1921875 0.5736111111111111 0.1890625 0.5666666666666667 0.1875 0.5305555555555556 0.18984375 0.5152777777777777 0.1890625 0.5097222222222222 0.1921875 0.5055555555555555 0.2 0.46944444444444444 0.20625 0.4638888888888889 0.228125 0.4625
1 0.55234375 0.38055555555555554 0.5640625 0.3972222222222222 0.571875 0.42083333333333334 0.575 0.45555555555555555 0.5703125 0.4736111111111111 0.5515625 0.4638888888888889 0.54609375 0.43472222222222223 0.5453125 0.42083333333333334 0.5390625 0.4 0.53046875 0.3875 0.5328125 0.37916666666666665 0.5515625 0.38055555555555554
1 0.74375 0.6583333333333333 0.7625 0.6666666666666666 0.76953125 0.6763888888888889 0.76796875 0.6791666666666667 0.6953125 0.6847222222222222 0.68984375 0.6916666666666667 0.68359375 0.7416666666666667 0.68359375 0.775 0.68125 0.7819444444444444 0.675 0.7805555555555556 0.67109375 0.7694444444444445 0.67109375 0.6986111111111111 0.67265625 0.6861111111111111 0.6953125 0.6569444444444444 0.73203125 0.6555555555555556 0.74296875 0.6583333333333333
1 0.54609375 0.31666666666666665 0.55390625 0.325 0.559375 0.3486111111111111 0.55 0.35833333333333334 0.55 0.36666666666666664 0.54609375 0.375 0.5328125 0.375 0.5265625 0.38055555555555554 0.52265625 0.37916666666666665 0.51796875 0.36944444444444446 0.51796875 0.35 0.5328125 0.32083333333333336 0.53828125 0.31666666666666665 0.5453125 0.31666666666666665
1 0.6890625 0.5125 0.69375 0.5166666666666667 0.70078125 0.5305555555555556 0.70625 0.5541666666666667 0.71015625 0.5611111111111111 0.71328125 0.5736111111111111 0.71484375 0.5944444444444444 0.71328125 0.6111111111111112 0.71015625 0.6194444444444445 0.69375 0.6138888888888889 0.659375 0.6111111111111112 0.64765625 0.6138888888888889 0.63984375 0.6055555555555555 0.63515625 0.5736111111111111 0.6296875 0.5541666666666667 0.63203125 0.5375 0.6390625 0.5222222222222223 0.64296875 0.5152777777777777 0.65 0.5097222222222222 0.6734375 0.5083333333333333 0.68828125 0.5125
1 0.65546875 0.4236111111111111 0.6640625 0.42777777777777776 0.67109375 0.44166666666666665 0.66796875 0.4597222222222222 0.66796875 0.49583333333333335 0.665625 0.5041666666666667 0.66328125 0.5055555555555555 0.6578125 0.5041666666666667 0.64921875 0.48194444444444445 0.6421875 0.4708333333333333 0.63671875 0.4666666666666667 0.615625 0.4625 0.61796875 0.44166666666666665 0.62578125 0.42777777777777776 0.63515625 0.42083333333333334 0.6546875 0.4236111111111111
0 0.23828125 0.30277777777777776 0.25390625 0.30972222222222223 0.25859375 0.32083333333333336 0.259375 0.33611111111111114 0.23984375 0.3333333333333333 0.20234375 0.3347222222222222 0.18984375 0.34305555555555556 0.1875 0.3625 0.18515625 0.3625 0.18203125 0.3527777777777778 0.18984375 0.32916666666666666 0.19375 0.30972222222222223 0.2 0.3055555555555556 0.2375 0.30277777777777776
0 0.20234375 0.325 0.20546875 0.3347222222222222 0.23984375 0.33194444444444443 0.25859375 0.33611111111111114 0.26640625 0.35138888888888886 0.2703125 0.3763888888888889 0.275 0.3861111111111111 0.27578125 0.40555555555555556 0.27421875 0.41388888888888886 0.27578125 0.5152777777777777 0.271875 0.5333333333333333 0.26875 0.5361111111111111 0.26484375 0.5319444444444444 0.25234375 0.48194444444444445 0.2453125 0.4666666666666667 0.23828125 0.46111111111111114 0.20390625 0.4625 0.19921875 0.46944444444444444 0.19375 0.4861111111111111 0.1921875 0.5 0.1890625 0.5013888888888889 0.18828125 0.44027777777777777 0.18671875 0.4263888888888889 0.18125 0.4097222222222222 0.18046875 0.38472222222222224 0.1875 0.36944444444444446 0.190625 0.34444444444444444 0.20078125 0.33611111111111114 0.20234375 0.3263888888888889
0 0.35546875 0.16805555555555557 0.36015625 0.1736111111111111 0.36171875 0.2111111111111111 0.36015625 0.22361111111111112 0.35546875 0.22777777777777777 0.34921875 0.225 0.33125 0.2263888888888889 0.3296875 0.20972222222222223 0.3296875 0.18055555555555555 0.33359375 0.17222222222222222 0.34140625 0.16805555555555557 0.3546875 0.16805555555555557
0 0.32265625 0.39444444444444443 0.32421875 0.3972222222222222 0.378125 0.3958333333333333 0.40078125 0.4097222222222222 0.421875 0.43333333333333335 0.428125 0.4513888888888889 0.4390625 0.4708333333333333 0.440625 0.48333333333333334 0.44296875 0.4875 0.44296875 0.5083333333333333 0.44609375 0.5152777777777777 0.4453125 0.5222222222222223 0.4390625 0.5305555555555556 0.4390625 0.5361111111111111 0.43359375 0.5458333333333333 0.38984375 0.5458333333333333 0.36484375 0.55 0.359375 0.5625 0.35546875 0.5875 0.35546875 0.6541666666666667 0.33515625 0.6625 0.32734375 0.6375 0.31875 0.6291666666666667 0.31328125 0.6194444444444445 0.3140625 0.6152777777777778 0.31171875 0.6097222222222223 0.30546875 0.6069444444444444 0.30234375 0.5791666666666667 0.29921875 0.46111111111111114 0.3015625 0.41944444444444445 0.303125 0.4111111111111111 0.3078125 0.4027777777777778 0.321875 0.39444444444444443