0 0.22578125 0.8555555555555555 0.234375 0.8583333333333333 0.2390625 0.8694444444444445 0.23984375 0.8791666666666667 0.2453125 0.8888888888888888 0.240625 0.8944444444444445 0.24140625 0.8972222222222223 0.2390625 0.9027777777777778 0.24140625 0.9138888888888889 0.23828125 0.9291666666666667 0.21953125 0.9555555555555556 0.21484375 0.9513888888888888 0.2125 0.9388888888888889 0.20625 0.9291666666666667 0.20703125 0.9180555555555555 0.20078125 0.9111111111111111 0.20078125 0.9055555555555556 0.2078125 0.8777777777777778 0.21015625 0.8597222222222223 0.2140625 0.8541666666666666 0.225 0.8555555555555555
0 0.78828125 0.29583333333333334 0.82109375 0.3013888888888889 0.82578125 0.3055555555555556 0.82578125 0.3541666666666667 0.8203125 0.36527777777777776 0.8171875 0.3819444444444444 0.79296875 0.37916666666666665 0.7921875 0.3736111111111111 0.7859375 0.3680555555555556 0.7828125 0.3611111111111111 0.77890625 0.3611111111111111 0.7765625 0.36527777777777776 0.77421875 0.37777777777777777 0.76796875 0.37916666666666665 0.76640625 0.35555555555555557 0.76953125 0.33194444444444443 0.7703125 0.30277777777777776 0.775 0.2972222222222222 0.7875 0.29583333333333334
0 0.46328125 0.4708333333333333 0.49375 0.475 0.4984375 0.48055555555555557 0.5 0.49583333333333335 0.50390625 0.5041666666666667 0.50390625 0.5527777777777778 0.50625 0.5763888888888888 0.503125 0.6083333333333333 0.49921875 0.6152777777777778 0.4984375 0.625 0.4921875 0.6291666666666667 0.4890625 0.6263888888888889 0.484375 0.6138888888888889 0.48046875 0.6166666666666667 0.434375 0.6138888888888889 0.428125 0.6277777777777778 0.42109375 0.625 0.41953125 0.6069444444444444 0.4203125 0.5569444444444445 0.42734375 0.49166666666666664 0.4390625 0.4736111111111111 0.44765625 0.4708333333333333 0.4625 0.4722222222222222
0 0.5265625 0.575 0.5328125 0.5819444444444445 0.53359375 0.5916666666666667 0.5359375 0.5944444444444444 0.5359375 0.6194444444444445 0.5375 0.6236111111111111 0.5359375 0.6430555555555556 0.5296875 0.6513888888888889 0.52578125 0.6625 0.521875 0.6611111111111111 0.515625 0.6458333333333334 0.51484375 0.6138888888888889 0.51640625 0.6027777777777777 0.51328125 0.5930555555555556 0.51328125 0.5777777777777777 0.515625 0.5722222222222222 0.52578125 0.575
0 0.22734375 0.25416666666666665 0.23046875 0.25555555555555554 0.23203125 0.26805555555555555 0.23046875 0.29583333333333334 0.22734375 0.30277777777777776 0.21796875 0.3125 0.215625 0.3111111111111111 0.2140625 0.2972222222222222 0.2125 0.29583333333333334 0.20859375 0.3013888888888889 0.20625 0.31666666666666665 0.20390625 0.31805555555555554 0.19765625 0.31805555555555554 0.1953125 0.30416666666666664 0.19609375 0.28194444444444444 0.20234375 0.26944444444444443 0.203125 0.25833333333333336 0.2078125 0.25416666666666665 0.2109375 0.275 0.21015625 0.2791666666666667 0.2125 0.2861111111111111 0.21640625 0.2611111111111111 0.22265625 0.25416666666666665 0.2265625 0.25416666666666665
0 0.7171875 0.2652777777777778 0.71171875 0.25833333333333336 0.70234375 0.25277777777777777 0.696875 0.24305555555555555 0.69609375 0.23472222222222222 0.71640625 0.23194444444444445 0.71953125 0.2375 0.721875 0.2513888888888889 0.7203125 0.2638888888888889 0.71796875 0.2638888888888889
0 0.42890625 0.6402777777777777 0.43984375 0.6486111111111111 0.44296875 0.6541666666666667 0.44765625 0.6736111111111112 0.4515625 0.6805555555555556 0.459375 0.6819444444444445 0.4625 0.6888888888888889 0.46171875 0.6944444444444444 0.45390625 0.6986111111111111 0.45859375 0.7361111111111112 0.45546875 0.7791666666666667 0.45625 0.7902777777777777 0.45390625 0.7972222222222223 0.4484375 0.8027777777777778 0.4484375 0.8305555555555556 0.44609375 0.8347222222222223 0.43984375 0.8347222222222223 0.43359375 0.8152777777777778 0.421875 0.8055555555555556 0.37578125 0.8069444444444445 0.36875 0.8125 0.365625 0.825 0.359375 0.8305555555555556 0.353125 0.8277777777777777 0.3515625 0.8222222222222222 0.3515625 0.7486111111111111 0.36015625 0.6958333333333333 0.35546875 0.6916666666666667 0.3546875 0.6791666666666667 0.365625 0.675 0.371875 0.6569444444444444 0.38359375 0.6416666666666667 0.39921875 0.6375 0.428125 0.6402777777777777
0 0.66640625 0.31666666666666665 0.671875 0.33055555555555555 0.67265625 0.3458333333333333 0.66953125 0.35138888888888886 0.6625 0.3527777777777778 0.6296875 0.3527777777777778 0.628125 0.3416666666666667 0.63203125 0.3236111111111111 0.6375 0.31527777777777777 0.6609375 0.3138888888888889 0.665625 0.31666666666666665
0 0.05234375 0.2916666666666667 0.06171875 0.3013888888888889 0.06484375 0.32083333333333336 0.059375 0.33194444444444443 0.046875 0.34305555555555556 0.040625 0.35833333333333334 0.0328125 0.3625 0.02109375 0.3333333333333333 0.015625 0.3263888888888889 0.015625 0.3194444444444444 0.01875 0.30833333333333335 0.0265625 0.29444444444444445 0.0515625 0.2916666666666667
0 0.5359375 0.30416666666666664 0.5390625 0.30833333333333335 0.56015625 0.3111111111111111 0.565625 0.32083333333333336 0.56640625 0.3263888888888889 0.56484375 0.3333333333333333 0.5640625 0.37222222222222223 0.56015625 0.375 0.54765625 0.37083333333333335 0.5359375 0.34305555555555556 0.5234375 0.3375 0.528125 0.31805555555555554 0.5359375 0.3055555555555556
0 0.77578125 0.5041666666666667 0.7828125 0.5097222222222222 0.78828125 0.525 0.79609375 0.5305555555555556 0.79375 0.5416666666666666 0.7953125 0.5569444444444445 0.79453125 0.5833333333333334 0.79296875 0.5958333333333333 0.790625 0.6 0.7734375 0.5916666666666667 0.7453125 0.5875 0.74609375 0.5777777777777777 0.74453125 0.575 0.740625 0.5819444444444445 0.73515625 0.5708333333333333 0.73203125 0.55 0.71640625 0.5458333333333333 0.71484375 0.5430555555555555 0.72109375 0.5125 0.72734375 0.5055555555555555 0.7328125 0.5027777777777778 0.775 0.5041666666666667
0 0 0.2638888888888889 0.0046875 0.2638888888888889 0.00703125 0.26805555555555555 0.01875 0.275 0.025 0.2902777777777778 0.0203125 0.30277777777777776 0.0078125 0.30833333333333335 0.00234375 0.2777777777777778 0 0.275 0 0.2652777777777778
0 0.82578125 0.25972222222222224 0.82734375 0.2638888888888889 0.82734375 0.2847222222222222 0.82421875 0.3 0.80234375 0.2972222222222222 0.79921875 0.29583333333333334 0.79765625 0.28888888888888886 0.8 0.2722222222222222 0.803125 0.26666666666666666 0.8140625 0.2611111111111111 0.825 0.25972222222222224
0 0.73203125 0.18194444444444444 0.73359375 0.1875 0.73125 0.19583333333333333 0.73046875 0.21388888888888888 0.72734375 0.21805555555555556 0.71328125 0.21805555555555556 0.70859375 0.2111111111111111 0.7078125 0.2 0.7203125 0.18333333333333332 0.73125 0.18194444444444444
0 0.2671875 0.19444444444444445 0.271875 0.20694444444444443 0.27265625 0.23194444444444445 0.265625 0.2361111111111111 0.259375 0.23333333333333334 0.253125 0.21666666666666667 0.24453125 0.2125 0.24453125 0.20833333333333334 0.24765625 0.1986111111111111 0.2515625 0.19444444444444445 0.26640625 0.19444444444444445
0 0.94375 0.7194444444444444 0.98828125 0.725 0.99921875 0.7361111111111112 0.99921875 0.8291666666666667 0.996875 0.8305555555555556 0.99921875 0.8347222222222223 0.99609375 0.8416666666666667 0.996875 0.8625 0.98828125 0.8722222222222222 0.965625 0.8833333333333333 0.93046875 0.8847222222222222 0.92578125 0.8875 0.921875 0.9 0.91796875 0.9055555555555556 0.9109375 0.9041666666666667 0.9078125 0.8930555555555556 0.9078125 0.8722222222222222 0.89765625 0.8625 0.89453125 0.8527777777777777 0.8953125 0.7833333333333333 0.9046875 0.7486111111111111 0.9171875 0.7236111111111111 0.92109375 0.7208333333333333 0.94296875 0.7194444444444444
0 0.74453125 0.3611111111111111 0.7515625 0.36527777777777776 0.75859375 0.39166666666666666 0.75859375 0.4083333333333333 0.72890625 0.4083333333333333 0.7140625 0.44305555555555554 0.71015625 0.44027777777777777 0.70703125 0.41388888888888886 0.7078125 0.3972222222222222 0.71171875 0.39166666666666666 0.71484375 0.37222222222222223 0.71953125 0.3638888888888889 0.74375 0.3625
0 0.31171875 0.19166666666666668 0.3140625 0.19583333333333333 0.3140625 0.20416666666666666 0.30859375 0.2111111111111111 0.30390625 0.23194444444444445 0.30078125 0.23472222222222222 0.2859375 0.23333333333333334 0.2875 0.20833333333333334 0.29296875 0.19166666666666668 0.3109375 0.19166666666666668
0 0.38984375 0.28888888888888886 0.39296875 0.29305555555555557 0.3953125 0.30277777777777776 0.39453125 0.3138888888888889 0.3765625 0.32222222222222224 0.371875 0.32083333333333336 0.3703125 0.3125 0.36640625 0.30694444444444446 0.36640625 0.29305555555555557 0.3703125 0.28888888888888886 0.3890625 0.28888888888888886
0 0.16796875 0.24722222222222223 0.16328125 0.225 0.1640625 0.2013888888888889 0.16640625 0.19722222222222222 0.196875 0.19444444444444445 0.20625 0.19027777777777777 0.2078125 0.2013888888888889 0.2078125 0.24444444444444444 0.20625 0.24861111111111112 0.190625 0.24166666666666667 0.17421875 0.24166666666666667 0.16875 0.24305555555555555 0.16796875 0.24583333333333332
0 0.4921875 0.4375 0.503125 0.44166666666666665 0.50703125 0.45416666666666666 0.51328125 0.4625 0.51328125 0.4666666666666667 0.50859375 0.4736111111111111 0.5109375 0.49444444444444446 0.50859375 0.49722222222222223 0.5078125 0.5041666666666667 0.509375 0.5125 0.509375 0.5291666666666667 0.5078125 0.5347222222222222 0.5046875 0.5333333333333333 0.50390625 0.5055555555555555 0.50078125 0.4986111111111111 0.5 0.4847222222222222 0.4953125 0.475 0.4828125 0.4708333333333333 0.4515625 0.46944444444444444 0.4546875 0.44722222222222224 0.459375 0.44027777777777777 0.49140625 0.4375
0 0.88203125 0.5388888888888889 0.90546875 0.5416666666666666 0.921875 0.5611111111111111 0.925 0.5680555555555555 0.92890625 0.5944444444444444 0.92890625 0.6208333333333333 0.92109375 0.6263888888888889 0.88359375 0.6236111111111111 0.86953125 0.6458333333333334 0.8578125 0.6527777777777778 0.86328125 0.6625 0.85859375 0.6819444444444445 0.84921875 0.6652777777777777 0.8359375 0.6486111111111111 0.82421875 0.6430555555555556 0.8234375 0.6305555555555555 0.82109375 0.6236111111111111 0.82109375 0.6055555555555555 0.82890625 0.5791666666666667 0.8296875 0.5597222222222222 0.8390625 0.5402777777777777 0.84375 0.5375 0.88125 0.5388888888888889
0 0.7515625 0.45 0.76328125 0.45555555555555555 0.76640625 0.4652777777777778 0.7671875 0.4736111111111111 0.765625 0.4791666666666667 0.7484375 0.475 0.73046875 0.475 0.7234375 0.4791666666666667 0.71796875 0.47638888888888886 0.7171875 0.4736111111111111 0.72109375 0.45694444444444443 0.7265625 0.45 0.75078125 0.45
0 0.64453125 0.42916666666666664 0.06875 0.1527777777777778
0 0.571875 0.28194444444444444 0.575 0.2861111111111111 0.57890625 0.30277777777777776 0.5765625 0.31805555555555554 0.571875 0.3236111111111111 0.5625 0.3138888888888889 0.56015625 0.3 0.553125 0.28888888888888886 0.559375 0.28194444444444444 0.57109375 0.28194444444444444
0 0.82421875 0.2361111111111111 0.82734375 0.24305555555555555 0.8265625 0.25555555555555554 0.803125 0.2652777777777778 0.79609375 0.2861111111111111 0.79375 0.2861111111111111 0.7921875 0.28055555555555556 0.7859375 0.2777777777777778 0.7828125 0.2708333333333333 0.7828125 0.2611111111111111 0.7859375 0.25 0.7921875 0.24444444444444444 0.8234375 0.2375
0 0.0265625 0.45 0.03515625 0.4527777777777778 0.03828125 0.45694444444444443 0.03984375 0.4666666666666667 0.0453125 0.4791666666666667 0.046875 0.49583333333333335 0.0375 0.5027777777777778 0.03359375 0.5194444444444445 0.02109375 0.5402777777777777 0.0203125 0.5458333333333333 0.015625 0.5458333333333333 0.00859375 0.5263888888888889 0.00390625 0.5277777777777778 0 0.5236111111111111 0 0.4513888888888889 0.00625 0.44722222222222224 0.02578125 0.45
0 0.440625 0.3527777777777778 0.446875 0.3861111111111111 0.446875 0.4166666666666667 0.44453125 0.425 0.44375 0.44027777777777777 0.43359375 0.45 0.41875 0.43194444444444446 0.39765625 0.43194444444444446 0.39296875 0.42777777777777776 0.390625 0.40555555555555556 0.3921875 0.3625 0.39453125 0.3541666666666667 0.39921875 0.35138888888888886 0.43984375 0.3527777777777778
0 0.78125 0.7819444444444444 0.803125 0.7875 0.82421875 0.7875 0.8296875 0.7930555555555555 0.82890625 0.8 0.83046875 0.8055555555555556 0.83828125 0.8083333333333333 0.84609375 0.8291666666666667 0.8484375 0.8319444444444445 0.8546875 0.8305555555555556 0.86015625 0.8361111111111111 0.86015625 0.85 0.8515625 0.8583333333333333 0.85859375 0.9 0.85703125 0.9069444444444444 0.86015625 0.9680555555555556 0.85859375 0.9805555555555555 0.8609375 0.9930555555555556 0.85703125 0.9958333333333333 0.840625 0.9944444444444445 0.83828125 0.9902777777777778 0.834375 0.9916666666666667 0.82734375 0.9819444444444444 0.82109375 0.9861111111111112 0.821875 0.9902777777777778 0.82578125 0.9916666666666667 0.82265625 0.9944444444444445 0.81796875 0.9930555555555556 0.8140625 0.9819444444444444 0.80625 0.9819444444444444 0.8 0.9888888888888889 0.77578125 0.9847222222222223 0.7703125 0.9763888888888889 0.76640625 0.9583333333333334 0.765625 0.9416666666666667 0.7625 0.9388888888888889 0.75859375 0.9388888888888889 0.75546875 0.9430555555555555 0.7453125 0.9791666666666666 0.74140625 0.9791666666666666 0.734375 0.9708333333333333 0.72578125 0.9555555555555556 0.7265625 0.9347222222222222 0.73125 0.9291666666666667 0.7328125 0.8930555555555556 0.7359375 0.8847222222222222 0.73515625 0.8583333333333333 0.73671875 0.8472222222222222 0.734375 0.8402777777777778 0.72734375 0.8347222222222223 0.728125 0.8236111111111111 0.7359375 0.8194444444444444 0.74140625 0.8208333333333333 0.74609375 0.8111111111111111 0.746875 0.7972222222222223 0.7484375 0.7944444444444444 0.7546875 0.7944444444444444 0.7578125 0.7805555555555556 0.78046875 0.7819444444444444
0 0.24765625 0.23472222222222222 0.25546875 0.24166666666666667 0.259375 0.25833333333333336 0.2578125 0.28055555555555556 0.2546875 0.2847222222222222 0.2515625 0.2833333333333333 0.2484375 0.2861111111111111 0.24140625 0.2861111111111111 0.2359375 0.28055555555555556 0.234375 0.26944444444444443 0.23515625 0.24444444444444444 0.2328125 0.24166666666666667 0.23046875 0.25277777777777777 0.2265625 0.24166666666666667 0.2328125 0.24166666666666667 0.23671875 0.23472222222222222 0.246875 0.23472222222222222
0 0.0796875 0.24305555555555555 0.09140625 0.25555555555555554 0.10234375 0.25972222222222224 0.109375 0.26805555555555555 0.109375 0.2833333333333333 0.0921875 0.2916666666666667 0.07890625 0.28055555555555556 0.0765625 0.25972222222222224 0.0703125 0.24444444444444444 0.07421875 0.24166666666666667 0.07890625 0.24305555555555555
0 0.93828125 0.6291666666666667 0.9515625 0.6361111111111111 0.95625 0.6430555555555556 0.97734375 0.7083333333333334 0.97734375 0.7208333333333333 0.91875 0.7208333333333333 0.91171875 0.7333333333333333 0.90859375 0.7444444444444445 0.8953125 0.7680555555555556 0.89296875 0.7833333333333333 0.8859375 0.7944444444444444 0.87734375 0.8 0.871875 0.7930555555555555 0.86796875 0.7597222222222222 0.8609375 0.7458333333333333 0.8625 0.7055555555555556 0.859375 0.6902777777777778 0.859375 0.6777777777777778 0.86171875 0.6638888888888889 0.8578125 0.6569444444444444 0.8578125 0.6527777777777778 0.87109375 0.6444444444444445 0.8765625 0.6319444444444444 0.8828125 0.625 0.9375 0.6291666666666667
0 0.69609375 0.24444444444444444 0.69921875 0.24861111111111112 0.7 0.2569444444444444 0.69296875 0.25972222222222224 0.6875 0.26944444444444443 0.68671875 0.28055555555555556 0.6828125 0.2902777777777778 0.68203125 0.3 0.6796875 0.29583333333333334 0.67109375 0.3 0.6703125 0.29583333333333334 0.67421875 0.25416666666666665 0.678125 0.24583333333333332 0.6953125 0.24444444444444444
0 0.55 0.5236111111111111 0.55234375 0.525 0.55390625 0.5333333333333333 0.55390625 0.5555555555555556 0.546875 0.5763888888888888 0.54375 0.5777777777777777 0.540625 0.575 0.5359375 0.5597222222222222 0.53515625 0.5319444444444444 0.5375 0.5236111111111111 0.54921875 0.5236111111111111
0 0.8625 0.4861111111111111 0.86953125 0.4875 0.87578125 0.4930555555555556 0.88203125 0.5041666666666667 0.8890625 0.5361111111111111 0.88671875 0.5388888888888889 0.84140625 0.5361111111111111 0.8359375 0.5430555555555555 0.82734375 0.5652777777777778 0.82578125 0.5833333333333334 0.82109375 0.5902777777777778 0.81796875 0.5875 0.815625 0.5597222222222222 0.81640625 0.5347222222222222 0.83046875 0.49166666666666664 0.83359375 0.4875 0.86171875 0.4875
0 0.6984375 0.24444444444444444 0.7015625 0.2513888888888889 0.71875 0.2625 0.7203125 0.2791666666666667 0.72734375 0.28888888888888886 0.73046875 0.3013888888888889 0.73046875 0.30416666666666664 0.7265625 0.30416666666666664 0.7234375 0.29305555555555557 0.71640625 0.2847222222222222 0.70234375 0.2861111111111111 0.69375 0.2972222222222222 0.6890625 0.31666666666666665 0.68515625 0.3138888888888889 0.6828125 0.2902777777777778 0.68671875 0.2833333333333333 0.6890625 0.26666666666666666 0.69921875 0.25416666666666665 0.6984375 0.24583333333333332
0 0.353125 0.5 0.36484375 0.5111111111111111 0.36796875 0.5194444444444445 0.3765625 0.525 0.3765625 0.5305555555555556 0.37265625 0.5375 0.37109375 0.5611111111111111 0.3671875 0.5694444444444444 0.365625 0.6222222222222222 0.3640625 0.6291666666666667 0.3625 0.6319444444444444 0.353125 0.6291666666666667 0.353125 0.625 0.3484375 0.6152777777777778 0.3453125 0.6125 0.340625 0.6138888888888889 0.334375 0.6055555555555555 0.321875 0.6055555555555555 0.30625 0.6125 0.30234375 0.6277777777777778 0.29609375 0.6333333333333333 0.2921875 0.6333333333333333 0.2890625 0.6277777777777778 0.28828125 0.5847222222222223 0.290625 0.5541666666666667 0.2984375 0.5208333333333334 0.30234375 0.5125 0.3140625 0.5013888888888889 0.33359375 0.4986111111111111 0.35234375 0.5
0 0.63359375 0.6958333333333333 0.6375 0.7027777777777777 0.64140625 0.7180555555555556 0.65390625 0.7222222222222222 0.65859375 0.7305555555555555 0.6578125 0.7347222222222223 0.6484375 0.7402777777777778 0.65234375 0.7597222222222222 0.65234375 0.7763888888888889 0.6546875 0.7930555555555555 0.6546875 0.8125 0.653125 0.825 0.65078125 0.8291666666666667 0.646875 0.8263888888888888 0.6390625 0.7986111111111112 0.63203125 0.7902777777777777 0.59375 0.7902777777777777 0.58828125 0.7875 0.56015625 0.7861111111111111 0.553125 0.7916666666666666 0.5515625 0.7875 0.5515625 0.7652777777777777 0.55546875 0.7375 0.546875 0.7305555555555555 0.54609375 0.725 0.5484375 0.7194444444444444 0.5625 0.7166666666666667 0.5703125 0.6972222222222222 0.57578125 0.6902777777777778 0.6328125 0.6958333333333333
0 0.20078125 0.6972222222222222 0.24375 0.6986111111111111 0.26171875 0.7236111111111111 0.271875 0.7263888888888889 0.27421875 0.7305555555555555 0.27421875 0.7375 0.27265625 0.7402777777777778 0.27265625 0.8 0.2703125 0.8166666666666667 0.26640625 0.825 0.25859375 0.825 0.25078125 0.8319444444444445 0.24453125 0.8097222222222222 0.2359375 0.7944444444444444 0.2359375 0.7777777777777778 0.23359375 0.7680555555555556 0.22890625 0.7638888888888888 0.2234375 0.7638888888888888 0.21875 0.7708333333333334 0.2171875 0.7888888888888889 0.21015625 0.8013888888888889 0.2078125 0.8111111111111111 0.20703125 0.8236111111111111 0.21171875 0.8319444444444445 0.21015625 0.8416666666666667 0.16953125 0.8416666666666667 0.16640625 0.8458333333333333 0.1640625 0.8583333333333333 0.15859375 0.8625 0.15234375 0.8611111111111112 0.14921875 0.8416666666666667 0.15 0.7930555555555555 0.15234375 0.7722222222222223 0.15859375 0.7555555555555555 0.1640625 0.7305555555555555 0.17578125 0.7069444444444445 0.18515625 0.6986111111111111 0.2 0.6972222222222222
0 0.33046875 0.2111111111111111 0.334375 0.21666666666666667 0.334375 0.23055555555555557 0.32109375 0.24166666666666667 0.3171875 0.2375 0.3125 0.24722222222222223 0.30625 0.24722222222222223 0.3046875 0.24027777777777778 0.30390625 0.23194444444444445 0.3078125 0.21388888888888888 0.31015625 0.20972222222222223 0.3171875 0.2111111111111111 0.31953125 0.20833333333333334 0.3296875 0.2111111111111111
0 0.4140625 0.27361111111111114 0.41796875 0.28055555555555556 0.41796875 0.2875 0.4109375 0.2972222222222222 0.40078125 0.30416666666666664 0.3953125 0.3013888888888889 0.3859375 0.2847222222222222 0.38671875 0.2791666666666667 0.39375 0.2708333333333333 0.4078125 0.26944444444444443 0.41328125 0.27361111111111114
0 0.38828125 0.4305555555555556 0.41796875 0.43333333333333335 0.43046875 0.45555555555555555 0.4328125 0.47638888888888886 0.4265625 0.4861111111111111 0.42109375 0.5125 0.4171875 0.5097222222222222 0.403125 0.5111111111111111 0.38671875 0.5069444444444444 0.37421875 0.5138888888888888 0.36796875 0.5111111111111111 0.365625 0.49583333333333335 0.36875 0.4444444444444444 0.37890625 0.43333333333333335 0.3875 0.4305555555555556
0 0.64921875 0.19722222222222222 0.65625 0.2013888888888889 0.6609375 0.2152777777777778 0.6609375 0.2263888888888889 0.6546875 0.23333333333333334 0.64765625 0.22777777777777777 0.6328125 0.225 0.62890625 0.21944444444444444 0.6296875 0.20833333333333334 0.63359375 0.2 0.63671875 0.19722222222222222 0.6484375 0.19722222222222222
0 0.19140625 0.24305555555555555 0.19609375 0.24722222222222223 0.19609375 0.25277777777777777 0.19453125 0.25833333333333336 0.19453125 0.275 0.18984375 0.2777777777777778 0.16015625 0.2777777777777778 0.16015625 0.25972222222222224 0.16796875 0.24583333333333332 0.190625 0.24305555555555555
0 0.846875 0.44722222222222224 0.85625 0.45694444444444443 0.86015625 0.4722222222222222 0.8609375 0.4847222222222222 0.834375 0.4861111111111111 0.83125 0.49027777777777776 0.815625 0.5319444444444444 0.815625 0.5430555555555555 0.8140625 0.5458333333333333 0.815625 0.5527777777777778 0.8140625 0.5555555555555556 0.803125 0.5555555555555556 0.8 0.5527777777777778 0.79921875 0.5472222222222223 0.7984375 0.4986111111111111 0.8015625 0.4722222222222222 0.80546875 0.45694444444444443 0.81328125 0.4444444444444444 0.81640625 0.44305555555555554 0.84609375 0.44722222222222224
0 0.00546875 0.32916666666666666 0.01640625 0.32916666666666666 0.0265625 0.3458333333333333 0.0296875 0.35555555555555557 0.03046875 0.37083333333333335 0.02734375 0.4152777777777778 0.0171875 0.4152777777777778 0.0078125 0.42916666666666664 0 0.4263888888888889 0 0.3347222222222222 0.0046875 0.33055555555555555
0 0.681640625 0.22430555555555556 0.02578125 0.03194444444444444
0 0.1453125 0.2638888888888889 0.14921875 0.26944444444444443 0.15 0.2847222222222222 0.14609375 0.30416666666666664 0.1421875 0.3125 0.11328125 0.3111111111111111 0.1125 0.28888888888888886 0.11484375 0.27361111111111114 0.11953125 0.26666666666666666 0.14453125 0.2638888888888889
0 0.3140625 0.30972222222222223 0.315625 0.3125 0.315625 0.33611111111111114 0.3171875 0.34305555555555556 0.321875 0.3375 0.32421875 0.3277777777777778 0.32734375 0.3277777777777778 0.32890625 0.3347222222222222 0.32421875 0.35833333333333334 0.31640625 0.3680555555555556 0.30078125 0.3763888888888889 0.29609375 0.36944444444444446 0.29609375 0.3138888888888889 0.3 0.3111111111111111 0.31328125 0.3111111111111111
0 0.175 0.3611111111111111 0.1859375 0.36666666666666664 0.190625 0.3763888888888889 0.19453125 0.42083333333333334 0.19296875 0.44583333333333336 0.18984375 0.4486111111111111 0.18203125 0.44722222222222224 0.17890625 0.4527777777777778 0.1703125 0.4486111111111111 0.1625 0.4527777777777778 0.1578125 0.45 0.1546875 0.3972222222222222 0.1546875 0.37916666666666665 0.15703125 0.3611111111111111 0.165625 0.3597222222222222 0.16796875 0.3638888888888889 0.17421875 0.3625
0 0.73671875 0.33611111111111114 0.74453125 0.34444444444444444 0.746875 0.35555555555555557 0.75 0.3597222222222222 0.74140625 0.3638888888888889 0.72109375 0.3638888888888889 0.715625 0.375 0.71328125 0.3888888888888889 0.70859375 0.39444444444444443 0.70625 0.4152777777777778 0.7015625 0.4097222222222222 0.69921875 0.4013888888888889 0.69765625 0.3819444444444444 0.69921875 0.3638888888888889 0.7109375 0.3375 0.7359375 0.33611111111111114
0 0.47421875 0.3277777777777778 0.478125 0.3347222222222222 0.4796875 0.3472222222222222 0.47265625 0.35138888888888886 0.4703125 0.3819444444444444 0.46171875 0.38055555555555554 0.4578125 0.38472222222222224 0.453125 0.3819444444444444 0.4484375 0.35833333333333334 0.44375 0.3527777777777778 0.44375 0.3458333333333333 0.446875 0.3347222222222222 0.4515625 0.3277777777777778 0.4734375 0.3277777777777778
0 0.32578125 0.8291666666666667 0.37578125 0.8361111111111111 0.38515625 0.8444444444444444 0.3921875 0.8569444444444444 0.40078125 0.8597222222222223 0.40546875 0.8652777777777778 0.40546875 0.8722222222222222 0.4015625 0.8777777777777778 0.40546875 0.9152777777777777 0.40078125 0.95 0.40078125 0.9666666666666667 0.396875 0.9763888888888889 0.39140625 0.9805555555555555 0.390625 0.9930555555555556 0.384375 0.9958333333333333 0.25546875 0.9944444444444445 0.26328125 0.925 0.27734375 0.8805555555555555 0.27734375 0.875 0.271875 0.8694444444444445 0.271875 0.8625 0.2828125 0.8569444444444444 0.29609375 0.8333333333333334 0.325 0.8291666666666667
0 0.55546875 0.29444444444444445 0.56015625 0.3 0.56015625 0.3125 0.553125 0.30972222222222223 0.53203125 0.30972222222222223 0.53515625 0.2972222222222222 0.5390625 0.2916666666666667 0.55078125 0.2902777777777778 0.5546875 0.29444444444444445
0 0.19375 0.28055555555555556 0.1953125 0.2833333333333333 0.19609375 0.3236111111111111 0.190625 0.33194444444444443 0.17265625 0.3375 0.1609375 0.3458333333333333 0.15546875 0.34305555555555556 0.15390625 0.3236111111111111 0.14765625 0.3138888888888889 0.14765625 0.30972222222222223 0.15078125 0.30694444444444446 0.15 0.29444444444444445 0.153125 0.2861111111111111 0.159375 0.2777777777777778 0.18984375 0.2777777777777778 0.19296875 0.28055555555555556
0 0.1375 0.31666666666666665 0.1484375 0.3236111111111111 0.1515625 0.33194444444444443 0.15390625 0.35555555555555557 0.1546875 0.43333333333333335 0.15234375 0.4375 0.1390625 0.4444444444444444 0.13203125 0.45694444444444443 0.12734375 0.4722222222222222 0.1125 0.49722222222222223 0.10859375 0.5097222222222222 0.09765625 0.5125 0.07265625 0.5111111111111111 0.0671875 0.5180555555555556 0.0609375 0.5180555555555556 0.05703125 0.5222222222222223 0.05234375 0.5138888888888888 0.0484375 0.4861111111111111 0.04453125 0.4791666666666667 0.03828125 0.45694444444444443 0.0375 0.41805555555555557 0.02890625 0.4083333333333333 0.0328125 0.37222222222222223 0.03984375 0.36527777777777776 0.04921875 0.34305555555555556 0.0578125 0.3375 0.06953125 0.32083333333333336 0.09296875 0.31527777777777777 0.13671875 0.31666666666666665
0 0.0046875 0.8875 0.025 0.8916666666666667 0.05234375 0.8888888888888888 0.09609375 0.8902777777777777 0.1046875 0.8944444444444445 0.11328125 0.9041666666666667 0.12265625 0.9208333333333333 0.13359375 0.9263888888888889 0.1375 0.9319444444444445 0.13828125 0.9541666666666667 0.14140625 0.9763888888888889 0.14140625 0.9930555555555556 0.1328125 0.9986111111111111 0.121875 0.9958333333333333 0.109375 0.9958333333333333 0.1078125 0.9986111111111111 0.053125 0.9986111111111111 0.0515625 0.9958333333333333 0.00390625 0.9944444444444445 0.00234375 0.9694444444444444 0 0.9666666666666667 0 0.9027777777777778 0.00234375 0.9 0.0046875 0.8888888888888888
0 0 0.24305555555555555 0.025 0.24305555555555555 0.03359375 0.24583333333333332 0.03984375 0.2638888888888889 0.0421875 0.28194444444444444 0.04140625 0.2875 0.02578125 0.2916666666666667 0.01953125 0.2763888888888889 0 0.2611111111111111 0 0.24444444444444444
0 0.9609375 0.9944444444444445 0.9625 0.9680555555555556 0.96171875 0.9361111111111111 0.96484375 0.9083333333333333 0.9609375 0.8902777777777777 0.9625 0.8861111111111111 0.98359375 0.8777777777777778 0.990625 0.8708333333333333 0.99453125 0.8625 0.99921875 0.8638888888888889 0.99921875 0.9888888888888889 0.98828125 0.9986111111111111 0.9703125 0.9986111111111111 0.96171875 0.9944444444444445
0 0.67421875 0.42916666666666664 0.67890625 0.42916666666666664 0.68828125 0.44027777777777777 0.69296875 0.4527777777777778 0.69453125 0.46805555555555556 0.69140625 0.46805555555555556 0.6859375 0.45694444444444443 0.68203125 0.45416666666666666 0.6453125 0.45 0.6421875 0.44722222222222224 0.646875 0.4305555555555556 0.653125 0.42777777777777776 0.6734375 0.42916666666666664
0 0.56875 0.9416666666666667 0.57109375 0.9388888888888889 0.61015625 0.9375 0.66015625 0.9444444444444444 0.6734375 0.9611111111111111 0.678125 0.9861111111111112 0.6859375 0.9819444444444444 0.69375 0.9861111111111112 0.69765625 0.9916666666666667 0.69765625 0.9986111111111111 0.64453125 0.9986111111111111 0.6421875 0.9958333333333333 0.63515625 0.9958333333333333 0.63359375 0.9986111111111111 0.62265625 0.9986111111111111 0.6203125 0.9958333333333333 0.615625 0.9986111111111111 0.60234375 0.9958333333333333 0.559375 0.9986111111111111 0.55703125 0.9930555555555556 0.5578125 0.9791666666666666 0.56484375 0.9625 0.56875 0.9430555555555555
0 0.7921875 0.4236111111111111 0.81015625 0.4263888888888889 0.815625 0.4388888888888889 0.80234375 0.46805555555555556 0.79765625 0.5125 0.79453125 0.5166666666666667 0.78828125 0.5152777777777777 0.78046875 0.5027777777777778 0.77421875 0.5 0.76796875 0.4777777777777778 0.7671875 0.46111111111111114 0.76015625 0.44722222222222224 0.76484375 0.43333333333333335 0.7703125 0.425 0.79140625 0.4236111111111111
0 0.328125 0.16944444444444445 0.33203125 0.17222222222222222 0.33515625 0.17916666666666667 0.3359375 0.20555555555555555 0.33515625 0.20972222222222223 0.33125 0.2125 0.31875 0.20416666666666666 0.3171875 0.17916666666666667 0.31640625 0.19305555555555556 0.31484375 0.19444444444444445 0.31015625 0.19027777777777777 0.3078125 0.18194444444444444 0.31328125 0.1736111111111111 0.3171875 0.17777777777777778 0.31953125 0.17083333333333334 0.32734375 0.16944444444444445
0 0.6453125 0.4486111111111111 0.6859375 0.45416666666666666 0.69296875 0.4652777777777778 0.69453125 0.4722222222222222 0.69140625 0.49444444444444446 0.69296875 0.5041666666666667 0.69140625 0.5138888888888888 0.69296875 0.5222222222222223 0.6921875 0.5388888888888889 0.67578125 0.5486111111111112 0.67265625 0.5541666666666667 0.66796875 0.5763888888888888 0.6578125 0.5972222222222222 0.65078125 0.5944444444444444 0.63828125 0.5833333333333334 0.62265625 0.5819444444444445 0.6203125 0.5777777777777777 0.62265625 0.5388888888888889 0.62265625 0.4708333333333333 0.628125 0.45555555555555555 0.63984375 0.44722222222222224 0.64453125 0.4486111111111111
0 0.49140625 0.2875 0.49609375 0.29305555555555557 0.50234375 0.31666666666666665 0.50234375 0.33194444444444443 0.49921875 0.34444444444444444 0.49453125 0.34444444444444444 0.4875 0.3388888888888889 0.48046875 0.3416666666666667 0.47578125 0.33055555555555555 0.465625 0.3236111111111111 0.46640625 0.3 0.46953125 0.2916666666666667 0.490625 0.2875
0 0.77890625 0.6416666666666667 0.825 0.65 0.84453125 0.6638888888888889 0.853125 0.6791666666666667 0.8609375 0.7027777777777777 0.859375 0.7569444444444444 0.8546875 0.7916666666666666 0.85546875 0.8263888888888888 0.84375 0.8180555555555555 0.83828125 0.8055555555555556 0.83125 0.8027777777777778 0.8359375 0.7958333333333333 0.834375 0.7916666666666666 0.81171875 0.7833333333333333 0.78984375 0.7833333333333333 0.77734375 0.7777777777777778 0.76953125 0.7805555555555556 0.7578125 0.7791666666666667 0.75 0.7680555555555556 0.75078125 0.7638888888888888 0.74375 0.7583333333333333 0.74375 0.7444444444444445 0.74609375 0.7388888888888889 0.74765625 0.7125 0.7515625 0.7027777777777777 0.75234375 0.6736111111111112 0.75078125 0.6666666666666666 0.75234375 0.6597222222222222 0.7609375 0.6513888888888889 0.778125 0.6430555555555556
0 0.63984375 0.5875 0.64921875 0.5972222222222222 0.659375 0.6152777777777778 0.66171875 0.6527777777777778 0.665625 0.6638888888888889 0.66484375 0.7263888888888889 0.6625 0.7361111111111112 0.66171875 0.7555555555555555 0.6578125 0.7611111111111111 0.65390625 0.7569444444444444 0.65078125 0.7402777777777778 0.6578125 0.7361111111111112 0.659375 0.7305555555555555 0.65390625 0.7208333333333333 0.6453125 0.7194444444444444 0.64375 0.7222222222222222 0.63984375 0.7125 0.63828125 0.7 0.63359375 0.6930555555555555 0.5796875 0.6875 0.57265625 0.6902777777777778 0.56640625 0.7027777777777777 0.56328125 0.7027777777777777 0.5625 0.65 0.56875 0.6388888888888888 0.5703125 0.6263888888888889 0.56171875 0.6208333333333333 0.56015625 0.6180555555555556 0.56171875 0.6111111111111112 0.5671875 0.6069444444444444 0.571875 0.6083333333333333 0.57734375 0.5958333333333333 0.58828125 0.5847222222222223 0.61796875 0.5833333333333334 0.6390625 0.5875
0 0.10859375 0.6 0.10390625 0.5458333333333333 0.10546875 0.5402777777777777 0.109375 0.5388888888888889 0.12265625 0.5416666666666666 0.13125 0.5680555555555555 0.13046875 0.5805555555555556 0.125 0.5930555555555556 0.11328125 0.6013888888888889 0.109375 0.6
0 0.128125 0.2388888888888889 0.1390625 0.24722222222222223 0.14140625 0.25416666666666665 0.140625 0.2611111111111111 0.1375 0.2652777777777778 0.121875 0.26666666666666666 0.1125 0.2777777777777778 0.109375 0.26666666666666666 0.1046875 0.25972222222222224 0.10703125 0.25 0.115625 0.2388888888888889 0.12734375 0.2388888888888889
0 0.7453125 0.5888888888888889 0.7484375 0.5916666666666667 0.771875 0.5916666666666667 0.7859375 0.5986111111111111 0.79375 0.6069444444444444 0.8 0.6236111111111111 0.80625 0.6263888888888889 0.80703125 0.6361111111111111 0.803125 0.6375 0.8 0.6444444444444445 0.77734375 0.6430555555555556 0.75625 0.6555555555555556 0.7515625 0.6680555555555555 0.7515625 0.6972222222222222 0.74609375 0.7083333333333334 0.746875 0.7222222222222222 0.74453125 0.7333333333333333 0.74453125 0.7527777777777778 0.74140625 0.7583333333333333 0.73046875 0.7541666666666667 0.7234375 0.7611111111111111 0.71640625 0.7597222222222222 0.71328125 0.7402777777777778 0.7109375 0.7166666666666667 0.7125 0.6652777777777777 0.71484375 0.6486111111111111 0.72578125 0.6097222222222223 0.7328125 0.5958333333333333 0.740625 0.5888888888888889 0.74453125 0.5888888888888889
0 0.5265625 0.3402777777777778 0.5359375 0.34305555555555556 0.54375 0.35833333333333334 0.54921875 0.38472222222222224 0.5484375 0.4152777777777778 0.54375 0.4263888888888889 0.5390625 0.4263888888888889 0.53359375 0.41805555555555557 0.515625 0.4152777777777778 0.50703125 0.42777777777777776 0.50234375 0.4263888888888889 0.50078125 0.42083333333333334 0.5 0.39305555555555555 0.503125 0.3611111111111111 0.509375 0.3458333333333333 0.51484375 0.3416666666666667 0.52578125 0.3402777777777778
0 0.48671875 0.7013888888888888 0.4890625 0.7055555555555556 0.48671875 0.7125 0.4890625 0.7152777777777778 0.50625 0.7152777777777778 0.51015625 0.7208333333333333 0.51015625 0.7555555555555555 0.51484375 0.7916666666666666 0.5125 0.8083333333333333 0.50703125 0.8138888888888889 0.5015625 0.8263888888888888 0.49765625 0.8291666666666667 0.49453125 0.8277777777777777 0.4875 0.8138888888888889 0.4859375 0.7930555555555555 0.48359375 0.7888888888888889 0.4859375 0.7777777777777778 0.4859375 0.7638888888888888 0.48359375 0.7541666666666667 0.48203125 0.725 0.48359375 0.7111111111111111 0.48046875 0.7027777777777777 0.4828125 0.7 0.4859375 0.7013888888888888
0 0.0515625 0.2375 0.071875 0.24305555555555555 0.078125 0.26666666666666666 0.07890625 0.28055555555555556 0.07265625 0.2875 0.06640625 0.2875 0.0609375 0.29444444444444445 0.05625 0.29444444444444445 0.0421875 0.2833333333333333 0.03984375 0.2638888888888889 0.034375 0.24444444444444444 0.0359375 0.2375 0.05078125 0.2375
0 0.6625 0.26805555555555555 0.6671875 0.28194444444444444 0.665625 0.28888888888888886 0.63984375 0.2847222222222222 0.63515625 0.2861111111111111 0.6328125 0.29305555555555557 0.6296875 0.29305555555555557 0.62890625 0.28888888888888886 0.6328125 0.2861111111111111 0.63203125 0.2763888888888889 0.6359375 0.26805555555555555 0.6421875 0.2652777777777778 0.66171875 0.26805555555555555
0 0.609375 0.7902777777777777 0.615625 0.7930555555555555 0.63359375 0.7930555555555555 0.640625 0.8041666666666667 0.64375 0.8194444444444444 0.6484375 0.8305555555555556 0.66015625 0.8305555555555556 0.665625 0.8375 0.66484375 0.8486111111111111 0.65390625 0.8513888888888889 0.65234375 0.8555555555555555 0.65703125 0.8916666666666667 0.66015625 0.9027777777777778 0.66015625 0.9388888888888889 0.6578125 0.9430555555555555 0.6546875 0.9430555555555555 0.64375 0.9388888888888889 0.61328125 0.9361111111111111 0.57421875 0.9375 0.56875 0.9430555555555555 0.5640625 0.9625 0.55546875 0.9791666666666666 0.55078125 0.9958333333333333 0.5328125 0.9944444444444445 0.5328125 0.9666666666666667 0.53046875 0.9472222222222222 0.53203125 0.9375 0.53125 0.9027777777777778 0.534375 0.8888888888888888 0.53515625 0.8638888888888889 0.5375 0.8486111111111111 0.52578125 0.8416666666666667 0.5234375 0.8347222222222223 0.52421875 0.8277777777777777 0.53125 0.8222222222222222 0.5375 0.8222222222222222 0.54296875 0.8277777777777777 0.54765625 0.8166666666666667 0.55390625 0.7902777777777777 0.60859375 0.7902777777777777
0 0.7828125 0.27361111111111114 0.78828125 0.28194444444444444 0.7890625 0.2902777777777778 0.7875 0.29305555555555557 0.76640625 0.2986111111111111 0.75078125 0.29305555555555557 0.75078125 0.2847222222222222 0.7546875 0.2777777777777778 0.75859375 0.27361111111111114 0.78203125 0.27361111111111114
0 0.7546875 0.47638888888888886 0.765625 0.48055555555555557 0.76953125 0.49166666666666664 0.7703125 0.5027777777777778 0.73203125 0.5027777777777778 0.72578125 0.5069444444444444 0.7203125 0.5208333333333334 0.71640625 0.5194444444444445 0.715625 0.5041666666666667 0.7109375 0.49722222222222223 0.71328125 0.4888888888888889 0.71953125 0.4847222222222222 0.7203125 0.48055555555555557 0.7296875 0.47638888888888886 0.75390625 0.47638888888888886
0 0.7578125 0.4111111111111111 0.7640625 0.42777777777777776 0.75859375 0.44722222222222224 0.75234375 0.45 0.72890625 0.4486111111111111 0.72265625 0.45416666666666666 0.7203125 0.4652777777777778 0.7171875 0.46805555555555556 0.71328125 0.4666666666666667 0.715625 0.4583333333333333 0.71640625 0.44583333333333336 0.71484375 0.44166666666666665 0.72734375 0.4111111111111111 0.73125 0.4083333333333333 0.75703125 0.4111111111111111
0 0.70625 0.2833333333333333 0.7203125 0.2847222222222222 0.72421875 0.28888888888888886 0.72578125 0.2972222222222222 0.73203125 0.30972222222222223 0.73359375 0.3333333333333333 0.71328125 0.3347222222222222 0.709375 0.3375 0.70390625 0.3486111111111111 0.69375 0.35555555555555557 0.6875 0.35138888888888886 0.6875 0.31666666666666665 0.69375 0.29305555555555557 0.7015625 0.2833333333333333 0.70546875 0.2833333333333333
0 0.29296875 0.3138888888888889 0.29453125 0.31666666666666665 0.29375 0.3347222222222222 0.296875 0.3625 0.29609375 0.3763888888888889 0.28984375 0.3861111111111111 0.28359375 0.40555555555555556 0.2734375 0.4152777777777778 0.26171875 0.4375 0.23828125 0.44722222222222224 0.23515625 0.44583333333333336 0.23359375 0.44027777777777777 0.23359375 0.425 0.23046875 0.4097222222222222 0.23125 0.37916666666666665 0.23515625 0.35138888888888886 0.234375 0.3277777777777778 0.24609375 0.31666666666666665 0.2921875 0.3138888888888889
0 0.71015625 0.5472222222222223 0.73046875 0.5513888888888889 0.73671875 0.5819444444444445 0.7359375 0.5916666666666667 0.73125 0.5958333333333333 0.725 0.6097222222222223 0.7140625 0.6472222222222223 0.71328125 0.6652777777777777 0.71015625 0.675 0.70703125 0.6777777777777778 0.6921875 0.6777777777777778 0.6890625 0.675 0.6765625 0.6902777777777778 0.6703125 0.6888888888888889 0.66796875 0.6916666666666667 0.66640625 0.6611111111111111 0.6625 0.6486111111111111 0.66484375 0.5861111111111111 0.67109375 0.575 0.67578125 0.5541666666666667 0.68046875 0.5472222222222223 0.709375 0.5472222222222223
0 0.3625 0.1875 0.365625 0.19027777777777777 0.36796875 0.20694444444444443 0.35234375 0.22361111111111112 0.3453125 0.22361111111111112 0.3421875 0.20694444444444443 0.3484375 0.18888888888888888 0.36171875 0.1875