3 0.80078125 0.4041666666666667 0.821875 0.4097222222222222 0.86171875 0.44166666666666665 0.8609375 0.5111111111111111 0.86796875 0.5333333333333333 0.86953125 0.5638888888888889 0.86640625 0.5680555555555555 0.85234375 0.5722222222222222 0.84765625 0.5791666666666667 0.8421875 0.5958333333333333 0.834375 0.6097222222222223 0.83359375 0.6319444444444444 0.83046875 0.6402777777777777 0.8046875 0.6416666666666667 0.79453125 0.6555555555555556 0.78671875 0.6513888888888889 0.78359375 0.6444444444444445 0.7828125 0.6347222222222222 0.7796875 0.6291666666666667 0.76171875 0.6291666666666667 0.75625 0.625 0.7546875 0.6194444444444445 0.7546875 0.5819444444444445 0.75078125 0.5736111111111111 0.7453125 0.5694444444444444 0.73984375 0.5569444444444445 0.740625 0.48194444444444445 0.7421875 0.475 0.74296875 0.41388888888888886 0.74453125 0.40555555555555556 0.7484375 0.4027777777777778 0.8 0.4041666666666667
3 0.41484375 0.4166666666666667 0.42421875 0.43472222222222223 0.42890625 0.45555555555555555 0.43046875 0.4930555555555556 0.43046875 0.5125 0.42734375 0.5444444444444444 0.4296875 0.5625 0.428125 0.5666666666666667 0.42890625 0.5708333333333333 0.3953125 0.5694444444444444 0.35859375 0.5777777777777777 0.35390625 0.5847222222222223 0.3515625 0.5944444444444444 0.35234375 0.6027777777777777 0.3484375 0.6138888888888889 0.34296875 0.6138888888888889 0.33828125 0.6097222222222223 0.334375 0.5708333333333333 0.33515625 0.5458333333333333 0.3390625 0.5277777777777778 0.33828125 0.5041666666666667 0.33515625 0.49722222222222223 0.3359375 0.4888888888888889 0.334375 0.48194444444444445 0.33671875 0.45694444444444443 0.334375 0.42916666666666664 0.33671875 0.4236111111111111 0.34140625 0.42083333333333334 0.4140625 0.4166666666666667
3 0.0734375 0.17916666666666667 0.08046875 0.1875 0.08515625 0.20416666666666666 0.0859375 0.24722222222222223 0.08046875 0.2569444444444444 0.06328125 0.25416666666666665 0.05859375 0.24722222222222223 0.05859375 0.17777777777777778 0.07265625 0.17916666666666667
2 0.16328125 0.3194444444444444 0.15859375 0.30277777777777776 0.15859375 0.29305555555555557 0.1609375 0.2875 0.16796875 0.2902777777777778 0.1703125 0.3013888888888889 0.16796875 0.31805555555555554 0.1640625 0.3194444444444444
2 0.88828125 0.7013888888888888 0.890625 0.7138888888888889 0.8875 0.7569444444444444 0.8765625 0.7722222222222223 0.865625 0.7819444444444444 0.86171875 0.7791666666666667 0.8578125 0.7666666666666667 0.86015625 0.7458333333333333 0.8578125 0.7152777777777778 0.8609375 0.7055555555555556 0.865625 0.7013888888888888 0.8875 0.7013888888888888
2 0.10625 0.5222222222222223 0.11015625 0.5291666666666667 0.1109375 0.5458333333333333 0.1140625 0.5527777777777778 0.1125 0.5652777777777778 0.10703125 0.5777777777777777 0.10234375 0.5777777777777777 0.09609375 0.5597222222222222 0.0984375 0.5361111111111111 0.09765625 0.525 0.09921875 0.5208333333333334 0.10546875 0.5222222222222223
2 0.09609375 0.43472222222222223 0.10234375 0.44166666666666665 0.103125 0.46944444444444444 0.0984375 0.47638888888888886 0.09453125 0.49027777777777776 0.0921875 0.49027777777777776 0.08671875 0.47638888888888886 0.08515625 0.46805555555555556 0.08515625 0.44166666666666665 0.08984375 0.43472222222222223 0.0953125 0.43472222222222223
1 0.3234375 0.8111111111111111 0.33828125 0.8152777777777778 0.34140625 0.8194444444444444 0.340625 0.8222222222222222 0.2859375 0.8305555555555556 0.27265625 0.8361111111111111 0.265625 0.8458333333333333 0.25546875 0.9041666666666667 0.2546875 0.9597222222222223 0.25234375 0.9736111111111111 0.25 0.9763888888888889 0.24609375 0.975 0.24453125 0.9708333333333333 0.24375 0.9430555555555555 0.240625 0.9166666666666666 0.240625 0.8875 0.246875 0.8513888888888889 0.253125 0.8333333333333334 0.26015625 0.8236111111111111 0.2734375 0.8152777777777778 0.29609375 0.8097222222222222 0.32265625 0.8111111111111111
1 0.52734375 0.5291666666666667 0.534375 0.5458333333333333 0.5328125 0.55 0.5015625 0.55 0.49609375 0.5555555555555556 0.49609375 0.5611111111111111 0.4921875 0.5680555555555555 0.48984375 0.5833333333333334 0.4859375 0.6527777777777778 0.48046875 0.6805555555555556 0.47734375 0.6847222222222222 0.46953125 0.6819444444444445 0.46875 0.6625 0.46171875 0.6555555555555556 0.459375 0.6444444444444445 0.46015625 0.5819444444444445 0.46640625 0.5486111111111112 0.47265625 0.5319444444444444 0.478125 0.5263888888888889 0.51640625 0.525 0.5265625 0.5291666666666667
1 0.2984375 0.3277777777777778 0.309375 0.32916666666666666 0.31328125 0.3416666666666667 0.3109375 0.34444444444444444 0.2921875 0.34444444444444444 0.28515625 0.3486111111111111 0.28125 0.35555555555555557 0.27890625 0.375 0.27421875 0.3861111111111111 0.275 0.4041666666666667 0.27265625 0.4041666666666667 0.27109375 0.4 0.271875 0.3861111111111111 0.27421875 0.38333333333333336 0.26953125 0.37222222222222223 0.27109375 0.35138888888888886 0.26953125 0.3486111111111111 0.2734375 0.3347222222222222 0.28125 0.3277777777777778 0.29765625 0.3277777777777778
1 0.4078125 0.32916666666666666 0.4109375 0.3263888888888889 0.43203125 0.3263888888888889 0.43984375 0.3333333333333333 0.4453125 0.35 0.4453125 0.35555555555555557 0.43515625 0.35694444444444445 0.4265625 0.36666666666666664 0.4234375 0.36666666666666664 0.40390625 0.3472222222222222 0.4078125 0.33055555555555555
1 0.496875 0.26805555555555555 0.5 0.275 0.49765625 0.2791666666666667 0.4890625 0.28194444444444444 0.48515625 0.2902777777777778 0.484375 0.3 0.4765625 0.2986111111111111 0.4734375 0.29305555555555557 0.4734375 0.28194444444444444 0.4796875 0.26805555555555555 0.49609375 0.26805555555555555
1 0.96015625 0.7652777777777777 0.96640625 0.7736111111111111 0.97265625 0.7763888888888889 0.9796875 0.7875 0.99453125 0.8138888888888889 0.996875 0.8263888888888888 0.99921875 0.8291666666666667 0.99921875 0.8986111111111111 0.99765625 0.9 0.99921875 0.9013888888888889 0.99921875 0.9555555555555556 0.97421875 0.9597222222222223 0.94765625 0.9583333333333334 0.93046875 0.9513888888888888 0.92421875 0.9527777777777777 0.91796875 0.9444444444444444 0.9125 0.9222222222222223 0.9046875 0.9069444444444444 0.86171875 0.8611111111111112 0.8546875 0.8486111111111111 0.85546875 0.8125 0.859375 0.7972222222222223 0.86171875 0.7916666666666666 0.8703125 0.7847222222222222 0.87421875 0.775 0.88671875 0.7625 0.93125 0.7597222222222222 0.959375 0.7652777777777777
1 0.88203125 0.5708333333333333 0.90625 0.575 0.91796875 0.5805555555555556 0.92578125 0.5902777777777778 0.9421875 0.625 0.946875 0.625 0.95078125 0.6291666666666667 0.94765625 0.6388888888888888 0.95390625 0.6541666666666667 0.95703125 0.675 0.9578125 0.6916666666666667 0.95625 0.7027777777777777 0.94296875 0.7013888888888888 0.9390625 0.7041666666666667 0.93515625 0.7125 0.91875 0.7166666666666667 0.89375 0.7138888888888889 0.89140625 0.7097222222222223 0.8890625 0.6902777777777778 0.87890625 0.6638888888888889 0.875 0.6444444444444445 0.86953125 0.6388888888888888 0.8640625 0.6430555555555556 0.8578125 0.6680555555555555 0.8484375 0.6888888888888889 0.84296875 0.6958333333333333 0.83828125 0.6958333333333333 0.834375 0.6902777777777778 0.8328125 0.6819444444444445 0.8328125 0.6430555555555556 0.83515625 0.6083333333333333 0.84296875 0.5958333333333333 0.85078125 0.575 0.85390625 0.5722222222222222 0.88125 0.5708333333333333
1 0.35 0.4013888888888889 0.35625 0.40555555555555556 0.359375 0.4166666666666667 0.33984375 0.42083333333333334 0.33046875 0.43194444444444446 0.33046875 0.44583333333333336 0.3171875 0.44722222222222224 0.3125 0.4513888888888889 0.31015625 0.4597222222222222 0.3109375 0.4166666666666667 0.315625 0.4041666666666667 0.32421875 0.4 0.34921875 0.4013888888888889
1 0.3640625 0.31527777777777777 0.36640625 0.3194444444444444 0.36953125 0.3388888888888889 0.36875 0.3486111111111111 0.36171875 0.35694444444444445 0.359375 0.3638888888888889 0.3546875 0.3625 0.3515625 0.36527777777777776 0.34609375 0.37777777777777777 0.33828125 0.3763888888888889 0.3328125 0.3638888888888889 0.32734375 0.35833333333333334 0.32734375 0.3416666666666667 0.33203125 0.3375 0.33359375 0.3263888888888889 0.3375 0.31666666666666665 0.36328125 0.31527777777777777
1 0.5390625 0.34305555555555556 0.553125 0.35 0.5609375 0.3611111111111111 0.56640625 0.38333333333333336 0.56484375 0.3958333333333333 0.565625 0.41944444444444445 0.5640625 0.4263888888888889 0.5453125 0.425 0.5421875 0.39305555555555555 0.53515625 0.3680555555555556 0.52734375 0.35694444444444445 0.515625 0.3541666666666667 0.5140625 0.35138888888888886 0.5140625 0.3486111111111111 0.51875 0.34444444444444444 0.53828125 0.34305555555555556
1 0.32578125 0.3638888888888889 0.3328125 0.3680555555555556 0.3390625 0.38472222222222224 0.340625 0.3972222222222222 0.33828125 0.4 0.31796875 0.4013888888888889 0.31171875 0.4111111111111111 0.3109375 0.4388888888888889 0.30859375 0.4444444444444444 0.30703125 0.4597222222222222 0.3046875 0.4638888888888889 0.29453125 0.4638888888888889 0.2921875 0.4597222222222222 0.290625 0.4486111111111111 0.29140625 0.39305555555555555 0.29921875 0.3680555555555556 0.303125 0.36527777777777776 0.325 0.3638888888888889
1 0.19921875 0.5569444444444445 0.2078125 0.5458333333333333 0.21171875 0.5222222222222223 0.21484375 0.5166666666666667 0.240625 0.5097222222222222 0.26953125 0.5125 0.2734375 0.5222222222222223 0.2734375 0.5388888888888889 0.271875 0.5416666666666666 0.2515625 0.5402777777777777 0.22265625 0.5444444444444444 0.21640625 0.5541666666666667 0.2109375 0.5763888888888888 0.20625 0.5847222222222223 0.20234375 0.5847222222222223 0.20234375 0.5680555555555555 0.2 0.5583333333333333
1 0.3453125 0.21805555555555556 0.34765625 0.21944444444444444 0.34609375 0.22916666666666666 0.34921875 0.24166666666666667 0.36328125 0.24444444444444444 0.36796875 0.25 0.3671875 0.26666666666666666 0.3625 0.2861111111111111 0.3453125 0.28194444444444444 0.3421875 0.2777777777777778 0.33828125 0.28194444444444444 0.3359375 0.2777777777777778 0.33515625 0.25972222222222224 0.33984375 0.25555555555555554 0.3453125 0.24444444444444444 0.34296875 0.22083333333333333 0.34453125 0.21944444444444444
1 0.24921875 0.46111111111111114 0.25625 0.4666666666666667 0.26015625 0.48194444444444445 0.2671875 0.49583333333333335 0.27265625 0.4986111111111111 0.27421875 0.5055555555555555 0.27265625 0.5138888888888888 0.26875 0.5152777777777777 0.25078125 0.5097222222222222 0.23359375 0.5097222222222222 0.21953125 0.5138888888888888 0.2125 0.5208333333333334 0.20703125 0.5486111111111112 0.20390625 0.5513888888888889 0.2 0.55 0.2015625 0.5416666666666666 0.2 0.5194444444444445 0.2046875 0.5083333333333333 0.2078125 0.48333333333333334 0.2125 0.46805555555555556 0.215625 0.4625 0.22265625 0.46111111111111114 0.2484375 0.46111111111111114
1 0.7484375 0.6305555555555555 0.7703125 0.6361111111111111 0.78359375 0.65 0.7890625 0.6611111111111111 0.7921875 0.6833333333333333 0.79609375 0.6902777777777778 0.80390625 0.6916666666666667 0.803125 0.6986111111111111 0.7984375 0.7027777777777777 0.80546875 0.7263888888888889 0.80859375 0.7458333333333333 0.80859375 0.7777777777777778 0.80703125 0.7930555555555555 0.8046875 0.7972222222222223 0.79765625 0.7972222222222223 0.7875 0.7888888888888889 0.78125 0.7875 0.7390625 0.7833333333333333 0.7203125 0.7916666666666666 0.71796875 0.7888888888888889 0.715625 0.7722222222222223 0.7125 0.7652777777777777 0.70703125 0.7597222222222222 0.69453125 0.7611111111111111 0.6921875 0.7583333333333333 0.690625 0.75 0.690625 0.7027777777777777 0.6953125 0.6666666666666666 0.7046875 0.6388888888888888 0.709375 0.6319444444444444 0.71328125 0.6305555555555555 0.74765625 0.6305555555555555
1 0.50625 0.39305555555555555 0.5140625 0.3958333333333333 0.52265625 0.40694444444444444 0.5375 0.4527777777777778 0.53671875 0.4930555555555556 0.5328125 0.5013888888888889 0.521875 0.4930555555555556 0.50546875 0.4888888888888889 0.503125 0.4638888888888889 0.48359375 0.4527777777777778 0.47890625 0.4375 0.46953125 0.425 0.47265625 0.4027777777777778 0.478125 0.39305555555555555 0.50546875 0.39305555555555555
1 0.2328125 0.4013888888888889 0.23671875 0.4027777777777778 0.2421875 0.4125 0.24765625 0.43194444444444446 0.25546875 0.4305555555555556 0.25703125 0.44027777777777777 0.25703125 0.4583333333333333 0.25546875 0.46111111111111114 0.25078125 0.4583333333333333 0.246875 0.4375 0.2421875 0.4305555555555556 0.2125 0.43194444444444446 0.20078125 0.44027777777777777 0.196875 0.4513888888888889 0.19375 0.4527777777777778 0.1953125 0.43472222222222223 0.20234375 0.4041666666666667 0.20625 0.4013888888888889 0.23203125 0.4013888888888889
1 0.315625 0.65 0.3265625 0.6638888888888889 0.34140625 0.7194444444444444 0.34140625 0.7430555555555556 0.3484375 0.7805555555555556 0.3484375 0.8166666666666667 0.34609375 0.8208333333333333 0.34140625 0.8208333333333333 0.33671875 0.8138888888888889 0.32890625 0.8097222222222222 0.3046875 0.8069444444444445 0.2921875 0.8069444444444445 0.2828125 0.8125 0.27265625 0.8138888888888889 0.2546875 0.8263888888888888 0.24375 0.8611111111111112 0.240625 0.8597222222222223 0.23828125 0.8277777777777777 0.23046875 0.8152777777777778 0.22890625 0.7722222222222223 0.22265625 0.7208333333333333 0.228125 0.6847222222222222 0.23203125 0.675 0.24921875 0.6555555555555556 0.2890625 0.65 0.31484375 0.65
1 0.57109375 0.3347222222222222 0.578125 0.3458333333333333 0.58359375 0.36527777777777776 0.5703125 0.3875 0.56640625 0.38472222222222224 0.56328125 0.3763888888888889 0.56171875 0.3638888888888889 0.55625 0.3527777777777778 0.54375 0.3416666666666667 0.54609375 0.33611111111111114 0.553125 0.3333333333333333 0.5703125 0.3347222222222222
1 0.29140625 0.2569444444444444 0.3 0.2638888888888889 0.303125 0.28888888888888886 0.2984375 0.29305555555555557 0.28125 0.29583333333333334 0.2765625 0.3 0.271875 0.30972222222222223 0.26875 0.30833333333333335 0.26796875 0.29583333333333334 0.27265625 0.25833333333333336 0.27578125 0.2611111111111111 0.28203125 0.2569444444444444 0.290625 0.2569444444444444
1 0.36171875 0.3625 0.36328125 0.3680555555555556 0.36328125 0.3958333333333333 0.3625 0.4013888888888889 0.359375 0.40555555555555556 0.346875 0.39861111111111114 0.3421875 0.38472222222222224 0.35078125 0.3625 0.3609375 0.3625
1 0.45625 0.3597222222222222 0.4671875 0.3736111111111111 0.471875 0.3902777777777778 0.4703125 0.4013888888888889 0.4640625 0.41805555555555557 0.45234375 0.41805555555555557 0.43984375 0.4236111111111111 0.4328125 0.42083333333333334 0.43203125 0.4097222222222222 0.425 0.3819444444444444 0.42578125 0.37222222222222223 0.428125 0.36527777777777776 0.43515625 0.35833333333333334 0.44765625 0.35694444444444445 0.45546875 0.3597222222222222
1 0.40703125 0.38472222222222224 0.4203125 0.3861111111111111 0.4296875 0.4027777777777778 0.4328125 0.42083333333333334 0.43046875 0.4263888888888889 0.425 0.4305555555555556 0.41328125 0.4152777777777778 0.384375 0.4166666666666667 0.38125 0.41388888888888886 0.38671875 0.3888888888888889 0.40625 0.38472222222222224
1 0.30078125 0.2972222222222222 0.30703125 0.3055555555555556 0.309375 0.32222222222222224 0.3125 0.33055555555555555 0.3125 0.3388888888888889 0.3109375 0.3416666666666667 0.29140625 0.3416666666666667 0.28515625 0.3458333333333333 0.2765625 0.3625 0.27734375 0.37222222222222223 0.27578125 0.37777777777777777 0.271875 0.3763888888888889 0.27109375 0.36527777777777776 0.2671875 0.3541666666666667 0.265625 0.325 0.2703125 0.31805555555555554 0.271875 0.30694444444444446 0.278125 0.2986111111111111 0.2828125 0.29583333333333334 0.3 0.2972222222222222
1 0.32890625 0.44722222222222224 0.3296875 0.4652777777777778 0.33359375 0.47638888888888886 0.3328125 0.49722222222222223 0.3375 0.5041666666666667 0.33828125 0.525 0.33125 0.5388888888888889 0.31796875 0.5430555555555555 0.31328125 0.5416666666666666 0.3078125 0.525 0.30625 0.4777777777777778 0.31328125 0.45 0.328125 0.44722222222222224
1 0.2609375 0.5416666666666666 0.27265625 0.5430555555555555 0.27890625 0.55 0.28203125 0.5555555555555556 0.28671875 0.575 0.290625 0.5819444444444445 0.296875 0.5833333333333334 0.3 0.5888888888888889 0.29296875 0.5986111111111111 0.29296875 0.6041666666666666 0.3 0.6263888888888889 0.3 0.6430555555555556 0.29765625 0.6472222222222223 0.271875 0.65 0.26484375 0.6291666666666667 0.26328125 0.6152777777777778 0.259375 0.6097222222222223 0.2546875 0.6097222222222223 0.25078125 0.6194444444444445 0.2515625 0.6333333333333333 0.24765625 0.6458333333333334 0.23984375 0.6625 0.228125 0.6777777777777778 0.2234375 0.7083333333333334 0.2171875 0.7152777777777778 0.21015625 0.7152777777777778 0.20625 0.7083333333333334 0.203125 0.6833333333333333 0.20234375 0.6347222222222222 0.20390625 0.6180555555555556 0.2015625 0.5944444444444444 0.21328125 0.5736111111111111 0.21640625 0.5583333333333333 0.22265625 0.5458333333333333 0.26015625 0.5416666666666666
1 0.6046875 0.49166666666666664 0.6125 0.5 0.62265625 0.5194444444444445 0.62578125 0.5166666666666667 0.62734375 0.525 0.6234375 0.5347222222222222 0.60859375 0.5361111111111111 0.6015625 0.5416666666666666 0.58828125 0.5638888888888889 0.584375 0.5805555555555556 0.58515625 0.5875 0.5828125 0.5930555555555556 0.578125 0.5916666666666667 0.5765625 0.5805555555555556 0.56953125 0.5666666666666667 0.54609375 0.5444444444444444 0.5421875 0.5388888888888889 0.5421875 0.5347222222222222 0.5515625 0.5263888888888889 0.55078125 0.5166666666666667 0.55390625 0.5013888888888889 0.56171875 0.49166666666666664 0.57265625 0.4875 0.60390625 0.49166666666666664
1 0.3109375 0.3416666666666667 0.3140625 0.3458333333333333 0.31796875 0.3625 0.30234375 0.36527777777777776 0.296875 0.37222222222222223 0.290625 0.3972222222222222 0.29140625 0.41805555555555557 0.28984375 0.43472222222222223 0.2828125 0.4388888888888889 0.27734375 0.43472222222222223 0.27734375 0.4166666666666667 0.27265625 0.4013888888888889 0.271875 0.39166666666666666 0.2734375 0.38055555555555554 0.2765625 0.37777777777777777 0.278125 0.35833333333333334 0.28359375 0.3486111111111111 0.2890625 0.34444444444444444 0.31015625 0.3416666666666667
1 0.19921875 0.5541666666666667 0.1953125 0.5527777777777778 0.1921875 0.5430555555555555 0.19140625 0.46944444444444444 0.1921875 0.4625 0.2015625 0.44166666666666665 0.2046875 0.4375 0.2171875 0.43194444444444446 0.24453125 0.43194444444444446 0.25078125 0.4597222222222222 0.2171875 0.46111111111111114 0.2125 0.46805555555555556 0.20859375 0.48055555555555557 0.2046875 0.5111111111111111 0.20078125 0.5208333333333334 0.20234375 0.5402777777777777 0.2015625 0.5513888888888889 0.2 0.5527777777777778
1 0.6015625 0.3680555555555556 0.61640625 0.37222222222222223 0.62265625 0.3875 0.615625 0.4486111111111111 0.6078125 0.44722222222222224 0.5953125 0.4388888888888889 0.5734375 0.4375 0.56875 0.4305555555555556 0.56796875 0.4027777777777778 0.57578125 0.375 0.58203125 0.36666666666666664 0.60078125 0.3680555555555556
1 0.64140625 0.3902777777777778 0.6625 0.3902777777777778 0.67265625 0.39305555555555555 0.6796875 0.39861111111111114 0.68359375 0.4041666666666667 0.69140625 0.42777777777777776 0.6953125 0.45 0.6796875 0.45555555555555555 0.67109375 0.475 0.6671875 0.4888888888888889 0.66796875 0.49444444444444446 0.66484375 0.4930555555555556 0.6609375 0.5013888888888889 0.65390625 0.5055555555555555 0.64765625 0.5013888888888889 0.640625 0.5069444444444444 0.63671875 0.5055555555555555 0.6328125 0.49583333333333335 0.62265625 0.48194444444444445 0.61796875 0.4625 0.61875 0.42777777777777776 0.6234375 0.39305555555555555 0.640625 0.3902777777777778
1 0.4671875 0.4236111111111111 0.478125 0.4388888888888889 0.48203125 0.4527777777777778 0.47578125 0.45555555555555555 0.44375 0.45694444444444443 0.43203125 0.475 0.43046875 0.4527777777777778 0.4265625 0.4361111111111111 0.42734375 0.4305555555555556 0.44375 0.4236111111111111 0.46640625 0.4236111111111111
1 0.74296875 0.7958333333333333 0.75859375 0.8027777777777778 0.7625 0.8111111111111111 0.76328125 0.8208333333333333 0.75078125 0.8263888888888888 0.7296875 0.8277777777777777 0.72109375 0.8361111111111111 0.715625 0.8791666666666667 0.715625 0.9111111111111111 0.7125 0.9319444444444445 0.7125 0.9597222222222223 0.709375 0.9666666666666667 0.7125 0.9763888888888889 0.71171875 0.9861111111111112 0.709375 0.9916666666666667 0.69921875 0.9902777777777778 0.6953125 0.9944444444444445 0.690625 0.9930555555555556 0.68828125 0.9763888888888889 0.68203125 0.9625 0.68046875 0.9527777777777777 0.6640625 0.9166666666666666 0.6609375 0.8972222222222223 0.6609375 0.8680555555555556 0.6640625 0.8361111111111111 0.6828125 0.8013888888888889 0.71640625 0.7958333333333333 0.7421875 0.7958333333333333
1 0.32578125 0.2513888888888889 0.33125 0.2569444444444444 0.33125 0.2652777777777778 0.32578125 0.28055555555555556 0.3140625 0.29305555555555557 0.30546875 0.2916666666666667 0.3015625 0.26805555555555555 0.30859375 0.25416666666666665 0.325 0.2513888888888889
1 0.44140625 0.7138888888888889 0.4671875 0.7138888888888889 0.47421875 0.7180555555555556 0.4828125 0.7333333333333333 0.4921875 0.7652777777777777 0.496875 0.7708333333333334 0.50390625 0.7708333333333334 0.50625 0.7777777777777778 0.496875 0.7847222222222222 0.49921875 0.7944444444444444 0.49921875 0.8 0.496875 0.8027777777777778 0.475 0.8041666666666667 0.46171875 0.8097222222222222 0.44765625 0.8333333333333334 0.43984375 0.8402777777777778 0.43515625 0.8486111111111111 0.4359375 0.8736111111111111 0.43203125 0.8888888888888888 0.41875 0.8888888888888888 0.4140625 0.8916666666666667 0.4078125 0.8916666666666667 0.40390625 0.8861111111111111 0.4 0.8583333333333333 0.39296875 0.8444444444444444 0.390625 0.7986111111111112 0.39375 0.7638888888888888 0.40078125 0.7388888888888889 0.409375 0.7208333333333333 0.41796875 0.7166666666666667 0.440625 0.7138888888888889
1 0.54453125 0.55 0.56328125 0.5625 0.571875 0.575 0.57734375 0.5986111111111111 0.58046875 0.6013888888888889 0.58046875 0.6125 0.584375 0.6208333333333333 0.58671875 0.6361111111111111 0.578125 0.6402777777777777 0.53984375 0.6388888888888888 0.5328125 0.6416666666666667 0.52734375 0.6486111111111111 0.5234375 0.6569444444444444 0.5171875 0.6861111111111111 0.515625 0.6958333333333333 0.51640625 0.7083333333333334 0.51328125 0.7236111111111111 0.51328125 0.7402777777777778 0.51171875 0.7486111111111111 0.5078125 0.7541666666666667 0.50390625 0.7541666666666667 0.50078125 0.7305555555555555 0.4984375 0.7263888888888889 0.48671875 0.7236111111111111 0.48125 0.7125 0.48046875 0.6861111111111111 0.4859375 0.6541666666666667 0.4875 0.6208333333333333 0.490625 0.6013888888888889 0.48984375 0.5847222222222223 0.49453125 0.5541666666666667 0.50703125 0.5486111111111112 0.54375 0.55
1 0.09609375 0.25555555555555554 0.11484375 0.2625 0.11796875 0.2708333333333333 0.11953125 0.2986111111111111 0.11796875 0.3125 0.11328125 0.32222222222222224 0.10546875 0.32222222222222224 0.09375 0.3138888888888889 0.084375 0.31527777777777777 0.0796875 0.3125 0.078125 0.30833333333333335 0.07734375 0.2916666666666667 0.07890625 0.28194444444444444 0.0875 0.2611111111111111 0.0953125 0.25555555555555554
1 0.52265625 0.35555555555555557 0.5328125 0.3638888888888889 0.540625 0.3875 0.54375 0.42083333333333334 0.54375 0.44583333333333336 0.5421875 0.44722222222222224 0.5359375 0.44583333333333336 0.52734375 0.41805555555555557 0.51640625 0.3972222222222222 0.490625 0.3875 0.490625 0.38055555555555554 0.49609375 0.36944444444444446 0.496875 0.3611111111111111 0.49921875 0.35694444444444445 0.509375 0.3541666666666667 0.521875 0.35555555555555557
1 0.59375 0.6444444444444445 0.6015625 0.6569444444444444 0.609375 0.6958333333333333 0.6125 0.7013888888888888 0.61875 0.7027777777777777 0.62109375 0.7069444444444445 0.6203125 0.7152777777777778 0.61171875 0.7222222222222222 0.61796875 0.7736111111111111 0.6171875 0.8416666666666667 0.6140625 0.8458333333333333 0.60625 0.8444444444444444 0.5953125 0.8291666666666667 0.5546875 0.825 0.546875 0.8194444444444444 0.53828125 0.8069444444444445 0.5171875 0.8 0.5140625 0.7958333333333333 0.5109375 0.775 0.51328125 0.7263888888888889 0.51640625 0.7125 0.515625 0.6958333333333333 0.5203125 0.6777777777777778 0.52109375 0.6666666666666666 0.52734375 0.65 0.53203125 0.6430555555555556 0.5421875 0.6416666666666667 0.58828125 0.6416666666666667 0.59296875 0.6444444444444445
1 0.4734375 0.33055555555555555 0.49140625 0.3333333333333333 0.4953125 0.3388888888888889 0.4984375 0.3541666666666667 0.4921875 0.3736111111111111 0.48671875 0.38333333333333336 0.4734375 0.38472222222222224 0.46171875 0.3625 0.4546875 0.35555555555555557 0.4546875 0.3458333333333333 0.459375 0.33611111111111114 0.465625 0.33194444444444443 0.47265625 0.33194444444444443
1 0.65 0.5388888888888889 0.65703125 0.5430555555555555 0.6640625 0.5541666666666667 0.67421875 0.5777777777777777 0.67890625 0.5791666666666667 0.67578125 0.5944444444444444 0.68125 0.6166666666666667 0.68203125 0.65 0.68046875 0.6597222222222222 0.67734375 0.6638888888888889 0.628125 0.6583333333333333 0.609375 0.6625 0.60078125 0.6416666666666667 0.5921875 0.6333333333333333 0.5859375 0.6111111111111112 0.584375 0.5833333333333334 0.5859375 0.5722222222222222 0.60078125 0.5430555555555555 0.6125 0.5361111111111111 0.64140625 0.5361111111111111 0.64921875 0.5388888888888889
1 0.59609375 0.44305555555555554 0.6078125 0.45 0.61640625 0.4638888888888889 0.61796875 0.47638888888888886 0.62421875 0.49444444444444446 0.625 0.5111111111111111 0.6234375 0.5166666666666667 0.6203125 0.5166666666666667 0.61484375 0.5027777777777778 0.60546875 0.49027777777777776 0.5703125 0.4861111111111111 0.55390625 0.49722222222222223 0.55234375 0.49444444444444446 0.5515625 0.4791666666666667 0.553125 0.4625 0.55546875 0.45416666666666666 0.5640625 0.44305555555555554 0.5953125 0.44305555555555554
1 0.52109375 0.8041666666666667 0.53671875 0.8097222222222222 0.54609375 0.8208333333333333 0.55703125 0.8444444444444444 0.56171875 0.8652777777777778 0.55 0.8708333333333333 0.54140625 0.8819444444444444 0.53359375 0.9152777777777777 0.52578125 0.9708333333333333 0.52109375 0.9805555555555555 0.50390625 0.9847222222222223 0.48046875 0.9833333333333333 0.47421875 0.9875 0.4671875 0.9875 0.46015625 0.9805555555555555 0.43828125 0.9375 0.4375 0.9069444444444444 0.4390625 0.9027777777777778 0.43671875 0.8930555555555556 0.43671875 0.8763888888888889 0.43984375 0.8583333333333333 0.4390625 0.8486111111111111 0.46328125 0.8111111111111111 0.478125 0.8055555555555556 0.5203125 0.8041666666666667
1 0.384375 0.25625 0.0296875 0.02361111111111111
1 0.99453125 0.6972222222222222 0.99921875 0.6986111111111111 0.99921875 0.8111111111111111 0.99453125 0.8097222222222222 0.97890625 0.7805555555555556 0.971875 0.7722222222222223 0.96015625 0.7361111111111112 0.96015625 0.7236111111111111 0.96171875 0.7208333333333333 0.98046875 0.7041666666666667 0.99375 0.6986111111111111
1 0.728125 0.4597222222222222 0.73984375 0.4847222222222222 0.740625 0.5222222222222223 0.7375 0.5625 0.709375 0.5597222222222222 0.69765625 0.5625 0.6890625 0.5708333333333333 0.68203125 0.5666666666666667 0.675 0.5513888888888889 0.66953125 0.55 0.6671875 0.5430555555555555 0.665625 0.5263888888888889 0.66640625 0.49027777777777776 0.6734375 0.4652777777777778 0.6765625 0.4583333333333333 0.684375 0.45416666666666666 0.7203125 0.45555555555555555 0.72734375 0.4597222222222222
0 0.1921875 0.29583333333333334 0.19921875 0.2972222222222222 0.203125 0.29583333333333334 0.2078125 0.28888888888888886 0.21484375 0.28888888888888886 0.21875 0.29305555555555557 0.23046875 0.29444444444444445 0.2375 0.3055555555555556 0.24140625 0.30416666666666664 0.24765625 0.30972222222222223 0.2515625 0.3194444444444444 0.25390625 0.3416666666666667 0.26171875 0.35833333333333334 0.26171875 0.37222222222222223 0.2578125 0.37916666666666665 0.25859375 0.425 0.2546875 0.4513888888888889 0.2515625 0.4513888888888889 0.23828125 0.4041666666666667 0.228125 0.4 0.20546875 0.4013888888888889 0.2015625 0.40694444444444444 0.19296875 0.44722222222222224 0.19140625 0.4652777777777778 0.18828125 0.4722222222222222 0.18515625 0.4722222222222222 0.18125 0.4652777777777778 0.1765625 0.4361111111111111 0.1734375 0.4013888888888889 0.175 0.38472222222222224 0.17421875 0.3541666666666667 0.1796875 0.3263888888888889 0.17890625 0.3111111111111111 0.1875 0.2972222222222222 0.19140625 0.29583333333333334
0 0.39375 0.1875 0.403125 0.18888888888888888 0.409375 0.19583333333333333 0.4109375 0.20694444444444443 0.409375 0.24305555555555555 0.40703125 0.24722222222222223 0.40078125 0.25 0.396875 0.24444444444444444 0.37578125 0.24444444444444444 0.37421875 0.24166666666666667 0.375 0.1986111111111111 0.3828125 0.18888888888888888 0.39296875 0.18888888888888888