3 0.07109375 0.17777777777777778 0.08125 0.18888888888888888 0.0859375 0.225 0.0859375 0.24722222222222223 0.08203125 0.25555555555555554 0.07578125 0.25833333333333336 0.06328125 0.25416666666666665 0.059375 0.24583333333333332 0.05859375 0.2388888888888889 0.059375 0.20694444444444443 0.0578125 0.18055555555555555 0.059375 0.1763888888888889 0.0703125 0.17777777777777778
3 0.6515625 0.6305555555555555 0.659375 0.6333333333333333 0.68203125 0.6319444444444444 0.696875 0.6361111111111111 0.71953125 0.6625 0.7375 0.6777777777777778 0.74609375 0.6916666666666667 0.7546875 0.7 0.76171875 0.7527777777777778 0.765625 0.875 0.76328125 0.8819444444444444 0.75546875 0.8847222222222222 0.7515625 0.8916666666666667 0.74921875 0.9055555555555556 0.74453125 0.9111111111111111 0.73671875 0.9111111111111111 0.72109375 0.8972222222222223 0.70390625 0.8944444444444445 0.69140625 0.9 0.68046875 0.9 0.66171875 0.8875 0.646875 0.8833333333333333 0.64375 0.8722222222222222 0.63671875 0.8611111111111112 0.63671875 0.8541666666666666 0.63203125 0.8416666666666667 0.62890625 0.825 0.596875 0.7819444444444444 0.584375 0.775 0.58359375 0.7694444444444445 0.5875 0.7333333333333333 0.58671875 0.7083333333333334 0.58828125 0.6833333333333333 0.59296875 0.6541666666666667 0.59296875 0.6416666666666667 0.59921875 0.6375 0.65078125 0.6305555555555555
3 0.24609375 0.3597222222222222 0.25234375 0.3680555555555556 0.25546875 0.38472222222222224 0.25625 0.40694444444444444 0.21484375 0.4111111111111111 0.20625 0.4236111111111111 0.203125 0.41388888888888886 0.203125 0.3972222222222222 0.20546875 0.36944444444444446 0.2078125 0.3638888888888889 0.225 0.35833333333333334 0.2453125 0.3597222222222222
3 0.37421875 0.15833333333333333 0.378125 0.16111111111111112 0.37890625 0.16944444444444445 0.37890625 0.20277777777777778 0.37421875 0.2125 0.35859375 0.2125 0.35546875 0.20972222222222223 0.3546875 0.20416666666666666 0.35625 0.16111111111111112 0.36015625 0.15833333333333333 0.3734375 0.15833333333333333
3 0.28359375 0.2763888888888889 0.28984375 0.2875 0.29375 0.31527777777777777 0.29296875 0.3347222222222222 0.2828125 0.3402777777777778 0.278125 0.3527777777777778 0.2578125 0.35833333333333334 0.25234375 0.35694444444444445 0.25078125 0.35138888888888886 0.24921875 0.30833333333333335 0.253125 0.2791666666666667 0.2609375 0.2722222222222222 0.2828125 0.2763888888888889
2 0.35703125 0.7527777777777778 0.3625 0.7597222222222222 0.36328125 0.7916666666666666 0.36171875 0.8138888888888889 0.359375 0.825 0.35 0.8416666666666667 0.34609375 0.8541666666666666 0.34296875 0.8513888888888889 0.340625 0.8430555555555556 0.33828125 0.7652777777777777 0.34453125 0.7527777777777778 0.35625 0.7527777777777778
2 0.50859375 0.33055555555555555 0.51171875 0.33611111111111114 0.5125 0.3486111111111111 0.51171875 0.35555555555555557 0.50859375 0.35833333333333334 0.50078125 0.35555555555555557 0.5015625 0.3347222222222222 0.50390625 0.33055555555555555 0.5078125 0.33055555555555555
2 0.846875 0.8013888888888889 0.85 0.8069444444444445 0.8484375 0.8222222222222222 0.85234375 0.8486111111111111 0.84921875 0.8638888888888889 0.84921875 0.9138888888888889 0.846875 0.9180555555555555 0.84140625 0.9166666666666666 0.82109375 0.8958333333333334 0.80625 0.8625 0.80625 0.8486111111111111 0.8125 0.8402777777777778 0.8140625 0.8333333333333334 0.8171875 0.8319444444444445 0.815625 0.8166666666666667 0.82734375 0.8055555555555556 0.84609375 0.8013888888888889
2 0.54609375 0.39305555555555555 0.54921875 0.4027777777777778 0.54765625 0.43472222222222223 0.540625 0.4375 0.5328125 0.43472222222222223 0.53203125 0.4111111111111111 0.53671875 0.3958333333333333 0.5453125 0.39305555555555555
2 0.40078125 0.19305555555555556 0.4015625 0.20416666666666666 0.4 0.20694444444444443 0.39375 0.20694444444444443 0.390625 0.20277777777777778 0.3921875 0.19444444444444445 0.4 0.19305555555555556
2 0.0390625 0.30694444444444446 0.04296875 0.30416666666666664 0.0484375 0.30694444444444446 0.04765625 0.3194444444444444 0.05546875 0.34444444444444444 0.0578125 0.35833333333333334 0.05546875 0.36527777777777776 0.03515625 0.36527777777777776 0.03515625 0.32083333333333336 0.0390625 0.30833333333333335
2 0.11796875 0.5013888888888889 0.125 0.5055555555555555 0.12421875 0.5166666666666667 0.1265625 0.525 0.1265625 0.5444444444444444 0.11953125 0.5666666666666667 0.11484375 0.5666666666666667 0.1125 0.5625 0.10859375 0.5444444444444444 0.10859375 0.5041666666666667 0.1171875 0.5013888888888889
2 0.3765625 0.3138888888888889 0.3796875 0.33055555555555555 0.3765625 0.34444444444444444 0.371875 0.34444444444444444 0.36953125 0.3402777777777778 0.3671875 0.3236111111111111 0.36953125 0.31666666666666665 0.37578125 0.3138888888888889
2 0.1125 0.34305555555555556 0.1203125 0.3625 0.11953125 0.37222222222222223 0.11796875 0.3736111111111111 0.11328125 0.3736111111111111 0.109375 0.36944444444444446 0.09453125 0.37222222222222223 0.0875 0.36527777777777776 0.08671875 0.35 0.0890625 0.3388888888888889 0.09140625 0.3375 0.0953125 0.3486111111111111 0.10234375 0.3458333333333333 0.10546875 0.3375 0.109375 0.3375 0.11171875 0.34305555555555556
2 0.19296875 0.5805555555555556 0.1953125 0.5861111111111111 0.196875 0.6430555555555556 0.1890625 0.6583333333333333 0.18203125 0.6569444444444444 0.178125 0.6430555555555556 0.17578125 0.5833333333333334 0.17734375 0.5805555555555556 0.1921875 0.5805555555555556
2 0.55859375 0.41944444444444445 0.5640625 0.42083333333333334 0.56796875 0.4263888888888889 0.56796875 0.4388888888888889 0.5546875 0.4388888888888889 0.55078125 0.4361111111111111 0.553125 0.4222222222222222 0.5578125 0.41944444444444445
2 0.6296875 0.6083333333333333 0.63203125 0.6138888888888889 0.63671875 0.6138888888888889 0.6421875 0.6069444444444444 0.64609375 0.6083333333333333 0.65078125 0.6180555555555556 0.65078125 0.6277777777777778 0.625 0.6333333333333333 0.6234375 0.6319444444444444 0.6234375 0.6152777777777778 0.62890625 0.6097222222222223
2 0.66171875 0.525 0.66875 0.5222222222222223 0.6765625 0.5319444444444444 0.675 0.5416666666666666 0.6703125 0.5458333333333333 0.665625 0.5569444444444445 0.6609375 0.5583333333333333 0.65625 0.5444444444444444 0.65625 0.5375 0.6578125 0.5263888888888889 0.66171875 0.5263888888888889
2 0.5046875 0.23402777777777778 0.0078125 0.02361111111111111
2 0.58125 0.37777777777777777 0.58359375 0.3861111111111111 0.58359375 0.4041666666666667 0.58125 0.42083333333333334 0.5796875 0.4222222222222222 0.57421875 0.42083333333333334 0.5703125 0.41388888888888886 0.56796875 0.4 0.56796875 0.3861111111111111 0.5703125 0.37777777777777777 0.58046875 0.37777777777777777
1 0.32578125 0.8986111111111111 0.35234375 0.8986111111111111 0.3703125 0.9069444444444444 0.37890625 0.9222222222222223 0.39375 0.9583333333333334 0.396875 0.9777777777777777 0.403125 0.9986111111111111 0.3828125 0.9986111111111111 0.37734375 0.9944444444444445 0.34453125 0.9958333333333333 0.33671875 0.9930555555555556 0.3 0.9958333333333333 0.2984375 0.9986111111111111 0.265625 0.9986111111111111 0.26328125 0.9944444444444445 0.2625 0.9722222222222222 0.26953125 0.9430555555555555 0.26953125 0.9361111111111111 0.2734375 0.9277777777777778 0.2734375 0.9194444444444444 0.27890625 0.9083333333333333 0.325 0.8986111111111111
1 0.43984375 0.6125 0.44609375 0.6180555555555556 0.45234375 0.6291666666666667 0.4171875 0.6305555555555555 0.38984375 0.6375 0.3875 0.6513888888888889 0.384375 0.6583333333333333 0.38515625 0.6666666666666666 0.38359375 0.6694444444444444 0.3796875 0.6666666666666666 0.38046875 0.6597222222222222 0.37421875 0.6569444444444444 0.3859375 0.6208333333333333 0.396875 0.6138888888888889 0.4171875 0.6111111111111112 0.4390625 0.6125
1 0.4984375 0.2222222222222222 0.5015625 0.23333333333333334 0.50234375 0.24583333333333332 0.49765625 0.25 0.48359375 0.25 0.47578125 0.24583333333333332 0.47421875 0.24027777777777778 0.47421875 0.23055555555555557 0.4765625 0.225 0.48046875 0.21805555555555556 0.4875 0.21666666666666667 0.490625 0.20833333333333334 0.49765625 0.2222222222222222
1 0.396875 0.5222222222222223 0.4015625 0.5277777777777778 0.41015625 0.5513888888888889 0.4203125 0.5638888888888889 0.41953125 0.5694444444444444 0.41640625 0.5736111111111111 0.41875 0.6083333333333333 0.4125 0.6111111111111112 0.4015625 0.6111111111111112 0.39375 0.5986111111111111 0.38046875 0.5916666666666667 0.35859375 0.5944444444444444 0.34375 0.5944444444444444 0.34140625 0.5916666666666667 0.34140625 0.5638888888888889 0.34765625 0.5402777777777777 0.35546875 0.5263888888888889 0.39609375 0.5222222222222223
1 0.47109375 0.26805555555555555 0.47890625 0.28055555555555556 0.47890625 0.3194444444444444 0.47734375 0.3236111111111111 0.46015625 0.3194444444444444 0.4546875 0.3013888888888889 0.44453125 0.28888888888888886 0.44609375 0.2763888888888889 0.45078125 0.26944444444444443 0.459375 0.26666666666666666 0.4703125 0.26805555555555555
1 0.0953125 0.2569444444444444 0.1140625 0.26666666666666666 0.11875 0.2791666666666667 0.1203125 0.2986111111111111 0.11640625 0.3138888888888889 0.1125 0.3194444444444444 0.10546875 0.3194444444444444 0.09140625 0.30833333333333335 0.084375 0.3125 0.08125 0.3125 0.07890625 0.30833333333333335 0.078125 0.2861111111111111 0.08359375 0.26666666666666666 0.0875 0.25833333333333336 0.09453125 0.2569444444444444
1 0.423046875 0.2659722222222222 0.03203125 0.0375
1 0.4421875 0.19444444444444445 0.4453125 0.19027777777777777 0.45390625 0.19027777777777777 0.46171875 0.2 0.46171875 0.20694444444444443 0.45703125 0.21666666666666667 0.4421875 0.21666666666666667 0.43984375 0.20833333333333334 0.4421875 0.19583333333333333
1 0.71171875 0.5569444444444445 0.71640625 0.5611111111111111 0.725 0.5569444444444445 0.73359375 0.5597222222222222 0.7375 0.5569444444444445 0.74921875 0.5583333333333333 0.76171875 0.5666666666666667 0.7765625 0.5819444444444445 0.78203125 0.6 0.80625 0.6555555555555556 0.81171875 0.6736111111111112 0.80859375 0.7333333333333333 0.80546875 0.7375 0.7953125 0.7361111111111112 0.78671875 0.7166666666666667 0.76171875 0.7125 0.75390625 0.6958333333333333 0.74765625 0.6916666666666667 0.7390625 0.6777777777777778 0.72421875 0.6652777777777777 0.7046875 0.6416666666666667 0.684375 0.6277777777777778 0.68359375 0.6125 0.68671875 0.5958333333333333 0.68984375 0.5916666666666667 0.69140625 0.5791666666666667 0.7 0.5597222222222222 0.7109375 0.5569444444444445
1 0.43671875 0.3486111111111111 0.44296875 0.3527777777777778 0.4515625 0.3736111111111111 0.4546875 0.3972222222222222 0.45390625 0.4111111111111111 0.45078125 0.4152777777777778 0.41796875 0.4152777777777778 0.40703125 0.3819444444444444 0.40625 0.3680555555555556 0.41171875 0.35 0.4203125 0.3472222222222222 0.4359375 0.3486111111111111
1 0.85703125 0.6888888888888889 0.87578125 0.6930555555555555 0.9046875 0.6930555555555555 0.93203125 0.7013888888888888 0.9421875 0.7111111111111111 0.9578125 0.7375 0.97421875 0.7777777777777778 0.9890625 0.8055555555555556 0.9875 0.8125 0.9734375 0.8083333333333333 0.9234375 0.8111111111111111 0.91953125 0.8180555555555555 0.9171875 0.8291666666666667 0.91640625 0.8458333333333333 0.9109375 0.8583333333333333 0.90234375 0.8680555555555556 0.89765625 0.8777777777777778 0.89765625 0.8861111111111111 0.8953125 0.8930555555555556 0.8921875 0.8972222222222223 0.87890625 0.9027777777777778 0.8734375 0.9 0.86875 0.8875 0.86796875 0.875 0.86484375 0.8666666666666667 0.86640625 0.8611111111111112 0.86171875 0.8541666666666666 0.85546875 0.8555555555555555 0.84921875 0.8208333333333333 0.85078125 0.8041666666666667 0.83984375 0.7819444444444444 0.8359375 0.7680555555555556 0.8359375 0.7486111111111111 0.83046875 0.7375 0.83125 0.7277777777777777 0.83984375 0.7111111111111111 0.84375 0.6944444444444444 0.84921875 0.6888888888888889 0.85625 0.6888888888888889
1 0.20859375 0.20277777777777778 0.21796875 0.20555555555555555 0.2234375 0.21388888888888888 0.23203125 0.21944444444444444 0.23125 0.23472222222222222 0.21953125 0.24166666666666667 0.2125 0.24166666666666667 0.20859375 0.23055555555555557 0.20234375 0.225 0.19140625 0.2263888888888889 0.1890625 0.2111111111111111 0.19140625 0.20416666666666666 0.2078125 0.20277777777777778
1 0.721875 0.46805555555555556 0.740625 0.4791666666666667 0.75703125 0.5055555555555555 0.75703125 0.5194444444444445 0.7625 0.5472222222222223 0.76171875 0.5597222222222222 0.75703125 0.5597222222222222 0.74765625 0.5444444444444444 0.7359375 0.5472222222222223 0.7234375 0.5430555555555555 0.71875 0.5375 0.7046875 0.5361111111111111 0.6921875 0.5083333333333333 0.68515625 0.5027777777777778 0.6859375 0.49444444444444446 0.69453125 0.4777777777777778 0.72109375 0.46805555555555556
1 0.83046875 0.5166666666666667 0.859375 0.5402777777777777 0.87421875 0.5722222222222222 0.88515625 0.6277777777777778 0.8828125 0.6680555555555555 0.88046875 0.6736111111111112 0.87734375 0.675 0.859375 0.6666666666666666 0.840625 0.6652777777777777 0.83125 0.6611111111111111 0.821875 0.6611111111111111 0.81484375 0.6680555555555555 0.8109375 0.6666666666666666 0.79921875 0.625 0.7890625 0.6111111111111112 0.7796875 0.5861111111111111 0.778125 0.5791666666666667 0.77890625 0.5555555555555556 0.78984375 0.5180555555555556 0.79375 0.5152777777777777 0.81640625 0.5138888888888888 0.8296875 0.5166666666666667
1 0.3640625 0.2152777777777778 0.36953125 0.22083333333333333 0.36953125 0.24722222222222223 0.365625 0.2513888888888889 0.346875 0.24861111111111112 0.3453125 0.24444444444444444 0.3453125 0.23055555555555557 0.35 0.21944444444444444 0.3546875 0.2152777777777778 0.36328125 0.2152777777777778
1 0.41015625 0.7444444444444445 0.4484375 0.7458333333333333 0.4546875 0.7472222222222222 0.459375 0.7527777777777778 0.4671875 0.775 0.46953125 0.7916666666666666 0.4765625 0.8097222222222222 0.4765625 0.8138888888888889 0.4859375 0.8361111111111111 0.4828125 0.8527777777777777 0.484375 0.9416666666666667 0.4796875 0.9597222222222223 0.47734375 0.9805555555555555 0.45234375 0.9833333333333333 0.44921875 0.9861111111111112 0.43359375 0.9819444444444444 0.40390625 0.9861111111111112 0.39921875 0.9791666666666666 0.39609375 0.9583333333333334 0.3890625 0.9458333333333333 0.378125 0.9166666666666666 0.375 0.9111111111111111 0.35703125 0.8972222222222223 0.35546875 0.8930555555555556 0.35859375 0.8666666666666667 0.35859375 0.8541666666666666 0.35546875 0.8430555555555556 0.3640625 0.8333333333333334 0.36953125 0.8111111111111111 0.37734375 0.8041666666666667 0.37265625 0.7930555555555555 0.375 0.7791666666666667 0.39140625 0.75 0.39921875 0.7444444444444445 0.409375 0.7444444444444445
1 0.2015625 0.3861111111111111 0.20390625 0.39166666666666666 0.203125 0.41388888888888886 0.20546875 0.4222222222222222 0.2046875 0.45555555555555555 0.20078125 0.46111111111111114 0.18828125 0.4638888888888889 0.18203125 0.4638888888888889 0.18046875 0.4583333333333333 0.18046875 0.44027777777777777 0.178125 0.43472222222222223 0.18046875 0.4305555555555556 0.1796875 0.4152777777777778 0.1828125 0.4083333333333333 0.184375 0.39305555555555555 0.1953125 0.3861111111111111 0.20078125 0.3861111111111111
1 0.24921875 0.4722222222222222 0.259375 0.49027777777777776 0.26640625 0.5138888888888888 0.27109375 0.5222222222222223 0.27109375 0.5402777777777777 0.26875 0.55 0.26015625 0.5472222222222223 0.22734375 0.5472222222222223 0.215625 0.55 0.2109375 0.5555555555555556 0.209375 0.5638888888888889 0.20546875 0.5708333333333333 0.20234375 0.5708333333333333 0.19921875 0.5652777777777778 0.19765625 0.5527777777777778 0.1984375 0.5208333333333334 0.196875 0.5152777777777777 0.20390625 0.5055555555555555 0.20625 0.4791666666666667 0.215625 0.4722222222222222 0.2484375 0.4722222222222222
1 0.43203125 0.20277777777777778 0.4359375 0.20833333333333334 0.4375 0.22361111111111112 0.4375 0.23472222222222222 0.43515625 0.24027777777777778 0.41640625 0.2375 0.4140625 0.22777777777777777 0.41640625 0.2125 0.42109375 0.20416666666666666 0.43125 0.20277777777777778
1 0.7203125 0.2611111111111111 0.7265625 0.2708333333333333 0.728125 0.2875 0.725 0.2972222222222222 0.7171875 0.3 0.70234375 0.2972222222222222 0.6984375 0.29305555555555557 0.6984375 0.28888888888888886 0.70703125 0.2625 0.71015625 0.25972222222222224 0.71953125 0.2611111111111111
1 0.33125 0.1763888888888889 0.3421875 0.18055555555555555 0.3453125 0.19166666666666668 0.34453125 0.1986111111111111 0.33203125 0.20416666666666666 0.3140625 0.2 0.31171875 0.19444444444444445 0.31328125 0.18611111111111112 0.32421875 0.17777777777777778 0.33046875 0.1763888888888889
1 0.71875 0.5416666666666666 0.7265625 0.55 0.7265625 0.5527777777777778 0.7203125 0.5569444444444445 0.70625 0.5555555555555556 0.70078125 0.5583333333333333 0.68984375 0.5819444444444445 0.6890625 0.5972222222222222 0.684375 0.6083333333333333 0.68359375 0.6291666666666667 0.6796875 0.6305555555555555 0.65859375 0.6305555555555555 0.653125 0.6263888888888889 0.6515625 0.6138888888888889 0.65234375 0.5944444444444444 0.6578125 0.5611111111111111 0.678125 0.5388888888888889 0.71328125 0.5388888888888889 0.71796875 0.5416666666666666
1 0.3828125 0.47638888888888886 0.3875 0.4791666666666667 0.40390625 0.5083333333333333 0.40546875 0.5152777777777777 0.4015625 0.5208333333333334 0.3609375 0.5222222222222223 0.35546875 0.525 0.34609375 0.5402777777777777 0.34140625 0.5597222222222222 0.33984375 0.5527777777777778 0.3421875 0.5347222222222222 0.3359375 0.5180555555555556 0.34140625 0.5097222222222222 0.34609375 0.4875 0.35625 0.4791666666666667 0.38203125 0.47638888888888886
1 0.38671875 0.35 0.390625 0.35555555555555557 0.3921875 0.3625 0.365625 0.3638888888888889 0.35546875 0.3763888888888889 0.353125 0.38333333333333336 0.35234375 0.3972222222222222 0.34765625 0.3972222222222222 0.34453125 0.39305555555555555 0.3421875 0.36944444444444446 0.35 0.3625 0.3515625 0.3527777777777778 0.35546875 0.34444444444444444 0.3796875 0.34444444444444444 0.3859375 0.35
1 0.93671875 0.6111111111111112 0.95625 0.6111111111111112 0.97578125 0.6152777777777778 0.99921875 0.6263888888888889 0.99921875 0.7319444444444444 0.996875 0.7333333333333333 0.99921875 0.7361111111111112 0.99921875 0.7861111111111111 0.99453125 0.7916666666666666 0.98828125 0.7902777777777777 0.98046875 0.7819444444444444 0.97734375 0.7763888888888889 0.97734375 0.7722222222222223 0.9828125 0.7625 0.97890625 0.7569444444444444 0.9703125 0.7625 0.96640625 0.7555555555555555 0.96484375 0.7472222222222222 0.95078125 0.7208333333333333 0.93828125 0.7027777777777777 0.92578125 0.6958333333333333 0.9078125 0.6916666666666667 0.9046875 0.6875 0.9046875 0.6680555555555555 0.9078125 0.6541666666666667 0.92109375 0.6166666666666667 0.92578125 0.6111111111111112 0.9359375 0.6111111111111112
1 0.39140625 0.5972222222222222 0.396875 0.6055555555555555 0.39765625 0.6125 0.38828125 0.6180555555555556 0.38203125 0.6263888888888889 0.37109375 0.6625 0.37109375 0.7222222222222222 0.36953125 0.725 0.3625 0.7236111111111111 0.35703125 0.7041666666666667 0.3515625 0.6944444444444444 0.346875 0.6958333333333333 0.340625 0.7055555555555556 0.33828125 0.7152777777777778 0.33046875 0.7222222222222222 0.32734375 0.7138888888888889 0.3265625 0.7041666666666667 0.32421875 0.6402777777777777 0.3296875 0.6305555555555555 0.33203125 0.6125 0.3421875 0.5958333333333333 0.37890625 0.5930555555555556 0.390625 0.5972222222222222
1 0.45078125 0.6305555555555555 0.45703125 0.6347222222222222 0.46328125 0.6458333333333334 0.47734375 0.6833333333333333 0.48671875 0.6833333333333333 0.490625 0.6916666666666667 0.48828125 0.6972222222222222 0.48046875 0.7041666666666667 0.48125 0.7125 0.4875 0.7236111111111111 0.49140625 0.7416666666666667 0.4921875 0.7916666666666666 0.490625 0.8111111111111111 0.4875 0.8236111111111111 0.48125 0.8208333333333333 0.47734375 0.8027777777777778 0.47265625 0.7930555555555555 0.46796875 0.7694444444444445 0.4609375 0.75 0.45703125 0.7444444444444445 0.4453125 0.7416666666666667 0.3984375 0.7416666666666667 0.3921875 0.7458333333333333 0.3796875 0.7652777777777777 0.3765625 0.7652777777777777 0.3734375 0.7416666666666667 0.37265625 0.6611111111111111 0.3765625 0.6555555555555556 0.38359375 0.6555555555555556 0.38671875 0.6472222222222223 0.38671875 0.6361111111111111 0.3890625 0.6319444444444444 0.40390625 0.6333333333333333 0.43515625 0.6277777777777778 0.45 0.6305555555555555
1 0.571875 0.6083333333333333 0.58046875 0.6111111111111112 0.590625 0.6194444444444445 0.5953125 0.6319444444444444 0.59140625 0.6430555555555556 0.5921875 0.6555555555555556 0.5875 0.6847222222222222 0.58515625 0.7152777777777778 0.58515625 0.7486111111111111 0.55703125 0.7541666666666667 0.546875 0.7527777777777778 0.5359375 0.7611111111111111 0.53203125 0.7569444444444444 0.53046875 0.7375 0.52578125 0.7277777777777777 0.51796875 0.7291666666666666 0.51328125 0.7236111111111111 0.5109375 0.6930555555555555 0.51171875 0.6444444444444445 0.52890625 0.6138888888888889 0.5453125 0.6083333333333333 0.57109375 0.6083333333333333
1 0.39921875 0.2152777777777778 0.4015625 0.21666666666666667 0.4046875 0.23194444444444445 0.4046875 0.2513888888888889 0.40234375 0.25555555555555554 0.38671875 0.25555555555555554 0.3796875 0.24583333333333332 0.3796875 0.23194444444444445 0.38359375 0.21666666666666667 0.3984375 0.2152777777777778
1 0.39375 0.3638888888888889 0.40234375 0.37222222222222223 0.41640625 0.4152777777777778 0.41796875 0.45416666666666666 0.4140625 0.4625 0.40078125 0.4527777777777778 0.37890625 0.4513888888888889 0.375 0.45555555555555555 0.3671875 0.45555555555555555 0.35546875 0.4222222222222222 0.3515625 0.4 0.35390625 0.39166666666666666 0.35390625 0.38055555555555554 0.359375 0.36944444444444446 0.365625 0.3638888888888889 0.39296875 0.3638888888888889
1 0.2875 0.2361111111111111 0.28984375 0.24027777777777778 0.290625 0.25 0.28984375 0.2791666666666667 0.27734375 0.27361111111111114 0.26328125 0.2722222222222222 0.26015625 0.2652777777777778 0.26328125 0.24722222222222223 0.26796875 0.2388888888888889 0.271875 0.2361111111111111 0.28671875 0.2361111111111111
1 0.4328125 0.1763888888888889 0.43515625 0.17916666666666667 0.43515625 0.18888888888888888 0.43046875 0.2 0.42109375 0.2 0.41875 0.19722222222222222 0.4171875 0.18333333333333332 0.4234375 0.1736111111111111 0.43203125 0.1763888888888889
1 0.26875 0.5513888888888889 0.275 0.5763888888888888 0.27890625 0.5833333333333334 0.2859375 0.5819444444444445 0.290625 0.5902777777777778 0.28984375 0.6013888888888889 0.28515625 0.6041666666666666 0.28359375 0.6083333333333333 0.28359375 0.6180555555555556 0.2875 0.6361111111111111 0.2859375 0.6444444444444445 0.2828125 0.6444444444444445 0.27734375 0.6347222222222222 0.271875 0.6305555555555555 0.23828125 0.6333333333333333 0.2234375 0.6402777777777777 0.21796875 0.6583333333333333 0.215625 0.6777777777777778 0.20859375 0.6875 0.209375 0.6944444444444444 0.2125 0.7 0.21171875 0.7166666666666667 0.21015625 0.7194444444444444 0.20546875 0.7180555555555556 0.203125 0.7055555555555556 0.203125 0.6930555555555555 0.2 0.6833333333333333 0.19921875 0.6569444444444444 0.20078125 0.6541666666666667 0.20078125 0.6319444444444444 0.1984375 0.6222222222222222 0.19921875 0.6111111111111112 0.19609375 0.5986111111111111 0.1984375 0.5944444444444444 0.2046875 0.5916666666666667 0.21171875 0.5527777777777778 0.225 0.5486111111111112 0.26171875 0.5486111111111112 0.26796875 0.5513888888888889
1 0.3953125 0.28055555555555556 0.3984375 0.2847222222222222 0.40390625 0.30277777777777776 0.4046875 0.3236111111111111 0.40078125 0.32916666666666666 0.38046875 0.3277777777777778 0.3765625 0.30277777777777776 0.3734375 0.29583333333333334 0.3734375 0.2902777777777778 0.3765625 0.28194444444444444 0.38359375 0.2791666666666667 0.39453125 0.28055555555555556
1 0.47421875 0.17777777777777778 0.484375 0.17777777777777778 0.4875 0.18888888888888888 0.49296875 0.19722222222222222 0.4921875 0.20555555555555555 0.48125 0.20694444444444443 0.4765625 0.21666666666666667 0.4703125 0.21666666666666667 0.4703125 0.19583333333333333 0.475 0.18194444444444444 0.47421875 0.17916666666666667
1 0.46328125 0.17777777777777778 0.46484375 0.18333333333333332 0.46328125 0.20833333333333334 0.46015625 0.20833333333333334 0.45859375 0.2013888888888889 0.45234375 0.19305555555555556 0.44375 0.19444444444444445 0.4421875 0.2013888888888889 0.4453125 0.18194444444444444 0.44765625 0.17777777777777778 0.4625 0.17777777777777778
1 0.328125 0.31805555555555554 0.33359375 0.325 0.3390625 0.3416666666666667 0.33984375 0.3902777777777778 0.3375 0.39444444444444443 0.33125 0.39444444444444443 0.3296875 0.39166666666666666 0.32578125 0.3472222222222222 0.32109375 0.3375 0.29609375 0.3347222222222222 0.29765625 0.3194444444444444 0.31328125 0.31666666666666665 0.32734375 0.31805555555555554
1 0.34140625 0.3972222222222222 0.3484375 0.4013888888888889 0.35234375 0.4111111111111111 0.35390625 0.4222222222222222 0.3625 0.45 0.3625 0.475 0.34140625 0.4847222222222222 0.3203125 0.4847222222222222 0.31015625 0.49166666666666664 0.30625 0.49166666666666664 0.30078125 0.48055555555555557 0.2984375 0.4388888888888889 0.3 0.42777777777777776 0.31171875 0.4013888888888889 0.340625 0.3972222222222222
1 0.5171875 0.36527777777777776 0.52734375 0.3819444444444444 0.53046875 0.40694444444444444 0.5296875 0.43194444444444446 0.521875 0.4361111111111111 0.51640625 0.43472222222222223 0.50234375 0.4041666666666667 0.49765625 0.4013888888888889 0.4765625 0.4013888888888889 0.47421875 0.39861111111111114 0.4765625 0.375 0.4796875 0.3638888888888889 0.51171875 0.3625 0.51640625 0.36527777777777776
1 0.38125 0.2513888888888889 0.38671875 0.25972222222222224 0.3875 0.2763888888888889 0.3765625 0.28194444444444444 0.37109375 0.29444444444444445 0.36484375 0.29444444444444445 0.3625 0.2902777777777778 0.3609375 0.2791666666666667 0.3625 0.2611111111111111 0.36875 0.2513888888888889 0.38046875 0.2513888888888889
1 0.421875 0.2 0.4234375 0.20277777777777778 0.42109375 0.20277777777777778 0.41796875 0.20833333333333334 0.4125 0.225 0.40625 0.225 0.4046875 0.2222222222222222 0.4046875 0.20833333333333334 0.41484375 0.19166666666666668 0.4171875 0.19166666666666668 0.42109375 0.2
1 0.75859375 0.2763888888888889 0.76171875 0.28055555555555556 0.7640625 0.29305555555555557 0.7625 0.32083333333333336 0.76484375 0.3347222222222222 0.76171875 0.3347222222222222 0.759375 0.32916666666666666 0.7390625 0.3263888888888889 0.7328125 0.30416666666666664 0.73359375 0.29305555555555557 0.73984375 0.2791666666666667 0.74453125 0.2763888888888889 0.7578125 0.2763888888888889
1 0.93203125 0.8111111111111111 0.978125 0.8111111111111111 0.99921875 0.8152777777777778 0.99921875 0.8708333333333333 0.99765625 0.8722222222222222 0.99921875 0.8763888888888889 0.99921875 0.8944444444444445 0.996875 0.9013888888888889 0.996875 0.9097222222222222 0.99921875 0.9125 0.99921875 0.9291666666666667 0.996875 0.9305555555555556 0.99609375 0.9388888888888889 0.98984375 0.9458333333333333 0.99453125 0.9472222222222222 0.99921875 0.9555555555555556 0.99921875 0.9944444444444445 0.97109375 0.9972222222222222 0.93828125 0.9944444444444445 0.91796875 0.9652777777777778 0.9140625 0.9638888888888889 0.903125 0.9680555555555556 0.90078125 0.9638888888888889 0.9 0.9513888888888888 0.89609375 0.9361111111111111 0.90078125 0.8791666666666667 0.90703125 0.8652777777777778 0.91953125 0.8611111111111112 0.9171875 0.8486111111111111 0.92109375 0.8208333333333333 0.925 0.8125 0.93125 0.8111111111111111
1 0.50234375 0.40555555555555556 0.515625 0.4361111111111111 0.515625 0.44583333333333336 0.5125 0.4583333333333333 0.5078125 0.5 0.50546875 0.5027777777777778 0.5015625 0.5 0.48125 0.5027777777777778 0.47578125 0.5055555555555555 0.4734375 0.5111111111111111 0.4671875 0.5166666666666667 0.46328125 0.5152777777777777 0.45546875 0.5 0.453125 0.4861111111111111 0.45234375 0.4736111111111111 0.45546875 0.425 0.4640625 0.40694444444444444 0.46953125 0.4027777777777778 0.4984375 0.4027777777777778 0.5015625 0.40555555555555556
1 0.96484375 0.38333333333333336 0.9703125 0.39444444444444443 0.97421875 0.4125 0.97421875 0.43333333333333335 0.9765625 0.4444444444444444 0.97421875 0.4583333333333333 0.959375 0.45694444444444443 0.95390625 0.4527777777777778 0.9515625 0.44583333333333336 0.95 0.4222222222222222 0.94375 0.4166666666666667 0.93828125 0.40694444444444444 0.93828125 0.3888888888888889 0.93984375 0.3861111111111111 0.95 0.3819444444444444 0.9640625 0.38333333333333336
1 0.45078125 0.2972222222222222 0.4546875 0.30277777777777776 0.4609375 0.3333333333333333 0.4609375 0.3527777777777778 0.459375 0.35833333333333334 0.45 0.35833333333333334 0.4375 0.3472222222222222 0.4265625 0.3472222222222222 0.4203125 0.34305555555555556 0.41953125 0.32083333333333336 0.428125 0.29583333333333334 0.446875 0.29444444444444445 0.45 0.2972222222222222
1 0.4703125 0.23472222222222222 0.4734375 0.24305555555555555 0.4734375 0.26805555555555555 0.45625 0.2652777777777778 0.44921875 0.26944444444444443 0.44765625 0.2625 0.4484375 0.24444444444444444 0.453125 0.23333333333333334 0.46640625 0.23194444444444445 0.46953125 0.23472222222222222
1 0.56875 0.7791666666666667 0.58359375 0.7791666666666667 0.59375 0.7833333333333333 0.6140625 0.8055555555555556 0.628125 0.8291666666666667 0.63515625 0.8555555555555555 0.63984375 0.8625 0.64296875 0.8777777777777778 0.64609375 0.8833333333333333 0.64609375 0.8958333333333334 0.66171875 0.9458333333333333 0.66484375 0.9888888888888889 0.6625 0.9944444444444445 0.653125 0.9986111111111111 0.63046875 0.9986111111111111 0.62890625 0.9958333333333333 0.60859375 0.9944444444444445 0.60546875 0.9902777777777778 0.59921875 0.9944444444444445 0.59140625 0.9902777777777778 0.5859375 0.9944444444444445 0.57421875 0.9944444444444445 0.57265625 0.9930555555555556 0.57421875 0.9888888888888889 0.57734375 0.9916666666666667 0.57734375 0.9875 0.58125 0.9833333333333333 0.57109375 0.9791666666666666 0.565625 0.9819444444444444 0.5640625 0.9847222222222223 0.56640625 0.9875 0.55546875 0.9888888888888889 0.55390625 0.9930555555555556 0.54453125 0.9930555555555556 0.54453125 0.9902777777777778 0.55 0.9875 0.55078125 0.9819444444444444 0.5390625 0.9819444444444444 0.53671875 0.9875 0.53359375 0.9875 0.53046875 0.9819444444444444 0.521875 0.9819444444444444 0.5140625 0.9875 0.50859375 0.9805555555555555 0.5078125 0.9694444444444444 0.5046875 0.9652777777777778 0.50078125 0.9347222222222222 0.49921875 0.8777777777777778 0.50078125 0.8513888888888889 0.50390625 0.8472222222222222 0.5046875 0.8347222222222223 0.51328125 0.8069444444444445 0.51484375 0.7930555555555555 0.521875 0.7847222222222222 0.56796875 0.7791666666666667
1 0.48828125 0.19166666666666668 0.49140625 0.19583333333333333 0.49609375 0.2125 0.4953125 0.21805555555555556 0.48359375 0.21944444444444444 0.4734375 0.23194444444444445 0.4703125 0.2222222222222222 0.4734375 0.19444444444444445 0.47578125 0.19166666666666668 0.4875 0.19166666666666668
1 0.26875 0.6319444444444444 0.28125 0.6430555555555556 0.29296875 0.675 0.29765625 0.6722222222222223 0.30234375 0.6763888888888889 0.303125 0.6847222222222222 0.29453125 0.6930555555555555 0.296875 0.7152777777777778 0.2390625 0.725 0.23203125 0.7402777777777778 0.23046875 0.7527777777777778 0.2203125 0.7847222222222222 0.21796875 0.7819444444444444 0.21484375 0.7611111111111111 0.2140625 0.7 0.209375 0.6930555555555555 0.209375 0.6861111111111111 0.2171875 0.6777777777777778 0.2203125 0.6555555555555556 0.225 0.6402777777777777 0.2359375 0.6347222222222222 0.26796875 0.6319444444444444
1 0.6265625 0.4166666666666667 0.640625 0.425 0.65078125 0.44722222222222224 0.65234375 0.4638888888888889 0.65546875 0.4736111111111111 0.65546875 0.4847222222222222 0.653125 0.49444444444444446 0.646875 0.5 0.60390625 0.4986111111111111 0.5984375 0.49027777777777776 0.59375 0.4736111111111111 0.590625 0.4513888888888889 0.5953125 0.43194444444444446 0.6046875 0.41805555555555557 0.62578125 0.4166666666666667
1 0.2921875 0.7180555555555556 0.29609375 0.7180555555555556 0.3015625 0.7236111111111111 0.30703125 0.7375 0.3125 0.7638888888888888 0.31796875 0.7736111111111111 0.32109375 0.7777777777777778 0.328125 0.7777777777777778 0.33125 0.7819444444444444 0.33125 0.7930555555555555 0.321875 0.8 0.32421875 0.8333333333333334 0.3265625 0.8430555555555556 0.325 0.8597222222222223 0.32578125 0.8944444444444445 0.32421875 0.8972222222222223 0.3078125 0.8972222222222223 0.27265625 0.9055555555555556 0.2484375 0.9055555555555556 0.23515625 0.9138888888888889 0.23046875 0.9125 0.22890625 0.9041666666666667 0.2234375 0.85 0.2234375 0.8152777777777778 0.21796875 0.8013888888888889 0.21796875 0.7930555555555555 0.22265625 0.7861111111111111 0.2328125 0.7402777777777778 0.2359375 0.7305555555555555 0.24140625 0.725 0.29140625 0.7180555555555556
0 0.4484375 0.17222222222222222 0.4484375 0.15 0.4515625 0.14444444444444443 0.46328125 0.14722222222222223 0.4640625 0.16944444444444445 0.4609375 0.1736111111111111 0.44921875 0.17222222222222222