3 0.74296875 0.55 0.79375 0.5541666666666667 0.809375 0.5805555555555556 0.81484375 0.5958333333333333 0.821875 0.5972222222222222 0.82578125 0.6013888888888889 0.8265625 0.6097222222222223 0.82421875 0.6152777777777778 0.828125 0.625 0.8359375 0.6638888888888889 0.8359375 0.7138888888888889 0.834375 0.7263888888888889 0.83203125 0.7305555555555555 0.82578125 0.7305555555555555 0.8203125 0.7263888888888889 0.8140625 0.7097222222222223 0.79453125 0.7069444444444445 0.76640625 0.7083333333333334 0.76171875 0.7111111111111111 0.75234375 0.7263888888888889 0.74140625 0.7277777777777777 0.73515625 0.7194444444444444 0.7328125 0.7027777777777777 0.73359375 0.6916666666666667 0.73125 0.6875 0.72421875 0.6875 0.721875 0.6930555555555555 0.7171875 0.6958333333333333 0.709375 0.6944444444444444 0.70546875 0.6888888888888889 0.70390625 0.6777777777777778 0.70546875 0.6708333333333333 0.703125 0.6236111111111111 0.7046875 0.5833333333333334 0.71015625 0.5694444444444444 0.71953125 0.5666666666666667 0.725 0.5555555555555556 0.73515625 0.55 0.7421875 0.55
3 0.05859375 0.17777777777777778 0.0671875 0.17777777777777778 0.07890625 0.18472222222222223 0.084375 0.20555555555555555 0.084375 0.2222222222222222 0.0859375 0.2263888888888889 0.08515625 0.24722222222222223 0.08125 0.25833333333333336 0.07421875 0.25972222222222224 0.059375 0.25416666666666665 0.05859375 0.17916666666666667
3 0.21796875 0.2861111111111111 0.21953125 0.28888888888888886 0.25859375 0.2916666666666667 0.26953125 0.2986111111111111 0.2734375 0.3263888888888889 0.2734375 0.37916666666666665 0.27734375 0.3972222222222222 0.278125 0.4125 0.27890625 0.4875 0.2734375 0.49027777777777776 0.22890625 0.49027777777777776 0.2125 0.49444444444444446 0.2109375 0.49722222222222223 0.2125 0.5333333333333333 0.21015625 0.5458333333333333 0.2046875 0.5527777777777778 0.20390625 0.5666666666666667 0.20234375 0.5680555555555555 0.19921875 0.5680555555555555 0.1953125 0.5625 0.19296875 0.5402777777777777 0.19296875 0.5236111111111111 0.18828125 0.47638888888888886 0.18828125 0.42083333333333334 0.18671875 0.4083333333333333 0.18828125 0.38333333333333336 0.1875 0.3472222222222222 0.18515625 0.3416666666666667 0.18359375 0.32083333333333336 0.18515625 0.29583333333333334 0.1890625 0.28888888888888886 0.20078125 0.2902777777777778 0.20859375 0.2861111111111111 0.2171875 0.2861111111111111
3 0.3 0.2111111111111111 0.30703125 0.2222222222222222 0.3078125 0.24305555555555555 0.3046875 0.2513888888888889 0.30546875 0.2611111111111111 0.30390625 0.2652777777777778 0.2890625 0.26805555555555555 0.2828125 0.26805555555555555 0.27890625 0.2638888888888889 0.27890625 0.225 0.28125 0.21666666666666667 0.2859375 0.2111111111111111 0.29921875 0.2111111111111111
3 0.20703125 0.20277777777777778 0.2296875 0.21805555555555556 0.2328125 0.22361111111111112 0.23046875 0.23472222222222222 0.21328125 0.24305555555555555 0.203125 0.2388888888888889 0.19140625 0.2388888888888889 0.18828125 0.22916666666666666 0.1875 0.20972222222222223 0.1890625 0.20555555555555555 0.19296875 0.20277777777777778 0.20625 0.20277777777777778
3 0.41484375 0.4861111111111111 0.41953125 0.49583333333333335 0.421875 0.5083333333333333 0.4234375 0.5486111111111112 0.4 0.5527777777777778 0.3921875 0.5611111111111111 0.38671875 0.5916666666666667 0.384375 0.6541666666666667 0.3828125 0.6597222222222222 0.37109375 0.6625 0.36015625 0.675 0.35546875 0.6694444444444444 0.35390625 0.6555555555555556 0.346875 0.6333333333333333 0.3421875 0.5902777777777778 0.3421875 0.5180555555555556 0.340625 0.5111111111111111 0.34296875 0.4888888888888889 0.3453125 0.4861111111111111 0.36953125 0.4847222222222222 0.37578125 0.48055555555555557 0.41015625 0.48194444444444445 0.4140625 0.4861111111111111
2 0.42890625 0.2611111111111111 0.43125 0.26666666666666666 0.42890625 0.28055555555555556 0.42578125 0.2791666666666667 0.42265625 0.2708333333333333 0.4234375 0.2625 0.428125 0.2611111111111111
2 0.453125 0.21944444444444444 0.45625 0.22777777777777777 0.453125 0.2375 0.44921875 0.23472222222222222 0.4484375 0.23055555555555557 0.44921875 0.2222222222222222 0.45234375 0.21944444444444444
2 0.4328125 0.225 0.43515625 0.22777777777777777 0.43515625 0.2375 0.4328125 0.24305555555555555 0.428125 0.2375 0.428125 0.22916666666666666 0.43203125 0.225
2 0.4421875 0.2513888888888889 0.44609375 0.25 0.44921875 0.25555555555555554 0.4484375 0.26666666666666666 0.4453125 0.2708333333333333 0.44140625 0.2638888888888889 0.4421875 0.25277777777777777
2 0.4015625 0.24722222222222223 0.4046875 0.2513888888888889 0.4046875 0.2569444444444444 0.40390625 0.2625 0.40078125 0.26666666666666666 0.39765625 0.2625 0.396875 0.2569444444444444 0.39765625 0.24861111111111112 0.40078125 0.24722222222222223
2 0.3203125 0.21944444444444444 0.321875 0.2388888888888889 0.31875 0.24166666666666667 0.31484375 0.2361111111111111 0.31484375 0.2263888888888889 0.3171875 0.21944444444444444 0.31953125 0.21944444444444444
2 0.4 0.28194444444444444 0.39921875 0.26666666666666666 0.403125 0.2611111111111111 0.40625 0.2652777777777778 0.40859375 0.28055555555555556 0.40703125 0.2833333333333333 0.40078125 0.28194444444444444
2 0.11015625 0.5444444444444444 0.11640625 0.5472222222222223 0.11796875 0.5583333333333333 0.115625 0.5986111111111111 0.11328125 0.6083333333333333 0.109375 0.6125 0.1015625 0.6069444444444444 0.09609375 0.5833333333333334 0.09453125 0.5597222222222222 0.096875 0.5486111111111112 0.109375 0.5444444444444444
2 0.09375 0.9652777777777778 0.09921875 0.9694444444444444 0.10546875 0.9833333333333333 0.109375 0.9847222222222223 0.1125 0.9972222222222222 0.1171875 0.9986111111111111 0.07890625 0.9986111111111111 0.0765625 0.9944444444444445 0.07734375 0.9847222222222223 0.084375 0.9819444444444444 0.084375 0.9763888888888889 0.0890625 0.9722222222222222 0.0890625 0.9666666666666667 0.09296875 0.9652777777777778
2 0.475390625 0.22777777777777777 0.00859375 0.019444444444444445
2 0.55625 0.3902777777777778 0.015625 0.03611111111111111
2 0.3640625 0.41180555555555554 0.0171875 0.03194444444444444
2 0.5296875 0.3597222222222222 0.53359375 0.3638888888888889 0.5328125 0.38333333333333336 0.53046875 0.3875 0.52421875 0.38333333333333336 0.52265625 0.36527777777777776 0.52421875 0.3611111111111111 0.52890625 0.3597222222222222
2 0.1375 0.8722222222222222 0.14140625 0.8722222222222222 0.14296875 0.8777777777777778 0.1375 0.8930555555555556 0.1328125 0.9277777777777778 0.134375 0.9638888888888889 0.13203125 0.9694444444444444 0.13203125 0.9805555555555555 0.1234375 0.9819444444444444 0.1203125 0.9777777777777777 0.121875 0.9652777777777778 0.11953125 0.9541666666666667 0.11875 0.9347222222222222 0.11171875 0.9194444444444444 0.10859375 0.9041666666666667 0.1109375 0.8944444444444445 0.11328125 0.8930555555555556 0.13515625 0.8888888888888888 0.1375 0.8833333333333333 0.1375 0.8736111111111111
2 0.575 0.37222222222222223 0.57734375 0.4 0.57265625 0.4083333333333333 0.56640625 0.40694444444444444 0.56328125 0.4 0.56328125 0.3736111111111111 0.57421875 0.37222222222222223
1 0.096875 0.30277777777777776 0.1125 0.30416666666666664 0.128125 0.30972222222222223 0.14921875 0.3277777777777778 0.165625 0.3375 0.16953125 0.3458333333333333 0.16875 0.3541666666666667 0.15390625 0.37083333333333335 0.13671875 0.37083333333333335 0.12734375 0.3638888888888889 0.11484375 0.3611111111111111 0.10234375 0.3611111111111111 0.09609375 0.36666666666666664 0.0796875 0.36666666666666664 0.0671875 0.35694444444444445 0.0640625 0.35138888888888886 0.0640625 0.33194444444444443 0.06953125 0.3125 0.0765625 0.3055555555555556 0.09609375 0.30277777777777776
1 0.58203125 0.4097222222222222 0.6 0.42916666666666664 0.60625 0.45416666666666666 0.603125 0.4888888888888889 0.59453125 0.5125 0.58125 0.5111111111111111 0.57578125 0.44166666666666665 0.5734375 0.43333333333333335 0.5609375 0.41388888888888886 0.56328125 0.4111111111111111 0.58125 0.4097222222222222
1 0.92109375 0.6625 0.94765625 0.6652777777777777 0.95625 0.6708333333333333 0.97109375 0.6736111111111112 0.9796875 0.6805555555555556 0.9875 0.6916666666666667 0.99921875 0.7152777777777778 0.99921875 0.8319444444444445 0.9421875 0.8277777777777777 0.93125 0.8361111111111111 0.925 0.8347222222222223 0.921875 0.8305555555555556 0.91953125 0.8166666666666667 0.915625 0.8111111111111111 0.8953125 0.7972222222222223 0.8796875 0.7972222222222223 0.8765625 0.7916666666666666 0.8734375 0.7652777777777777 0.8765625 0.7138888888888889 0.88984375 0.6694444444444444 0.89296875 0.6652777777777777 0.90078125 0.6625 0.9203125 0.6625
1 0.6046875 0.3736111111111111 0.61953125 0.3819444444444444 0.62734375 0.39861111111111114 0.6296875 0.4152777777777778 0.6234375 0.45 0.61015625 0.45 0.60625 0.44722222222222224 0.59921875 0.4263888888888889 0.58046875 0.4041666666666667 0.58125 0.39444444444444443 0.5890625 0.3763888888888889 0.60390625 0.3736111111111111
1 0.86796875 0.5680555555555555 0.9 0.5722222222222222 0.925 0.5847222222222223 0.94140625 0.6041666666666666 0.95625 0.6291666666666667 0.96796875 0.6680555555555555 0.95 0.6666666666666666 0.9375 0.6611111111111111 0.9125 0.6597222222222222 0.89453125 0.6625 0.8875 0.6722222222222223 0.88046875 0.7 0.87578125 0.7069444444444445 0.87421875 0.7194444444444444 0.87265625 0.7194444444444444 0.8703125 0.7111111111111111 0.85703125 0.7027777777777777 0.8515625 0.7013888888888888 0.8421875 0.7055555555555556 0.83828125 0.7013888888888888 0.83671875 0.6944444444444444 0.8375 0.6305555555555555 0.8421875 0.6027777777777777 0.8453125 0.5916666666666667 0.8546875 0.5736111111111111 0.8671875 0.5680555555555555
1 0.35859375 0.2222222222222222 0.37421875 0.2263888888888889 0.3734375 0.2375 0.36796875 0.23472222222222222 0.35859375 0.2361111111111111 0.35234375 0.24722222222222223 0.34921875 0.24583333333333332 0.34921875 0.23194444444444445 0.35546875 0.2222222222222222 0.3578125 0.2222222222222222
1 0.384375 0.8319444444444445 0.39375 0.8486111111111111 0.40859375 0.8916666666666667 0.421875 0.8930555555555556 0.42578125 0.8972222222222223 0.4265625 0.9027777777777778 0.42421875 0.9069444444444444 0.41484375 0.9152777777777777 0.428125 0.9361111111111111 0.4421875 0.9652777777777778 0.44921875 0.9916666666666667 0.446875 0.9986111111111111 0.4203125 0.9986111111111111 0.41796875 0.9958333333333333 0.390625 0.9958333333333333 0.38828125 0.9986111111111111 0.36484375 0.9986111111111111 0.35703125 0.9958333333333333 0.32109375 0.9986111111111111 0.31640625 0.9958333333333333 0.3125 0.9986111111111111 0.3 0.9986111111111111 0.29375 0.9916666666666667 0.29140625 0.9388888888888889 0.2921875 0.9 0.29609375 0.8763888888888889 0.30625 0.8625 0.31015625 0.85 0.31640625 0.8388888888888889 0.32421875 0.8347222222222223 0.34765625 0.8305555555555556 0.38359375 0.8319444444444445
1 0.37890625 0.42916666666666664 0.384375 0.43194444444444446 0.38984375 0.44166666666666665 0.39453125 0.4722222222222222 0.39375 0.4777777777777778 0.38671875 0.48194444444444445 0.3765625 0.4791666666666667 0.36953125 0.48333333333333334 0.34453125 0.4847222222222222 0.34140625 0.49027777777777776 0.34140625 0.5333333333333333 0.33828125 0.5416666666666666 0.334375 0.5347222222222222 0.3328125 0.5041666666666667 0.33046875 0.49166666666666664 0.33125 0.46944444444444444 0.33671875 0.4388888888888889 0.34296875 0.4305555555555556 0.35546875 0.4263888888888889 0.378125 0.42916666666666664
1 0.3046875 0.2708333333333333 0.309375 0.2777777777777778 0.3125 0.2916666666666667 0.3125 0.3111111111111111 0.3109375 0.3138888888888889 0.29765625 0.30416666666666664 0.29140625 0.2861111111111111 0.27890625 0.28055555555555556 0.28359375 0.2722222222222222 0.30390625 0.2708333333333333
1 0.646875 0.26944444444444443 0.65 0.2722222222222222 0.65390625 0.2708333333333333 0.659375 0.2763888888888889 0.66171875 0.2847222222222222 0.66171875 0.29305555555555557 0.659375 0.2972222222222222 0.63984375 0.29444444444444445 0.63984375 0.275 0.64609375 0.26944444444444443
1 0.50703125 0.5055555555555555 0.521875 0.5069444444444444 0.5296875 0.5111111111111111 0.5375 0.5236111111111111 0.54375 0.5430555555555555 0.54296875 0.5513888888888889 0.52890625 0.5541666666666667 0.525 0.5569444444444445 0.52109375 0.5652777777777778 0.5140625 0.6208333333333333 0.51328125 0.6458333333333334 0.51171875 0.6527777777777778 0.50859375 0.6541666666666667 0.5015625 0.6541666666666667 0.50078125 0.6430555555555556 0.4984375 0.6388888888888888 0.490625 0.6402777777777777 0.4828125 0.5930555555555556 0.4734375 0.5736111111111111 0.46953125 0.5583333333333333 0.46953125 0.5458333333333333 0.47734375 0.5097222222222222 0.50625 0.5055555555555555
1 0.49921875 0.6722222222222223 0.5078125 0.6805555555555556 0.51640625 0.6958333333333333 0.51953125 0.7097222222222223 0.53046875 0.7388888888888889 0.53203125 0.7513888888888889 0.5421875 0.7791666666666667 0.5453125 0.8041666666666667 0.546875 0.8569444444444444 0.5328125 0.8694444444444445 0.51171875 0.8666666666666667 0.49765625 0.8722222222222222 0.46328125 0.875 0.45625 0.8805555555555555 0.45 0.8958333333333334 0.44609375 0.9 0.43828125 0.8972222222222223 0.434375 0.8611111111111112 0.43203125 0.8569444444444444 0.425 0.8541666666666666 0.42109375 0.8458333333333333 0.41796875 0.8152777777777778 0.41796875 0.725 0.4203125 0.7166666666666667 0.42578125 0.7111111111111111 0.43046875 0.6861111111111111 0.4375 0.6736111111111112 0.446875 0.6708333333333333 0.4984375 0.6722222222222223
1 0.32890625 0.45 0.0578125 0.1111111111111111
1 0.44453125 0.18472222222222223 0.4484375 0.19444444444444445 0.446875 0.20277777777777778 0.43515625 0.2125 0.43203125 0.2125 0.43125 0.20972222222222223 0.43046875 0.19305555555555556 0.43359375 0.1875 0.44375 0.18472222222222223
1 0.31484375 0.34305555555555556 0.3203125 0.3486111111111111 0.321875 0.35555555555555557 0.3 0.35833333333333334 0.29453125 0.3680555555555556 0.28828125 0.4027777777777778 0.2875 0.4236111111111111 0.284375 0.4222222222222222 0.28203125 0.4166666666666667 0.28125 0.39444444444444443 0.27734375 0.37777777777777777 0.28203125 0.3527777777777778 0.28671875 0.34444444444444444 0.29453125 0.3402777777777778 0.3109375 0.3402777777777778 0.3140625 0.34305555555555556
1 0.2765625 0.5763888888888888 0.2875 0.5833333333333334 0.2953125 0.6013888888888889 0.30078125 0.6236111111111111 0.31484375 0.6361111111111111 0.3140625 0.6416666666666667 0.30703125 0.65 0.3109375 0.6763888888888889 0.3109375 0.7069444444444445 0.2921875 0.7069444444444445 0.259375 0.7152777777777778 0.25546875 0.7194444444444444 0.2484375 0.7388888888888889 0.24375 0.7430555555555556 0.22734375 0.7472222222222222 0.2171875 0.7597222222222222 0.21328125 0.7527777777777778 0.209375 0.6986111111111111 0.21015625 0.6833333333333333 0.2140625 0.6680555555555555 0.21171875 0.6583333333333333 0.20625 0.65 0.20546875 0.6402777777777777 0.2125 0.6333333333333333 0.21796875 0.6027777777777777 0.2265625 0.5833333333333334 0.2390625 0.5791666666666667 0.27578125 0.5763888888888888
1 0.69453125 0.7208333333333333 0.71015625 0.7236111111111111 0.7296875 0.7444444444444445 0.75859375 0.7861111111111111 0.771875 0.8222222222222222 0.7859375 0.8236111111111111 0.790625 0.8277777777777777 0.79140625 0.8333333333333334 0.78984375 0.8388888888888889 0.78203125 0.8430555555555556 0.78046875 0.8486111111111111 0.7953125 0.8819444444444444 0.8 0.9 0.80234375 0.9375 0.8015625 0.9736111111111111 0.79921875 0.9833333333333333 0.79296875 0.9888888888888889 0.77578125 0.9791666666666666 0.7546875 0.9791666666666666 0.74765625 0.9819444444444444 0.7234375 0.9791666666666666 0.7203125 0.9763888888888889 0.7203125 0.9680555555555556 0.72890625 0.9694444444444444 0.73359375 0.9638888888888889 0.73203125 0.9611111111111111 0.7203125 0.9611111111111111 0.7171875 0.9555555555555556 0.71640625 0.9430555555555555 0.71328125 0.9333333333333333 0.68984375 0.8930555555555556 0.68203125 0.8833333333333333 0.67421875 0.8694444444444445 0.6703125 0.8569444444444444 0.6578125 0.8486111111111111 0.634375 0.8527777777777777 0.61875 0.8486111111111111 0.6171875 0.8097222222222222 0.61875 0.7819444444444444 0.62890625 0.7458333333333333 0.6375 0.7291666666666666 0.6640625 0.7222222222222222 0.69375 0.7208333333333333
1 0.371875 0.2361111111111111 0.37734375 0.24722222222222223 0.378125 0.26944444444444443 0.375 0.275 0.3515625 0.27361111111111114 0.35078125 0.25833333333333336 0.353125 0.24027777777777778 0.35703125 0.23472222222222222 0.37109375 0.2361111111111111
1 0.6453125 0.46111111111111114 0.6546875 0.4666666666666667 0.665625 0.4791666666666667 0.678125 0.5069444444444444 0.68515625 0.5111111111111111 0.68515625 0.5277777777777778 0.6890625 0.5638888888888889 0.68671875 0.5944444444444444 0.68359375 0.6027777777777777 0.678125 0.6027777777777777 0.65703125 0.5611111111111111 0.65 0.5541666666666667 0.6328125 0.55 0.60390625 0.5527777777777778 0.5984375 0.5527777777777778 0.59765625 0.55 0.59765625 0.5138888888888888 0.60703125 0.4722222222222222 0.61953125 0.4625 0.64453125 0.46111111111111114
1 0.4734375 0.19652777777777777 0.0203125 0.029166666666666667
1 0.4265625 0.16944444444444445 0.43125 0.1736111111111111 0.43203125 0.18055555555555555 0.42734375 0.18472222222222223 0.42734375 0.19166666666666668 0.42578125 0.19305555555555556 0.4171875 0.18888888888888888 0.4140625 0.17916666666666667 0.4171875 0.16944444444444445 0.42578125 0.16944444444444445
1 0.415625 0.19166666666666668 0.421875 0.1986111111111111 0.421875 0.21805555555555556 0.41875 0.22083333333333333 0.40625 0.22083333333333333 0.403125 0.21666666666666667 0.4046875 0.19722222222222222 0.4078125 0.19305555555555556 0.41484375 0.19166666666666668
1 0.334375 0.3902777777777778 0.3375 0.39305555555555555 0.33515625 0.3958333333333333 0.3203125 0.3972222222222222 0.31484375 0.4013888888888889 0.3078125 0.41805555555555557 0.303125 0.4222222222222222 0.3015625 0.43194444444444446 0.30390625 0.4527777777777778 0.30234375 0.4583333333333333 0.303125 0.46805555555555556 0.30078125 0.4708333333333333 0.29609375 0.4666666666666667 0.29296875 0.44583333333333336 0.29453125 0.4236111111111111 0.29765625 0.41805555555555557 0.29921875 0.4 0.30234375 0.39305555555555555 0.309375 0.3902777777777778 0.33359375 0.3902777777777778
1 0.36953125 0.2152777777777778 0.3796875 0.21944444444444444 0.37890625 0.2263888888888889 0.37265625 0.2361111111111111 0.3671875 0.23055555555555557 0.3578125 0.23472222222222222 0.3546875 0.23472222222222222 0.353125 0.23055555555555557 0.3578125 0.2152777777777778 0.36875 0.2152777777777778
1 0.11328125 0.25555555555555554 0.125 0.2763888888888889 0.1203125 0.3 0.11796875 0.30416666666666664 0.07890625 0.30277777777777776 0.07734375 0.29305555555555557 0.07734375 0.2777777777777778 0.090625 0.25555555555555554 0.09453125 0.25277777777777777 0.1125 0.25555555555555554
1 0.48046875 0.26944444444444443 0.4875 0.2763888888888889 0.49296875 0.29444444444444445 0.49140625 0.30833333333333335 0.48828125 0.31666666666666665 0.48046875 0.31666666666666665 0.46640625 0.30694444444444446 0.45234375 0.28194444444444444 0.45390625 0.27361111111111114 0.45703125 0.26944444444444443 0.4796875 0.26944444444444443
1 0.64765625 0.5541666666666667 0.66015625 0.5666666666666667 0.6703125 0.5875 0.678125 0.6194444444444445 0.68203125 0.6277777777777778 0.6828125 0.675 0.6796875 0.6805555555555556 0.640625 0.6708333333333333 0.63671875 0.6722222222222223 0.6328125 0.6375 0.62578125 0.6138888888888889 0.625 0.6013888888888889 0.6015625 0.5597222222222222 0.60703125 0.5541666666666667 0.62578125 0.5513888888888889 0.646875 0.5541666666666667
1 0.31796875 0.7125 0.321875 0.7152777777777778 0.32578125 0.7236111111111111 0.3390625 0.7611111111111111 0.35234375 0.7652777777777777 0.3515625 0.7722222222222223 0.34453125 0.7763888888888889 0.3421875 0.7819444444444444 0.34765625 0.8055555555555556 0.3484375 0.825 0.3453125 0.8291666666666667 0.3171875 0.8347222222222223 0.309375 0.8444444444444444 0.30703125 0.8583333333333333 0.29765625 0.8680555555555556 0.29453125 0.8763888888888889 0.2859375 0.8819444444444444 0.26796875 0.8833333333333333 0.25546875 0.8930555555555556 0.25234375 0.8916666666666667 0.25 0.8861111111111111 0.24765625 0.8569444444444444 0.2421875 0.8388888888888889 0.2421875 0.8097222222222222 0.2390625 0.7763888888888889 0.24375 0.7666666666666667 0.24453125 0.75 0.25078125 0.7375 0.25625 0.7194444444444444 0.259375 0.7166666666666667 0.29921875 0.7097222222222223 0.3171875 0.7125
1 0.75703125 0.4875 0.78828125 0.4986111111111111 0.796875 0.5097222222222222 0.80703125 0.5291666666666667 0.8140625 0.5333333333333333 0.81015625 0.5472222222222223 0.8171875 0.5666666666666667 0.8171875 0.5958333333333333 0.81328125 0.5916666666666667 0.809375 0.5791666666666667 0.80078125 0.5625 0.78984375 0.55 0.73203125 0.5486111111111112 0.72421875 0.5541666666666667 0.7203125 0.5527777777777778 0.71875 0.5375 0.7296875 0.49722222222222223 0.74765625 0.4875 0.75625 0.4875
1 0.32109375 0.3541666666666667 0.32734375 0.35833333333333334 0.3328125 0.37083333333333335 0.334375 0.3902777777777778 0.309375 0.3902777777777778 0.30390625 0.39305555555555555 0.29765625 0.4083333333333333 0.29453125 0.44166666666666665 0.29296875 0.4444444444444444 0.28984375 0.44305555555555554 0.28828125 0.4027777777777778 0.29140625 0.37777777777777777 0.2953125 0.3638888888888889 0.303125 0.35694444444444445 0.3203125 0.35555555555555557
1 0.40390625 0.1527777777777778 0.4109375 0.15555555555555556 0.41171875 0.1638888888888889 0.41015625 0.16805555555555557 0.40859375 0.17083333333333334 0.39375 0.16805555555555557 0.39609375 0.15694444444444444 0.403125 0.15416666666666667
0 0.6609375 0.8513888888888889 0.6671875 0.8555555555555555 0.68125 0.8833333333333333 0.71171875 0.9319444444444445 0.71875 0.9638888888888889 0.71953125 0.9944444444444445 0.71796875 0.9986111111111111 0.5359375 0.9972222222222222 0.5375 0.9833333333333333 0.53515625 0.9694444444444444 0.5359375 0.8763888888888889 0.5375 0.8680555555555556 0.54296875 0.8638888888888889 0.56484375 0.8597222222222223 0.6203125 0.8527777777777777 0.66015625 0.8513888888888889
0 0.3515625 0.16527777777777777 0.35625 0.1736111111111111 0.359375 0.1986111111111111 0.35625 0.21666666666666667 0.35078125 0.225 0.33515625 0.225 0.3296875 0.2222222222222222 0.32734375 0.21666666666666667 0.3296875 0.19583333333333333 0.3296875 0.17222222222222222 0.3359375 0.16527777777777777 0.35078125 0.16527777777777777
0 0.52578125 0.3875 0.5515625 0.4027777777777778 0.56171875 0.41944444444444445 0.57265625 0.43194444444444446 0.57578125 0.44583333333333336 0.58046875 0.5138888888888888 0.578125 0.5458333333333333 0.57421875 0.55 0.546875 0.55 0.53828125 0.5222222222222223 0.52578125 0.5055555555555555 0.49140625 0.5041666666666667 0.4828125 0.5083333333333333 0.4765625 0.5083333333333333 0.475 0.5055555555555555 0.4734375 0.4722222222222222 0.475 0.4666666666666667 0.4765625 0.4013888888888889 0.4828125 0.3958333333333333 0.49765625 0.3902777777777778 0.525 0.3875
0 0.43671875 0.2861111111111111 0.4515625 0.28888888888888886 0.46484375 0.30694444444444446 0.4796875 0.32083333333333336 0.48203125 0.33611111111111114 0.48203125 0.3888888888888889 0.48046875 0.39444444444444443 0.475 0.4 0.47421875 0.44583333333333336 0.47109375 0.47638888888888886 0.428125 0.4791666666666667 0.4078125 0.47638888888888886 0.4 0.46111111111111114 0.39375 0.45694444444444443 0.39140625 0.44166666666666665 0.38515625 0.42777777777777776 0.384375 0.30833333333333335 0.38671875 0.2986111111111111 0.39296875 0.2916666666666667 0.4359375 0.2861111111111111