3 0.76875 0.4013888888888889 0.85546875 0.40555555555555556 0.87265625 0.4097222222222222 0.88203125 0.4388888888888889 0.88203125 0.44583333333333336 0.8890625 0.4777777777777778 0.8984375 0.5111111111111111 0.9 0.5291666666666667 0.896875 0.6194444444444445 0.89765625 0.6875 0.89609375 0.7236111111111111 0.89765625 0.7597222222222222 0.8953125 0.825 0.89609375 0.8847222222222222 0.89296875 0.9180555555555555 0.8921875 0.9791666666666666 0.8109375 0.9791666666666666 0.79296875 0.9763888888888889 0.7859375 0.9638888888888889 0.77265625 0.9805555555555555 0.7609375 0.9805555555555555 0.75234375 0.9847222222222223 0.74375 0.9944444444444445 0.72578125 0.9930555555555556 0.72109375 0.9569444444444445 0.721875 0.9152777777777777 0.7203125 0.8944444444444445 0.7203125 0.8652777777777778 0.7234375 0.8375 0.72421875 0.7125 0.7265625 0.6611111111111111 0.725 0.625 0.728125 0.5902777777777778 0.725 0.5138888888888888 0.73125 0.47638888888888886 0.734375 0.44166666666666665 0.740625 0.4166666666666667 0.740625 0.4083333333333333 0.74453125 0.4027777777777778 0.76796875 0.4027777777777778
3 0.93671875 0.5027777777777778 0.95078125 0.5069444444444444 0.97421875 0.5319444444444444 0.975 0.575 0.9734375 0.5847222222222223 0.9734375 0.6291666666666667 0.97109375 0.6402777777777777 0.971875 0.6555555555555556 0.97109375 0.6611111111111111 0.9671875 0.6666666666666666 0.9546875 0.6680555555555555 0.9453125 0.6763888888888889 0.94140625 0.6861111111111111 0.93984375 0.6986111111111111 0.93515625 0.7069444444444445 0.93359375 0.7166666666666667 0.92890625 0.7236111111111111 0.92578125 0.7361111111111112 0.92109375 0.7458333333333333 0.9171875 0.7444444444444445 0.91484375 0.7472222222222222 0.90390625 0.7458333333333333 0.90078125 0.7388888888888889 0.89921875 0.7236111111111111 0.9 0.6736111111111112 0.8984375 0.6291666666666667 0.90078125 0.5194444444444445 0.8984375 0.5041666666666667 0.9359375 0.5027777777777778
3 0.6953125 0.5583333333333333 0.7046875 0.5805555555555556 0.7125 0.5819444444444445 0.7171875 0.5875 0.71640625 0.5944444444444444 0.71328125 0.5986111111111111 0.7140625 0.6208333333333333 0.71171875 0.6777777777777778 0.7109375 0.6833333333333333 0.7046875 0.6930555555555555 0.70390625 0.7152777777777778 0.7 0.7208333333333333 0.69296875 0.7208333333333333 0.678125 0.7138888888888889 0.67421875 0.7055555555555556 0.67578125 0.6986111111111111 0.6734375 0.6972222222222222 0.671875 0.6819444444444445 0.6515625 0.6416666666666667 0.6453125 0.6444444444444445 0.62890625 0.6430555555555556 0.61640625 0.6375 0.61796875 0.6125 0.625 0.5986111111111111 0.6328125 0.5680555555555555 0.6390625 0.5541666666666667 0.64453125 0.5513888888888889 0.6640625 0.5513888888888889 0.69140625 0.5555555555555556 0.69453125 0.5583333333333333
2 0.34140625 0.7972222222222223 0.3484375 0.8027777777777778 0.34609375 0.8347222222222223 0.3484375 0.8388888888888889 0.35 0.8777777777777778 0.35234375 0.8847222222222222 0.353125 0.9 0.35 0.9069444444444444 0.34296875 0.9125 0.33515625 0.9305555555555556 0.3296875 0.9277777777777778 0.32578125 0.8986111111111111 0.321875 0.8902777777777777 0.321875 0.8513888888888889 0.3234375 0.8375 0.321875 0.8041666666666667 0.32421875 0.7986111111111112 0.32734375 0.7972222222222223 0.340625 0.7972222222222223
2 0.51171875 0.45694444444444443 0.5171875 0.4638888888888889 0.51640625 0.4861111111111111 0.49921875 0.48333333333333334 0.496875 0.4791666666666667 0.49765625 0.4652777777777778 0.5015625 0.45694444444444443 0.5109375 0.45694444444444443
2 0.2421875 0.39861111111111114 0.2484375 0.4041666666666667 0.24765625 0.4166666666666667 0.24921875 0.42777777777777776 0.253125 0.43472222222222223 0.253125 0.4444444444444444 0.2515625 0.45 0.23984375 0.4597222222222222 0.2296875 0.45694444444444443 0.228125 0.43333333333333335 0.22890625 0.42083333333333334 0.2328125 0.4041666666666667 0.24140625 0.39861111111111114
2 0.2859375 0.3138888888888889 0.28984375 0.32222222222222224 0.28984375 0.3277777777777778 0.2828125 0.3458333333333333 0.27890625 0.3416666666666667 0.27578125 0.32083333333333336 0.27890625 0.31527777777777777 0.28515625 0.3138888888888889
2 0.09921875 0.3138888888888889 0.10390625 0.3194444444444444 0.103125 0.3388888888888889 0.1 0.3486111111111111 0.09453125 0.3472222222222222 0.0921875 0.3402777777777778 0.0921875 0.31666666666666665 0.0984375 0.3138888888888889
2 0.46015625 0.3902777777777778 0.4578125 0.38055555555555554 0.45703125 0.3625 0.4609375 0.35694444444444445 0.46640625 0.35694444444444445 0.4703125 0.3611111111111111 0.4703125 0.37916666666666665 0.46484375 0.3902777777777778 0.4609375 0.3902777777777778
1 0.82578125 0.25833333333333336 0.828125 0.26805555555555555 0.82734375 0.2902777777777778 0.82109375 0.29305555555555557 0.81484375 0.30277777777777776 0.81484375 0.30694444444444446 0.80625 0.3125 0.8 0.30972222222222223 0.79609375 0.3 0.79609375 0.2916666666666667 0.8015625 0.26944444444444443 0.81171875 0.2611111111111111 0.825 0.25833333333333336
1 0.40390625 0.4222222222222222 0.42109375 0.425 0.42578125 0.43472222222222223 0.428125 0.45 0.4375 0.4652777777777778 0.43671875 0.5166666666666667 0.43125 0.5222222222222223 0.42890625 0.5333333333333333 0.42578125 0.5361111111111111 0.4203125 0.5347222222222222 0.409375 0.5166666666666667 0.39921875 0.5166666666666667 0.39375 0.5208333333333334 0.3828125 0.5166666666666667 0.378125 0.5263888888888889 0.3703125 0.5319444444444444 0.365625 0.5194444444444445 0.36328125 0.49722222222222223 0.36328125 0.4736111111111111 0.37265625 0.4361111111111111 0.3765625 0.42777777777777776 0.38125 0.4236111111111111 0.390625 0.42083333333333334 0.403125 0.4222222222222222
1 0.01953125 0.24305555555555555 0.03359375 0.24722222222222223 0.04140625 0.26805555555555555 0.04140625 0.2861111111111111 0.0390625 0.29583333333333334 0.02890625 0.3 0.02421875 0.2972222222222222 0.0234375 0.2861111111111111 0.01953125 0.2763888888888889 0 0.2611111111111111 0 0.24444444444444444 0.01875 0.24305555555555555
1 0.4859375 0.2986111111111111 0.490625 0.3055555555555556 0.49140625 0.31666666666666665 0.4875 0.3277777777777778 0.48125 0.32222222222222224 0.46484375 0.32222222222222224 0.46015625 0.3277777777777778 0.4578125 0.325 0.46328125 0.3013888888888889 0.46796875 0.2986111111111111 0.48515625 0.2986111111111111
1 0.48125 0.3236111111111111 0.48828125 0.32916666666666666 0.49453125 0.34305555555555556 0.49609375 0.36527777777777776 0.49453125 0.3763888888888889 0.4921875 0.38055555555555554 0.4703125 0.37916666666666665 0.46875 0.3736111111111111 0.47109375 0.36944444444444446 0.47109375 0.3486111111111111 0.46953125 0.3416666666666667 0.4640625 0.33055555555555555 0.45859375 0.33611111111111114 0.459375 0.33055555555555555 0.4640625 0.3236111111111111 0.48046875 0.3236111111111111
1 0.99453125 0.6708333333333333 0.99921875 0.675 0.99921875 0.8402777777777778 0.99375 0.8472222222222222 0.97265625 0.8472222222222222 0.9625 0.8430555555555556 0.95390625 0.8472222222222222 0.95 0.8583333333333333 0.94296875 0.8638888888888889 0.93828125 0.8625 0.9328125 0.8513888888888889 0.925 0.8152777777777778 0.92421875 0.775 0.928125 0.7319444444444444 0.93984375 0.7 0.9453125 0.6777777777777778 0.95625 0.6694444444444444 0.98125 0.6680555555555555 0.99375 0.6708333333333333
1 0.6578125 0.275 0.6609375 0.2791666666666667 0.6609375 0.2861111111111111 0.65234375 0.2875 0.64375 0.29444444444444445 0.634375 0.29305555555555557 0.63671875 0.2791666666666667 0.6453125 0.275 0.65703125 0.275
1 0 0.26666666666666666 0.00546875 0.26666666666666666 0.01875 0.2763888888888889 0.02265625 0.28194444444444444 0.02421875 0.29305555555555557 0.02265625 0.30277777777777776 0.0078125 0.30416666666666664 0.003125 0.29444444444444445 0.00234375 0.2833333333333333 0 0.28055555555555556 0 0.26805555555555555
1 0.41484375 0.37916666666666665 0.43125 0.38333333333333336 0.43515625 0.3902777777777778 0.4359375 0.40555555555555556 0.44140625 0.4263888888888889 0.4390625 0.4652777777777778 0.4296875 0.4527777777777778 0.4265625 0.4375 0.41796875 0.41388888888888886 0.41328125 0.41388888888888886 0.40625 0.42083333333333334 0.39296875 0.41805555555555557 0.3921875 0.4041666666666667 0.39609375 0.3888888888888889 0.40234375 0.3819444444444444 0.4140625 0.37916666666666665
1 0.40546875 0.1736111111111111 0.021875 0.027777777777777776
1 0.1296875 0.37916666666666665 0.13984375 0.3902777777777778 0.14453125 0.41388888888888886 0.140625 0.41805555555555557 0.13046875 0.42083333333333334 0.1140625 0.4361111111111111 0.10703125 0.4597222222222222 0.09921875 0.47638888888888886 0.0875 0.47638888888888886 0.0828125 0.48055555555555557 0.0765625 0.4777777777777778 0.07421875 0.4597222222222222 0.07421875 0.44166666666666665 0.07890625 0.4222222222222222 0.0765625 0.4111111111111111 0.08359375 0.40555555555555556 0.09453125 0.38472222222222224 0.11796875 0.37916666666666665 0.12265625 0.375 0.1265625 0.375 0.12890625 0.37916666666666665
1 0.0578125 0.2375 0.07109375 0.24166666666666667 0.075 0.2513888888888889 0.078125 0.26805555555555555 0.078125 0.28194444444444444 0.0671875 0.2861111111111111 0.0640625 0.29305555555555557 0.0609375 0.29444444444444445 0.04921875 0.29305555555555557 0.0421875 0.28194444444444444 0.04140625 0.2652777777777778 0.034375 0.24444444444444444 0.0375 0.2375 0.05703125 0.2375
1 0.23046875 0.24444444444444444 0.23359375 0.2513888888888889 0.2375 0.24583333333333332 0.24375 0.24583333333333332 0.2515625 0.2638888888888889 0.253125 0.28055555555555556 0.2484375 0.2902777777777778 0.221875 0.30277777777777776 0.21796875 0.3013888888888889 0.21640625 0.2972222222222222 0.215625 0.26666666666666666 0.21640625 0.2625 0.22265625 0.25833333333333336 0.22265625 0.2513888888888889 0.22578125 0.24444444444444444 0.2296875 0.24444444444444444
1 0.50078125 0.28888888888888886 0.5078125 0.29305555555555557 0.5078125 0.30694444444444446 0.51171875 0.3194444444444444 0.51171875 0.34305555555555556 0.509375 0.3486111111111111 0.50546875 0.35 0.4984375 0.3486111111111111 0.49296875 0.3416666666666667 0.490625 0.33055555555555555 0.4921875 0.325 0.49140625 0.30833333333333335 0.4890625 0.3013888888888889 0.48359375 0.2972222222222222 0.4875 0.2916666666666667 0.49453125 0.29305555555555557 0.49609375 0.28888888888888886 0.5 0.28888888888888886
1 0.1375 0.24583333333333332 0.1421875 0.25833333333333336 0.14296875 0.2722222222222222 0.13984375 0.28055555555555556 0.13203125 0.2861111111111111 0.1109375 0.28194444444444444 0.11015625 0.26805555555555555 0.1046875 0.2569444444444444 0.10859375 0.24583333333333332 0.11640625 0.2388888888888889 0.13046875 0.24027777777777778 0.13671875 0.24583333333333332
1 0.2203125 0.3611111111111111 0.22734375 0.3819444444444444 0.2265625 0.4013888888888889 0.22421875 0.4111111111111111 0.21875 0.4125 0.21640625 0.4097222222222222 0.21484375 0.38472222222222224 0.2125 0.38055555555555554 0.21015625 0.3861111111111111 0.2078125 0.4152777777777778 0.1859375 0.41944444444444445 0.1765625 0.4152777777777778 0.17265625 0.4097222222222222 0.17265625 0.3902777777777778 0.175 0.3763888888888889 0.18515625 0.35555555555555557 0.1984375 0.35 0.20625 0.35138888888888886 0.20859375 0.35833333333333334 0.20859375 0.36666666666666664 0.2125 0.37222222222222223 0.2171875 0.3611111111111111 0.21953125 0.3611111111111111
1 0.39375 0.2833333333333333 0.403125 0.28888888888888886 0.4046875 0.29583333333333334 0.40390625 0.30277777777777776 0.4015625 0.30694444444444446 0.3859375 0.3138888888888889 0.38203125 0.30694444444444446 0.3828125 0.2902777777777778 0.3859375 0.2847222222222222 0.39296875 0.2847222222222222
1 0.6734375 0.35694444444444445 0.67890625 0.3597222222222222 0.6859375 0.375 0.6890625 0.3763888888888889 0.6875 0.39305555555555555 0.68984375 0.4041666666666667 0.690625 0.4236111111111111 0.68828125 0.44305555555555554 0.68515625 0.44722222222222224 0.68203125 0.44583333333333336 0.68125 0.4236111111111111 0.671875 0.3972222222222222 0.66875 0.39444444444444443 0.64375 0.39444444444444443 0.63671875 0.3972222222222222 0.63671875 0.3875 0.64609375 0.3625 0.6515625 0.35694444444444445 0.67265625 0.35694444444444445
1 0.07890625 0.24166666666666667 0.1 0.25972222222222224 0.10546875 0.2611111111111111 0.109375 0.26666666666666666 0.11015625 0.28194444444444444 0.0953125 0.28888888888888886 0.078125 0.28194444444444444 0.0765625 0.25555555555555554 0.07265625 0.24444444444444444 0.078125 0.24166666666666667
1 0.3390625 0.2861111111111111 0.33828125 0.32083333333333336 0.3359375 0.3263888888888889 0.32734375 0.32083333333333336 0.32265625 0.30833333333333335 0.3234375 0.2902777777777778 0.3265625 0.2861111111111111 0.33828125 0.2847222222222222
1 0.2703125 0.3194444444444444 0.275 0.3277777777777778 0.2796875 0.35138888888888886 0.278125 0.36944444444444446 0.271875 0.3763888888888889 0.2515625 0.3763888888888889 0.24609375 0.3680555555555556 0.240625 0.3527777777777778 0.234375 0.3486111111111111 0.2375 0.33194444444444443 0.24453125 0.3194444444444444 0.25 0.31666666666666665 0.26484375 0.31666666666666665 0.26953125 0.3194444444444444
1 0.59296875 0.28194444444444444 0.596875 0.28888888888888886 0.59921875 0.3013888888888889 0.5984375 0.3138888888888889 0.59609375 0.31666666666666665 0.5875 0.31666666666666665 0.5796875 0.3125 0.5765625 0.30277777777777776 0.57578125 0.28888888888888886 0.578125 0.28194444444444444 0.5921875 0.28194444444444444
1 0.734375 0.38055555555555554 0.7390625 0.39166666666666666 0.73828125 0.4125 0.73046875 0.4666666666666667 0.72421875 0.4708333333333333 0.71640625 0.46944444444444444 0.71328125 0.4583333333333333 0.71484375 0.41944444444444445 0.71640625 0.4097222222222222 0.72109375 0.4041666666666667 0.72578125 0.38333333333333336 0.72890625 0.37916666666666665 0.73359375 0.38055555555555554
1 0.31328125 0.3 0.315625 0.30416666666666664 0.31640625 0.3125 0.3140625 0.32083333333333336 0.31015625 0.31666666666666665 0.30234375 0.31666666666666665 0.29296875 0.325 0.28984375 0.325 0.2875 0.31666666666666665 0.28828125 0.30694444444444446 0.290625 0.30277777777777776 0.29453125 0.3 0.3125 0.3
1 0.45234375 0.3611111111111111 0.45625 0.38333333333333336 0.46171875 0.3958333333333333 0.4625 0.40555555555555556 0.46171875 0.4361111111111111 0.45546875 0.44583333333333336 0.4515625 0.44583333333333336 0.44609375 0.4361111111111111 0.4421875 0.43472222222222223 0.43671875 0.39861111111111114 0.43125 0.38333333333333336 0.4140625 0.37916666666666665 0.4140625 0.37222222222222223 0.41875 0.3625 0.428125 0.3597222222222222 0.4515625 0.3611111111111111
1 0.396875 0.275 0.4109375 0.2722222222222222 0.41796875 0.2763888888888889 0.4203125 0.28194444444444444 0.41953125 0.2902777777777778 0.40703125 0.3 0.4015625 0.2847222222222222 0.39609375 0.28194444444444444 0.396875 0.2763888888888889
1 0.19140625 0.28888888888888886 0.19921875 0.30694444444444446 0.2 0.31805555555555554 0.1953125 0.3236111111111111 0.1609375 0.34444444444444444 0.15625 0.3402777777777778 0.15546875 0.31666666666666665 0.15703125 0.30277777777777776 0.16953125 0.2875 0.1859375 0.2861111111111111 0.190625 0.28888888888888886
1 0.728125 0.3125 0.73203125 0.31666666666666665 0.73515625 0.32916666666666666 0.73359375 0.33194444444444443 0.71640625 0.3347222222222222 0.7140625 0.3402777777777778 0.7125 0.35555555555555557 0.70703125 0.36666666666666664 0.7 0.36527777777777776 0.69765625 0.35694444444444445 0.69765625 0.3388888888888889 0.70546875 0.3138888888888889 0.709375 0.30972222222222223 0.72734375 0.3125
1 0.371484375 0.29375 0.01953125 0.043055555555555555
1 0.59140625 0.6375 0.59921875 0.6416666666666667 0.65234375 0.6430555555555556 0.6625 0.6638888888888889 0.6671875 0.6680555555555555 0.671875 0.6819444444444445 0.6734375 0.6986111111111111 0.6703125 0.7027777777777777 0.675 0.7166666666666667 0.67578125 0.725 0.66875 0.8333333333333334 0.66484375 0.8361111111111111 0.65859375 0.8347222222222223 0.653125 0.8277777777777777 0.653125 0.8 0.65078125 0.7777777777777778 0.65078125 0.7263888888888889 0.64765625 0.7166666666666667 0.6203125 0.7041666666666667 0.57890625 0.7027777777777777 0.57578125 0.7 0.57421875 0.6930555555555555 0.5640625 0.6875 0.5640625 0.675 0.5671875 0.6708333333333333 0.57734375 0.6736111111111112 0.58828125 0.6388888888888888 0.590625 0.6388888888888888
1 0.6625 0.42916666666666664 0.66640625 0.43333333333333335 0.67265625 0.4486111111111111 0.67578125 0.4666666666666667 0.66796875 0.4666666666666667 0.66015625 0.46111111111111114 0.63359375 0.4597222222222222 0.628125 0.4666666666666667 0.62578125 0.47638888888888886 0.6203125 0.4861111111111111 0.615625 0.4861111111111111 0.61953125 0.46805555555555556 0.6203125 0.44583333333333336 0.6296875 0.4305555555555556 0.6421875 0.4263888888888889 0.66171875 0.42916666666666664
1 0.258203125 0.21458333333333332 0.03515625 0.043055555555555555
1 0.509375 0.48333333333333334 0.51484375 0.4861111111111111 0.521875 0.5041666666666667 0.5296875 0.5097222222222222 0.5296875 0.5152777777777777 0.5234375 0.5208333333333334 0.525 0.5680555555555555 0.52109375 0.5861111111111111 0.51875 0.5888888888888889 0.5140625 0.5875 0.50859375 0.5791666666666667 0.49765625 0.575 0.48359375 0.575 0.4765625 0.5791666666666667 0.4734375 0.5847222222222223 0.4703125 0.5847222222222223 0.46640625 0.5777777777777777 0.4625 0.5583333333333333 0.4625 0.5430555555555555 0.465625 0.5194444444444445 0.45859375 0.5111111111111111 0.4609375 0.5041666666666667 0.46640625 0.5027777777777778 0.47265625 0.4888888888888889 0.4765625 0.4861111111111111 0.50859375 0.48333333333333334
1 0.52578125 0.36666666666666664 0.53671875 0.37083333333333335 0.54609375 0.3972222222222222 0.546875 0.4375 0.54375 0.44722222222222224 0.53984375 0.45 0.52890625 0.44027777777777777 0.51875 0.44027777777777777 0.51171875 0.42916666666666664 0.509375 0.42083333333333334 0.49921875 0.4375 0.49765625 0.44722222222222224 0.49296875 0.44583333333333336 0.49296875 0.38333333333333336 0.50546875 0.3680555555555556 0.525 0.36666666666666664
1 0.5171875 0.28194444444444444 0.52265625 0.2916666666666667 0.52421875 0.30694444444444446 0.51640625 0.32083333333333336 0.51484375 0.3347222222222222 0.51171875 0.3111111111111111 0.509375 0.30694444444444446 0.51015625 0.29444444444444445 0.5046875 0.2875 0.49765625 0.2861111111111111 0.4953125 0.28194444444444444 0.4984375 0.2791666666666667 0.51171875 0.2791666666666667 0.51640625 0.28194444444444444
1 0.66796875 0.3958333333333333 0.6734375 0.4013888888888889 0.68046875 0.425 0.68125 0.44722222222222224 0.67890625 0.4527777777777778 0.67890625 0.4652777777777778 0.6734375 0.44583333333333336 0.66484375 0.4305555555555556 0.653125 0.425 0.634375 0.425 0.6359375 0.4111111111111111 0.640625 0.3972222222222222 0.6671875 0.3958333333333333
1 0.5734375 0.28055555555555556 0.578125 0.3111111111111111 0.578125 0.32222222222222224 0.57421875 0.32916666666666666 0.5703125 0.32083333333333336 0.5671875 0.29583333333333334 0.5640625 0.2916666666666667 0.55234375 0.28888888888888886 0.55703125 0.2791666666666667 0.57265625 0.28055555555555556
1 0.725390625 0.3701388888888889 0.03515625 0.0763888888888889
1 0.65078125 0.46111111111111114 0.67578125 0.46805555555555556 0.68046875 0.48333333333333334 0.6859375 0.48333333333333334 0.6875 0.4861111111111111 0.68828125 0.49027777777777776 0.6859375 0.49444444444444446 0.665625 0.4888888888888889 0.6203125 0.4861111111111111 0.6296875 0.4625 0.65 0.46111111111111114
1 0.30859375 0.31527777777777777 0.3140625 0.31527777777777777 0.315625 0.31805555555555554 0.31796875 0.33611111111111114 0.321875 0.3347222222222222 0.32265625 0.32083333333333336 0.32421875 0.3194444444444444 0.33125 0.33055555555555555 0.33125 0.34305555555555556 0.328125 0.3486111111111111 0.32421875 0.36666666666666664 0.32109375 0.35555555555555557 0.31875 0.36527777777777776 0.3125 0.37083333333333335 0.30390625 0.38472222222222224 0.28515625 0.4013888888888889 0.28125 0.4013888888888889 0.27890625 0.39305555555555555 0.28046875 0.3541666666666667 0.28359375 0.3486111111111111 0.2859375 0.33611111111111114 0.2921875 0.3236111111111111 0.30078125 0.31666666666666665 0.3078125 0.31527777777777777
0 0.7921875 0.31666666666666665 0.8203125 0.33055555555555555 0.85 0.3611111111111111 0.8546875 0.3763888888888889 0.85546875 0.4013888888888889 0.85390625 0.4027777777777778 0.76328125 0.39861111111111114 0.74140625 0.4013888888888889 0.73828125 0.37222222222222223 0.74375 0.33611111111111114 0.74765625 0.3277777777777778 0.775 0.31666666666666665 0.79140625 0.31666666666666665
0 0.16484375 0.19583333333333333 0.16484375 0.18472222222222223 0.1765625 0.17916666666666667 0.20625 0.18055555555555555 0.2078125 0.18472222222222223 0.20625 0.19722222222222222 0.2 0.19444444444444445 0.165625 0.19583333333333333
0 0.175 0.18333333333333332 0.178125 0.18888888888888888 0.190625 0.19166666666666668 0.2 0.19166666666666668 0.203125 0.1875 0.20234375 0.18472222222222223 0.20625 0.18611111111111112 0.2078125 0.1986111111111111 0.2078125 0.23055555555555557 0.20625 0.2361111111111111 0.1953125 0.2375 0.1890625 0.2263888888888889 0.1828125 0.23333333333333334 0.1671875 0.22916666666666666 0.16484375 0.2222222222222222 0.1640625 0.20277777777777778 0.1671875 0.19444444444444445 0.17109375 0.19305555555555556 0.17265625 0.18888888888888888 0.16640625 0.18611111111111112 0.17421875 0.18472222222222223