3 0.44296875 0.2111111111111111 0.44921875 0.21666666666666667 0.45 0.24861111111111112 0.446875 0.25416666666666665 0.43046875 0.25555555555555554 0.4265625 0.2625 0.425 0.2777777777777778 0.4171875 0.2777777777777778 0.41328125 0.27361111111111114 0.4125 0.21388888888888888 0.41875 0.20972222222222223 0.4421875 0.2111111111111111
3 0.39375 0.22361111111111112 0.3984375 0.23472222222222222 0.39921875 0.25833333333333336 0.3984375 0.27361111111111114 0.39375 0.2791666666666667 0.38984375 0.2791666666666667 0.38359375 0.2722222222222222 0.36875 0.2708333333333333 0.36640625 0.26666666666666666 0.36640625 0.23472222222222222 0.36875 0.2263888888888889 0.39296875 0.22361111111111112
3 0.85 0.4486111111111111 0.865625 0.4513888888888889 0.89609375 0.475 0.8984375 0.48333333333333334 0.8984375 0.5152777777777777 0.9078125 0.5277777777777778 0.91015625 0.5375 0.91171875 0.5583333333333333 0.9109375 0.6041666666666666 0.89921875 0.6222222222222222 0.88671875 0.6527777777777778 0.8796875 0.6611111111111111 0.8546875 0.6527777777777778 0.8453125 0.6430555555555556 0.83046875 0.6472222222222223 0.803125 0.6458333333333334 0.79453125 0.6305555555555555 0.7953125 0.6222222222222222 0.7921875 0.6069444444444444 0.78671875 0.6013888888888889 0.784375 0.5944444444444444 0.78359375 0.5708333333333333 0.7859375 0.5375 0.78671875 0.4513888888888889 0.7890625 0.4486111111111111 0.84921875 0.4486111111111111
3 0.56171875 0.6333333333333333 0.584375 0.6583333333333333 0.5953125 0.675 0.6015625 0.6861111111111111 0.603125 0.6958333333333333 0.6140625 0.7208333333333333 0.61640625 0.7319444444444444 0.61640625 0.7444444444444445 0.61875 0.75 0.62265625 0.7819444444444444 0.62578125 0.7930555555555555 0.62734375 0.8763888888888889 0.6234375 0.8861111111111111 0.61484375 0.8916666666666667 0.60546875 0.9041666666666667 0.53828125 0.9097222222222222 0.53046875 0.9125 0.521875 0.9263888888888889 0.5171875 0.9208333333333333 0.515625 0.9013888888888889 0.50625 0.8819444444444444 0.49609375 0.8833333333333333 0.4921875 0.8791666666666667 0.48203125 0.8291666666666667 0.47578125 0.8166666666666667 0.471875 0.8013888888888889 0.4703125 0.7305555555555555 0.471875 0.7166666666666667 0.4703125 0.7125 0.471875 0.6958333333333333 0.47109375 0.6513888888888889 0.47421875 0.6430555555555556 0.48828125 0.6388888888888888 0.5609375 0.6333333333333333
3 0.2875 0.3680555555555556 0.31640625 0.4166666666666667 0.31953125 0.4305555555555556 0.31875 0.4486111111111111 0.321875 0.49444444444444446 0.321875 0.5319444444444444 0.32421875 0.5555555555555556 0.3265625 0.5597222222222222 0.328125 0.6194444444444445 0.33125 0.6611111111111111 0.33046875 0.7291666666666666 0.32734375 0.7430555555555556 0.321875 0.7486111111111111 0.30390625 0.7388888888888889 0.278125 0.7402777777777778 0.23984375 0.7472222222222222 0.21640625 0.7583333333333333 0.2125 0.7569444444444444 0.20234375 0.7166666666666667 0.196875 0.6708333333333333 0.19765625 0.6583333333333333 0.19375 0.6083333333333333 0.19140625 0.6027777777777777 0.190625 0.5541666666666667 0.1921875 0.525 0.18828125 0.4986111111111111 0.1859375 0.41805555555555557 0.184375 0.4152777777777778 0.1859375 0.3736111111111111 0.1921875 0.36944444444444446 0.22265625 0.37083333333333335 0.265625 0.36527777777777776 0.28203125 0.36527777777777776 0.28671875 0.3680555555555556
3 0.65703125 0.4583333333333333 0.66796875 0.4583333333333333 0.68203125 0.46805555555555556 0.70546875 0.49027777777777776 0.7125 0.5041666666666667 0.715625 0.5805555555555556 0.72265625 0.5986111111111111 0.728125 0.6513888888888889 0.728125 0.7 0.73046875 0.7291666666666666 0.7296875 0.7402777777777778 0.7234375 0.7472222222222222 0.7171875 0.7625 0.71015625 0.7625 0.70234375 0.7541666666666667 0.69296875 0.75 0.63046875 0.7527777777777778 0.6296875 0.7583333333333333 0.628125 0.7541666666666667 0.6234375 0.7541666666666667 0.61796875 0.725 0.60390625 0.6861111111111111 0.57109375 0.6347222222222222 0.57109375 0.5666666666666667 0.56953125 0.5458333333333333 0.571875 0.5402777777777777 0.5703125 0.5041666666666667 0.57109375 0.46944444444444444 0.57265625 0.4638888888888889 0.59609375 0.4625 0.60703125 0.4583333333333333 0.65625 0.4583333333333333
3 0.24609375 0.25972222222222224 0.259375 0.27361111111111114 0.2640625 0.2861111111111111 0.2640625 0.3472222222222222 0.25859375 0.35138888888888886 0.20859375 0.3527777777777778 0.2046875 0.3541666666666667 0.203125 0.3611111111111111 0.18828125 0.36666666666666664 0.184375 0.36666666666666664 0.18203125 0.3611111111111111 0.18359375 0.3472222222222222 0.18125 0.3236111111111111 0.18359375 0.2708333333333333 0.1875 0.2652777777777778 0.2453125 0.25972222222222224
2 0.73515625 0.5930555555555556 0.73828125 0.5972222222222222 0.7375 0.6194444444444445 0.74765625 0.6361111111111111 0.753125 0.6708333333333333 0.74765625 0.7319444444444444 0.74453125 0.7388888888888889 0.7328125 0.7361111111111112 0.7296875 0.7194444444444444 0.72890625 0.6472222222222223 0.725 0.6013888888888889 0.7265625 0.5944444444444444 0.734375 0.5930555555555556
2 0.109375 0.3819444444444444 0.015625 0.041666666666666664
2 0.009375 0.3416666666666667 0.01171875 0.3388888888888889 0.01484375 0.3402777777777778 0.0296875 0.35694444444444445 0.0296875 0.38055555555555554 0.021875 0.3861111111111111 0 0.3736111111111111 0 0.35138888888888886 0.0046875 0.34444444444444444 0.009375 0.3458333333333333 0.01015625 0.34305555555555556
2 0.2328125 0.24583333333333332 0.23359375 0.24861111111111112 0.23046875 0.25833333333333336 0.22578125 0.25416666666666665 0.22578125 0.24722222222222223 0.22734375 0.24444444444444444 0.23203125 0.24583333333333332
2 0.1 0.3680555555555556 0.103125 0.3763888888888889 0.10390625 0.4041666666666667 0.103125 0.4152777777777778 0.09921875 0.42083333333333334 0.09140625 0.41388888888888886 0.08828125 0.4 0.09140625 0.36944444444444446 0.09453125 0.36666666666666664 0.09921875 0.3680555555555556
2 0.0796875 0.5236111111111111 0.09140625 0.525 0.096875 0.5305555555555556 0.096875 0.5666666666666667 0.08671875 0.5902777777777778 0.08046875 0.5902777777777778 0.07890625 0.5875 0.075 0.5638888888888889 0.07421875 0.5305555555555556 0.07578125 0.525 0.07890625 0.5236111111111111
2 0.10546875 0.48055555555555557 0.12109375 0.4888888888888889 0.1203125 0.5319444444444444 0.1125 0.5430555555555555 0.10625 0.5388888888888889 0.1046875 0.5263888888888889 0.1015625 0.5180555555555556 0.1015625 0.4847222222222222 0.1046875 0.48194444444444445
2 0.10546875 0.6680555555555555 0.109375 0.675 0.1109375 0.7111111111111111 0.10625 0.7388888888888889 0.0953125 0.7486111111111111 0.0921875 0.7444444444444445 0.084375 0.7097222222222223 0.08671875 0.6916666666666667 0.0859375 0.675 0.08828125 0.6666666666666666 0.1046875 0.6680555555555555
1 0.49296875 0.3013888888888889 0.5125 0.30416666666666664 0.51484375 0.30833333333333335 0.51796875 0.3347222222222222 0.51796875 0.3472222222222222 0.515625 0.35 0.49453125 0.3472222222222222 0.4890625 0.33194444444444443 0.47734375 0.325 0.47578125 0.31805555555555554 0.47734375 0.30833333333333335 0.48203125 0.30277777777777776 0.4921875 0.3013888888888889
1 0.52578125 0.28194444444444444 0.5359375 0.2902777777777778 0.53984375 0.3 0.53984375 0.30694444444444446 0.53359375 0.31805555555555554 0.52890625 0.3347222222222222 0.51875 0.33194444444444443 0.5171875 0.32083333333333336 0.51640625 0.28888888888888886 0.5203125 0.2833333333333333 0.525 0.28194444444444444
1 0.265625 0.23194444444444445 0.26875 0.23333333333333334 0.27109375 0.2388888888888889 0.26953125 0.2513888888888889 0.271875 0.2625 0.271875 0.275 0.26875 0.28055555555555556 0.2640625 0.2791666666666667 0.26171875 0.27361111111111114 0.26015625 0.25555555555555554 0.25546875 0.24583333333333332 0.24765625 0.24444444444444444 0.2515625 0.23333333333333334 0.26484375 0.23194444444444445
1 0.51875 0.35138888888888886 0.52109375 0.3541666666666667 0.53203125 0.3541666666666667 0.5375 0.35833333333333334 0.54375 0.3763888888888889 0.54375 0.3819444444444444 0.50234375 0.37916666666666665 0.5015625 0.3541666666666667 0.51796875 0.3527777777777778
1 0.4578125 0.9236111111111112 0.46953125 0.925 0.484375 0.9416666666666667 0.4984375 0.9708333333333333 0.5046875 0.9944444444444445 0.50234375 0.9986111111111111 0.35859375 0.9986111111111111 0.35859375 0.9916666666666667 0.3625 0.9930555555555556 0.3640625 0.9888888888888889 0.371875 0.9430555555555555 0.37578125 0.9347222222222222 0.39375 0.9277777777777778 0.45703125 0.9236111111111112
1 0.346875 0.35 0.353125 0.35833333333333334 0.35703125 0.37222222222222223 0.35859375 0.38055555555555554 0.35859375 0.4041666666666667 0.340625 0.4013888888888889 0.3359375 0.39444444444444443 0.3359375 0.37916666666666665 0.32734375 0.35138888888888886 0.334375 0.3472222222222222 0.34609375 0.35
1 0.2921875 0.2388888888888889 0.29609375 0.24027777777777778 0.30078125 0.24861111111111112 0.30078125 0.25555555555555554 0.30390625 0.2611111111111111 0.3046875 0.275 0.303125 0.275 0.30234375 0.26666666666666666 0.3 0.2625 0.2828125 0.2625 0.271875 0.26666666666666666 0.2703125 0.25 0.27265625 0.24166666666666667 0.29140625 0.2388888888888889
1 0.38828125 0.4722222222222222 0.4109375 0.475 0.4140625 0.4777777777777778 0.4265625 0.5083333333333333 0.43359375 0.5180555555555556 0.4328125 0.5347222222222222 0.434375 0.5430555555555555 0.4328125 0.5458333333333333 0.4046875 0.5444444444444444 0.38984375 0.55 0.37421875 0.5805555555555556 0.37265625 0.6152777777777778 0.36953125 0.6180555555555556 0.36328125 0.6013888888888889 0.3546875 0.5902777777777778 0.353125 0.5736111111111111 0.353125 0.5597222222222222 0.3546875 0.5555555555555556 0.3546875 0.5041666666666667 0.365625 0.4777777777777778 0.3875 0.4722222222222222
1 0.309375 0.35 0.32421875 0.35 0.32734375 0.3527777777777778 0.33671875 0.38333333333333336 0.33671875 0.3972222222222222 0.33515625 0.39861111111111114 0.31796875 0.3972222222222222 0.3140625 0.4 0.30625 0.3972222222222222 0.2921875 0.37083333333333335 0.29453125 0.35555555555555557 0.30859375 0.35
1 0.47421875 0.40555555555555556 0.49375 0.4236111111111111 0.49921875 0.44027777777777777 0.50078125 0.4527777777777778 0.46875 0.45694444444444443 0.45625 0.4666666666666667 0.45390625 0.4722222222222222 0.453125 0.5152777777777777 0.45 0.5208333333333334 0.43671875 0.5027777777777778 0.43359375 0.44583333333333336 0.43515625 0.43194444444444446 0.44140625 0.41388888888888886 0.4453125 0.4083333333333333 0.4734375 0.40555555555555556
1 0.81953125 0.7277777777777777 0.83984375 0.7291666666666666 0.85625 0.7375 0.86953125 0.7569444444444444 0.88515625 0.7930555555555555 0.89609375 0.8125 0.90703125 0.8444444444444444 0.91015625 0.8652777777777778 0.909375 0.9013888888888889 0.9078125 0.9138888888888889 0.9046875 0.9180555555555555 0.896875 0.9180555555555555 0.88671875 0.9111111111111111 0.8421875 0.9069444444444444 0.8171875 0.9069444444444444 0.80703125 0.9152777777777777 0.8 0.9152777777777777 0.79453125 0.9083333333333333 0.7921875 0.8875 0.78984375 0.8819444444444444 0.7796875 0.8777777777777778 0.76953125 0.8666666666666667 0.75859375 0.8680555555555556 0.753125 0.8625 0.7484375 0.8263888888888888 0.7484375 0.7694444444444445 0.75078125 0.7597222222222222 0.75546875 0.7513888888888889 0.76875 0.7402777777777778 0.7765625 0.7291666666666666 0.81875 0.7277777777777777
1 0.53359375 0.38055555555555554 0.54296875 0.38472222222222224 0.54765625 0.39166666666666666 0.5546875 0.4152777777777778 0.55703125 0.43194444444444446 0.54765625 0.44583333333333336 0.540625 0.4652777777777778 0.53046875 0.46944444444444444 0.52265625 0.46805555555555556 0.5046875 0.4527777777777778 0.496875 0.42777777777777776 0.49609375 0.41388888888888886 0.5015625 0.38333333333333336 0.509375 0.37916666666666665 0.5328125 0.38055555555555554
1 0.4875 0.28055555555555556 0.51171875 0.2833333333333333 0.51484375 0.2861111111111111 0.51640625 0.2972222222222222 0.515625 0.30833333333333335 0.496875 0.3013888888888889 0.48359375 0.30277777777777776 0.48125 0.3 0.48046875 0.29305555555555557 0.4875 0.28194444444444444
1 0.74453125 0.275 0.74765625 0.2791666666666667 0.7515625 0.29305555555555557 0.75234375 0.3111111111111111 0.74921875 0.3277777777777778 0.7296875 0.3263888888888889 0.71875 0.30833333333333335 0.71796875 0.2902777777777778 0.72265625 0.275 0.74375 0.275
1 0.58125 0.36944444444444446 0.5828125 0.3736111111111111 0.5828125 0.42916666666666664 0.578125 0.43333333333333335 0.56171875 0.43194444444444446 0.55703125 0.41388888888888886 0.56171875 0.4097222222222222 0.5625 0.4 0.56875 0.3763888888888889 0.571875 0.37083333333333335 0.58046875 0.36944444444444446
1 0.3109375 0.30416666666666664 0.325 0.30833333333333335 0.32890625 0.31527777777777777 0.33203125 0.32916666666666666 0.33203125 0.34444444444444444 0.3296875 0.3486111111111111 0.32265625 0.35 0.303125 0.3486111111111111 0.29765625 0.3388888888888889 0.2875 0.3375 0.28359375 0.3333333333333333 0.29296875 0.3055555555555556 0.31015625 0.30416666666666664
1 0.10234375 0.2625 0.1125 0.26944444444444443 0.11796875 0.28888888888888886 0.1171875 0.3138888888888889 0.1125 0.325 0.1078125 0.325 0.09375 0.31527777777777777 0.08203125 0.31666666666666665 0.0765625 0.30694444444444446 0.07734375 0.2847222222222222 0.08125 0.27361111111111114 0.08984375 0.25972222222222224 0.1015625 0.2625
1 0.9390625 0.6097222222222223 0.96796875 0.6138888888888889 0.98125 0.6208333333333333 0.9890625 0.6263888888888889 0.99921875 0.6486111111111111 0.99921875 0.7763888888888889 0.99453125 0.7791666666666667 0.9625 0.7777777777777778 0.959375 0.7805555555555556 0.94921875 0.7805555555555556 0.9390625 0.7875 0.9296875 0.7875 0.925 0.7819444444444444 0.91640625 0.7486111111111111 0.90390625 0.7375 0.896875 0.7236111111111111 0.89609375 0.7138888888888889 0.88984375 0.6986111111111111 0.88359375 0.675 0.884375 0.6638888888888889 0.88984375 0.6444444444444445 0.90390625 0.6152777777777778 0.9125 0.6083333333333333 0.93828125 0.6097222222222223
1 0.546875 0.30694444444444446 0.56640625 0.30972222222222223 0.571875 0.31666666666666665 0.5703125 0.3194444444444444 0.56171875 0.32083333333333336 0.5578125 0.3263888888888889 0.55 0.36666666666666664 0.54375 0.36527777777777776 0.53828125 0.35555555555555557 0.5328125 0.35138888888888886 0.53125 0.3333333333333333 0.5328125 0.31805555555555554 0.53984375 0.30833333333333335 0.54609375 0.30694444444444446
1 0.4828125 0.5805555555555556 0.49375 0.5888888888888889 0.5078125 0.6138888888888889 0.51171875 0.6263888888888889 0.51171875 0.6333333333333333 0.50859375 0.6361111111111111 0.4765625 0.6402777777777777 0.4703125 0.6472222222222223 0.4703125 0.7611111111111111 0.44921875 0.7638888888888888 0.4421875 0.7708333333333334 0.43828125 0.7680555555555556 0.43515625 0.7486111111111111 0.43046875 0.7416666666666667 0.42421875 0.7402777777777778 0.42109375 0.7333333333333333 0.41875 0.65 0.42734375 0.5944444444444444 0.43046875 0.5875 0.43828125 0.5833333333333334 0.48203125 0.5805555555555556
1 0.5890625 0.4375 0.59921875 0.4444444444444444 0.60234375 0.45555555555555555 0.5890625 0.4597222222222222 0.5796875 0.4583333333333333 0.571875 0.4652777777777778 0.5703125 0.48333333333333334 0.5703125 0.5638888888888889 0.5671875 0.5777777777777777 0.5625 0.5777777777777777 0.55234375 0.5652777777777778 0.54921875 0.5416666666666666 0.5484375 0.5180555555555556 0.54296875 0.5097222222222222 0.5421875 0.5027777777777778 0.54453125 0.4625 0.5484375 0.4486111111111111 0.55546875 0.4375 0.58828125 0.4375
1 0.30078125 0.25972222222222224 0.3046875 0.2638888888888889 0.30703125 0.275 0.3 0.2861111111111111 0.29921875 0.30277777777777776 0.29375 0.3055555555555556 0.2875 0.32222222222222224 0.27578125 0.3263888888888889 0.2734375 0.3236111111111111 0.271875 0.2972222222222222 0.2734375 0.2652777777777778 0.275 0.2625 0.3 0.25972222222222224
1 0.665625 0.42083333333333334 0.67109375 0.4236111111111111 0.68984375 0.4222222222222222 0.69921875 0.42777777777777776 0.70625 0.44305555555555554 0.70859375 0.45555555555555555 0.70390625 0.46111111111111114 0.6984375 0.4791666666666667 0.690625 0.47638888888888886 0.66796875 0.45694444444444443 0.646875 0.45555555555555555 0.65078125 0.4305555555555556 0.6546875 0.4236111111111111 0.66484375 0.42083333333333334
1 0.29296875 0.3388888888888889 0.3 0.3416666666666667 0.30390625 0.3486111111111111 0.29609375 0.3527777777777778 0.29375 0.35694444444444445 0.2921875 0.3680555555555556 0.26640625 0.3625 0.26484375 0.35694444444444445 0.265625 0.3472222222222222 0.26875 0.3416666666666667 0.2921875 0.3388888888888889
1 0.3390625 0.4 0.35546875 0.4041666666666667 0.3640625 0.4125 0.36640625 0.41805555555555557 0.36953125 0.44027777777777777 0.37421875 0.4486111111111111 0.37421875 0.45416666666666666 0.3703125 0.4638888888888889 0.35859375 0.4638888888888889 0.346875 0.46944444444444444 0.3421875 0.4777777777777778 0.334375 0.5138888888888888 0.328125 0.5222222222222223 0.32421875 0.5180555555555556 0.32265625 0.5013888888888889 0.31953125 0.4597222222222222 0.3203125 0.43194444444444446 0.3125 0.40694444444444444 0.31484375 0.4 0.31796875 0.39861111111111114 0.33828125 0.4
1 0.08359375 0.4111111111111111 0.08984375 0.41388888888888886 0.1078125 0.43194444444444446 0.11796875 0.43472222222222223 0.1234375 0.44166666666666665 0.1234375 0.44583333333333336 0.115625 0.4444444444444444 0.1125 0.44722222222222224 0.10625 0.4666666666666667 0.09921875 0.48055555555555557 0.08203125 0.48333333333333334 0.078125 0.4888888888888889 0.07421875 0.5013888888888889 0.06796875 0.5041666666666667 0.059375 0.5013888888888889 0.0515625 0.4888888888888889 0.03515625 0.4888888888888889 0.0265625 0.4986111111111111 0.01796875 0.49722222222222223 0.009375 0.48055555555555557 0.01015625 0.45555555555555555 0.0140625 0.4375 0.01953125 0.4222222222222222 0.02421875 0.4152777777777778 0.04609375 0.4083333333333333 0.0828125 0.4111111111111111
1 0.8203125 0.6486111111111111 0.84609375 0.6486111111111111 0.85859375 0.6569444444444444 0.86875 0.6597222222222222 0.87265625 0.6708333333333333 0.8765625 0.6722222222222223 0.88125 0.6791666666666667 0.890625 0.7041666666666667 0.89296875 0.7180555555555556 0.903125 0.7416666666666667 0.9078125 0.7638888888888888 0.90625 0.8 0.90390625 0.8125 0.9015625 0.8152777777777778 0.8984375 0.8138888888888889 0.890625 0.8013888888888889 0.8703125 0.7569444444444444 0.8546875 0.7347222222222223 0.83125 0.7263888888888889 0.790625 0.7277777777777777 0.77890625 0.7236111111111111 0.778125 0.6847222222222222 0.79765625 0.6541666666666667 0.81953125 0.6486111111111111
1 0.490625 0.3472222222222222 0.503125 0.35555555555555557 0.503125 0.375 0.49765625 0.3875 0.49453125 0.41388888888888886 0.49140625 0.41805555555555557 0.48046875 0.4083333333333333 0.47734375 0.4027777777777778 0.47421875 0.3888888888888889 0.4765625 0.35138888888888886 0.48984375 0.3472222222222222
1 0.42265625 0.5458333333333333 0.434375 0.5486111111111112 0.44375 0.5569444444444445 0.45 0.5666666666666667 0.45078125 0.5777777777777777 0.43359375 0.5833333333333334 0.42734375 0.5902777777777778 0.42421875 0.6152777777777778 0.41796875 0.6402777777777777 0.41796875 0.6680555555555555 0.41484375 0.6722222222222223 0.4015625 0.6736111111111112 0.39453125 0.6777777777777778 0.38984375 0.6777777777777778 0.3859375 0.6625 0.3796875 0.6569444444444444 0.3765625 0.6486111111111111 0.3734375 0.6236111111111111 0.37578125 0.5833333333333334 0.38203125 0.5666666666666667 0.390625 0.5513888888888889 0.421875 0.5458333333333333
1 0.58671875 0.3236111111111111 0.59296875 0.3333333333333333 0.59453125 0.3416666666666667 0.58515625 0.3486111111111111 0.5625 0.3486111111111111 0.55859375 0.35555555555555557 0.55703125 0.36527777777777776 0.5515625 0.3625 0.5515625 0.3472222222222222 0.56015625 0.32222222222222224 0.57578125 0.3194444444444444 0.5859375 0.3236111111111111
1 0.67734375 0.8805555555555555 0.69375 0.8875 0.71015625 0.9 0.728125 0.9263888888888889 0.7359375 0.9416666666666667 0.740625 0.9597222222222223 0.746875 0.9708333333333333 0.75078125 0.9833333333333333 0.75234375 0.9930555555555556 0.74765625 0.9986111111111111 0.72578125 0.9986111111111111 0.7234375 0.9958333333333333 0.72109375 0.9986111111111111 0.70546875 0.9986111111111111 0.703125 0.9958333333333333 0.69921875 0.9986111111111111 0.69765625 0.9958333333333333 0.68828125 0.9958333333333333 0.68515625 0.9986111111111111 0.68203125 0.9958333333333333 0.66875 0.9986111111111111 0.59375 0.9986111111111111 0.59296875 0.9930555555555556 0.59765625 0.9736111111111111 0.5953125 0.9486111111111111 0.60234375 0.9208333333333333 0.6140625 0.8944444444444445 0.6328125 0.8805555555555555 0.6765625 0.8805555555555555
1 0.721875 0.5208333333333334 0.73984375 0.5347222222222222 0.74765625 0.5472222222222223 0.7515625 0.5625 0.76171875 0.575 0.76171875 0.5944444444444444 0.7640625 0.6013888888888889 0.76640625 0.625 0.765625 0.6597222222222222 0.7640625 0.6736111111111112 0.76171875 0.6777777777777778 0.75390625 0.6763888888888889 0.74921875 0.6472222222222223 0.7453125 0.6347222222222222 0.7375 0.6222222222222222 0.73515625 0.6097222222222223 0.73515625 0.5972222222222222 0.7296875 0.5944444444444444 0.72890625 0.5986111111111111 0.72421875 0.6 0.715625 0.5791666666666667 0.7140625 0.5277777777777778 0.71640625 0.5194444444444445 0.72109375 0.5208333333333334
1 0.5015625 0.2569444444444444 0.5125 0.2611111111111111 0.5140625 0.26666666666666666 0.515625 0.2833333333333333 0.5125 0.2916666666666667 0.51328125 0.30277777777777776 0.509375 0.3 0.5109375 0.2916666666666667 0.5046875 0.2847222222222222 0.496875 0.2847222222222222 0.4921875 0.28888888888888886 0.4890625 0.2986111111111111 0.484375 0.3 0.48046875 0.29444444444444445 0.4828125 0.2625 0.4875 0.25833333333333336 0.50078125 0.2569444444444444
1 0.6546875 0.40555555555555556 0.67265625 0.4111111111111111 0.67578125 0.4152777777777778 0.6765625 0.42083333333333334 0.65546875 0.4222222222222222 0.64921875 0.43333333333333335 0.64609375 0.45416666666666666 0.64296875 0.45694444444444443 0.62421875 0.45555555555555555 0.62265625 0.45 0.62421875 0.43333333333333335 0.6359375 0.40694444444444444 0.65390625 0.40555555555555556
1 0.5671875 0.3472222222222222 0.5828125 0.3486111111111111 0.58515625 0.35138888888888886 0.58203125 0.37083333333333335 0.5734375 0.37222222222222223 0.56875 0.3819444444444444 0.56640625 0.3972222222222222 0.56640625 0.40555555555555556 0.56796875 0.40694444444444444 0.56640625 0.4111111111111111 0.575 0.41388888888888886 0.57265625 0.41805555555555557 0.57734375 0.4263888888888889 0.5796875 0.41944444444444445 0.5796875 0.4027777777777778 0.578125 0.4 0.58046875 0.3972222222222222 0.58125 0.3819444444444444 0.58125 0.43194444444444446 0.5609375 0.43194444444444446 0.5515625 0.39444444444444443 0.5515625 0.37222222222222223 0.56171875 0.35138888888888886 0.56640625 0.3486111111111111
1 0.33515625 0.7958333333333333 0.35390625 0.8041666666666667 0.36015625 0.8111111111111111 0.37734375 0.8625 0.38046875 0.8666666666666667 0.3890625 0.8652777777777778 0.39453125 0.8694444444444445 0.39453125 0.8777777777777778 0.3828125 0.8861111111111111 0.38515625 0.9041666666666667 0.38984375 0.9180555555555555 0.38984375 0.9263888888888889 0.37734375 0.9319444444444445 0.37109375 0.9402777777777778 0.3625 0.9777777777777777 0.353125 0.9958333333333333 0.315625 0.9944444444444445 0.3109375 0.9986111111111111 0.28125 0.9986111111111111 0.278125 0.9944444444444445 0.27734375 0.9791666666666666 0.26875 0.9513888888888888 0.26484375 0.8791666666666667 0.27265625 0.8444444444444444 0.28359375 0.8138888888888889 0.2984375 0.8055555555555556 0.31015625 0.8027777777777778 0.31796875 0.7930555555555555 0.33125 0.7930555555555555 0.334375 0.7958333333333333
1 0.7203125 0.4583333333333333 0.75703125 0.4625 0.76171875 0.4666666666666667 0.77578125 0.4930555555555556 0.78359375 0.49722222222222223 0.78515625 0.5375 0.7828125 0.5708333333333333 0.77421875 0.5763888888888888 0.76953125 0.5763888888888888 0.76015625 0.5666666666666667 0.75546875 0.5652777777777778 0.7515625 0.5569444444444445 0.74921875 0.5444444444444444 0.73359375 0.5263888888888889 0.7171875 0.5152777777777777 0.71171875 0.49722222222222223 0.69921875 0.48055555555555557 0.70234375 0.4638888888888889 0.70625 0.4583333333333333 0.71953125 0.4583333333333333
1 0.37890625 0.4638888888888889 0.38515625 0.46944444444444444 0.365625 0.4777777777777778 0.3609375 0.4861111111111111 0.35390625 0.5083333333333333 0.35390625 0.5513888888888889 0.35078125 0.5666666666666667 0.3421875 0.5625 0.33515625 0.5652777777777778 0.33125 0.5597222222222222 0.33125 0.5430555555555555 0.33359375 0.5361111111111111 0.334375 0.5111111111111111 0.3375 0.49583333333333335 0.34453125 0.4722222222222222 0.34765625 0.46805555555555556 0.36953125 0.4652777777777778 0.371875 0.4625 0.378125 0.4638888888888889
1 0.46484375 0.20833333333333334 0.47265625 0.2125 0.475 0.21805555555555556 0.475 0.2263888888888889 0.4625 0.25 0.45703125 0.25277777777777777 0.45234375 0.24861111111111112 0.45234375 0.21944444444444444 0.45546875 0.2125 0.4640625 0.20833333333333334
0 0.33671875 0.16666666666666666 0.3453125 0.1736111111111111 0.3484375 0.18472222222222223 0.34296875 0.19722222222222222 0.34140625 0.22361111111111112 0.3390625 0.23333333333333334 0.3359375 0.2375 0.3203125 0.2361111111111111 0.30859375 0.19583333333333333 0.30859375 0.18611111111111112 0.3140625 0.16805555555555557 0.3359375 0.16666666666666666
0 0.30390625 0.19583333333333333 0.3109375 0.2013888888888889 0.31484375 0.21944444444444444 0.315625 0.23333333333333334 0.3109375 0.25972222222222224 0.3015625 0.2569444444444444 0.29921875 0.24583333333333332 0.29375 0.2388888888888889 0.2734375 0.24027777777777778 0.27421875 0.21944444444444444 0.28046875 0.20277777777777778 0.28671875 0.19722222222222222 0.303125 0.19583333333333333
0 0.4328125 0.28194444444444444 0.453125 0.29305555555555557 0.46796875 0.30972222222222223 0.47265625 0.33055555555555555 0.4734375 0.39861111111111114 0.4671875 0.4041666666666667 0.44765625 0.40555555555555556 0.44375 0.4083333333333333 0.434375 0.4305555555555556 0.43359375 0.45416666666666666 0.43046875 0.4625 0.39921875 0.46111111111111114 0.39453125 0.4527777777777778 0.38671875 0.45 0.38359375 0.44583333333333336 0.38125 0.4166666666666667 0.3765625 0.39305555555555555 0.37578125 0.35833333333333334 0.378125 0.3375 0.378125 0.30972222222222223 0.3796875 0.29444444444444445 0.38203125 0.28888888888888886 0.4 0.2791666666666667 0.43203125 0.28194444444444444
0 0.36875 0.18611111111111112 0.375 0.19166666666666668 0.37890625 0.22083333333333333 0.36796875 0.22777777777777777 0.36640625 0.23333333333333334 0.36640625 0.26666666666666666 0.3578125 0.2791666666666667 0.34765625 0.2777777777777778 0.34375 0.26944444444444443 0.3421875 0.25416666666666665 0.34375 0.19583333333333333 0.346875 0.18888888888888888 0.3515625 0.18611111111111112 0.36796875 0.18611111111111112