3 0.44296875 0.24861111111111112 0.4546875 0.25416666666666665 0.4609375 0.2638888888888889 0.4640625 0.27361111111111114 0.465625 0.2972222222222222 0.46328125 0.30694444444444446 0.46328125 0.3388888888888889 0.46015625 0.3486111111111111 0.43046875 0.3472222222222222 0.42578125 0.35 0.42109375 0.3486111111111111 0.41953125 0.3416666666666667 0.42109375 0.2625 0.425 0.25416666666666665 0.43125 0.25 0.4421875 0.24861111111111112
3 0.75078125 0.44166666666666665 0.79296875 0.4736111111111111 0.7953125 0.4930555555555556 0.79375 0.5319444444444444 0.80625 0.5763888888888888 0.80625 0.5888888888888889 0.81328125 0.5777777777777777 0.81875 0.5805555555555556 0.81953125 0.5847222222222223 0.81796875 0.6013888888888889 0.81328125 0.6041666666666666 0.81015625 0.6 0.8078125 0.6041666666666666 0.80703125 0.675 0.8046875 0.6861111111111111 0.79453125 0.7069444444444445 0.7859375 0.7055555555555556 0.77734375 0.6944444444444444 0.7671875 0.6930555555555555 0.73671875 0.6944444444444444 0.7265625 0.7027777777777777 0.7203125 0.7013888888888888 0.71328125 0.6861111111111111 0.70078125 0.6708333333333333 0.68046875 0.6680555555555555 0.6765625 0.6569444444444444 0.67265625 0.625 0.66640625 0.6152777777777778 0.6640625 0.6069444444444444 0.6625 0.5916666666666667 0.6625 0.48055555555555557 0.6640625 0.44305555555555554 0.6703125 0.4388888888888889 0.74375 0.4388888888888889 0.75 0.44166666666666665
3 0.57421875 0.6597222222222222 0.58359375 0.6666666666666666 0.58984375 0.6777777777777778 0.61328125 0.7055555555555556 0.64140625 0.7444444444444445 0.64453125 0.7930555555555555 0.64375 0.8402777777777778 0.6546875 0.8736111111111111 0.65859375 0.8916666666666667 0.66328125 0.9319444444444445 0.66640625 0.9416666666666667 0.6671875 0.9611111111111111 0.66484375 0.9680555555555556 0.66953125 0.9805555555555555 0.66875 0.9958333333333333 0.665625 0.9986111111111111 0.62734375 0.9986111111111111 0.621875 0.9958333333333333 0.6125 0.9958333333333333 0.609375 0.9986111111111111 0.59921875 0.9958333333333333 0.59609375 0.9986111111111111 0.5515625 0.9986111111111111 0.55 0.9958333333333333 0.5484375 0.9986111111111111 0.53203125 0.9986111111111111 0.5265625 0.9888888888888889 0.49453125 0.9888888888888889 0.48046875 0.9944444444444445 0.478125 0.9902777777777778 0.46875 0.9875 0.46328125 0.9902777777777778 0.4578125 0.9861111111111112 0.4578125 0.9625 0.459375 0.9569444444444445 0.446875 0.9305555555555556 0.4421875 0.9055555555555556 0.43828125 0.6805555555555556 0.4453125 0.6736111111111112 0.4984375 0.6708333333333333 0.5140625 0.6666666666666666 0.54609375 0.6694444444444444 0.55234375 0.6638888888888889 0.5734375 0.6611111111111111
3 0.21015625 0.20277777777777778 0.23203125 0.21944444444444444 0.23125 0.23472222222222222 0.2171875 0.24166666666666667 0.196875 0.2361111111111111 0.19140625 0.2388888888888889 0.18828125 0.23472222222222222 0.1875 0.2152777777777778 0.18984375 0.20277777777777778 0.209375 0.20277777777777778
3 0.57421875 0.5069444444444444 0.5859375 0.5208333333333334 0.59765625 0.5291666666666667 0.61015625 0.5472222222222223 0.6140625 0.5625 0.61484375 0.5875 0.62109375 0.6125 0.62421875 0.65 0.62109375 0.6611111111111111 0.61875 0.6638888888888889 0.60078125 0.6652777777777777 0.5953125 0.6708333333333333 0.58125 0.6583333333333333 0.571875 0.6555555555555556 0.53984375 0.6638888888888889 0.48671875 0.6652777777777777 0.4828125 0.6625 0.47734375 0.6375 0.475 0.6166666666666667 0.47734375 0.5777777777777777 0.48359375 0.5472222222222223 0.49453125 0.525 0.54453125 0.5111111111111111 0.55546875 0.5041666666666667 0.5734375 0.5069444444444444
3 0.30703125 0.25833333333333336 0.3421875 0.25833333333333336 0.34609375 0.2611111111111111 0.3484375 0.26805555555555555 0.35078125 0.2972222222222222 0.353125 0.3055555555555556 0.35078125 0.3125 0.35078125 0.32222222222222224 0.35390625 0.3472222222222222 0.35 0.35833333333333334 0.35078125 0.3861111111111111 0.34921875 0.4013888888888889 0.3453125 0.4013888888888889 0.3375 0.3541666666666667 0.334375 0.3486111111111111 0.29921875 0.3486111111111111 0.29921875 0.31527777777777777 0.296875 0.30694444444444446 0.296875 0.28888888888888886 0.29296875 0.2763888888888889 0.2921875 0.2652777777777778 0.2953125 0.2611111111111111 0.30625 0.25972222222222224
2 0.4734375 0.21944444444444444 0.47734375 0.2263888888888889 0.4765625 0.2375 0.47421875 0.2388888888888889 0.4703125 0.23472222222222222 0.46953125 0.22916666666666666 0.4703125 0.22083333333333333 0.47265625 0.21944444444444444
2 0.39921875 0.2125 0.40390625 0.2125 0.40390625 0.2222222222222222 0.4015625 0.22777777777777777 0.3984375 0.2222222222222222 0.39921875 0.21388888888888888
2 0.0890625 0.44305555555555554 0.0921875 0.4527777777777778 0.0921875 0.48333333333333334 0.08828125 0.49583333333333335 0.08125 0.49444444444444446 0.07734375 0.4861111111111111 0.075 0.4736111111111111 0.07734375 0.44722222222222224 0.08203125 0.44166666666666665 0.08828125 0.44305555555555554
2 0.94453125 0.8680555555555556 0.9484375 0.8791666666666667 0.95390625 0.9152777777777777 0.95390625 0.9625 0.953125 0.9680555555555556 0.94921875 0.9736111111111111 0.9390625 0.9680555555555556 0.9328125 0.9680555555555556 0.928125 0.9722222222222222 0.9109375 0.9569444444444445 0.9109375 0.9541666666666667 0.91484375 0.9555555555555556 0.91796875 0.9486111111111111 0.91796875 0.9347222222222222 0.91640625 0.9277777777777778 0.91640625 0.9055555555555556 0.91328125 0.8944444444444445 0.91015625 0.8902777777777777 0.91015625 0.8847222222222222 0.9171875 0.8791666666666667 0.921875 0.8791666666666667 0.92890625 0.8722222222222222 0.93828125 0.8694444444444445 0.94140625 0.8652777777777778 0.94375 0.8680555555555556
2 0.28984375 0.2375 0.29453125 0.24166666666666667 0.29375 0.25416666666666665 0.28984375 0.25833333333333336 0.28828125 0.25555555555555554 0.2859375 0.24305555555555555 0.2890625 0.2388888888888889
2 0.175 0.24166666666666667 0.178125 0.2388888888888889 0.1828125 0.24027777777777778 0.18515625 0.24444444444444444 0.18671875 0.25833333333333336 0.1859375 0.26805555555555555 0.1734375 0.26666666666666666 0.171875 0.2638888888888889 0.171875 0.25277777777777777 0.175 0.24305555555555555
2 0.9421875 0.8652777777777778 0.9484375 0.8791666666666667 0.95390625 0.9152777777777777 0.95234375 0.9652777777777778 0.94921875 0.9694444444444444 0.934375 0.9638888888888889 0.925 0.9680555555555556 0.92109375 0.9625 0.91953125 0.9527777777777777 0.91953125 0.9361111111111111 0.9171875 0.9277777777777778 0.91796875 0.9138888888888889 0.91328125 0.8861111111111111 0.92890625 0.8722222222222222 0.93828125 0.8708333333333333 0.94140625 0.8666666666666667
2 0.47734375 0.3819444444444444 0.47890625 0.38333333333333336 0.4796875 0.4 0.4734375 0.41944444444444445 0.46640625 0.4152777777777778 0.4640625 0.3972222222222222 0.46640625 0.38333333333333336 0.4765625 0.3819444444444444
2 0.1921875 0.275 0.19609375 0.2861111111111111 0.19609375 0.30694444444444446 0.19296875 0.31666666666666665 0.1875 0.3111111111111111 0.18515625 0.29305555555555557 0.18671875 0.2791666666666667 0.19140625 0.275
2 0.16484375 0.5805555555555556 0.16796875 0.575 0.1734375 0.575 0.1734375 0.5805555555555556 0.16796875 0.5972222222222222 0.16875 0.6333333333333333 0.1640625 0.6347222222222222 0.15703125 0.6472222222222223 0.1515625 0.6513888888888889 0.14765625 0.6513888888888889 0.14296875 0.6416666666666667 0.14296875 0.6305555555555555 0.14921875 0.6097222222222223 0.16484375 0.5819444444444445
2 0.0421875 0.6888888888888889 0.0484375 0.6944444444444444 0.05 0.7236111111111111 0.04921875 0.7472222222222222 0.04609375 0.7680555555555556 0.03984375 0.7847222222222222 0.0359375 0.7847222222222222 0.03515625 0.7819444444444444 0.03203125 0.7472222222222222 0.03125 0.7125 0.0328125 0.6888888888888889 0.0359375 0.6861111111111111 0.04140625 0.6888888888888889
2 0.4921875 0.23055555555555557 0.49609375 0.22916666666666666 0.4984375 0.2361111111111111 0.49765625 0.24583333333333332 0.49375 0.24861111111111112 0.49140625 0.24444444444444444 0.4921875 0.23194444444444445
2 0.5609375 0.4861111111111111 0.56484375 0.4875 0.56640625 0.5013888888888889 0.553125 0.5041666666666667 0.546875 0.5097222222222222 0.54296875 0.5083333333333333 0.5421875 0.5041666666666667 0.54296875 0.4888888888888889 0.546875 0.4888888888888889 0.55078125 0.4986111111111111 0.5578125 0.49444444444444446 0.5609375 0.4875
2 0.44921875 0.4236111111111111 0.453125 0.42777777777777776 0.453125 0.44583333333333336 0.44921875 0.4666666666666667 0.44453125 0.4736111111111111 0.4390625 0.46944444444444444 0.434375 0.4486111111111111 0.43828125 0.4263888888888889 0.4484375 0.4236111111111111
2 0.30390625 0.24722222222222223 0.30625 0.25 0.30625 0.2569444444444444 0.30078125 0.2611111111111111 0.29609375 0.25972222222222224 0.29609375 0.25277777777777777 0.29921875 0.24722222222222223 0.303125 0.24722222222222223
1 0.21796875 0.5125 0.24921875 0.5125 0.25546875 0.5180555555555556 0.26484375 0.5472222222222223 0.26640625 0.5708333333333333 0.25625 0.5569444444444445 0.2484375 0.5541666666666667 0.21640625 0.5569444444444445 0.203125 0.5652777777777778 0.20078125 0.5611111111111111 0.2 0.5513888888888889 0.20390625 0.5291666666666667 0.20703125 0.5208333333333334 0.2171875 0.5125
1 0.20859375 0.3138888888888889 0.2234375 0.3138888888888889 0.2203125 0.32083333333333336 0.228125 0.33055555555555555 0.23125 0.3416666666666667 0.23828125 0.3541666666666667 0.2375 0.3597222222222222 0.23515625 0.3527777777777778 0.2265625 0.34305555555555556 0.21328125 0.34305555555555556 0.20859375 0.3388888888888889 0.20390625 0.3402777777777778 0.19765625 0.3527777777777778 0.1921875 0.35833333333333334 0.1921875 0.3638888888888889 0.1890625 0.3638888888888889 0.1890625 0.35138888888888886 0.1953125 0.32916666666666666 0.20234375 0.325 0.21953125 0.3236111111111111 0.21953125 0.31805555555555554 0.21640625 0.3138888888888889 0.21015625 0.3194444444444444 0.20859375 0.31527777777777777
1 0.4796875 0.17916666666666667 0.48203125 0.19583333333333333 0.4703125 0.1986111111111111 0.465625 0.19305555555555556 0.4671875 0.18055555555555555 0.4734375 0.1763888888888889 0.47890625 0.17916666666666667
1 0.72734375 0.2652777777777778 0.7296875 0.2791666666666667 0.72421875 0.3 0.7203125 0.30277777777777776 0.70625 0.2986111111111111 0.7015625 0.29305555555555557 0.7 0.2861111111111111 0.70703125 0.26666666666666666 0.7265625 0.2652777777777778
1 0.9609375 0.6388888888888888 0.9875 0.65 0.99921875 0.6611111111111111 0.99921875 0.7236111111111111 0.98515625 0.7222222222222222 0.9703125 0.7291666666666666 0.94921875 0.7569444444444444 0.94609375 0.7791666666666667 0.940625 0.7930555555555555 0.93515625 0.7930555555555555 0.93046875 0.7819444444444444 0.9296875 0.7722222222222223 0.92578125 0.7666666666666667 0.91171875 0.7583333333333333 0.9 0.7597222222222222 0.89609375 0.7541666666666667 0.89296875 0.7388888888888889 0.8921875 0.6972222222222222 0.89375 0.6847222222222222 0.8921875 0.6736111111111112 0.8953125 0.6666666666666666 0.9171875 0.6416666666666667 0.96015625 0.6388888888888888
1 0.2203125 0.425 0.2234375 0.4263888888888889 0.228125 0.43472222222222223 0.23125 0.4527777777777778 0.225 0.4597222222222222 0.22109375 0.46944444444444444 0.2203125 0.4791666666666667 0.21640625 0.49027777777777776 0.215625 0.5111111111111111 0.19921875 0.525 0.1828125 0.5333333333333333 0.178125 0.5263888888888889 0.175 0.5097222222222222 0.17578125 0.48333333333333334 0.1734375 0.4597222222222222 0.1796875 0.4527777777777778 0.18359375 0.42916666666666664 0.1875 0.425 0.21953125 0.425
1 0.73515625 0.7666666666666667 0.74765625 0.7763888888888889 0.765625 0.8 0.771875 0.8111111111111111 0.78671875 0.85 0.7890625 0.8527777777777777 0.80078125 0.85 0.80625 0.8555555555555555 0.80703125 0.8638888888888889 0.80390625 0.8694444444444445 0.79609375 0.8736111111111111 0.7953125 0.8791666666666667 0.80859375 0.9138888888888889 0.76875 0.9152777777777777 0.7515625 0.9180555555555555 0.74453125 0.9222222222222223 0.73203125 0.9402777777777778 0.72734375 0.9541666666666667 0.7203125 0.9583333333333334 0.7140625 0.9694444444444444 0.71640625 0.9736111111111111 0.709375 0.9888888888888889 0.70546875 0.9888888888888889 0.70546875 0.9944444444444445 0.70078125 0.9958333333333333 0.68828125 0.9930555555555556 0.6859375 0.9611111111111111 0.690625 0.9472222222222222 0.690625 0.9208333333333333 0.68515625 0.9125 0.68203125 0.9125 0.67734375 0.9180555555555555 0.67578125 0.925 0.6703125 0.9277777777777778 0.66875 0.9333333333333333 0.66484375 0.9236111111111112 0.6609375 0.8972222222222223 0.6609375 0.8833333333333333 0.6578125 0.8791666666666667 0.64609375 0.8430555555555556 0.6453125 0.8236111111111111 0.646875 0.8027777777777778 0.65546875 0.7763888888888889 0.6625 0.7680555555555556 0.70703125 0.7638888888888888 0.728125 0.7638888888888888 0.734375 0.7666666666666667
1 0.41328125 0.19027777777777777 0.415625 0.20277777777777778 0.41484375 0.20972222222222223 0.4125 0.2125 0.40625 0.2125 0.39921875 0.2 0.39921875 0.19444444444444445 0.4015625 0.19027777777777777 0.40859375 0.1875 0.4125 0.19027777777777777
1 0.22734375 0.28194444444444444 0.2421875 0.28194444444444444 0.2421875 0.2861111111111111 0.24609375 0.29305555555555557 0.24140625 0.31527777777777777 0.24140625 0.325 0.2375 0.32916666666666666 0.2359375 0.3194444444444444 0.2234375 0.3 0.20625 0.3 0.20625 0.29583333333333334 0.21171875 0.2861111111111111 0.2265625 0.2833333333333333
1 0.2703125 0.32569444444444445 0.0390625 0.0625
1 0.1046875 0.2611111111111111 0.115625 0.26805555555555555 0.1203125 0.28888888888888886 0.1171875 0.3138888888888889 0.1125 0.32222222222222224 0.10546875 0.32083333333333336 0.09609375 0.3138888888888889 0.084375 0.3138888888888889 0.07734375 0.30694444444444446 0.07734375 0.28888888888888886 0.08828125 0.25972222222222224 0.09765625 0.25833333333333336 0.10390625 0.2611111111111111
1 0.2859375 0.5986111111111111 0.29765625 0.6263888888888889 0.30546875 0.6361111111111111 0.30546875 0.6402777777777777 0.30078125 0.6472222222222223 0.3 0.6555555555555556 0.2578125 0.6583333333333333 0.246875 0.6625 0.2296875 0.6888888888888889 0.225 0.7041666666666667 0.22421875 0.7166666666666667 0.2203125 0.7111111111111111 0.2171875 0.6888888888888889 0.21875 0.6763888888888889 0.21484375 0.6708333333333333 0.21640625 0.6625 0.215625 0.6416666666666667 0.2296875 0.6013888888888889 0.2359375 0.5944444444444444 0.26015625 0.5916666666666667 0.27890625 0.5930555555555556 0.28515625 0.5986111111111111
1 0.39296875 0.5138888888888888 0.41171875 0.525 0.41875 0.5597222222222222 0.428125 0.5791666666666667 0.43046875 0.6111111111111112 0.428125 0.6125 0.41875 0.5986111111111111 0.4140625 0.5958333333333333 0.3796875 0.5958333333333333 0.36015625 0.6069444444444444 0.34921875 0.6333333333333333 0.346875 0.6333333333333333 0.3453125 0.6291666666666667 0.34296875 0.6013888888888889 0.340625 0.5944444444444444 0.34375 0.5652777777777778 0.34296875 0.5569444444444445 0.346875 0.5361111111111111 0.35703125 0.5180555555555556 0.3921875 0.5138888888888888
1 0.4140625 0.5972222222222222 0.42109375 0.6013888888888889 0.43515625 0.6333333333333333 0.44296875 0.6333333333333333 0.4453125 0.6375 0.4453125 0.6416666666666667 0.4390625 0.6486111111111111 0.44140625 0.6625 0.440625 0.675 0.43671875 0.675 0.4296875 0.6625 0.42421875 0.6583333333333333 0.38046875 0.6625 0.371875 0.6680555555555555 0.36640625 0.6777777777777778 0.359375 0.7013888888888888 0.35546875 0.7083333333333334 0.35234375 0.7027777777777777 0.3515625 0.6958333333333333 0.35 0.6416666666666667 0.3625 0.6055555555555555 0.38125 0.5972222222222222 0.41328125 0.5972222222222222
1 0.29609375 0.3125 0.2984375 0.3194444444444444 0.2984375 0.3402777777777778 0.29765625 0.35138888888888886 0.29296875 0.37083333333333335 0.27734375 0.36944444444444446 0.275 0.3638888888888889 0.275 0.34444444444444444 0.27890625 0.31666666666666665 0.2859375 0.3111111111111111 0.2953125 0.3125
1 0.2578125 0.5597222222222222 0.265625 0.5736111111111111 0.26875 0.5916666666666667 0.23984375 0.5930555555555556 0.23125 0.5986111111111111 0.21484375 0.6430555555555556 0.21796875 0.6708333333333333 0.21484375 0.6763888888888889 0.209375 0.6777777777777778 0.19921875 0.6763888888888889 0.1953125 0.6486111111111111 0.19609375 0.6097222222222223 0.203125 0.5680555555555555 0.2125 0.5597222222222222 0.22734375 0.5555555555555556 0.2484375 0.5555555555555556 0.25703125 0.5597222222222222
1 0.325 0.39861111111111114 0.3328125 0.4013888888888889 0.3359375 0.40694444444444444 0.33671875 0.4152777777777778 0.3140625 0.4166666666666667 0.3078125 0.4236111111111111 0.3 0.4638888888888889 0.3 0.4847222222222222 0.29609375 0.49027777777777776 0.2921875 0.4875 0.2890625 0.47638888888888886 0.2875 0.4263888888888889 0.3 0.4041666666666667 0.3125 0.39861111111111114 0.32421875 0.39861111111111114
1 0.21328125 0.2972222222222222 0.22734375 0.2986111111111111 0.23828125 0.3138888888888889 0.23828125 0.3416666666666667 0.2359375 0.3458333333333333 0.23046875 0.3388888888888889 0.2234375 0.32083333333333336 0.21875 0.325 0.203125 0.325 0.1953125 0.32916666666666666 0.1953125 0.31805555555555554 0.1984375 0.30694444444444446 0.20546875 0.2986111111111111 0.2125 0.2972222222222222
1 0.34375 0.4152777777777778 0.353125 0.425 0.35859375 0.43472222222222223 0.359375 0.44305555555555554 0.3234375 0.45 0.3171875 0.4638888888888889 0.3171875 0.4861111111111111 0.3078125 0.5236111111111111 0.30234375 0.5208333333333334 0.3 0.5013888888888889 0.30078125 0.4597222222222222 0.30703125 0.425 0.31015625 0.41944444444444445 0.31640625 0.4166666666666667 0.34296875 0.4152777777777778
1 0.2109375 0.3013888888888889 0.2171875 0.3 0.22734375 0.30694444444444446 0.2328125 0.33611111111111114 0.2390625 0.3472222222222222 0.2375 0.3527777777777778 0.2234375 0.33194444444444443 0.203125 0.3347222222222222 0.1953125 0.34444444444444444 0.19375 0.3416666666666667 0.1953125 0.31666666666666665 0.203125 0.30277777777777776 0.21015625 0.3013888888888889
1 0.2625 0.45555555555555555 0.2703125 0.4638888888888889 0.2765625 0.49027777777777776 0.28359375 0.49722222222222223 0.2796875 0.5041666666666667 0.2828125 0.5263888888888889 0.28359375 0.55 0.28359375 0.5666666666666667 0.28046875 0.5722222222222222 0.2671875 0.5694444444444444 0.2640625 0.5402777777777777 0.2578125 0.5222222222222223 0.25234375 0.5138888888888888 0.2390625 0.5097222222222222 0.2203125 0.5111111111111111 0.21796875 0.5041666666666667 0.22265625 0.46944444444444444 0.22734375 0.4597222222222222 0.23203125 0.45555555555555555 0.24375 0.4527777777777778 0.26171875 0.45555555555555555
1 0.81171875 0.9152777777777777 0.840625 0.9180555555555555 0.859375 0.9333333333333333 0.88203125 0.9555555555555556 0.8921875 0.975 0.89375 0.9805555555555555 0.89296875 0.9875 0.8953125 0.9888888888888889 0.89609375 0.9944444444444445 0.81015625 0.9944444444444445 0.80390625 0.9986111111111111 0.80078125 0.9958333333333333 0.79375 0.9958333333333333 0.79140625 0.9986111111111111 0.7875 0.9958333333333333 0.71796875 0.9986111111111111 0.71640625 0.9958333333333333 0.70703125 0.9944444444444445 0.7171875 0.9861111111111112 0.71640625 0.9736111111111111 0.72265625 0.9680555555555556 0.73125 0.9527777777777777 0.73515625 0.9375 0.7453125 0.9236111111111112 0.76484375 0.9180555555555555 0.8109375 0.9152777777777777
1 0.33828125 0.37083333333333335 0.34453125 0.3972222222222222 0.35 0.40694444444444444 0.34296875 0.4152777777777778 0.33671875 0.41388888888888886 0.3359375 0.40555555555555556 0.33046875 0.39861111111111114 0.30859375 0.3972222222222222 0.30234375 0.4 0.303125 0.3861111111111111 0.309375 0.37222222222222223 0.3375 0.37083333333333335
1 0.565625 0.3611111111111111 0.56953125 0.3638888888888889 0.590625 0.36527777777777776 0.6 0.3736111111111111 0.60625 0.3902777777777778 0.609375 0.40555555555555556 0.61015625 0.4486111111111111 0.60625 0.45555555555555555 0.6015625 0.45416666666666666 0.59453125 0.44583333333333336 0.584375 0.44305555555555554 0.5671875 0.4444444444444444 0.559375 0.4527777777777778 0.55390625 0.44305555555555554 0.55 0.44166666666666665 0.54765625 0.4111111111111111 0.5484375 0.38333333333333336 0.5578125 0.36527777777777776 0.5609375 0.3611111111111111 0.56484375 0.3611111111111111
1 0.465234375 0.17847222222222223 0.00703125 0.018055555555555554
1 0.2203125 0.33194444444444443 0.22734375 0.33611111111111114 0.23125 0.34305555555555556 0.2390625 0.3597222222222222 0.2390625 0.36944444444444446 0.234375 0.37083333333333335 0.22734375 0.35833333333333334 0.2234375 0.35694444444444445 0.20078125 0.35833333333333334 0.1921875 0.36944444444444446 0.190625 0.36666666666666664 0.19375 0.3472222222222222 0.19921875 0.3375 0.21796875 0.33611111111111114 0.2203125 0.3333333333333333
1 0.334375 0.35 0.33828125 0.35833333333333334 0.3375 0.37083333333333335 0.31015625 0.37083333333333335 0.30546875 0.37777777777777777 0.30234375 0.3958333333333333 0.2953125 0.40694444444444444 0.29296875 0.40694444444444444 0.29140625 0.4 0.29140625 0.37916666666666665 0.29921875 0.3527777777777778 0.30703125 0.3486111111111111 0.33359375 0.35
1 0.99453125 0.725 0.99921875 0.7277777777777777 0.99921875 0.8972222222222223 0.99453125 0.8944444444444445 0.99296875 0.8847222222222222 0.98515625 0.8736111111111111 0.9703125 0.8611111111111112 0.9546875 0.8597222222222223 0.94921875 0.8527777777777777 0.946875 0.8402777777777778 0.94453125 0.7930555555555555 0.953125 0.7527777777777778 0.96015625 0.7472222222222222 0.971875 0.7305555555555555 0.99375 0.725
1 0.49140625 0.16666666666666666 0.49296875 0.175 0.490625 0.17916666666666667 0.4828125 0.17916666666666667 0.4796875 0.1736111111111111 0.4828125 0.16527777777777777 0.4875 0.1638888888888889 0.490625 0.16666666666666666
1 0.296875 0.6555555555555556 0.30390625 0.6625 0.30625 0.6708333333333333 0.30390625 0.6736111111111112 0.25703125 0.6805555555555556 0.24765625 0.6861111111111111 0.24375 0.6930555555555555 0.23515625 0.725 0.23125 0.7902777777777777 0.22890625 0.7902777777777777 0.22734375 0.7861111111111111 0.22578125 0.7402777777777778 0.22265625 0.7166666666666667 0.22265625 0.7041666666666667 0.22734375 0.6902777777777778 0.2453125 0.6625 0.29609375 0.6555555555555556
1 0.2265625 0.35694444444444445 0.23515625 0.36944444444444446 0.234375 0.375 0.203125 0.37777777777777777 0.19296875 0.38472222222222224 0.1890625 0.39305555555555555 0.18515625 0.3861111111111111 0.19453125 0.3611111111111111 0.2015625 0.35694444444444445 0.22578125 0.35694444444444445
1 0.387109375 0.2 0.02421875 0.025
1 0.35703125 0.44583333333333336 0.365625 0.45 0.36875 0.4625 0.365625 0.4666666666666667 0.34453125 0.46944444444444444 0.3390625 0.475 0.33515625 0.4861111111111111 0.33203125 0.5083333333333333 0.328125 0.5208333333333334 0.3296875 0.5513888888888889 0.32421875 0.5611111111111111 0.31640625 0.5583333333333333 0.31015625 0.5347222222222222 0.3109375 0.5166666666666667 0.31640625 0.4888888888888889 0.3171875 0.4652777777777778 0.32421875 0.45 0.35625 0.44583333333333336
1 0.3828125 0.46944444444444444 0.390625 0.4791666666666667 0.39921875 0.5013888888888889 0.40390625 0.5083333333333333 0.40234375 0.5152777777777777 0.40078125 0.5180555555555556 0.39921875 0.5152777777777777 0.365625 0.5152777777777777 0.35546875 0.5180555555555556 0.34609375 0.5402777777777777 0.3421875 0.5611111111111111 0.340625 0.5888888888888889 0.34296875 0.6055555555555555 0.34140625 0.6083333333333333 0.33828125 0.6013888888888889 0.33828125 0.5944444444444444 0.33203125 0.5902777777777778 0.3296875 0.5791666666666667 0.33125 0.5416666666666666 0.328125 0.5222222222222223 0.334375 0.4888888888888889 0.34453125 0.4708333333333333 0.36171875 0.46805555555555556 0.38203125 0.46944444444444444
1 0.44140625 0.20555555555555555 0.45078125 0.2111111111111111 0.45234375 0.2263888888888889 0.44921875 0.23333333333333334 0.434375 0.23333333333333334 0.43046875 0.22916666666666666 0.43203125 0.2125 0.43515625 0.20694444444444443 0.440625 0.20555555555555555
1 0.6546875 0.6638888888888889 0.67109375 0.6666666666666666 0.6859375 0.6805555555555556 0.70078125 0.7055555555555556 0.71640625 0.7444444444444445 0.721875 0.7402777777777778 0.728125 0.7402777777777778 0.73125 0.7458333333333333 0.73125 0.7555555555555555 0.7265625 0.7611111111111111 0.66328125 0.7652777777777777 0.65625 0.7708333333333334 0.65078125 0.7819444444444444 0.646875 0.7791666666666667 0.64296875 0.7444444444444445 0.6 0.6888888888888889 0.59375 0.675 0.596875 0.6694444444444444 0.60390625 0.6652777777777777 0.65390625 0.6638888888888889
1 0.539453125 0.3763888888888889 0.04296875 0.06666666666666667
1 0.42890625 0.6625 0.43671875 0.6736111111111112 0.43671875 0.7277777777777777 0.4390625 0.7583333333333333 0.43828125 0.8111111111111111 0.4296875 0.8166666666666667 0.38359375 0.8180555555555555 0.378125 0.8208333333333333 0.37265625 0.8208333333333333 0.3671875 0.8 0.3625 0.8 0.35703125 0.7847222222222222 0.3578125 0.7680555555555556 0.35546875 0.7583333333333333 0.35703125 0.7319444444444444 0.35546875 0.7138888888888889 0.36171875 0.6930555555555555 0.3734375 0.6680555555555555 0.3796875 0.6638888888888889 0.41328125 0.6597222222222222 0.425 0.6597222222222222 0.428125 0.6625
1 0.18984375 0.8055555555555556 0.2171875 0.8125 0.25078125 0.8263888888888888 0.26953125 0.8472222222222222 0.28515625 0.875 0.3 0.8958333333333334 0.32421875 0.9180555555555555 0.33515625 0.9486111111111111 0.334375 0.9791666666666666 0.3328125 0.9833333333333333 0.334375 0.9944444444444445 0.32734375 0.9986111111111111 0.32109375 0.9958333333333333 0.2 0.9986111111111111 0.1953125 0.9958333333333333 0.13125 0.9944444444444445 0.11484375 0.9986111111111111 0.11328125 0.9958333333333333 0.1 0.9944444444444445 0.096875 0.9805555555555555 0.09453125 0.9763888888888889 0.08828125 0.9736111111111111 0.0828125 0.9583333333333334 0.0828125 0.9 0.08828125 0.8736111111111111 0.103125 0.8402777777777778 0.1078125 0.8222222222222222 0.1171875 0.8152777777777778 0.14453125 0.8083333333333333 0.1890625 0.8055555555555556