0 0.703125 0.3 0.76640625 0.3055555555555556 0.8140625 0.3611111111111111 0.815625 0.36666666666666664 0.815625 0.4041666666666667 0.8125 0.42083333333333334 0.8109375 0.4708333333333333 0.80546875 0.5361111111111111 0.79765625 0.5458333333333333 0.74921875 0.5430555555555555 0.73203125 0.5611111111111111 0.73046875 0.5777777777777777 0.728125 0.5819444444444445 0.7171875 0.5833333333333334 0.71328125 0.5805555555555556 0.70625 0.5569444444444445 0.7046875 0.5277777777777778 0.69921875 0.5208333333333334 0.6984375 0.5125 0.69296875 0.4986111111111111 0.6890625 0.49444444444444446 0.68515625 0.4777777777777778 0.684375 0.4625 0.6859375 0.4513888888888889 0.68203125 0.44583333333333336 0.6828125 0.44166666666666665 0.6875 0.44027777777777777 0.68984375 0.43194444444444446 0.68828125 0.425 0.6890625 0.41388888888888886 0.68515625 0.4027777777777778 0.68515625 0.39305555555555555 0.6875 0.3875 0.6859375 0.37916666666666665 0.6890625 0.37222222222222223 0.68828125 0.35694444444444445 0.69296875 0.33611111111111114 0.69453125 0.3125 0.6984375 0.30277777777777776 0.70234375 0.3013888888888889
0 0.57109375 0.5402777777777777 0.5828125 0.5416666666666666 0.58828125 0.5458333333333333 0.596875 0.5777777777777777 0.55546875 0.5777777777777777 0.5484375 0.5888888888888889 0.546875 0.6 0.5359375 0.6263888888888889 0.534375 0.6069444444444444 0.53984375 0.5666666666666667 0.53515625 0.5569444444444445 0.54296875 0.5541666666666667 0.54921875 0.5402777777777777 0.5703125 0.5402777777777777
0 0.4859375 0.4875 0.51875 0.49166666666666664 0.51953125 0.4986111111111111 0.5296875 0.5125 0.5296875 0.5166666666666667 0.5265625 0.5222222222222223 0.5265625 0.5819444444444445 0.52265625 0.5986111111111111 0.5203125 0.6055555555555555 0.5140625 0.6069444444444444 0.5 0.5958333333333333 0.48046875 0.5944444444444444 0.45703125 0.6083333333333333 0.4515625 0.6041666666666666 0.45 0.5930555555555556 0.45078125 0.5527777777777778 0.45703125 0.5263888888888889 0.45703125 0.5194444444444445 0.45234375 0.5125 0.45234375 0.5083333333333333 0.46171875 0.5041666666666667 0.4671875 0.49027777777777776 0.48515625 0.4875
0 0.59453125 0.3277777777777778 0.6 0.33194444444444443 0.60234375 0.34444444444444444 0.60234375 0.3819444444444444 0.5984375 0.39166666666666666 0.58828125 0.3888888888888889 0.58203125 0.3819444444444444 0.575 0.37916666666666665 0.5734375 0.36666666666666664 0.56875 0.35833333333333334 0.56875 0.33611111111111114 0.5703125 0.33055555555555555 0.5875 0.3263888888888889 0.59375 0.3277777777777778
0 0.567578125 0.3375 0.03046875 0.044444444444444446
0 0.55234375 0.33194444444444443 0.55390625 0.33611111111111114 0.55390625 0.35833333333333334 0.54296875 0.36944444444444446 0.53359375 0.36944444444444446 0.52421875 0.3597222222222222 0.5109375 0.35555555555555557 0.51015625 0.3347222222222222 0.5125 0.33055555555555555 0.521875 0.3277777777777778 0.5515625 0.33194444444444443
0 0.62890625 0.32916666666666666 0.634375 0.34305555555555556 0.63984375 0.3486111111111111 0.640625 0.3541666666666667 0.63515625 0.35555555555555557 0.63515625 0.35 0.63203125 0.3458333333333333 0.61796875 0.3486111111111111 0.61328125 0.36944444444444446 0.6125 0.3819444444444444 0.609375 0.3875 0.603125 0.38472222222222224 0.60390625 0.35694444444444445 0.60234375 0.3333333333333333 0.6109375 0.3277777777777778 0.628125 0.32916666666666666
0 0.80703125 0 0.8078125 0.002777777777777778 0.82578125 0 0.83125 0.004166666666666667 0.83359375 0.018055555555555554 0.83359375 0.030555555555555555 0.83125 0.04027777777777778 0.82578125 0.05 0.81640625 0.05277777777777778 0.80859375 0.06111111111111111 0.76875 0.05 0.76640625 0.043055555555555555 0.77421875 0.018055555555555554 0.7859375 0.016666666666666666 0.7921875 0.008333333333333333 0.8 0.006944444444444444 0.80625 0.001388888888888889
0 0.671875 0.22916666666666666 0.6734375 0.23055555555555557 0.671875 0.23333333333333334 0.67265625 0.24027777777777778 0.665625 0.2513888888888889 0.65546875 0.25 0.65390625 0.2388888888888889 0.65703125 0.2263888888888889 0.66015625 0.2222222222222222 0.66796875 0.22361111111111112 0.67109375 0.22916666666666666
0 0.67578125 0.5541666666666667 0.6921875 0.5611111111111111 0.70390625 0.5819444444444445 0.7046875 0.6055555555555555 0.7109375 0.6416666666666667 0.71015625 0.6791666666666667 0.7078125 0.6722222222222223 0.703125 0.6680555555555555 0.6890625 0.6625 0.653125 0.6611111111111111 0.63828125 0.6708333333333333 0.6328125 0.6694444444444444 0.63046875 0.6638888888888889 0.63203125 0.5944444444444444 0.6296875 0.5888888888888889 0.6296875 0.5819444444444445 0.6359375 0.5777777777777777 0.64140625 0.5625 0.66015625 0.5541666666666667 0.675 0.5541666666666667
0 0.359375 0.4111111111111111 0.3703125 0.41388888888888886 0.3765625 0.41944444444444445 0.3859375 0.44305555555555554 0.37421875 0.4513888888888889 0.3640625 0.4722222222222222 0.3640625 0.5013888888888889 0.3625 0.5069444444444444 0.34453125 0.5055555555555555 0.3390625 0.5083333333333333 0.33359375 0.5055555555555555 0.32734375 0.4777777777777778 0.33125 0.44583333333333336 0.34453125 0.41388888888888886 0.35859375 0.4111111111111111
0 0.825 0.6972222222222222 0.88203125 0.7041666666666667 0.9015625 0.7416666666666667 0.9109375 0.7805555555555556 0.91640625 0.7958333333333333 0.91796875 0.8166666666666667 0.91796875 0.8555555555555555 0.91484375 0.8805555555555555 0.9078125 0.9069444444444444 0.90078125 0.9 0.9015625 0.8902777777777777 0.896875 0.8805555555555555 0.88671875 0.8791666666666667 0.88359375 0.875 0.87421875 0.8736111111111111 0.86953125 0.8694444444444445 0.8625 0.8722222222222222 0.86015625 0.8527777777777777 0.8515625 0.8361111111111111 0.8515625 0.8166666666666667 0.84453125 0.8041666666666667 0.8296875 0.8083333333333333 0.82734375 0.8125 0.82578125 0.8347222222222223 0.82109375 0.8402777777777778 0.80390625 0.8416666666666667 0.796875 0.8277777777777777 0.7890625 0.8277777777777777 0.7859375 0.8236111111111111 0.78359375 0.8097222222222222 0.7859375 0.7375 0.79296875 0.7194444444444444 0.8 0.7180555555555556 0.8109375 0.7 0.82421875 0.6972222222222222
0 0.284375 0.20972222222222223 0.28828125 0.21388888888888888 0.290625 0.2263888888888889 0.2890625 0.23333333333333334 0.284375 0.2375 0.27265625 0.2361111111111111 0.27109375 0.22777777777777777 0.271875 0.2125 0.28359375 0.20972222222222223
0 0.64609375 0.25833333333333336 0.6515625 0.2625 0.65390625 0.2763888888888889 0.63671875 0.2777777777777778 0.63125 0.2916666666666667 0.6296875 0.3055555555555556 0.6234375 0.30277777777777776 0.61875 0.2916666666666667 0.61875 0.28194444444444444 0.62265625 0.2625 0.63125 0.2569444444444444 0.6453125 0.25833333333333336
0 0.4328125 0.33611111111111114 0.44453125 0.3486111111111111 0.44296875 0.35555555555555557 0.44453125 0.3611111111111111 0.44375 0.37916666666666665 0.43828125 0.39166666666666666 0.43515625 0.39305555555555555 0.4171875 0.38472222222222224 0.41015625 0.36944444444444446 0.4046875 0.3638888888888889 0.4046875 0.35555555555555557 0.4109375 0.3416666666666667 0.421875 0.33611111111111114 0.43203125 0.33611111111111114
0 0.3734375 0.24583333333333332 0.378125 0.25 0.37890625 0.25833333333333336 0.37265625 0.2652777777777778 0.365625 0.28055555555555556 0.35859375 0.2777777777777778 0.359375 0.2569444444444444 0.36484375 0.24722222222222223 0.37265625 0.24583333333333332
0 0.52578125 0.8847222222222222 0.546875 0.8847222222222222 0.58671875 0.8930555555555556 0.59609375 0.9069444444444444 0.60078125 0.9208333333333333 0.609375 0.9208333333333333 0.61484375 0.925 0.6171875 0.9305555555555556 0.61640625 0.9388888888888889 0.60703125 0.9472222222222222 0.6078125 0.9805555555555555 0.60625 0.9986111111111111 0.546875 0.9986111111111111 0.54453125 0.9958333333333333 0.47421875 0.9986111111111111 0.4765625 0.975 0.4859375 0.9458333333333333 0.4859375 0.9416666666666667 0.4828125 0.9361111111111111 0.47421875 0.9305555555555556 0.47421875 0.9180555555555555 0.48125 0.9125 0.48828125 0.9138888888888889 0.49453125 0.9277777777777778 0.496875 0.9208333333333333 0.496875 0.9069444444444444 0.50078125 0.8888888888888888 0.5046875 0.8861111111111111 0.525 0.8847222222222222
0 0.6203125 0.3138888888888889 0.62578125 0.32083333333333336 0.628125 0.33055555555555555 0.61171875 0.32916666666666666 0.60546875 0.33611111111111114 0.60234375 0.33611111111111114 0.6 0.32916666666666666 0.60234375 0.31666666666666665 0.60546875 0.3125 0.61953125 0.3138888888888889
0 0.1390625 0.31805555555555554 0.1421875 0.32083333333333336 0.146875 0.3347222222222222 0.14921875 0.3486111111111111 0.1484375 0.3680555555555556 0.14375 0.37222222222222223 0.13984375 0.36944444444444446 0.1359375 0.37083333333333335 0.13203125 0.37916666666666665 0.10625 0.37916666666666665 0.103125 0.3819444444444444 0.09765625 0.3819444444444444 0.09609375 0.37916666666666665 0.0953125 0.3625 0.0984375 0.34444444444444444 0.10546875 0.3277777777777778 0.11484375 0.3194444444444444 0.13828125 0.31805555555555554
0 0.2609375 0.37222222222222223 0.2625 0.3763888888888889 0.26171875 0.3972222222222222 0.253125 0.4111111111111111 0.25 0.4111111111111111 0.24765625 0.4041666666666667 0.24765625 0.37916666666666665 0.25390625 0.37083333333333335 0.26015625 0.37222222222222223
0 0.4140625 0.44583333333333336 0.42578125 0.45 0.4296875 0.45555555555555555 0.428125 0.4722222222222222 0.428125 0.5194444444444445 0.43046875 0.5722222222222222 0.42109375 0.5805555555555556 0.4109375 0.5791666666666667 0.4046875 0.5722222222222222 0.37734375 0.5722222222222222 0.36640625 0.5763888888888888 0.3625 0.5680555555555555 0.365625 0.5416666666666666 0.3640625 0.4736111111111111 0.36796875 0.4625 0.375 0.4513888888888889 0.3796875 0.4486111111111111 0.41328125 0.44583333333333336
0 0.321875 0.30833333333333335 0.32890625 0.31527777777777777 0.33046875 0.33055555555555555 0.32890625 0.3388888888888889 0.32265625 0.34305555555555556 0.3171875 0.3597222222222222 0.30625 0.36666666666666664 0.3 0.37777777777777777 0.28671875 0.38055555555555554 0.28203125 0.3736111111111111 0.28203125 0.3597222222222222 0.284375 0.3486111111111111 0.28203125 0.3347222222222222 0.28359375 0.3277777777777778 0.28828125 0.3194444444444444 0.3 0.30833333333333335 0.32109375 0.30833333333333335
0 0.490625 0.42083333333333334 0.51171875 0.4236111111111111 0.51875 0.43194444444444446 0.52578125 0.45694444444444443 0.5265625 0.5013888888888889 0.52265625 0.5027777777777778 0.51875 0.4930555555555556 0.51015625 0.4875 0.4734375 0.4875 0.46953125 0.48194444444444445 0.46953125 0.4597222222222222 0.4734375 0.42777777777777776 0.4796875 0.4222222222222222 0.48984375 0.4222222222222222
0 0.63671875 0.4361111111111111 0.65390625 0.44166666666666665 0.6578125 0.4513888888888889 0.66171875 0.45416666666666666 0.6609375 0.46944444444444444 0.65703125 0.4666666666666667 0.62578125 0.4652777777777778 0.61796875 0.4722222222222222 0.6125 0.4722222222222222 0.61015625 0.46805555555555556 0.60859375 0.4527777777777778 0.62265625 0.4375 0.6359375 0.4361111111111111
0 0.52734375 0.2375 0.53125 0.24305555555555555 0.53359375 0.25277777777777777 0.53046875 0.26944444444444443 0.52265625 0.26805555555555555 0.51015625 0.25416666666666665 0.51171875 0.24166666666666667 0.515625 0.2361111111111111 0.5265625 0.2375
0 0.6375 0.2125 0.64140625 0.21666666666666667 0.64453125 0.2263888888888889 0.64375 0.25 0.640625 0.2513888888888889 0.634375 0.24027777777777778 0.62265625 0.2361111111111111 0.6265625 0.21388888888888888 0.63671875 0.2125
0 0.314453125 0.23541666666666666 0.02109375 0.03194444444444444
0 0.565625 0.38055555555555554 0.57734375 0.3819444444444444 0.58359375 0.3861111111111111 0.58359375 0.3972222222222222 0.56640625 0.4041666666666667 0.5640625 0.4041666666666667 0.56015625 0.39305555555555555 0.56015625 0.3819444444444444 0.56484375 0.38055555555555554
0 0.33984375 0.2722222222222222 0.3421875 0.275 0.34296875 0.2875 0.3390625 0.30972222222222223 0.33359375 0.3055555555555556 0.33125 0.2902777777777778 0.325 0.3055555555555556 0.31953125 0.30416666666666664 0.31796875 0.29444444444444445 0.3203125 0.2861111111111111 0.32734375 0.2833333333333333 0.33046875 0.27361111111111114 0.3390625 0.2722222222222222
0 0.521875 0.3597222222222222 0.52578125 0.3625 0.52578125 0.36944444444444446 0.5140625 0.37222222222222223 0.5046875 0.38055555555555554 0.503125 0.3875 0.5046875 0.4 0.503125 0.41944444444444445 0.4796875 0.42083333333333334 0.475 0.425 0.4734375 0.4305555555555556 0.4703125 0.425 0.46875 0.4111111111111111 0.4703125 0.36944444444444446 0.47265625 0.3638888888888889 0.490625 0.35694444444444445 0.52109375 0.3597222222222222
0 0.2359375 0.24166666666666667 0.24609375 0.23472222222222222 0.2546875 0.23472222222222222 0.2578125 0.25555555555555554 0.2578125 0.2652777777777778 0.2546875 0.27361111111111114 0.2359375 0.2722222222222222 0.234375 0.26944444444444443 0.23359375 0.25416666666666665 0.2359375 0.24305555555555555
0 0.80625 0.6138888888888889 0.8140625 0.6194444444444445 0.85546875 0.6208333333333333 0.85859375 0.6236111111111111 0.88046875 0.6722222222222223 0.8859375 0.6958333333333333 0.88515625 0.7013888888888888 0.8734375 0.7027777777777777 0.8578125 0.6972222222222222 0.8375 0.6958333333333333 0.815625 0.6972222222222222 0.80859375 0.7 0.8 0.7152777777777778 0.790625 0.7180555555555556 0.7875 0.7222222222222222 0.77421875 0.7055555555555556 0.76953125 0.6819444444444445 0.7734375 0.6611111111111111 0.77421875 0.6361111111111111 0.77890625 0.6305555555555555 0.7890625 0.6291666666666667 0.79375 0.6194444444444445 0.8 0.6138888888888889 0.80546875 0.6138888888888889
0 0.39921875 0.7055555555555556 0.409375 0.7222222222222222 0.41875 0.725 0.421875 0.7291666666666666 0.421875 0.7361111111111112 0.41953125 0.7416666666666667 0.41875 0.8180555555555555 0.41484375 0.8319444444444445 0.4109375 0.8375 0.4078125 0.8805555555555555 0.40390625 0.8888888888888888 0.3984375 0.8875 0.3921875 0.875 0.38515625 0.8694444444444445 0.3578125 0.8666666666666667 0.35234375 0.8611111111111112 0.35 0.8125 0.3484375 0.8013888888888889 0.34453125 0.7958333333333333 0.34296875 0.775 0.35 0.7722222222222223 0.35 0.7819444444444444 0.35546875 0.7888888888888889 0.3609375 0.7875 0.36171875 0.7777777777777778 0.35859375 0.7638888888888888 0.35546875 0.7611111111111111 0.35234375 0.7625 0.35234375 0.7583333333333333 0.346875 0.7486111111111111 0.340625 0.7430555555555556 0.334375 0.7166666666666667 0.334375 0.7097222222222223 0.340625 0.7027777777777777 0.38203125 0.7013888888888888 0.3984375 0.7055555555555556
0 0.61953125 0.2388888888888889 0.63515625 0.24027777777777778 0.63828125 0.24583333333333332 0.6375 0.25555555555555554 0.625 0.25972222222222224 0.61875 0.28055555555555556 0.615625 0.275 0.61484375 0.2652777777777778 0.615625 0.25 0.61953125 0.24027777777777778
0 0.765625 0.5458333333333333 0.775 0.55 0.79921875 0.55 0.809375 0.5694444444444444 0.8171875 0.6041666666666666 0.8171875 0.6152777777777778 0.8 0.6138888888888889 0.78984375 0.6291666666666667 0.77734375 0.6319444444444444 0.7734375 0.6402777777777777 0.77265625 0.6597222222222222 0.76640625 0.6708333333333333 0.759375 0.6680555555555555 0.740625 0.6694444444444444 0.73828125 0.6611111111111111 0.73671875 0.6402777777777777 0.73359375 0.6361111111111111 0.73203125 0.6263888888888889 0.734375 0.5680555555555555 0.74765625 0.5472222222222223 0.76484375 0.5458333333333333
0 0.640625 0.27361111111111114 0.65546875 0.2777777777777778 0.6578125 0.2847222222222222 0.6578125 0.29305555555555557 0.66015625 0.29583333333333334 0.64375 0.2972222222222222 0.6390625 0.30416666666666664 0.63671875 0.31527777777777777 0.63203125 0.31527777777777777 0.6296875 0.3111111111111111 0.62890625 0.30277777777777776 0.63046875 0.2902777777777778 0.634375 0.2763888888888889 0.63984375 0.275
0 0.58828125 0.5777777777777777 0.60546875 0.5805555555555556 0.61171875 0.6013888888888889 0.61796875 0.6013888888888889 0.6234375 0.6069444444444444 0.62265625 0.6125 0.6171875 0.6152777777777778 0.6140625 0.6402777777777777 0.6140625 0.6597222222222222 0.61171875 0.6680555555555555 0.5875 0.6583333333333333 0.53828125 0.6555555555555556 0.53671875 0.6527777777777778 0.53671875 0.6291666666666667 0.5453125 0.6069444444444444 0.5515625 0.5805555555555556 0.55859375 0.5777777777777777 0.5875 0.5777777777777777
0 0.2171875 0.6486111111111111 0.22578125 0.6527777777777778 0.2375 0.6694444444444444 0.2453125 0.6722222222222223 0.24921875 0.6777777777777778 0.24921875 0.6930555555555555 0.19609375 0.7 0.1671875 0.7111111111111111 0.12734375 0.7805555555555556 0.10546875 0.8083333333333333 0.10078125 0.8069444444444445 0.09765625 0.7888888888888889 0.0984375 0.7652777777777777 0.1015625 0.75 0.115625 0.725 0.1296875 0.6833333333333333 0.13671875 0.6708333333333333 0.1640625 0.6486111111111111 0.21640625 0.6486111111111111
0 0.38671875 0.2569444444444444 0.396875 0.26944444444444443 0.39140625 0.2847222222222222 0.37890625 0.29444444444444445 0.3734375 0.30277777777777776 0.36953125 0.30416666666666664 0.36796875 0.3 0.3671875 0.2791666666666667 0.3703125 0.26805555555555555 0.37734375 0.25972222222222224 0.3859375 0.25833333333333336
0 0.515625 0.25972222222222224 0.5203125 0.2652777777777778 0.52265625 0.27361111111111114 0.5234375 0.2916666666666667 0.521875 0.29444444444444445 0.5 0.2916666666666667 0.50078125 0.2638888888888889 0.5046875 0.25972222222222224 0.51484375 0.25972222222222224
0 0.409375 0.37083333333333335 0.41328125 0.3763888888888889 0.421875 0.4027777777777778 0.42109375 0.43472222222222223 0.41796875 0.44305555555555554 0.38984375 0.44166666666666665 0.3828125 0.43194444444444446 0.37265625 0.40694444444444444 0.37265625 0.39166666666666666 0.37890625 0.3763888888888889 0.38359375 0.37222222222222223 0.40859375 0.37083333333333335
0 0.2828125 0.24166666666666667 0.28671875 0.24444444444444444 0.290625 0.25277777777777777 0.290625 0.2777777777777778 0.2796875 0.2833333333333333 0.2640625 0.2861111111111111 0.25859375 0.2847222222222222 0.2578125 0.26944444444444443 0.259375 0.25277777777777777 0.26875 0.24305555555555555 0.28203125 0.24166666666666667
0 0.3 0.2833333333333333 0.303125 0.2847222222222222 0.30625 0.2916666666666667 0.3046875 0.3055555555555556 0.2953125 0.30972222222222223 0.28046875 0.3347222222222222 0.26875 0.3375 0.265625 0.3347222222222222 0.26484375 0.32222222222222224 0.26484375 0.30972222222222223 0.26875 0.29583333333333334 0.28125 0.2833333333333333 0.29921875 0.2833333333333333
0 0.29296875 0.5680555555555555 0.3109375 0.5736111111111111 0.31484375 0.5833333333333334 0.32421875 0.5875 0.32578125 0.5916666666666667 0.321875 0.5986111111111111 0.32421875 0.6097222222222223 0.32265625 0.6527777777777778 0.31875 0.6638888888888889 0.31640625 0.6847222222222222 0.3140625 0.6888888888888889 0.29609375 0.6847222222222222 0.29375 0.6805555555555556 0.29140625 0.6652777777777777 0.2875 0.6611111111111111 0.2828125 0.6611111111111111 0.27890625 0.6680555555555555 0.27890625 0.6805555555555556 0.27578125 0.6847222222222222 0.265625 0.6875 0.2546875 0.6861111111111111 0.24609375 0.6708333333333333 0.24375 0.6625 0.24375 0.6430555555555556 0.2484375 0.6291666666666667 0.2484375 0.6180555555555556 0.25234375 0.6027777777777777 0.25 0.5944444444444444 0.25078125 0.5888888888888889 0.25546875 0.5861111111111111 0.265625 0.5722222222222222 0.275 0.5708333333333333 0.28203125 0.5652777777777778 0.290625 0.5652777777777778 0.2921875 0.5680555555555555
0 0.69296875 0.7541666666666667 0.72421875 0.7569444444444444 0.740625 0.7625 0.74765625 0.7708333333333334 0.7546875 0.7888888888888889 0.7625 0.7916666666666666 0.76640625 0.7972222222222223 0.765625 0.8055555555555556 0.76171875 0.8069444444444445 0.76015625 0.8138888888888889 0.765625 0.8444444444444444 0.77421875 0.8694444444444445 0.775 0.8930555555555556 0.77734375 0.8986111111111111 0.7796875 0.9180555555555555 0.77734375 0.9263888888888889 0.775 0.9722222222222222 0.77109375 0.9944444444444445 0.76875 0.9972222222222222 0.74765625 0.9916666666666667 0.7515625 0.9875 0.75546875 0.9888888888888889 0.75625 0.9861111111111112 0.753125 0.9833333333333333 0.75625 0.9805555555555555 0.75390625 0.9777777777777777 0.7484375 0.9791666666666666 0.75 0.9847222222222223 0.74140625 0.9805555555555555 0.7390625 0.9652777777777778 0.7140625 0.9583333333333334 0.68203125 0.9555555555555556 0.67109375 0.9652777777777778 0.66953125 0.9777777777777777 0.6640625 0.9861111111111112 0.66015625 0.9875 0.6546875 0.9819444444444444 0.65390625 0.9638888888888889 0.65625 0.9569444444444445 0.65625 0.9458333333333333 0.653125 0.9263888888888889 0.646875 0.9083333333333333 0.6453125 0.8847222222222222 0.64375 0.8819444444444444 0.64375 0.8597222222222223 0.64609375 0.8541666666666666 0.6453125 0.8055555555555556 0.64765625 0.7958333333333333 0.64140625 0.7847222222222222 0.6453125 0.7777777777777778 0.65703125 0.7777777777777778 0.66015625 0.775 0.67109375 0.7555555555555555 0.6921875 0.7541666666666667
0 0.459375 0.2791666666666667 0.4640625 0.2861111111111111 0.46875 0.3 0.46796875 0.3236111111111111 0.46484375 0.33055555555555555 0.45859375 0.3277777777777778 0.4390625 0.33055555555555555 0.4359375 0.3263888888888889 0.43515625 0.30833333333333335 0.4390625 0.2847222222222222 0.4453125 0.2791666666666667 0.45859375 0.2791666666666667
0 0.03046875 0.4152777777777778 0.03671875 0.41805555555555557 0.046875 0.43472222222222223 0.04921875 0.46111111111111114 0.046875 0.47638888888888886 0.03515625 0.4777777777777778 0.0265625 0.49166666666666664 0.003125 0.49027777777777776 0 0.4861111111111111 0 0.41805555555555557 0.00390625 0.4152777777777778 0.0296875 0.4152777777777778
0 0.21640625 0.3375 0.23046875 0.325 0.2515625 0.325 0.25546875 0.32916666666666666 0.25859375 0.3416666666666667 0.25859375 0.34444444444444444 0.25390625 0.3458333333333333 0.25 0.3527777777777778 0.2453125 0.3763888888888889 0.21640625 0.37916666666666665 0.2140625 0.375 0.21328125 0.36666666666666664 0.21640625 0.3388888888888889
0 0.64375 0.35694444444444445 0.64765625 0.3625 0.6515625 0.38472222222222224 0.625 0.38333333333333336 0.6203125 0.39444444444444443 0.61953125 0.4013888888888889 0.6125 0.3972222222222222 0.6109375 0.39166666666666666 0.61171875 0.375 0.61484375 0.36527777777777776 0.615625 0.3541666666666667 0.64296875 0.35694444444444445
0 0.61328125 0.22916666666666666 0.61640625 0.23472222222222222 0.61640625 0.24305555555555555 0.6125 0.26666666666666666 0.5984375 0.2652777777777778 0.59453125 0.23472222222222222 0.59453125 0.23055555555555557 0.59765625 0.2263888888888889 0.6125 0.22916666666666666
0 0.19765625 0.3 0.1984375 0.32916666666666666 0.20078125 0.33055555555555555 0.20234375 0.3277777777777778 0.20078125 0.3013888888888889 0.20234375 0.2986111111111111 0.2078125 0.3 0.21328125 0.3111111111111111 0.2140625 0.3375 0.21328125 0.3402777777777778 0.2046875 0.3388888888888889 0.2 0.3333333333333333 0.19765625 0.3388888888888889 0.19296875 0.3402777777777778 0.1859375 0.3486111111111111 0.18125 0.3486111111111111 0.17734375 0.34444444444444444 0.178125 0.32222222222222224 0.18515625 0.30277777777777776 0.196875 0.3
0 0.2390625 0.20833333333333334 0.2484375 0.20833333333333334 0.2546875 0.2125 0.259375 0.2222222222222222 0.259375 0.23333333333333334 0.2546875 0.24027777777777778 0.24453125 0.2375 0.2375 0.24305555555555555 0.23203125 0.23472222222222222 0.23125 0.21388888888888888 0.234375 0.20833333333333334 0.23828125 0.20833333333333334
0 0.6875 0.31527777777777777 0.6921875 0.3194444444444444 0.6890625 0.3472222222222222 0.6828125 0.35138888888888886 0.678125 0.36527777777777776 0.67421875 0.3680555555555556 0.66875 0.3680555555555556 0.6640625 0.3625 0.66328125 0.33611111111111114 0.66640625 0.3194444444444444 0.66875 0.31527777777777777 0.68671875 0.31527777777777777
0 0.9640625 0.9097222222222222 0.071875 0.18055555555555555
0 0.0671875 0.8680555555555556 0.05625 0.8902777777777777 0.04296875 0.9069444444444444 0.0359375 0.9208333333333333 0.02265625 0.9361111111111111 0.02109375 0.9347222222222222 0.021875 0.9305555555555556 0.02890625 0.9111111111111111 0.04609375 0.8791666666666667 0.05625 0.8694444444444445 0.06640625 0.8680555555555556
0 0.5921875 0.3958333333333333 0.6109375 0.4 0.61953125 0.4111111111111111 0.62265625 0.4222222222222222 0.63046875 0.42777777777777776 0.63046875 0.43472222222222223 0.621875 0.4361111111111111 0.61640625 0.44583333333333336 0.609375 0.45 0.60546875 0.45 0.59765625 0.44027777777777777 0.5890625 0.4375 0.559375 0.4375 0.55625 0.43472222222222223 0.55625 0.42916666666666664 0.5640625 0.40555555555555556 0.59140625 0.3958333333333333
0 0.49609375 0.2361111111111111 0.49921875 0.2638888888888889 0.4984375 0.2722222222222222 0.4953125 0.2791666666666667 0.47578125 0.2791666666666667 0.47265625 0.2652777777777778 0.475 0.2375 0.478125 0.23472222222222222 0.4953125 0.2361111111111111
0 0.565625 0.4375 0.5984375 0.44166666666666665 0.60625 0.45555555555555555 0.60859375 0.49027777777777776 0.60625 0.5 0.609375 0.5319444444444444 0.60703125 0.5527777777777778 0.603125 0.5666666666666667 0.603125 0.575 0.5984375 0.5708333333333333 0.590625 0.5486111111111112 0.58515625 0.5416666666666666 0.5765625 0.5388888888888889 0.54921875 0.5388888888888889 0.546875 0.5361111111111111 0.5453125 0.5111111111111111 0.54921875 0.48055555555555557 0.55 0.44583333333333336 0.55234375 0.44027777777777777 0.56484375 0.4375
0 0.68046875 0.6638888888888889 0.6984375 0.6680555555555555 0.7078125 0.6777777777777778 0.71328125 0.6930555555555555 0.71484375 0.7097222222222223 0.7234375 0.7416666666666667 0.72421875 0.7527777777777778 0.72109375 0.7555555555555555 0.7078125 0.7527777777777778 0.6703125 0.7541666666666667 0.6578125 0.7763888888888889 0.64609375 0.7763888888888889 0.640625 0.7819444444444444 0.640625 0.7888888888888889 0.6453125 0.7930555555555555 0.64375 0.8083333333333333 0.6390625 0.8 0.63984375 0.7847222222222222 0.63203125 0.7555555555555555 0.63125 0.7347222222222223 0.634375 0.7180555555555556 0.63203125 0.7013888888888888 0.6328125 0.6930555555555555 0.63828125 0.6847222222222222 0.6390625 0.6777777777777778 0.64296875 0.6708333333333333 0.65234375 0.6638888888888889 0.6796875 0.6638888888888889
0 0.5671875 0.3611111111111111 0.571875 0.36527777777777776 0.575 0.38055555555555554 0.5671875 0.3819444444444444 0.5625 0.3875 0.56015625 0.3875 0.56015625 0.37916666666666665 0.55703125 0.3736111111111111 0.54609375 0.36944444444444446 0.553125 0.3611111111111111 0.56640625 0.3611111111111111
0 0.35703125 0.19444444444444445 0.36171875 0.2 0.36484375 0.21666666666666667 0.36171875 0.22361111111111112 0.35234375 0.2263888888888889 0.34375 0.22361111111111112 0.34296875 0.20694444444444443 0.34609375 0.19583333333333333 0.35625 0.19444444444444445
0 0.19375 0.22083333333333333 0.19765625 0.2263888888888889 0.19609375 0.2513888888888889 0.19375 0.25972222222222224 0.1796875 0.25555555555555554 0.1765625 0.24722222222222223 0.1765625 0.2263888888888889 0.19296875 0.22083333333333333
0 0.54921875 0.37222222222222223 0.55859375 0.37777777777777777 0.55859375 0.3902777777777778 0.5625 0.4041666666666667 0.56171875 0.4152777777777778 0.55625 0.42777777777777776 0.55546875 0.43472222222222223 0.55 0.44027777777777777 0.546875 0.4486111111111111 0.5390625 0.4361111111111111 0.53046875 0.45416666666666666 0.525 0.4527777777777778 0.5203125 0.43333333333333335 0.515625 0.425 0.5015625 0.41805555555555557 0.50390625 0.4041666666666667 0.50390625 0.38472222222222224 0.51015625 0.375 0.5203125 0.37083333333333335 0.5484375 0.37222222222222223
0 0.596875 0.26666666666666666 0.60078125 0.28888888888888886 0.60078125 0.2986111111111111 0.5984375 0.3013888888888889 0.5921875 0.3013888888888889 0.5890625 0.2902777777777778 0.5765625 0.2902777777777778 0.56953125 0.2861111111111111 0.57265625 0.26805555555555555 0.575 0.2638888888888889 0.59453125 0.2638888888888889 0.59609375 0.26666666666666666
0 0.5578125 0.6569444444444444 0.603125 0.6638888888888889 0.61171875 0.6708333333333333 0.6140625 0.6763888888888889 0.6234375 0.7375 0.6234375 0.7569444444444444 0.62109375 0.7694444444444445 0.6203125 0.8125 0.6171875 0.8319444444444445 0.61875 0.8652777777777778 0.6125 0.9111111111111111 0.60703125 0.9111111111111111 0.60234375 0.9055555555555556 0.5984375 0.9055555555555556 0.5921875 0.8944444444444445 0.5828125 0.8875 0.5375 0.8819444444444444 0.521875 0.8833333333333333 0.51796875 0.8791666666666667 0.51640625 0.8555555555555555 0.51796875 0.8472222222222222 0.51953125 0.7847222222222222 0.5171875 0.7777777777777778 0.51484375 0.7777777777777778 0.51171875 0.7638888888888888 0.5125 0.7263888888888889 0.5171875 0.7069444444444445 0.515625 0.6847222222222222 0.52265625 0.6680555555555555 0.528125 0.6625 0.55703125 0.6569444444444444
0 0.58515625 0.2902777777777778 0.59140625 0.29305555555555557 0.59140625 0.3236111111111111 0.5890625 0.325 0.58125 0.325 0.57578125 0.31666666666666665 0.56015625 0.31527777777777777 0.5578125 0.3125 0.559375 0.29583333333333334 0.56328125 0.28888888888888886 0.584375 0.2902777777777778
0 0.61953125 0.4625 0.64296875 0.4666666666666667 0.65546875 0.4652777777777778 0.66015625 0.46805555555555556 0.6671875 0.48333333333333334 0.66484375 0.49722222222222223 0.65 0.5013888888888889 0.646875 0.5055555555555555 0.64453125 0.5208333333333334 0.63515625 0.5361111111111111 0.6328125 0.5541666666666667 0.62734375 0.5611111111111111 0.61875 0.5611111111111111 0.61640625 0.5583333333333333 0.6109375 0.5361111111111111 0.609375 0.5152777777777777 0.61015625 0.4652777777777778 0.61171875 0.4625 0.61875 0.4625
0 0.58828125 0.24166666666666667 0.59375 0.24722222222222223 0.59609375 0.2638888888888889 0.58125 0.2638888888888889 0.57421875 0.2708333333333333 0.571875 0.26805555555555555 0.57265625 0.25555555555555554 0.58046875 0.24166666666666667 0.5875 0.24166666666666667
0 0.63671875 0.2791666666666667 0.6390625 0.2791666666666667 0.6375 0.2861111111111111 0.64375 0.29305555555555557 0.65078125 0.2916666666666667 0.653125 0.2861111111111111 0.65234375 0.2791666666666667 0.6546875 0.2791666666666667 0.65546875 0.2875 0.65859375 0.29444444444444445 0.6671875 0.29583333333333334 0.6734375 0.30277777777777776 0.66484375 0.33194444444444443 0.66328125 0.34305555555555556 0.6640625 0.3541666666666667 0.66171875 0.36527777777777776 0.65234375 0.3638888888888889 0.646875 0.35833333333333334 0.6359375 0.3375 0.634375 0.30972222222222223 0.6359375 0.3013888888888889 0.63984375 0.29583333333333334 0.63828125 0.29305555555555557 0.63359375 0.29444444444444445 0.63359375 0.28888888888888886 0.63671875 0.2847222222222222 0.63671875 0.28055555555555556
0 0.640625 0.38333333333333336 0.65078125 0.3861111111111111 0.65703125 0.39861111111111114 0.659375 0.4111111111111111 0.6578125 0.4444444444444444 0.65234375 0.4375 0.64375 0.4375 0.6328125 0.43194444444444446 0.63203125 0.4263888888888889 0.61953125 0.40694444444444444 0.61875 0.4 0.6234375 0.38472222222222224 0.63984375 0.38333333333333336
0 0.4421875 0.23055555555555557 0.4453125 0.23472222222222222 0.44609375 0.24027777777777778 0.4421875 0.24583333333333332 0.43359375 0.24861111111111112 0.428125 0.24583333333333332 0.42890625 0.2375 0.4328125 0.23194444444444445 0.44140625 0.23055555555555557
0 0.25546875 0.6972222222222222 0.28203125 0.6972222222222222 0.303125 0.7 0.31015625 0.7041666666666667 0.325 0.7041666666666667 0.3328125 0.7138888888888889 0.33671875 0.7375 0.340625 0.7472222222222222 0.3390625 0.75 0.3390625 0.7597222222222222 0.34296875 0.7694444444444445 0.33984375 0.7777777777777778 0.34296875 0.7875 0.34296875 0.8 0.34921875 0.8208333333333333 0.35 0.875 0.3515625 0.8791666666666667 0.3515625 0.9041666666666667 0.353125 0.9083333333333333 0.3515625 0.9236111111111112 0.353125 0.9319444444444445 0.35390625 0.9944444444444445 0.346875 0.9986111111111111 0.3421875 0.9958333333333333 0.3234375 0.9986111111111111 0.31640625 0.9944444444444445 0.23828125 0.9958333333333333 0.23359375 0.9930555555555556 0.22578125 0.9930555555555556 0.21953125 0.9986111111111111 0.18671875 0.9944444444444445 0.14140625 0.9958333333333333 0.1359375 0.9986111111111111 0.13203125 0.9944444444444445 0.12265625 0.9972222222222222 0.0890625 0.9958333333333333 0.084375 0.9944444444444445 0.084375 0.9902777777777778 0.08203125 0.9875 0.07890625 0.9944444444444445 0.07109375 0.9958333333333333 0.0546875 0.9944444444444445 0.0390625 0.9958333333333333 0.0375 0.9986111111111111 0.0046875 0.9986111111111111 0 0.9875 0 0.9791666666666666 0.0015625 0.9777777777777777 0 0.9736111111111111 0.00546875 0.9611111111111111 0.02890625 0.9333333333333333 0.04140625 0.9097222222222222 0.05234375 0.8944444444444445 0.05703125 0.8916666666666667 0.0703125 0.8638888888888889 0.08671875 0.8430555555555556 0.0984375 0.8194444444444444 0.1109375 0.8097222222222222 0.12421875 0.7902777777777777 0.13671875 0.7666666666666667 0.15625 0.7388888888888889 0.15703125 0.7305555555555555 0.1671875 0.7138888888888889 0.184375 0.7055555555555556 0.2140625 0.6986111111111111 0.2546875 0.6972222222222222
0 0.665625 0.4986111111111111 0.6859375 0.5013888888888889 0.690625 0.5041666666666667 0.69453125 0.5111111111111111 0.70078125 0.5333333333333333 0.7015625 0.55 0.70390625 0.5597222222222222 0.703125 0.5708333333333333 0.69765625 0.5708333333333333 0.68828125 0.5597222222222222 0.6796875 0.5555555555555556 0.6625 0.5541666666666667 0.64375 0.5611111111111111 0.63828125 0.5680555555555555 0.63671875 0.5763888888888888 0.63359375 0.5708333333333333 0.6359375 0.5333333333333333 0.6453125 0.5152777777777777 0.646875 0.5041666666666667 0.66484375 0.4986111111111111