3 0.76015625 0.45694444444444443 0.7828125 0.4625 0.87578125 0.4638888888888889 0.89453125 0.5041666666666667 0.9375 0.6194444444444445 0.9453125 0.6333333333333333 0.94609375 0.6472222222222223 0.94375 0.6861111111111111 0.9453125 0.7444444444444445 0.94375 0.7486111111111111 0.94453125 0.7708333333333334 0.9421875 0.8125 0.94140625 0.9236111111111112 0.93828125 0.9652777777777778 0.93984375 0.9736111111111111 0.93984375 0.9986111111111111 0.89765625 0.9986111111111111 0.8921875 0.9958333333333333 0.88203125 0.9958333333333333 0.8796875 0.9986111111111111 0.85078125 0.9986111111111111 0.84921875 0.9958333333333333 0.75 0.9958333333333333 0.746875 0.9986111111111111 0.71875 0.9986111111111111 0.71640625 0.9819444444444444 0.71015625 0.9708333333333333 0.70859375 0.9263888888888889 0.7109375 0.9041666666666667 0.71015625 0.8694444444444445 0.7140625 0.8361111111111111 0.71328125 0.7736111111111111 0.715625 0.7513888888888889 0.71640625 0.7263888888888889 0.71484375 0.7111111111111111 0.7171875 0.6875 0.7171875 0.6638888888888889 0.71171875 0.6541666666666667 0.7109375 0.6430555555555556 0.7125 0.6222222222222222 0.7171875 0.6138888888888889 0.71796875 0.6041666666666666 0.71796875 0.5611111111111111 0.71953125 0.5472222222222223 0.71796875 0.5319444444444444 0.7203125 0.5208333333333334 0.71953125 0.4625 0.72265625 0.45694444444444443 0.759375 0.45694444444444443
3 0.98828125 0.6430555555555556 0.99921875 0.6458333333333334 0.99921875 0.8833333333333333 0.9921875 0.8847222222222222 0.98359375 0.9069444444444444 0.98203125 0.9180555555555555 0.97421875 0.9347222222222222 0.96875 0.9375 0.965625 0.9430555555555555 0.9609375 0.9944444444444445 0.946875 0.9944444444444445 0.9421875 0.9625 0.94296875 0.9333333333333333 0.94609375 0.9208333333333333 0.94375 0.9027777777777778 0.94375 0.8694444444444445 0.946875 0.7361111111111112 0.946875 0.6569444444444444 0.95 0.6416666666666667 0.9875 0.6430555555555556
3 0.60078125 0.6958333333333333 0.65234375 0.7 0.65625 0.7041666666666667 0.665625 0.7291666666666666 0.66796875 0.7319444444444444 0.67578125 0.7305555555555555 0.68203125 0.7361111111111112 0.68203125 0.7472222222222222 0.67578125 0.7513888888888889 0.67734375 0.7666666666666667 0.675 0.8041666666666667 0.67578125 0.8583333333333333 0.66953125 0.8736111111111111 0.66796875 0.9152777777777777 0.665625 0.9208333333333333 0.66015625 0.9208333333333333 0.65703125 0.9152777777777777 0.65390625 0.8972222222222223 0.65546875 0.8805555555555555 0.65078125 0.8666666666666667 0.6484375 0.8444444444444444 0.64375 0.8305555555555556 0.64140625 0.8125 0.63359375 0.7986111111111112 0.615625 0.8 0.59609375 0.7944444444444444 0.5921875 0.7972222222222223 0.55703125 0.7972222222222223 0.553125 0.7930555555555555 0.5546875 0.7819444444444444 0.565625 0.7486111111111111 0.5640625 0.7430555555555556 0.559375 0.7416666666666667 0.55703125 0.7375 0.55703125 0.725 0.57265625 0.7222222222222222 0.57734375 0.7069444444444445 0.58515625 0.6958333333333333 0.6 0.6958333333333333
2 0.54921875 0.3597222222222222 0.5515625 0.36527777777777776 0.5515625 0.38333333333333336 0.54609375 0.39444444444444443 0.54375 0.3861111111111111 0.54296875 0.3680555555555556 0.54609375 0.35694444444444445 0.5484375 0.3597222222222222
2 0.01875 0.5097222222222222 0.0234375 0.5361111111111111 0.02734375 0.5375 0.02890625 0.5333333333333333 0.02890625 0.5361111111111111 0.02109375 0.5513888888888889 0.015625 0.5569444444444445 0.00859375 0.5569444444444445 0.00390625 0.55 0.00234375 0.5361111111111111 0 0.5319444444444444 0 0.5263888888888889 0.0015625 0.525 0 0.5222222222222223 0.00390625 0.5097222222222222 0.01796875 0.5097222222222222
2 0.405859375 0.5006944444444444 0.01796875 0.04583333333333333
2 0.75390625 0.30694444444444446 0.75859375 0.30416666666666664 0.7625 0.30972222222222223 0.7625 0.33055555555555555 0.76015625 0.3347222222222222 0.75703125 0.3347222222222222 0.75390625 0.33194444444444443 0.75234375 0.325 0.75234375 0.3125 0.75390625 0.30833333333333335
2 0.80703125 0.39444444444444443 0.81171875 0.41388888888888886 0.80859375 0.42916666666666664 0.8046875 0.43333333333333335 0.7984375 0.43194444444444446 0.79609375 0.42083333333333334 0.79765625 0.4111111111111111 0.796875 0.4 0.79921875 0.3958333333333333 0.80625 0.3958333333333333
2 0.1453125 0.4513888888888889 0.15390625 0.45694444444444443 0.1546875 0.46111111111111114 0.15546875 0.49444444444444446 0.15390625 0.5027777777777778 0.15390625 0.4986111111111111 0.1390625 0.4625 0.13984375 0.4527777777777778 0.14453125 0.4513888888888889
2 0.77578125 0.31666666666666665 0.77578125 0.3402777777777778 0.765625 0.3347222222222222 0.7640625 0.33055555555555555 0.765625 0.31666666666666665 0.775 0.31666666666666665
2 0.5640625 0.36666666666666664 0.0140625 0.030555555555555555
2 0.32421875 0.18472222222222223 0.3265625 0.19305555555555556 0.32578125 0.20416666666666666 0.3234375 0.20555555555555555 0.32109375 0.2013888888888889 0.32109375 0.1875 0.3234375 0.18611111111111112
2 0.509375 0.40555555555555556 0.5125 0.4083333333333333 0.5125 0.4305555555555556 0.50546875 0.4444444444444444 0.5015625 0.44305555555555554 0.4984375 0.43194444444444446 0.49765625 0.4125 0.50078125 0.4041666666666667 0.50859375 0.40555555555555556
2 0.54140625 0.37916666666666665 0.54453125 0.3902777777777778 0.54453125 0.4 0.5375 0.41388888888888886 0.53515625 0.41388888888888886 0.53046875 0.4041666666666667 0.53125 0.3819444444444444 0.53359375 0.37916666666666665 0.540625 0.37916666666666665
2 0.3109375 0.6194444444444445 0.3171875 0.6277777777777778 0.3203125 0.6569444444444444 0.3171875 0.6708333333333333 0.30703125 0.6805555555555556 0.30234375 0.675 0.2984375 0.6375 0.29921875 0.6263888888888889 0.3015625 0.6208333333333333 0.31015625 0.6194444444444445
1 0.43046875 0.5625 0.440625 0.5666666666666667 0.4515625 0.5847222222222223 0.45703125 0.5875 0.45859375 0.5916666666666667 0.4546875 0.5986111111111111 0.45625 0.6222222222222222 0.45390625 0.6597222222222222 0.44921875 0.6680555555555555 0.446875 0.6819444444444445 0.4421875 0.6847222222222222 0.43359375 0.6736111111111112 0.41875 0.6680555555555555 0.38984375 0.6708333333333333 0.3796875 0.6847222222222222 0.3734375 0.6819444444444445 0.371875 0.6763888888888889 0.371875 0.6305555555555555 0.375 0.6111111111111112 0.3796875 0.6 0.3796875 0.5958333333333333 0.37421875 0.5861111111111111 0.3828125 0.5805555555555556 0.390625 0.5638888888888889 0.4296875 0.5625
1 0.5234375 0.2708333333333333 0.5296875 0.28055555555555556 0.52890625 0.28888888888888886 0.53125 0.3 0.53125 0.3111111111111111 0.52890625 0.32083333333333336 0.52421875 0.3236111111111111 0.51875 0.32083333333333336 0.5171875 0.31527777777777777 0.5140625 0.3138888888888889 0.5078125 0.2847222222222222 0.51015625 0.2708333333333333 0.52265625 0.2708333333333333
1 0 0.2652777777777778 0.0046875 0.2638888888888889 0.0203125 0.2777777777777778 0.02421875 0.2902777777777778 0.0234375 0.30277777777777776 0.0078125 0.30277777777777776 0 0.2833333333333333 0 0.26666666666666666
1 0.66171875 0.49444444444444446 0.671875 0.5097222222222222 0.675 0.5111111111111111 0.6796875 0.5208333333333334 0.6796875 0.5263888888888889 0.6734375 0.5319444444444444 0.67734375 0.5583333333333333 0.6765625 0.5847222222222223 0.65859375 0.5819444444444445 0.65390625 0.5847222222222223 0.6515625 0.5583333333333333 0.64765625 0.5541666666666667 0.64140625 0.5569444444444445 0.6375 0.5527777777777778 0.63203125 0.5555555555555556 0.6171875 0.5541666666666667 0.60546875 0.5569444444444445 0.60390625 0.5527777777777778 0.60390625 0.5375 0.60703125 0.5180555555555556 0.6109375 0.5125 0.61484375 0.49722222222222223 0.6171875 0.49444444444444446 0.62109375 0.49166666666666664 0.6578125 0.49166666666666664 0.6609375 0.49444444444444446
1 0.82578125 0.3055555555555556 0.82734375 0.30694444444444446 0.828125 0.3347222222222222 0.82578125 0.35138888888888886 0.82421875 0.3527777777777778 0.81953125 0.3527777777777778 0.815625 0.3458333333333333 0.8109375 0.33194444444444443 0.8109375 0.32222222222222224 0.815625 0.30833333333333335 0.8203125 0.30416666666666664 0.825 0.3055555555555556
1 0.6796875 0.5875 0.68828125 0.5902777777777778 0.6921875 0.5958333333333333 0.696875 0.6111111111111112 0.70234375 0.6125 0.70625 0.6180555555555556 0.70625 0.6236111111111111 0.70078125 0.6291666666666667 0.70859375 0.6625 0.70546875 0.7291666666666666 0.70390625 0.7430555555555556 0.70078125 0.7472222222222222 0.69375 0.7444444444444445 0.6921875 0.7277777777777777 0.6890625 0.7263888888888889 0.684375 0.7319444444444444 0.6765625 0.7263888888888889 0.675 0.6805555555555556 0.678125 0.6611111111111111 0.675 0.6222222222222222 0.671875 0.6166666666666667 0.66796875 0.6152777777777778 0.62734375 0.6111111111111112 0.62421875 0.6083333333333333 0.6265625 0.5958333333333333 0.6328125 0.5888888888888889 0.67890625 0.5875
1 0.73203125 0.28055555555555556 0.7390625 0.2902777777777778 0.7390625 0.3055555555555556 0.7375 0.30972222222222223 0.734375 0.30416666666666664 0.71640625 0.30416666666666664 0.7109375 0.3111111111111111 0.7046875 0.3277777777777778 0.70234375 0.3263888888888889 0.70078125 0.3138888888888889 0.7046875 0.29444444444444445 0.70859375 0.2847222222222222 0.71328125 0.28055555555555556 0.73125 0.28055555555555556
1 0.04765625 0.31805555555555554 0.0578125 0.3194444444444444 0.06328125 0.3236111111111111 0.0578125 0.3333333333333333 0.053125 0.35138888888888886 0.0484375 0.35694444444444445 0.04609375 0.38333333333333336 0.03828125 0.3875 0.034375 0.38055555555555554 0.0328125 0.3416666666666667 0.02890625 0.33611111111111114 0.02421875 0.3347222222222222 0.02421875 0.32916666666666666 0.028125 0.32222222222222224 0.046875 0.31805555555555554
1 0.278125 0.3625 0.284375 0.3472222222222222 0.28515625 0.32916666666666666 0.28984375 0.3194444444444444 0.3140625 0.31805555555555554 0.31640625 0.3416666666666667 0.32109375 0.35694444444444445 0.32109375 0.3625 0.31875 0.36666666666666664 0.3015625 0.3763888888888889 0.28984375 0.3972222222222222 0.28203125 0.39861111111111114 0.27890625 0.39305555555555555 0.27890625 0.3638888888888889
1 0.0984375 0.32222222222222224 0.10234375 0.3277777777777778 0.109375 0.35 0.109375 0.3819444444444444 0.10703125 0.3861111111111111 0.10234375 0.3861111111111111 0.08984375 0.3958333333333333 0.0609375 0.4 0.05390625 0.4097222222222222 0.05 0.4083333333333333 0.04765625 0.4 0.04609375 0.3638888888888889 0.046875 0.35833333333333334 0.05234375 0.35138888888888886 0.059375 0.32916666666666666 0.06875 0.3236111111111111 0.09765625 0.32222222222222224
1 0.2625 0.19305555555555556 0.26953125 0.19722222222222222 0.271875 0.21666666666666667 0.26875 0.22361111111111112 0.2625 0.225 0.25078125 0.2361111111111111 0.24609375 0.23472222222222222 0.240625 0.22777777777777777 0.2390625 0.21805555555555556 0.24921875 0.19583333333333333 0.26171875 0.19305555555555556
1 0.409375 0.3902777777777778 0.42265625 0.39166666666666666 0.428125 0.3972222222222222 0.4359375 0.4222222222222222 0.4375 0.43194444444444446 0.4359375 0.4736111111111111 0.428125 0.4875 0.41953125 0.4847222222222222 0.41640625 0.4625 0.4109375 0.4444444444444444 0.41015625 0.43194444444444446 0.4046875 0.4263888888888889 0.4015625 0.4305555555555556 0.3953125 0.45416666666666666 0.39375 0.48333333333333334 0.37578125 0.4708333333333333 0.37578125 0.4305555555555556 0.3828125 0.4 0.390625 0.39166666666666666 0.40859375 0.3902777777777778
1 0.45546875 0.36527777777777776 0.46015625 0.36944444444444446 0.4640625 0.3819444444444444 0.4703125 0.39305555555555555 0.47109375 0.42916666666666664 0.45703125 0.43194444444444446 0.44921875 0.4375 0.44140625 0.4361111111111111 0.43828125 0.43194444444444446 0.4296875 0.4 0.42265625 0.3888888888888889 0.42265625 0.3819444444444444 0.42734375 0.36944444444444446 0.43203125 0.36527777777777776 0.4546875 0.36527777777777776
1 0.665625 0.3736111111111111 0.67421875 0.3763888888888889 0.68125 0.39166666666666666 0.68203125 0.3958333333333333 0.68046875 0.39861111111111114 0.64765625 0.4027777777777778 0.64375 0.4111111111111111 0.63984375 0.4111111111111111 0.6390625 0.4083333333333333 0.6390625 0.3972222222222222 0.6421875 0.37916666666666665 0.646875 0.3736111111111111 0.66484375 0.3736111111111111
1 0.046875 0.2361111111111111 0.059375 0.2375 0.07109375 0.24305555555555555 0.07578125 0.2569444444444444 0.078125 0.28055555555555556 0.07421875 0.2847222222222222 0.0671875 0.2861111111111111 0.0640625 0.29305555555555557 0.0609375 0.29444444444444445 0.05234375 0.29444444444444445 0.04453125 0.2861111111111111 0.04140625 0.2777777777777778 0.04140625 0.2638888888888889 0.0359375 0.2513888888888889 0.034375 0.24166666666666667 0.03671875 0.2375 0.04609375 0.2375
1 0.0046875 0.6138888888888889 0.015625 0.6166666666666667 0.02265625 0.6222222222222222 0.0359375 0.6444444444444445 0.0390625 0.6611111111111111 0.03984375 0.6847222222222222 0.0328125 0.6972222222222222 0.0296875 0.6986111111111111 0.021875 0.6930555555555555 0.00390625 0.6930555555555555 0 0.6861111111111111 0 0.675 0.00234375 0.6722222222222223 0.00234375 0.6569444444444444 0.00390625 0.6541666666666667 0.00234375 0.6430555555555556 0 0.6416666666666667 0 0.6152777777777778 0.00390625 0.6138888888888889
1 0.23125 0.24722222222222223 0.234375 0.25555555555555554 0.2375 0.24722222222222223 0.2453125 0.25 0.24921875 0.2625 0.25078125 0.2791666666666667 0.24765625 0.2875 0.22578125 0.3013888888888889 0.21640625 0.3 0.21484375 0.2708333333333333 0.21640625 0.2625 0.22421875 0.24861111111111112 0.23046875 0.24722222222222223
1 0.784375 0.4527777777777778 0.790625 0.4361111111111111 0.80703125 0.4361111111111111 0.80859375 0.4388888888888889 0.80703125 0.45694444444444443 0.7890625 0.45694444444444443 0.78515625 0.45416666666666666
1 0.37265625 0.4736111111111111 0.38828125 0.48333333333333334 0.3953125 0.4986111111111111 0.40078125 0.5222222222222223 0.39765625 0.5569444444444445 0.38515625 0.5652777777777778 0.34609375 0.5611111111111111 0.3390625 0.5638888888888889 0.3328125 0.5722222222222222 0.3296875 0.5708333333333333 0.32734375 0.5611111111111111 0.32734375 0.5305555555555556 0.3296875 0.5166666666666667 0.34140625 0.48055555555555557 0.3453125 0.47638888888888886 0.3578125 0.4722222222222222 0.371875 0.4736111111111111
1 0.5515625 0.5361111111111111 0.5671875 0.5430555555555555 0.57734375 0.5708333333333333 0.5796875 0.5861111111111111 0.578125 0.6222222222222222 0.5765625 0.6333333333333333 0.57265625 0.6402777777777777 0.57109375 0.6611111111111111 0.5671875 0.6611111111111111 0.559375 0.6458333333333334 0.553125 0.6416666666666667 0.51875 0.6416666666666667 0.51015625 0.6569444444444444 0.5046875 0.6569444444444444 0.503125 0.6527777777777778 0.5046875 0.5930555555555556 0.50859375 0.5763888888888888 0.50859375 0.5722222222222222 0.503125 0.5638888888888889 0.50546875 0.5597222222222222 0.51171875 0.5583333333333333 0.5171875 0.5430555555555555 0.521875 0.5388888888888889 0.55078125 0.5361111111111111
1 0.71796875 0.31527777777777777 0.72421875 0.3125 0.7453125 0.31666666666666665 0.74921875 0.3194444444444444 0.75234375 0.3277777777777778 0.75234375 0.33194444444444443 0.75 0.3347222222222222 0.73125 0.33611111111111114 0.72734375 0.34305555555555556 0.728125 0.3638888888888889 0.7234375 0.3861111111111111 0.71640625 0.3861111111111111 0.71328125 0.3819444444444444 0.71171875 0.3680555555555556 0.709375 0.3625 0.71015625 0.3458333333333333 0.70859375 0.3388888888888889 0.71015625 0.33194444444444443 0.71328125 0.33611111111111114 0.71484375 0.3333333333333333 0.715625 0.3263888888888889 0.7140625 0.32083333333333336 0.71796875 0.31666666666666665
1 0.6609375 0.27361111111111114 0.665625 0.2791666666666667 0.66796875 0.2902777777777778 0.6390625 0.29583333333333334 0.63671875 0.3 0.63515625 0.2972222222222222 0.6359375 0.28888888888888886 0.640625 0.275 0.66015625 0.27361111111111114
1 0.1359375 0.4625 0.15 0.4791666666666667 0.15390625 0.49166666666666664 0.1546875 0.5555555555555556 0.13984375 0.5652777777777778 0.13671875 0.5708333333333333 0.13359375 0.5847222222222223 0.13046875 0.5875 0.1078125 0.5916666666666667 0.084375 0.5916666666666667 0.08125 0.5888888888888889 0.071875 0.6055555555555555 0.06328125 0.6055555555555555 0.06015625 0.5944444444444444 0.06015625 0.5375 0.06640625 0.5180555555555556 0.06328125 0.5069444444444444 0.06875 0.5027777777777778 0.08046875 0.4777777777777778 0.0890625 0.46805555555555556 0.13515625 0.4625
1 0.3140625 0.2875 0.31640625 0.30416666666666664 0.3140625 0.3263888888888889 0.31015625 0.3194444444444444 0.29296875 0.3194444444444444 0.2875 0.3263888888888889 0.284375 0.3472222222222222 0.2796875 0.35555555555555557 0.27578125 0.35555555555555557 0.275 0.3277777777777778 0.278125 0.30416666666666664 0.28203125 0.29305555555555557 0.2859375 0.2875 0.2921875 0.2847222222222222 0.31015625 0.2847222222222222 0.31328125 0.2875
1 0.34921875 0.2763888888888889 0.35234375 0.2791666666666667 0.3421875 0.2875 0.33984375 0.29444444444444445 0.3421875 0.30416666666666664 0.34453125 0.3013888888888889 0.35 0.30416666666666664 0.3484375 0.30972222222222223 0.346875 0.30416666666666664 0.34296875 0.30416666666666664 0.3421875 0.3125 0.34453125 0.32083333333333336 0.33515625 0.3263888888888889 0.32421875 0.32083333333333336 0.321875 0.30416666666666664 0.3234375 0.28888888888888886 0.32734375 0.2791666666666667 0.33125 0.2763888888888889 0.3484375 0.2763888888888889
1 0.48515625 0.30972222222222223 0.4921875 0.3138888888888889 0.4953125 0.3263888888888889 0.49921875 0.33055555555555555 0.49765625 0.34444444444444444 0.5 0.36944444444444446 0.4984375 0.37916666666666665 0.4953125 0.3819444444444444 0.48671875 0.37916666666666665 0.4828125 0.35555555555555557 0.48359375 0.35138888888888886 0.475 0.32916666666666666 0.45703125 0.325 0.459375 0.3138888888888889 0.46328125 0.30972222222222223 0.484375 0.30972222222222223
1 0.13046875 0.24027777777777778 0.13828125 0.24722222222222223 0.140625 0.2611111111111111 0.13984375 0.2791666666666667 0.134375 0.2861111111111111 0.11328125 0.2847222222222222 0.1109375 0.28194444444444444 0.10859375 0.2652777777777778 0.10546875 0.2611111111111111 0.1078125 0.24861111111111112 0.11328125 0.24027777777777778 0.1296875 0.24027777777777778
1 0.696875 0.25416666666666665 0.696875 0.28194444444444444 0.69296875 0.3 0.6828125 0.2986111111111111 0.68046875 0.2916666666666667 0.68046875 0.28055555555555556 0.6828125 0.2638888888888889 0.6859375 0.25555555555555554 0.69609375 0.25416666666666665
1 0.63984375 0.20416666666666666 0.65078125 0.20416666666666666 0.65546875 0.21388888888888888 0.6578125 0.23333333333333334 0.65625 0.22916666666666666 0.64453125 0.22916666666666666 0.640625 0.23194444444444445 0.63671875 0.24027777777777778 0.6359375 0.25416666666666665 0.63359375 0.25972222222222224 0.6296875 0.25972222222222224 0.628125 0.25416666666666665 0.628125 0.225 0.63046875 0.2152777777777778 0.63671875 0.20416666666666666 0.6390625 0.20416666666666666
1 0.078125 0.24305555555555555 0.0984375 0.25972222222222224 0.10390625 0.25972222222222224 0.109375 0.26666666666666666 0.109375 0.2833333333333333 0.10390625 0.2833333333333333 0.09609375 0.28888888888888886 0.078125 0.28194444444444444 0.0765625 0.25972222222222224 0.0703125 0.24444444444444444 0.07734375 0.24305555555555555
1 0.2484375 0.3958333333333333 0.26015625 0.41944444444444445 0.2609375 0.43472222222222223 0.259375 0.44305555555555554 0.25390625 0.45416666666666666 0.246875 0.46111111111111114 0.2203125 0.4652777777777778 0.2171875 0.4652777777777778 0.215625 0.45694444444444443 0.2171875 0.4 0.2203125 0.3958333333333333 0.228125 0.39305555555555555 0.24453125 0.39305555555555555 0.24765625 0.3958333333333333
1 0.67109375 0.3402777777777778 0.675 0.3486111111111111 0.678125 0.36666666666666664 0.678125 0.3763888888888889 0.67578125 0.37777777777777777 0.6609375 0.37222222222222223 0.6515625 0.37222222222222223 0.64453125 0.37777777777777777 0.63984375 0.37777777777777777 0.63671875 0.37222222222222223 0.6375 0.35833333333333334 0.64609375 0.3388888888888889 0.6640625 0.3375 0.6703125 0.3402777777777778
1 0.6546875 0.23055555555555557 0.66015625 0.24305555555555555 0.6609375 0.24861111111111112 0.659375 0.2513888888888889 0.64921875 0.25 0.64765625 0.24722222222222223 0.63984375 0.2513888888888889 0.6375 0.24722222222222223 0.63984375 0.23333333333333334 0.65390625 0.23055555555555557
1 0.353125 0.18888888888888888 0.35625 0.19444444444444445 0.35703125 0.2111111111111111 0.35546875 0.2152777777777778 0.35 0.21805555555555556 0.3375 0.21805555555555556 0.33515625 0.20416666666666666 0.33828125 0.19027777777777777 0.35234375 0.18888888888888888
1 0.20078125 0.35 0.20625 0.3527777777777778 0.2078125 0.35833333333333334 0.20859375 0.4041666666666667 0.20703125 0.41388888888888886 0.19609375 0.41944444444444445 0.1859375 0.4166666666666667 0.17265625 0.41805555555555557 0.1703125 0.42083333333333334 0.16484375 0.41805555555555557 0.1640625 0.40694444444444444 0.1640625 0.39444444444444443 0.16953125 0.37222222222222223 0.178125 0.35555555555555557 0.1828125 0.35138888888888886 0.2 0.35
1 0.1390625 0.39305555555555555 0.1453125 0.40694444444444444 0.15078125 0.4083333333333333 0.15234375 0.42083333333333334 0.15078125 0.4305555555555556 0.1421875 0.4375 0.13671875 0.4597222222222222 0.1140625 0.4638888888888889 0.0921875 0.4638888888888889 0.0828125 0.4736111111111111 0.07421875 0.4875 0.07109375 0.47638888888888886 0.07109375 0.4486111111111111 0.07734375 0.42777777777777776 0.0765625 0.41805555555555557 0.08203125 0.41388888888888886 0.0875 0.4013888888888889 0.09453125 0.39305555555555555 0.10234375 0.3888888888888889 0.1296875 0.3888888888888889 0.13828125 0.39305555555555555
1 0.70234375 0.23194444444444445 0.709375 0.2361111111111111 0.71015625 0.24444444444444444 0.70234375 0.24722222222222223 0.6984375 0.25416666666666665 0.6921875 0.25277777777777777 0.68671875 0.25555555555555554 0.68515625 0.25555555555555554 0.684375 0.24861111111111112 0.6875 0.23472222222222222 0.7015625 0.23194444444444445
1 0.825 0.25833333333333336 0.82734375 0.2611111111111111 0.8265625 0.29305555555555557 0.82109375 0.2972222222222222 0.8078125 0.31805555555555554 0.80234375 0.31666666666666665 0.79609375 0.3013888888888889 0.79609375 0.2902777777777778 0.8 0.275 0.80703125 0.2625 0.82421875 0.25833333333333336
1 0.634375 0.55 0.640625 0.5555555555555556 0.6484375 0.5541666666666667 0.65078125 0.5569444444444445 0.65546875 0.5708333333333333 0.65703125 0.5833333333333334 0.6296875 0.5861111111111111 0.621875 0.6069444444444444 0.603125 0.6097222222222223 0.59296875 0.6083333333333333 0.5953125 0.5875 0.603125 0.5597222222222222 0.60546875 0.5555555555555556 0.63515625 0.5541666666666667 0.63515625 0.55
1 0.55625 0.7930555555555555 0.56484375 0.7972222222222223 0.584375 0.7986111111111112 0.5953125 0.7944444444444444 0.6203125 0.8 0.6296875 0.7972222222222223 0.63828125 0.8027777777777778 0.64453125 0.8361111111111111 0.6484375 0.8458333333333333 0.65 0.8763888888888889 0.65390625 0.8916666666666667 0.65234375 0.8986111111111111 0.65859375 0.9375 0.6578125 0.9986111111111111 0.6390625 0.9986111111111111 0.64140625 0.9875 0.63984375 0.9458333333333333 0.6421875 0.9375 0.640625 0.9236111111111112 0.6421875 0.9083333333333333 0.63671875 0.9 0.63515625 0.8791666666666667 0.6296875 0.8680555555555556 0.625 0.8722222222222222 0.6171875 0.8694444444444445 0.61171875 0.8736111111111111 0.60234375 0.8736111111111111 0.5984375 0.8680555555555556 0.58125 0.8680555555555556 0.578125 0.8638888888888889 0.50234375 0.8666666666666667 0.50390625 0.8597222222222223 0.50859375 0.8527777777777777 0.51796875 0.85 0.52109375 0.8361111111111111 0.5375 0.8347222222222223 0.540625 0.8277777777777777 0.54296875 0.8125 0.55 0.7944444444444444 0.55546875 0.7930555555555555
1 0.459375 0.325 0.475 0.3277777777777778 0.48125 0.34444444444444444 0.48515625 0.35833333333333334 0.48671875 0.3736111111111111 0.48515625 0.3902777777777778 0.48125 0.3972222222222222 0.475 0.3972222222222222 0.45859375 0.36666666666666664 0.44140625 0.3625 0.43984375 0.3597222222222222 0.44140625 0.3416666666666667 0.44609375 0.33055555555555555 0.44921875 0.3263888888888889 0.45859375 0.325
1 0.26796875 0.2513888888888889 0.034375 0.05277777777777778
1 0.01796875 0.24305555555555555 0.03359375 0.24722222222222223 0.040625 0.2638888888888889 0.04140625 0.2861111111111111 0.0390625 0.29583333333333334 0.0359375 0.3 0.025 0.3 0.02265625 0.2847222222222222 0.01875 0.2763888888888889 0.0078125 0.26944444444444443 0 0.25972222222222224 0 0.24444444444444444 0.0171875 0.24305555555555555
1 0.49140625 0.43472222222222223 0.49609375 0.44166666666666665 0.5 0.45555555555555555 0.50625 0.4625 0.5046875 0.46944444444444444 0.50390625 0.5166666666666667 0.49921875 0.5222222222222223 0.49765625 0.5305555555555556 0.49453125 0.5319444444444444 0.47890625 0.5180555555555556 0.45546875 0.5180555555555556 0.4484375 0.5291666666666667 0.44140625 0.5291666666666667 0.440625 0.5263888888888889 0.4421875 0.48055555555555557 0.45390625 0.4388888888888889 0.45625 0.43472222222222223 0.4640625 0.43333333333333335 0.490625 0.43472222222222223
1 0.68046875 0.39861111111111114 0.68828125 0.4166666666666667 0.696875 0.4222222222222222 0.6953125 0.42777777777777776 0.690625 0.43194444444444446 0.69296875 0.4361111111111111 0.6921875 0.4930555555555556 0.690625 0.5013888888888889 0.68671875 0.5041666666666667 0.678125 0.5027777777777778 0.6765625 0.49583333333333335 0.67578125 0.4222222222222222 0.67109375 0.4166666666666667 0.64140625 0.41388888888888886 0.640625 0.4111111111111111 0.64140625 0.40555555555555556 0.6453125 0.4 0.6796875 0.39861111111111114
1 0.64765625 0.24722222222222223 0.6578125 0.24861111111111112 0.6625 0.25555555555555554 0.6625 0.2708333333333333 0.6546875 0.275 0.64140625 0.275 0.63828125 0.2722222222222222 0.63671875 0.26666666666666666 0.63828125 0.2513888888888889 0.646875 0.24722222222222223
1 0.73359375 0.30277777777777776 0.7375 0.3055555555555556 0.73984375 0.3138888888888889 0.7234375 0.31527777777777777 0.71875 0.325 0.71015625 0.3638888888888889 0.70546875 0.35833333333333334 0.703125 0.3263888888888889 0.71328125 0.3055555555555556 0.7328125 0.30277777777777776
0 0.18671875 0.17916666666666667 0.20625 0.18055555555555555 0.2078125 0.18611111111111112 0.20625 0.19722222222222222 0.165625 0.19722222222222222 0.1640625 0.19444444444444445 0.16484375 0.18472222222222223 0.17734375 0.17916666666666667 0.1859375 0.17916666666666667
0 0.8765625 0.4097222222222222 0.896875 0.41388888888888886 0.9046875 0.41944444444444445 0.9203125 0.4375 0.93671875 0.4513888888888889 0.9515625 0.46944444444444444 0.9703125 0.4986111111111111 0.9734375 0.5194444444444445 0.97578125 0.5638888888888889 0.9765625 0.6222222222222222 0.97421875 0.6388888888888888 0.94921875 0.6361111111111111 0.940625 0.6222222222222222 0.90078125 0.5208333333333334 0.89375 0.4986111111111111 0.87734375 0.4625 0.80859375 0.45555555555555555 0.809375 0.4305555555555556 0.8140625 0.41944444444444445 0.828125 0.41805555555555557 0.8453125 0.4097222222222222 0.87578125 0.4097222222222222
0 0 0.3375 0.00546875 0.3333333333333333 0.0296875 0.3375 0.0328125 0.3416666666666667 0.03359375 0.38055555555555554 0.03671875 0.4125 0.0359375 0.4388888888888889 0.028125 0.45416666666666666 0.01640625 0.45416666666666666 0.0046875 0.4666666666666667 0 0.4652777777777778 0 0.3388888888888889
0 0.17890625 0.17916666666666667 0.20703125 0.18194444444444444 0.20703125 0.24722222222222223 0.20234375 0.25 0.19609375 0.24305555555555555 0.18359375 0.24166666666666667 0.18203125 0.23055555555555557 0.178125 0.23055555555555557 0.17265625 0.24583333333333332 0.16796875 0.24583333333333332 0.165625 0.24166666666666667 0.1640625 0.23194444444444445 0.1640625 0.18611111111111112 0.178125 0.18055555555555555