3 0.06328125 0.1763888888888889 0.078125 0.18333333333333332 0.08515625 0.20833333333333334 0.08515625 0.24861111111111112 0.08203125 0.25555555555555554 0.078125 0.25833333333333336 0.06796875 0.25833333333333336 0.059375 0.25277777777777777 0.05859375 0.17777777777777778 0.0625 0.1763888888888889
3 0.04296875 0.8472222222222222 0.10546875 0.8527777777777777 0.11328125 0.8555555555555555 0.11953125 0.8652777777777778 0.12578125 0.9 0.1234375 0.9125 0.1234375 0.9263888888888889 0.12578125 0.9388888888888889 0.12578125 0.975 0.1234375 0.9986111111111111 0.07578125 0.9986111111111111 0.07265625 0.9958333333333333 0.003125 0.9986111111111111 0 0.9902777777777778 0.0015625 0.9875 0 0.9833333333333333 0 0.9666666666666667 0.0015625 0.9652777777777778 0.00234375 0.9472222222222222 0.00234375 0.9125 0 0.9097222222222222 0 0.8722222222222222 0.003125 0.8625 0.01484375 0.8597222222222223 0.02265625 0.8472222222222222 0.0421875 0.8472222222222222
3 0.22578125 0.17777777777777778 0.23671875 0.18055555555555555 0.2421875 0.1875 0.24453125 0.20833333333333334 0.2390625 0.22777777777777777 0.23515625 0.22777777777777777 0.23046875 0.21805555555555556 0.22109375 0.20972222222222223 0.21953125 0.20416666666666666 0.21953125 0.18472222222222223 0.221875 0.17916666666666667 0.225 0.17777777777777778
3 0.43515625 0.2875 0.45390625 0.2902777777777778 0.47265625 0.2875 0.48046875 0.2902777777777778 0.4921875 0.3 0.49375 0.30694444444444446 0.50859375 0.3125 0.51171875 0.3263888888888889 0.5125 0.3416666666666667 0.51015625 0.3472222222222222 0.51015625 0.3597222222222222 0.515625 0.3819444444444444 0.5171875 0.44722222222222224 0.51171875 0.4513888888888889 0.4828125 0.45555555555555555 0.47578125 0.46944444444444444 0.46640625 0.4791666666666667 0.465625 0.49722222222222223 0.46328125 0.5027777777777778 0.459375 0.4986111111111111 0.45546875 0.4847222222222222 0.44765625 0.4722222222222222 0.42265625 0.4527777777777778 0.40390625 0.44722222222222224 0.396875 0.41944444444444445 0.3953125 0.35138888888888886 0.39921875 0.29305555555555557 0.4078125 0.2875 0.434375 0.2875
3 0.20625 0.20277777777777778 0.2171875 0.2125 0.22890625 0.21805555555555556 0.2328125 0.22361111111111112 0.23125 0.23472222222222222 0.21640625 0.24305555555555555 0.2046875 0.2388888888888889 0.1921875 0.24166666666666667 0.1890625 0.2388888888888889 0.18671875 0.2263888888888889 0.1875 0.20694444444444443 0.20546875 0.20277777777777778
2 0.315625 0.5194444444444445 0.32421875 0.5208333333333334 0.3265625 0.5291666666666667 0.3265625 0.5486111111111112 0.32578125 0.5527777777777778 0.321875 0.5541666666666667 0.30703125 0.5541666666666667 0.30546875 0.5513888888888889 0.3046875 0.5388888888888889 0.30625 0.5263888888888889 0.3109375 0.5194444444444445 0.31484375 0.5194444444444445
2 0.2703125 0.26805555555555555 0.2734375 0.28194444444444444 0.26875 0.29444444444444445 0.26328125 0.2875 0.2625 0.275 0.2640625 0.26944444444444443 0.26953125 0.26805555555555555
2 0.5609375 0.4625 0.5671875 0.46944444444444444 0.56875 0.4861111111111111 0.56796875 0.49166666666666664 0.56015625 0.5069444444444444 0.55625 0.5097222222222222 0.546875 0.49166666666666664 0.546875 0.48333333333333334 0.55 0.4708333333333333 0.56015625 0.4638888888888889
1 0.4546875 0.6666666666666666 0.46640625 0.6722222222222223 0.4796875 0.6930555555555555 0.4890625 0.725 0.4875 0.7319444444444444 0.48046875 0.7375 0.4734375 0.7305555555555555 0.45859375 0.6986111111111111 0.4421875 0.6722222222222223 0.4421875 0.6680555555555555 0.45390625 0.6666666666666666
1 0.53515625 0.3416666666666667 0.54609375 0.3458333333333333 0.55625 0.3638888888888889 0.55390625 0.38333333333333336 0.55078125 0.3888888888888889 0.540625 0.38472222222222224 0.52109375 0.3861111111111111 0.51796875 0.38333333333333336 0.51171875 0.35833333333333334 0.51484375 0.34444444444444444 0.51875 0.3402777777777778 0.534375 0.3416666666666667
1 0.4578125 0.20972222222222223 0.4671875 0.2125 0.4703125 0.21666666666666667 0.475 0.24027777777777778 0.4734375 0.24583333333333332 0.45390625 0.24583333333333332 0.45234375 0.24305555555555555 0.45078125 0.22083333333333333 0.4515625 0.2152777777777778 0.45703125 0.20972222222222223
1 0.728125 0.25833333333333336 0.7296875 0.2625 0.728125 0.2861111111111111 0.7296875 0.28888888888888886 0.7328125 0.2861111111111111 0.73125 0.2763888888888889 0.73203125 0.2638888888888889 0.7375 0.2638888888888889 0.7421875 0.26805555555555555 0.74296875 0.2833333333333333 0.73828125 0.2916666666666667 0.7265625 0.2902777777777778 0.7203125 0.2861111111111111 0.70234375 0.2902777777777778 0.70546875 0.275 0.71484375 0.2611111111111111 0.71953125 0.2569444444444444 0.72734375 0.25833333333333336
1 0.45390625 0.2625 0.45859375 0.2708333333333333 0.4609375 0.28194444444444444 0.4421875 0.2861111111111111 0.425 0.2847222222222222 0.4234375 0.28194444444444444 0.425 0.2652777777777778 0.4328125 0.2611111111111111 0.453125 0.2625
1 0.58359375 0.375 0.59375 0.3819444444444444 0.596875 0.3888888888888889 0.596875 0.39444444444444443 0.59140625 0.43194444444444446 0.58828125 0.44027777777777777 0.58125 0.4444444444444444 0.578125 0.45 0.57109375 0.45 0.56875 0.44583333333333336 0.56640625 0.43194444444444446 0.5625 0.4236111111111111 0.56171875 0.4125 0.55546875 0.39444444444444443 0.55546875 0.3875 0.55703125 0.38055555555555554 0.56171875 0.375 0.5828125 0.375
1 0.2484375 0.525 0.26015625 0.5277777777777778 0.26484375 0.5416666666666666 0.26640625 0.5569444444444445 0.2625 0.5597222222222222 0.2234375 0.5597222222222222 0.21796875 0.5666666666666667 0.21484375 0.5833333333333334 0.21015625 0.5930555555555556 0.2015625 0.5791666666666667 0.20078125 0.5708333333333333 0.2109375 0.5527777777777778 0.2140625 0.5347222222222222 0.221875 0.5277777777777778 0.24765625 0.525
1 0.37890625 0.18472222222222223 0.38046875 0.1875 0.38046875 0.1986111111111111 0.3765625 0.2125 0.37109375 0.21805555555555556 0.3671875 0.21666666666666667 0.365625 0.19166666666666668 0.36953125 0.18472222222222223 0.378125 0.18472222222222223
1 0.40703125 0.5277777777777778 0.42109375 0.5305555555555556 0.42890625 0.5388888888888889 0.43515625 0.5611111111111111 0.43828125 0.5888888888888889 0.44375 0.6041666666666666 0.4453125 0.6166666666666667 0.44375 0.6263888888888889 0.4390625 0.6263888888888889 0.4328125 0.6152777777777778 0.42265625 0.6055555555555555 0.4125 0.6041666666666666 0.40390625 0.6069444444444444 0.378125 0.5680555555555555 0.3671875 0.5569444444444445 0.36640625 0.5527777777777778 0.36875 0.5430555555555555 0.375 0.5319444444444444 0.40625 0.5277777777777778
1 0.8140625 0.8402777777777778 0.83984375 0.8444444444444444 0.8484375 0.85 0.86640625 0.875 0.875 0.8944444444444445 0.89140625 0.9208333333333333 0.896875 0.9333333333333333 0.89921875 0.9458333333333333 0.89765625 0.9513888888888888 0.87890625 0.95 0.871875 0.9541666666666667 0.8671875 0.9805555555555555 0.86171875 0.9930555555555556 0.83828125 0.9944444444444445 0.83046875 0.9930555555555556 0.82734375 0.9888888888888889 0.8203125 0.9958333333333333 0.80859375 0.9944444444444445 0.80078125 0.9888888888888889 0.79453125 0.9930555555555556 0.75625 0.9930555555555556 0.74375 0.9958333333333333 0.7375 0.9930555555555556 0.73671875 0.9888888888888889 0.7375 0.9666666666666667 0.73984375 0.9625 0.7453125 0.9625 0.746875 0.9597222222222223 0.7375 0.9541666666666667 0.73984375 0.9166666666666666 0.7546875 0.8597222222222223 0.75859375 0.8541666666666666 0.771875 0.8472222222222222 0.784375 0.8472222222222222 0.79140625 0.8430555555555556 0.81328125 0.8402777777777778
1 0.396875 0.20972222222222223 0.4015625 0.21805555555555556 0.403125 0.24305555555555555 0.4015625 0.24583333333333332 0.38359375 0.24722222222222223 0.38046875 0.24305555555555555 0.3796875 0.22083333333333333 0.38671875 0.2125 0.39609375 0.2111111111111111
1 0.3953125 0.19444444444444445 0.39921875 0.1986111111111111 0.4 0.2125 0.38515625 0.2152777777777778 0.38125 0.2222222222222222 0.38046875 0.23333333333333334 0.37734375 0.22083333333333333 0.37734375 0.20833333333333334 0.3796875 0.1986111111111111 0.38515625 0.19305555555555556 0.39453125 0.19444444444444445
1 0.340625 0.23055555555555557 0.3421875 0.23472222222222222 0.33828125 0.24166666666666667 0.32578125 0.24583333333333332 0.32265625 0.25 0.32421875 0.26666666666666666 0.32265625 0.275 0.31875 0.2777777777777778 0.31484375 0.2763888888888889 0.31328125 0.26944444444444443 0.3140625 0.24861111111111112 0.3171875 0.2388888888888889 0.3234375 0.23194444444444445 0.33984375 0.23055555555555557
1 0.92734375 0.6430555555555556 0.93125 0.6430555555555556 0.94140625 0.6597222222222222 0.95 0.6652777777777777 0.94765625 0.6777777777777778 0.95625 0.6916666666666667 0.965625 0.7152777777777778 0.96875 0.7347222222222223 0.96796875 0.7763888888888889 0.96328125 0.7986111111111112 0.959375 0.8013888888888889 0.9484375 0.8 0.93515625 0.7763888888888889 0.928125 0.7736111111111111 0.9265625 0.7430555555555556 0.92734375 0.7125 0.92578125 0.7013888888888888 0.92734375 0.6444444444444445
1 0.41796875 0.6041666666666666 0.4328125 0.6152777777777778 0.446875 0.6458333333333334 0.4578125 0.6513888888888889 0.45703125 0.6569444444444444 0.4515625 0.6597222222222222 0.45078125 0.6652777777777777 0.446875 0.6680555555555555 0.4390625 0.6652777777777777 0.40703125 0.6152777777777778 0.40625 0.6069444444444444 0.4171875 0.6041666666666666
1 0.41796875 0.2111111111111111 0.43203125 0.20833333333333334 0.4359375 0.22361111111111112 0.43203125 0.24027777777777778 0.41640625 0.2388888888888889 0.4140625 0.2361111111111111 0.4140625 0.22361111111111112 0.415625 0.2152777777777778 0.41796875 0.2125
1 0.45625 0.18611111111111112 0.4671875 0.18611111111111112 0.471875 0.2 0.471875 0.20694444444444443 0.46953125 0.2111111111111111 0.4578125 0.20972222222222223 0.45390625 0.19583333333333333 0.45625 0.1875
1 0.34453125 0.2013888888888889 0.3515625 0.2 0.35859375 0.18888888888888888 0.3640625 0.18888888888888888 0.36796875 0.1986111111111111 0.36796875 0.20694444444444443 0.3703125 0.2125 0.3640625 0.22361111111111112 0.353125 0.21944444444444444 0.34375 0.22083333333333333 0.34140625 0.21666666666666667 0.34140625 0.20694444444444443 0.34453125 0.20277777777777778
1 0.33984375 0.4125 0.353125 0.4305555555555556 0.36640625 0.4722222222222222 0.36640625 0.5041666666666667 0.3625 0.5263888888888889 0.3515625 0.5222222222222223 0.334375 0.5222222222222223 0.328125 0.5263888888888889 0.31875 0.5027777777777778 0.31015625 0.5 0.3078125 0.5041666666666667 0.30703125 0.5222222222222223 0.30234375 0.5222222222222223 0.30078125 0.5111111111111111 0.3 0.44583333333333336 0.30390625 0.4263888888888889 0.3078125 0.41805555555555557 0.31171875 0.4152777777777778 0.3390625 0.4125
1 0.6359375 0.3861111111111111 0.64296875 0.39166666666666666 0.6484375 0.4013888888888889 0.65078125 0.4111111111111111 0.63203125 0.41805555555555557 0.62734375 0.4263888888888889 0.6234375 0.44166666666666665 0.59375 0.43472222222222223 0.59453125 0.4097222222222222 0.5984375 0.3902777777777778 0.603125 0.3861111111111111 0.63515625 0.3861111111111111
1 0.3640625 0.35833333333333334 0.3734375 0.3680555555555556 0.37890625 0.3902777777777778 0.38046875 0.44305555555555554 0.3765625 0.45 0.36328125 0.44722222222222224 0.34140625 0.4111111111111111 0.33125 0.4097222222222222 0.33046875 0.3861111111111111 0.33671875 0.3638888888888889 0.34453125 0.35694444444444445 0.36328125 0.35833333333333334
1 0.48828125 0.2652777777777778 0.4953125 0.26805555555555555 0.4984375 0.2777777777777778 0.49921875 0.2902777777777778 0.49765625 0.29583333333333334 0.49453125 0.2972222222222222 0.4734375 0.2833333333333333 0.4734375 0.275 0.47734375 0.26805555555555555 0.4875 0.2652777777777778
1 0.54609375 0.3875 0.55390625 0.3958333333333333 0.56015625 0.4111111111111111 0.56484375 0.44027777777777777 0.5578125 0.4375 0.5453125 0.44027777777777777 0.54140625 0.4527777777777778 0.5359375 0.4583333333333333 0.51875 0.4444444444444444 0.5171875 0.4305555555555556 0.51796875 0.39166666666666666 0.5234375 0.3861111111111111 0.5453125 0.3875
1 0.43046875 0.24305555555555555 0.434375 0.2569444444444444 0.42578125 0.2625 0.42265625 0.26944444444444443 0.421875 0.28055555555555556 0.4171875 0.28194444444444444 0.40625 0.2777777777777778 0.40390625 0.26805555555555555 0.40625 0.25277777777777777 0.41328125 0.24027777777777778 0.4265625 0.24027777777777778 0.4296875 0.24305555555555555
1 0.99296875 0.9472222222222222 0.99921875 0.9541666666666667 0.99921875 0.9972222222222222 0.996875 0.9986111111111111 0.93984375 0.9986111111111111 0.9390625 0.9958333333333333 0.934375 0.9986111111111111 0.9296875 0.9944444444444445 0.91875 0.9972222222222222 0.9078125 0.9944444444444445 0.90078125 0.9986111111111111 0.89140625 0.9986111111111111 0.8890625 0.9958333333333333 0.8625 0.9986111111111111 0.87109375 0.9708333333333333 0.871875 0.9611111111111111 0.87890625 0.9541666666666667 0.89375 0.9527777777777777 0.90390625 0.9569444444444445 0.9078125 0.9486111111111111 0.91328125 0.9513888888888888 0.93359375 0.9486111111111111 0.94453125 0.9527777777777777 0.9484375 0.9486111111111111 0.96484375 0.9486111111111111 0.97734375 0.9444444444444444 0.9921875 0.9472222222222222
1 0.49765625 0.17777777777777778 0.5015625 0.18472222222222223 0.5015625 0.19444444444444445 0.49921875 0.19722222222222222 0.48671875 0.19722222222222222 0.48515625 0.19444444444444445 0.48671875 0.17916666666666667 0.490625 0.1763888888888889 0.496875 0.17777777777777778
1 0.4453125 0.20416666666666666 0.45234375 0.2152777777777778 0.45078125 0.23055555555555557 0.4453125 0.2361111111111111 0.4421875 0.23472222222222222 0.440625 0.22777777777777777 0.43515625 0.22083333333333333 0.434375 0.2125 0.4375 0.1986111111111111 0.44140625 0.1986111111111111 0.44453125 0.20416666666666666
1 0.3 0.2916666666666667 0.30390625 0.29444444444444445 0.31015625 0.30833333333333335 0.31015625 0.35138888888888886 0.3078125 0.35555555555555557 0.28984375 0.3527777777777778 0.27421875 0.35833333333333334 0.26953125 0.35694444444444445 0.26796875 0.35 0.26875 0.30972222222222223 0.27265625 0.3 0.278125 0.29444444444444445 0.29921875 0.2916666666666667
1 0.66484375 0.23333333333333334 0.66796875 0.2375 0.67265625 0.25416666666666665 0.671875 0.26805555555555555 0.66640625 0.2722222222222222 0.6609375 0.2722222222222222 0.65390625 0.26666666666666666 0.64921875 0.25277777777777777 0.65 0.24305555555555555 0.65390625 0.2361111111111111 0.6640625 0.23333333333333334
1 0.99921875 0.8402777777777778 0.99921875 0.9388888888888889 0.99453125 0.9402777777777778 0.97734375 0.9388888888888889 0.9765625 0.9263888888888889 0.978125 0.8930555555555556 0.9875 0.8680555555555556 0.98984375 0.8541666666666666 0.9984375 0.8402777777777778
1 0.4140625 0.18472222222222223 0.415625 0.18888888888888888 0.41484375 0.20972222222222223 0.4109375 0.21666666666666667 0.4015625 0.2125 0.4 0.19305555555555556 0.40390625 0.18194444444444444 0.4109375 0.18055555555555555 0.41328125 0.18472222222222223
1 0.7125 0.7152777777777778 0.7265625 0.7333333333333333 0.74296875 0.7652777777777777 0.7515625 0.7902777777777777 0.75546875 0.8222222222222222 0.7640625 0.8375 0.76640625 0.8472222222222222 0.75625 0.8541666666666666 0.753125 0.8597222222222223 0.7390625 0.9138888888888889 0.7375 0.9277777777777778 0.73828125 0.9416666666666667 0.734375 0.95 0.71171875 0.9527777777777777 0.6875 0.9513888888888888 0.66953125 0.9625 0.6609375 0.9555555555555556 0.65859375 0.9305555555555556 0.653125 0.9236111111111112 0.646875 0.9013888888888889 0.64609375 0.8930555555555556 0.653125 0.8763888888888889 0.65234375 0.8694444444444445 0.6484375 0.8611111111111112 0.63671875 0.8597222222222223 0.625 0.825 0.62421875 0.8055555555555556 0.6265625 0.7638888888888888 0.63671875 0.7208333333333333 0.640625 0.7125 0.64453125 0.7097222222222223 0.68046875 0.7041666666666667 0.70234375 0.7069444444444445 0.71171875 0.7152777777777778
1 0.5984375 0.6736111111111112 0.6203125 0.6763888888888889 0.6296875 0.6805555555555556 0.63671875 0.6888888888888889 0.64375 0.7041666666666667 0.6359375 0.7194444444444444 0.628125 0.7486111111111111 0.6234375 0.7819444444444444 0.62265625 0.8111111111111111 0.61953125 0.8125 0.5953125 0.7791666666666667 0.55703125 0.7791666666666667 0.55 0.7638888888888888 0.54453125 0.7444444444444445 0.546875 0.7138888888888889 0.55625 0.6930555555555555 0.5703125 0.6875 0.5796875 0.6763888888888889 0.59765625 0.675
1 0.521875 0.7291666666666666 0.52734375 0.7361111111111112 0.5390625 0.7430555555555556 0.54375 0.7513888888888889 0.553125 0.7791666666666667 0.51796875 0.7902777777777777 0.49765625 0.8319444444444445 0.496875 0.8402777777777778 0.49453125 0.8444444444444444 0.48984375 0.8416666666666667 0.48984375 0.8361111111111111 0.48671875 0.8277777777777777 0.4796875 0.7541666666666667 0.48046875 0.7444444444444445 0.48828125 0.7388888888888889 0.49296875 0.7291666666666666 0.50078125 0.725 0.515625 0.725 0.52109375 0.7291666666666666
1 0.52578125 0.45416666666666666 0.5375 0.4666666666666667 0.55390625 0.5125 0.55390625 0.5513888888888889 0.55078125 0.5708333333333333 0.546875 0.5722222222222222 0.52890625 0.5638888888888889 0.50625 0.5638888888888889 0.50078125 0.5666666666666667 0.49375 0.5819444444444445 0.4875 0.5805555555555556 0.48203125 0.5583333333333333 0.4703125 0.55 0.46953125 0.5361111111111111 0.46640625 0.525 0.46875 0.4791666666666667 0.484375 0.45555555555555555 0.525 0.45416666666666666
1 0.584375 0.7819444444444444 0.5984375 0.7875 0.61015625 0.8027777777777778 0.6203125 0.8194444444444444 0.63046875 0.8541666666666666 0.63984375 0.8694444444444445 0.64765625 0.8694444444444445 0.64765625 0.8777777777777778 0.64140625 0.8861111111111111 0.64140625 0.8958333333333334 0.653125 0.9430555555555555 0.65390625 0.9583333333333334 0.6515625 0.9652777777777778 0.64453125 0.9708333333333333 0.62734375 0.9722222222222222 0.6234375 0.9777777777777777 0.62890625 0.9833333333333333 0.64296875 0.9763888888888889 0.65234375 0.9777777777777777 0.65546875 0.9819444444444444 0.65625 0.9888888888888889 0.65625 0.9930555555555556 0.65234375 0.9986111111111111 0.628125 0.9986111111111111 0.62734375 0.9958333333333333 0.61484375 0.9944444444444445 0.5625 0.9944444444444445 0.56015625 0.9902777777777778 0.56796875 0.9902777777777778 0.57109375 0.9944444444444445 0.57734375 0.9888888888888889 0.57890625 0.9833333333333333 0.57265625 0.9791666666666666 0.5453125 0.9791666666666666 0.5328125 0.9861111111111112 0.53046875 0.9833333333333333 0.51875 0.9833333333333333 0.51328125 0.9777777777777777 0.5078125 0.9583333333333334 0.503125 0.9513888888888888 0.5 0.9305555555555556 0.4953125 0.9222222222222223 0.49609375 0.9097222222222222 0.4921875 0.8958333333333334 0.49375 0.8902777777777777 0.49375 0.8666666666666667 0.49609375 0.8583333333333333 0.49609375 0.8430555555555556 0.5140625 0.7972222222222223 0.521875 0.7888888888888889 0.54609375 0.7833333333333333 0.58359375 0.7819444444444444
1 0.25234375 0.5583333333333333 0.2578125 0.5611111111111111 0.22890625 0.5777777777777777 0.225 0.5875 0.221875 0.6652777777777777 0.22265625 0.6833333333333333 0.2203125 0.7180555555555556 0.21796875 0.7222222222222222 0.21328125 0.7180555555555556 0.2078125 0.6902777777777778 0.2046875 0.6486111111111111 0.20703125 0.6291666666666667 0.20234375 0.6180555555555556 0.2078125 0.6083333333333333 0.20859375 0.5930555555555556 0.2140625 0.5805555555555556 0.21328125 0.575 0.21640625 0.5638888888888889 0.22578125 0.5583333333333333 0.2515625 0.5583333333333333
1 0.6546875 0.41388888888888886 0.67109375 0.41805555555555557 0.67890625 0.4236111111111111 0.684375 0.43333333333333335 0.6828125 0.44583333333333336 0.67421875 0.45 0.64296875 0.4527777777777778 0.6375 0.4666666666666667 0.6265625 0.4513888888888889 0.625 0.4444444444444444 0.6265625 0.42916666666666664 0.6296875 0.42083333333333334 0.634375 0.4166666666666667 0.65390625 0.41388888888888886
1 0.58046875 0.4513888888888889 0.5828125 0.4486111111111111 0.62109375 0.4513888888888889 0.628125 0.45694444444444443 0.63671875 0.4708333333333333 0.63828125 0.48333333333333334 0.6375 0.5027777777777778 0.634375 0.5111111111111111 0.61640625 0.49583333333333335 0.60625 0.49166666666666664 0.57421875 0.49166666666666664 0.57109375 0.4888888888888889 0.5703125 0.4777777777777778 0.5734375 0.4638888888888889 0.58046875 0.4527777777777778
1 0.48046875 0.1763888888888889 0.484375 0.18194444444444444 0.4859375 0.19583333333333333 0.48046875 0.20555555555555555 0.47265625 0.20416666666666666 0.46640625 0.18055555555555555 0.46640625 0.17777777777777778 0.4703125 0.175 0.4796875 0.1763888888888889
0 0.7390625 0.44722222222222224 0.75859375 0.45416666666666666 0.853125 0.5013888888888889 0.87421875 0.5208333333333334 0.90859375 0.5388888888888889 0.91953125 0.5527777777777778 0.9203125 0.5861111111111111 0.925 0.6152777777777778 0.92578125 0.6611111111111111 0.92578125 0.7736111111111111 0.92265625 0.8277777777777777 0.92109375 0.8333333333333334 0.91328125 0.8375 0.89765625 0.8361111111111111 0.87734375 0.8430555555555556 0.81484375 0.8347222222222223 0.79296875 0.8361111111111111 0.77265625 0.8305555555555556 0.76875 0.8277777777777777 0.76171875 0.8125 0.7578125 0.8097222222222222 0.75234375 0.7777777777777778 0.73984375 0.7555555555555555 0.73828125 0.7486111111111111 0.72734375 0.7305555555555555 0.7109375 0.7111111111111111 0.70078125 0.7055555555555556 0.678125 0.7 0.64921875 0.7027777777777777 0.6359375 0.6833333333333333 0.63359375 0.6722222222222223 0.63359375 0.6472222222222223 0.63515625 0.6333333333333333 0.6375 0.5125 0.63984375 0.4736111111111111 0.64375 0.45555555555555555 0.6921875 0.4486111111111111 0.73828125 0.44722222222222224
0 0.33828125 0.5555555555555556 0.36328125 0.5597222222222222 0.37421875 0.5666666666666667 0.38125 0.575 0.45390625 0.6902777777777778 0.47578125 0.7347222222222223 0.48515625 0.8236111111111111 0.484375 0.8763888888888889 0.48671875 0.8819444444444444 0.484375 0.8861111111111111 0.484375 0.8930555555555556 0.48671875 0.8972222222222223 0.48828125 0.9097222222222222 0.48671875 0.9166666666666666 0.48828125 0.9208333333333333 0.48984375 0.9527777777777777 0.4890625 0.9833333333333333 0.4734375 0.9902777777777778 0.41640625 0.9916666666666667 0.39375 0.9958333333333333 0.3921875 0.9986111111111111 0.384375 0.9986111111111111 0.37890625 0.9944444444444445 0.346875 0.9944444444444445 0.3421875 0.9986111111111111 0.31484375 0.9986111111111111 0.28984375 0.9944444444444445 0.28203125 0.9986111111111111 0.24453125 0.9986111111111111 0.2375 0.9916666666666667 0.23828125 0.9861111111111112 0.23515625 0.9708333333333333 0.23203125 0.9361111111111111 0.228125 0.9222222222222223 0.22578125 0.8930555555555556 0.2234375 0.8222222222222222 0.225 0.8 0.22109375 0.7472222222222222 0.22421875 0.6375 0.2234375 0.6055555555555555 0.22578125 0.5986111111111111 0.2265625 0.5847222222222223 0.234375 0.575 0.26171875 0.5625 0.29296875 0.5569444444444445 0.31640625 0.5597222222222222 0.3375 0.5569444444444445
0 0.34765625 0.2388888888888889 0.365625 0.2388888888888889 0.396875 0.2652777777777778 0.39765625 0.28055555555555556 0.3953125 0.2916666666666667 0.39609375 0.33055555555555555 0.39375 0.35138888888888886 0.3953125 0.37222222222222223 0.39296875 0.38333333333333336 0.37890625 0.38333333333333336 0.3703125 0.3611111111111111 0.3625 0.35694444444444445 0.340625 0.35694444444444445 0.33203125 0.36944444444444446 0.33125 0.3763888888888889 0.33125 0.35833333333333334 0.32734375 0.33611111111111114 0.32734375 0.325 0.33359375 0.31666666666666665 0.33125 0.30972222222222223 0.33125 0.3013888888888889 0.32421875 0.28055555555555556 0.32421875 0.2652777777777778 0.321875 0.25 0.32578125 0.24583333333333332 0.346875 0.2388888888888889