3 0.80234375 0.5222222222222223 0.81328125 0.525 0.853125 0.525 0.90390625 0.5319444444444444 0.91328125 0.5472222222222223 0.91953125 0.5680555555555555 0.9328125 0.5958333333333333 0.93828125 0.6027777777777777 0.940625 0.6125 0.9546875 0.6361111111111111 0.96171875 0.6555555555555556 0.97109375 0.6708333333333333 0.99921875 0.7291666666666666 0.99921875 0.8277777777777777 0.996875 0.8305555555555556 0.996875 0.8472222222222222 0.99921875 0.8486111111111111 0.99921875 0.9194444444444444 0.996875 0.9222222222222223 0.99921875 0.925 0.9953125 0.9291666666666667 0.996875 0.9583333333333334 0.99921875 0.9611111111111111 0.99921875 0.9958333333333333 0.99375 0.9986111111111111 0.9625 0.9986111111111111 0.9609375 0.9958333333333333 0.94609375 0.9958333333333333 0.94296875 0.9986111111111111 0.9390625 0.9958333333333333 0.92890625 0.9986111111111111 0.85078125 0.9986111111111111 0.84921875 0.9958333333333333 0.84609375 0.9986111111111111 0.8171875 0.9986111111111111 0.81484375 0.9958333333333333 0.80234375 0.9958333333333333 0.80078125 0.9986111111111111 0.7015625 0.9986111111111111 0.7 0.9944444444444445 0.70078125 0.9763888888888889 0.69765625 0.9513888888888888 0.69765625 0.8902777777777777 0.7 0.8625 0.6984375 0.8541666666666666 0.6984375 0.8291666666666667 0.7015625 0.7972222222222223 0.69921875 0.7930555555555555 0.7 0.7611111111111111 0.69609375 0.7541666666666667 0.7 0.7472222222222222 0.68984375 0.7375 0.6890625 0.7180555555555556 0.6921875 0.7069444444444445 0.6953125 0.7041666666666667 0.69921875 0.7069444444444445 0.70078125 0.7041666666666667 0.70859375 0.675 0.71015625 0.6361111111111111 0.71640625 0.5986111111111111 0.71640625 0.575 0.71484375 0.5680555555555555 0.715625 0.5263888888888889 0.7203125 0.5208333333333334 0.72890625 0.5194444444444445 0.8015625 0.5222222222222223
3 0.671875 0.3347222222222222 0.68046875 0.3458333333333333 0.68671875 0.3472222222222222 0.6890625 0.37222222222222223 0.6859375 0.4083333333333333 0.6828125 0.4027777777777778 0.67421875 0.3972222222222222 0.65625 0.3972222222222222 0.65 0.39861111111111114 0.6453125 0.4111111111111111 0.64453125 0.41944444444444445 0.63671875 0.43194444444444446 0.63203125 0.43194444444444446 0.62734375 0.42083333333333334 0.62578125 0.37222222222222223 0.63203125 0.3638888888888889 0.63515625 0.3472222222222222 0.64296875 0.3375 0.67109375 0.33611111111111114
3 0.502734375 0.41944444444444445 0.07265625 0.16944444444444445
2 0.584375 0.3013888888888889 0.5875 0.30694444444444446 0.58828125 0.3194444444444444 0.5828125 0.3333333333333333 0.5765625 0.3277777777777778 0.5765625 0.31527777777777777 0.578125 0.3055555555555556 0.58359375 0.3013888888888889
2 0.03125 0.3958333333333333 0.0328125 0.3972222222222222 0.03359375 0.42916666666666664 0.03046875 0.4388888888888889 0.02265625 0.44305555555555554 0.0203125 0.44027777777777777 0.0171875 0.41944444444444445 0.0171875 0.39861111111111114 0.021875 0.39305555555555555 0.03046875 0.3958333333333333
2 0.798046875 0.3784722222222222 0.01171875 0.018055555555555554
2 0.2375 0.37222222222222223 0.2484375 0.37222222222222223 0.2515625 0.39305555555555555 0.24765625 0.4097222222222222 0.23984375 0.4125 0.23671875 0.4013888888888889 0.2375 0.3736111111111111
2 0.06015625 0.49444444444444446 0.0625 0.4986111111111111 0.0640625 0.5416666666666666 0.0609375 0.5513888888888889 0.053125 0.5486111111111112 0.05078125 0.5569444444444445 0.046875 0.5555555555555556 0.04609375 0.55 0.0453125 0.5138888888888888 0.046875 0.49583333333333335 0.0484375 0.4930555555555556 0.059375 0.49444444444444446
2 0.26171875 0.3236111111111111 0.2703125 0.3236111111111111 0.27265625 0.3277777777777778 0.26953125 0.3375 0.2640625 0.34305555555555556 0.26015625 0.3375 0.26015625 0.3277777777777778 0.26171875 0.325
2 0.56484375 0.37083333333333335 0.5671875 0.3736111111111111 0.5671875 0.39444444444444443 0.5625 0.40555555555555556 0.5578125 0.4041666666666667 0.55546875 0.3861111111111111 0.55625 0.37222222222222223 0.5640625 0.37083333333333335
2 0.51640625 0.4791666666666667 0.5234375 0.4847222222222222 0.52421875 0.525 0.5234375 0.5388888888888889 0.515625 0.5527777777777778 0.5078125 0.5458333333333333 0.50546875 0.5319444444444444 0.50703125 0.5083333333333333 0.50546875 0.49722222222222223 0.50625 0.48333333333333334 0.515625 0.4791666666666667
1 0.19921875 0.4125 0.20390625 0.41805555555555557 0.20703125 0.42916666666666664 0.2078125 0.44583333333333336 0.20625 0.45416666666666666 0.2015625 0.4625 0.2015625 0.475 0.19609375 0.4861111111111111 0.19453125 0.49444444444444446 0.17578125 0.5027777777777778 0.1671875 0.5125 0.15390625 0.5152777777777777 0.14921875 0.5236111111111111 0.14140625 0.5263888888888889 0.13671875 0.5222222222222223 0.1359375 0.4875 0.1375 0.4736111111111111 0.14609375 0.44166666666666665 0.15625 0.42083333333333334 0.1640625 0.4166666666666667 0.190625 0.4166666666666667 0.1984375 0.41388888888888886
1 0.6984375 0.22916666666666666 0.715625 0.23194444444444445 0.7203125 0.24027777777777778 0.715625 0.24722222222222223 0.70703125 0.2513888888888889 0.69765625 0.24861111111111112 0.69140625 0.26805555555555555 0.690625 0.28055555555555556 0.6859375 0.28055555555555556 0.68203125 0.27361111111111114 0.68046875 0.2625 0.68203125 0.24583333333333332 0.690625 0.23333333333333334 0.6890625 0.23055555555555557 0.69765625 0.22916666666666666
1 0 0.24444444444444444 0.021875 0.24305555555555555 0.03125 0.24583333333333332 0.0359375 0.2513888888888889 0.04140625 0.26805555555555555 0.0359375 0.29444444444444445 0.0328125 0.2986111111111111 0.02734375 0.2972222222222222 0.0234375 0.29305555555555557 0.02109375 0.2833333333333333 0.01640625 0.275 0 0.2611111111111111 0 0.24583333333333332
1 0.71796875 0.19166666666666668 0.72109375 0.19583333333333333 0.72109375 0.20833333333333334 0.71953125 0.2125 0.7078125 0.2125 0.7046875 0.20972222222222223 0.703125 0.20277777777777778 0.70625 0.19027777777777777 0.7171875 0.19166666666666668
1 0.7171875 0.2513888888888889 0.71484375 0.25416666666666665 0.71796875 0.2569444444444444 0.73046875 0.25416666666666665 0.740625 0.2611111111111111 0.7421875 0.2652777777777778 0.71484375 0.2708333333333333 0.71640625 0.275 0.71640625 0.2875 0.71328125 0.3138888888888889 0.70859375 0.31527777777777777 0.70625 0.3194444444444444 0.703125 0.31805555555555554 0.69765625 0.30416666666666664 0.70078125 0.2861111111111111 0.7 0.275 0.70234375 0.25972222222222224 0.70546875 0.25416666666666665 0.71640625 0.25
1 0.20625 0.22777777777777777 0.2078125 0.23333333333333334 0.20625 0.25416666666666665 0.20078125 0.24722222222222223 0.18828125 0.24722222222222223 0.19140625 0.23055555555555557 0.20546875 0.22777777777777777
1 0.0296875 0.32222222222222224 0.03671875 0.3347222222222222 0.03671875 0.35138888888888886 0.034375 0.3680555555555556 0.0296875 0.3763888888888889 0.021875 0.3763888888888889 0.01875 0.37083333333333335 0.01640625 0.35833333333333334 0.01171875 0.35 0.0046875 0.35138888888888886 0 0.3458333333333333 0 0.3277777777777778 0.0046875 0.3236111111111111 0.01484375 0.32083333333333336 0.02890625 0.32222222222222224
1 0.28984375 0.19722222222222222 0.29609375 0.2 0.29921875 0.20833333333333334 0.296875 0.2152777777777778 0.2921875 0.21666666666666667 0.28984375 0.24305555555555555 0.275 0.24166666666666667 0.27578125 0.21388888888888888 0.27890625 0.2013888888888889 0.2890625 0.19722222222222222
1 0.39453125 0.4222222222222222 0.40859375 0.4236111111111111 0.41484375 0.42916666666666664 0.41796875 0.4388888888888889 0.41875 0.4527777777777778 0.4140625 0.46111111111111114 0.396875 0.4652777777777778 0.3859375 0.4736111111111111 0.36796875 0.4666666666666667 0.36640625 0.4597222222222222 0.3703125 0.44166666666666665 0.378125 0.425 0.39375 0.4222222222222222
1 0.73359375 0.4527777777777778 0.7296875 0.44166666666666665 0.7296875 0.425 0.734375 0.3958333333333333 0.740625 0.37916666666666665 0.76640625 0.38472222222222224 0.76875 0.3861111111111111 0.76875 0.3902777777777778 0.76484375 0.4111111111111111 0.759375 0.4236111111111111 0.7578125 0.45 0.734375 0.4527777777777778
1 0.8109375 0.39166666666666666 0.8140625 0.3958333333333333 0.8140625 0.4041666666666667 0.78203125 0.4013888888888889 0.77265625 0.40555555555555556 0.7671875 0.4152777777777778 0.76640625 0.43194444444444446 0.76796875 0.44722222222222224 0.765625 0.4666666666666667 0.759375 0.4625 0.75859375 0.44583333333333336 0.76015625 0.44305555555555554 0.76015625 0.4236111111111111 0.7640625 0.41388888888888886 0.76953125 0.3888888888888889 0.77265625 0.3861111111111111 0.79375 0.38472222222222224 0.81015625 0.39166666666666666
1 0 0.3888888888888889 0.0046875 0.3902777777777778 0.01015625 0.4236111111111111 0.00859375 0.4625 0.0046875 0.46805555555555556 0 0.4666666666666667 0 0.4513888888888889 0.0015625 0.45 0 0.3902777777777778
1 0.26640625 0.24305555555555555 0.27421875 0.24722222222222223 0.2765625 0.25972222222222224 0.275 0.26944444444444443 0.271875 0.27361111111111114 0.25390625 0.28194444444444444 0.24765625 0.28055555555555556 0.24609375 0.2708333333333333 0.246875 0.25972222222222224 0.253125 0.24722222222222223 0.265625 0.24305555555555555
1 0.7578125 0.5013888888888889 0.76875 0.5041666666666667 0.77109375 0.5180555555555556 0.73046875 0.5180555555555556 0.721875 0.5194444444444445 0.7171875 0.5236111111111111 0.71484375 0.6013888888888889 0.71328125 0.6166666666666667 0.7109375 0.6194444444444445 0.709375 0.6194444444444445 0.70859375 0.5944444444444444 0.71015625 0.5597222222222222 0.71328125 0.5388888888888889 0.70625 0.5319444444444444 0.70546875 0.5263888888888889 0.70859375 0.5222222222222223 0.71484375 0.5208333333333334 0.7234375 0.5027777777777778 0.75703125 0.5013888888888889
1 0.2484375 0.22361111111111112 0.25546875 0.23055555555555557 0.25546875 0.24166666666666667 0.24765625 0.25416666666666665 0.2359375 0.2375 0.23828125 0.225 0.24765625 0.22361111111111112
1 0 0.2652777777777778 0.00546875 0.2652777777777778 0.01953125 0.2777777777777778 0.02421875 0.2916666666666667 0.0234375 0.29583333333333334 0.0109375 0.30694444444444446 0.0078125 0.30694444444444446 0.003125 0.29583333333333334 0.00234375 0.2861111111111111 0 0.2833333333333333 0 0.26666666666666666
1 0.3671875 0.46805555555555556 0.3765625 0.4708333333333333 0.3796875 0.47638888888888886 0.371875 0.48055555555555557 0.3390625 0.5361111111111111 0.328125 0.55 0.32578125 0.55 0.32421875 0.5569444444444445 0.3171875 0.5694444444444444 0.31484375 0.5611111111111111 0.31640625 0.5541666666666667 0.31640625 0.5277777777777778 0.31796875 0.5180555555555556 0.3234375 0.5055555555555555 0.32421875 0.49166666666666664 0.33828125 0.4722222222222222 0.36640625 0.46805555555555556
1 0.5859375 0.5944444444444444 0.59609375 0.5902777777777778 0.6 0.5777777777777777 0.60546875 0.5722222222222222 0.64375 0.5708333333333333 0.65078125 0.5722222222222222 0.65859375 0.6 0.65859375 0.6055555555555555 0.65390625 0.6097222222222223 0.6296875 0.6097222222222223 0.62265625 0.6138888888888889 0.60703125 0.6277777777777778 0.6015625 0.6388888888888888 0.58828125 0.6513888888888889 0.5875 0.6361111111111111 0.59296875 0.6055555555555555 0.58671875 0.6013888888888889 0.5859375 0.5958333333333333
1 0.21640625 0.6847222222222222 0.23125 0.6916666666666667 0.24140625 0.7138888888888889 0.25 0.7152777777777778 0.25546875 0.7236111111111111 0.25390625 0.7375 0.25703125 0.7805555555555556 0.25390625 0.8361111111111111 0.25234375 0.8444444444444444 0.24921875 0.8486111111111111 0.24140625 0.8444444444444444 0.23671875 0.8486111111111111 0.2328125 0.8805555555555555 0.22734375 0.8902777777777777 0.21953125 0.8861111111111111 0.21328125 0.8736111111111111 0.2109375 0.8638888888888889 0.20625 0.8569444444444444 0.18984375 0.8527777777777777 0.18203125 0.8555555555555555 0.1734375 0.8430555555555556 0.16328125 0.8347222222222223 0.121875 0.8319444444444445 0.11484375 0.8305555555555556 0.11171875 0.8263888888888888 0.1171875 0.7708333333333334 0.12421875 0.75 0.12578125 0.7388888888888889 0.13984375 0.7041666666666667 0.15390625 0.6888888888888889 0.1609375 0.6861111111111111 0.215625 0.6847222222222222
1 0.64296875 0.30277777777777776 0.646875 0.3 0.66640625 0.3 0.66953125 0.30277777777777776 0.67265625 0.31805555555555554 0.67109375 0.325 0.6671875 0.3236111111111111 0.6640625 0.31805555555555554 0.6546875 0.31527777777777777 0.63984375 0.32222222222222224 0.6390625 0.31666666666666665 0.64296875 0.30416666666666664
1 0.44296875 0.3625 0.44921875 0.36944444444444446 0.4546875 0.3861111111111111 0.4578125 0.40694444444444444 0.45703125 0.4375 0.45078125 0.44722222222222224 0.44453125 0.44583333333333336 0.43984375 0.4361111111111111 0.428125 0.4388888888888889 0.41796875 0.4361111111111111 0.4140625 0.42777777777777776 0.403125 0.41805555555555557 0.40390625 0.39166666666666666 0.40703125 0.3736111111111111 0.4109375 0.36527777777777776 0.42890625 0.3597222222222222 0.4421875 0.3625
1 0.19921875 0.2777777777777778 0.20625 0.2902777777777778 0.2078125 0.3013888888888889 0.20703125 0.31666666666666665 0.1921875 0.3277777777777778 0.17421875 0.3347222222222222 0.1671875 0.3416666666666667 0.1625 0.3416666666666667 0.16015625 0.33194444444444443 0.1625 0.30694444444444446 0.1671875 0.2916666666666667 0.17265625 0.28194444444444444 0.178125 0.2777777777777778 0.1984375 0.2777777777777778
1 0.55234375 0.325 0.55546875 0.33194444444444443 0.55625 0.3402777777777778 0.5546875 0.35138888888888886 0.55625 0.37916666666666665 0.55390625 0.38333333333333336 0.5390625 0.38333333333333336 0.5375 0.3763888888888889 0.5375 0.34305555555555556 0.53359375 0.33611111111111114 0.52578125 0.3333333333333333 0.5265625 0.3277777777777778 0.5296875 0.3236111111111111 0.54375 0.32222222222222224 0.5515625 0.325
1 0.675 0.2013888888888889 0.675 0.20555555555555555 0.67734375 0.20833333333333334 0.69296875 0.20972222222222223 0.69609375 0.21666666666666667 0.6953125 0.2263888888888889 0.684375 0.23194444444444445 0.68046875 0.2513888888888889 0.675 0.25416666666666665 0.66953125 0.2361111111111111 0.66953125 0.21666666666666667 0.675 0.20277777777777778
1 0.20234375 0.24583333333333332 0.20625 0.24722222222222223 0.20703125 0.25416666666666665 0.20546875 0.2791666666666667 0.1796875 0.2777777777777778 0.17734375 0.275 0.178125 0.2652777777777778 0.18515625 0.2513888888888889 0.1890625 0.24722222222222223 0.2015625 0.24583333333333332
1 0.24140625 0.3347222222222222 0.2484375 0.3388888888888889 0.2578125 0.3597222222222222 0.2578125 0.3875 0.25546875 0.39305555555555555 0.2515625 0.39444444444444443 0.25 0.3763888888888889 0.25390625 0.3597222222222222 0.24765625 0.35 0.24453125 0.35 0.23671875 0.36527777777777776 0.2375 0.38333333333333336 0.23515625 0.3972222222222222 0.22109375 0.3972222222222222 0.2171875 0.39444444444444443 0.215625 0.3458333333333333 0.2203125 0.3375 0.240625 0.3347222222222222
1 0.6796875 0.4 0.68515625 0.4083333333333333 0.6875 0.4236111111111111 0.67421875 0.4236111111111111 0.65546875 0.43333333333333335 0.63984375 0.43194444444444446 0.6453125 0.4166666666666667 0.646875 0.40555555555555556 0.65 0.4 0.67890625 0.4
1 0.3671875 0.46805555555555556 0.3765625 0.4708333333333333 0.3796875 0.47638888888888886 0.37109375 0.48194444444444445 0.3453125 0.5263888888888889 0.334375 0.5402777777777777 0.32734375 0.5333333333333333 0.3171875 0.5361111111111111 0.3171875 0.5222222222222223 0.3234375 0.5069444444444444 0.325 0.49166666666666664 0.3375 0.4722222222222222 0.36640625 0.46805555555555556
1 0.12421875 0.8333333333333334 0.16484375 0.8361111111111111 0.178125 0.8513888888888889 0.18515625 0.8666666666666667 0.196875 0.8708333333333333 0.2 0.8777777777777778 0.1984375 0.9 0.2015625 0.9416666666666667 0.2 0.9472222222222222 0.1984375 0.9944444444444445 0.18984375 0.9972222222222222 0.165625 0.9958333333333333 0.16171875 0.9986111111111111 0.15546875 0.9958333333333333 0.13984375 0.9958333333333333 0.13828125 0.9986111111111111 0.0953125 0.9986111111111111 0.09296875 0.9958333333333333 0.08828125 0.9986111111111111 0.08515625 0.9958333333333333 0.04296875 0.9986111111111111 0.0203125 0.9958333333333333 0.015625 0.9902777777777778 0.01875 0.9875 0.01796875 0.9541666666666667 0.02578125 0.9375 0.028125 0.9180555555555555 0.03515625 0.8916666666666667 0.0421875 0.8736111111111111 0.06015625 0.8444444444444444 0.07109375 0.8361111111111111 0.1234375 0.8333333333333334
1 0.66796875 0.31527777777777777 0.67109375 0.31666666666666665 0.67265625 0.3236111111111111 0.67734375 0.33055555555555555 0.675 0.34444444444444444 0.63671875 0.3416666666666667 0.640625 0.3194444444444444 0.65390625 0.3125 0.6671875 0.31527777777777777
1 0.75 0.3 0.7546875 0.30277777777777776 0.75625 0.30694444444444446 0.7390625 0.3111111111111111 0.73125 0.3277777777777778 0.7203125 0.325 0.71640625 0.32083333333333336 0.715625 0.3055555555555556 0.7171875 0.3013888888888889 0.7203125 0.30277777777777776 0.72734375 0.2986111111111111 0.74921875 0.3
1 0.71015625 0.24166666666666667 0.71640625 0.24444444444444444 0.71875 0.25 0.7296875 0.25555555555555554 0.71953125 0.2569444444444444 0.71796875 0.25277777777777777 0.709375 0.25277777777777777 0.70625 0.2569444444444444 0.7015625 0.2708333333333333 0.69921875 0.30416666666666664 0.69609375 0.3055555555555556 0.69140625 0.30416666666666664 0.6890625 0.29444444444444445 0.6890625 0.2763888888888889 0.69375 0.25416666666666665 0.69296875 0.24861111111111112 0.6984375 0.24305555555555555 0.709375 0.24166666666666667
1 0.82578125 0.30416666666666664 0.82734375 0.3055555555555556 0.82734375 0.3347222222222222 0.8265625 0.3541666666666667 0.825 0.35694444444444445 0.82109375 0.35555555555555557 0.82109375 0.34444444444444444 0.8171875 0.33611111111111114 0.8109375 0.3333333333333333 0.8125 0.3125 0.81875 0.3055555555555556 0.825 0.30416666666666664
1 0.6375 0.5041666666666667 0.65859375 0.5069444444444444 0.66328125 0.5152777777777777 0.66484375 0.5236111111111111 0.67109375 0.5277777777777778 0.6703125 0.5402777777777777 0.678125 0.5777777777777777 0.678125 0.6055555555555555 0.67578125 0.6083333333333333 0.6609375 0.6027777777777777 0.65 0.5708333333333333 0.65 0.5652777777777778 0.63984375 0.5638888888888889 0.6359375 0.5694444444444444 0.62890625 0.5708333333333333 0.61015625 0.5694444444444444 0.6015625 0.5736111111111111 0.6 0.5708333333333333 0.603125 0.5430555555555555 0.5953125 0.5388888888888889 0.59453125 0.5291666666666667 0.6046875 0.5263888888888889 0.6171875 0.5041666666666667 0.63671875 0.5041666666666667
1 0.67890625 0.425 0.6765625 0.4361111111111111 0.68046875 0.44583333333333336 0.684375 0.4666666666666667 0.6890625 0.47638888888888886 0.69140625 0.5027777777777778 0.6890625 0.5402777777777777 0.68671875 0.55 0.678125 0.5486111111111112 0.67421875 0.5277777777777778 0.67421875 0.4583333333333333 0.67109375 0.4527777777777778 0.64765625 0.4527777777777778 0.63515625 0.4513888888888889 0.6328125 0.4486111111111111 0.63671875 0.43472222222222223 0.65 0.43472222222222223 0.65546875 0.43333333333333335 0.66171875 0.4263888888888889 0.678125 0.425
1 0.67109375 0.6111111111111112 0.68046875 0.6166666666666667 0.66640625 0.6333333333333333 0.66015625 0.6458333333333334 0.646875 0.65 0.64296875 0.6569444444444444 0.63828125 0.6847222222222222 0.63671875 0.6861111111111111 0.58515625 0.6847222222222222 0.58359375 0.6833333333333333 0.5828125 0.6708333333333333 0.584375 0.6611111111111111 0.58984375 0.65 0.60078125 0.6402777777777777 0.60703125 0.6291666666666667 0.625 0.6125 0.634375 0.6097222222222223 0.6703125 0.6111111111111112
1 0.6453125 0.2722222222222222 0.6609375 0.2722222222222222 0.66953125 0.28888888888888886 0.66953125 0.2972222222222222 0.66875 0.3 0.6453125 0.3 0.63828125 0.31666666666666665 0.63671875 0.33611111111111114 0.634375 0.3416666666666667 0.6296875 0.3416666666666667 0.62734375 0.33611111111111114 0.6265625 0.3194444444444444 0.62890625 0.3013888888888889 0.63125 0.2875 0.63671875 0.27361111111111114 0.64453125 0.2722222222222222
1 0.69375 0.42916666666666664 0.69921875 0.4444444444444444 0.70390625 0.4666666666666667 0.703125 0.5055555555555555 0.7 0.5125 0.6921875 0.5111111111111111 0.6890625 0.4791666666666667 0.684375 0.46805555555555556 0.6796875 0.44305555555555554 0.67265625 0.43194444444444446 0.6765625 0.4263888888888889 0.68984375 0.4263888888888889 0.69296875 0.42916666666666664
1 0.725 0.3263888888888889 0.7296875 0.33055555555555555 0.7265625 0.35138888888888886 0.72578125 0.37916666666666665 0.72421875 0.38472222222222224 0.70859375 0.3861111111111111 0.69921875 0.3861111111111111 0.69609375 0.3819444444444444 0.69609375 0.3597222222222222 0.7015625 0.33194444444444443 0.70390625 0.3263888888888889 0.70859375 0.325 0.72421875 0.3263888888888889
1 0.812109375 0.28888888888888886 0.03203125 0.06111111111111111
1 0.30390625 0.32916666666666666 0.30703125 0.3347222222222222 0.31171875 0.3611111111111111 0.30546875 0.3736111111111111 0.30078125 0.3902777777777778 0.29140625 0.4 0.271875 0.4083333333333333 0.2671875 0.4152777777777778 0.26015625 0.41388888888888886 0.2578125 0.39166666666666666 0.26015625 0.36666666666666664 0.26796875 0.3388888888888889 0.27421875 0.33055555555555555 0.303125 0.32916666666666666
1 0.7671875 0.3472222222222222 0.78359375 0.35138888888888886 0.78671875 0.35694444444444445 0.78984375 0.375 0.78984375 0.3819444444444444 0.7875 0.38472222222222224 0.76875 0.3875 0.765625 0.38333333333333336 0.75625 0.3819444444444444 0.74296875 0.3736111111111111 0.75 0.35 0.76640625 0.3472222222222222
0 0.20625 0.18055555555555555 0.2078125 0.1875 0.20625 0.19722222222222222 0.1796875 0.19583333333333333 0.16796875 0.1986111111111111 0.1640625 0.19583333333333333 0.1640625 0.1875 0.1671875 0.18333333333333332 0.17734375 0.17916666666666667 0.20546875 0.18055555555555555
0 0.478125 0.26666666666666666 0.490625 0.2777777777777778 0.49296875 0.3 0.49296875 0.33055555555555555 0.4890625 0.3347222222222222 0.4703125 0.3388888888888889 0.46875 0.3416666666666667 0.4671875 0.3541666666666667 0.46796875 0.38055555555555554 0.4671875 0.3888888888888889 0.46484375 0.39305555555555555 0.4578125 0.39166666666666666 0.4515625 0.37222222222222223 0.446875 0.3638888888888889 0.4328125 0.35555555555555557 0.4328125 0.31805555555555554 0.43515625 0.2875 0.43984375 0.2777777777777778 0.45234375 0.2652777777777778 0.47734375 0.26666666666666666
0 0.19453125 0.19444444444444445 0.20625 0.19583333333333333 0.2078125 0.20555555555555555 0.20703125 0.225 0.20546875 0.22777777777777777 0.1953125 0.22916666666666666 0.19140625 0.2375 0.19296875 0.24027777777777778 0.19140625 0.24305555555555555 0.175 0.24166666666666667 0.171875 0.24444444444444444 0.16796875 0.24444444444444444 0.16484375 0.2375 0.16328125 0.225 0.1640625 0.2013888888888889 0.1671875 0.19722222222222222 0.19375 0.19444444444444445
0 0.140625 0.24444444444444444 0.1453125 0.25 0.14921875 0.2777777777777778 0.15078125 0.29583333333333334 0.15 0.34444444444444444 0.13515625 0.36527777777777776 0.11015625 0.37777777777777777 0.10625 0.38472222222222224 0.10546875 0.39861111111111114 0.103125 0.4013888888888889 0.07109375 0.4041666666666667 0.05703125 0.4166666666666667 0.05390625 0.4152777777777778 0.04921875 0.4027777777777778 0.03984375 0.3972222222222222 0.0390625 0.39166666666666666 0.0375 0.33611111111111114 0.034375 0.3194444444444444 0.040625 0.2777777777777778 0.04609375 0.2708333333333333 0.05859375 0.2638888888888889 0.06328125 0.25416666666666665 0.0796875 0.24583333333333332 0.10234375 0.24444444444444444 0.11484375 0.24027777777777778 0.13984375 0.24444444444444444
0 0.6578125 0.1597222222222222 0.66484375 0.1625 0.66953125 0.17222222222222222 0.66484375 0.20277777777777778 0.6578125 0.19444444444444445 0.64765625 0.19722222222222222 0.63515625 0.19444444444444445 0.6296875 0.19722222222222222 0.62734375 0.18888888888888888 0.6265625 0.175 0.628125 0.16527777777777777 0.6359375 0.1597222222222222 0.65703125 0.1597222222222222
0 0.43515625 0.46111111111111114 0.453125 0.4666666666666667 0.4640625 0.47638888888888886 0.48828125 0.48333333333333334 0.490625 0.49027777777777776 0.49375 0.5236111111111111 0.50390625 0.5402777777777777 0.5046875 0.5611111111111111 0.49921875 0.5694444444444444 0.5015625 0.5805555555555556 0.4984375 0.5875 0.49921875 0.6347222222222222 0.49453125 0.6638888888888889 0.49453125 0.7097222222222223 0.4890625 0.7472222222222222 0.4859375 0.7541666666666667 0.48515625 0.7680555555555556 0.47734375 0.7944444444444444 0.47421875 0.8125 0.47265625 0.85 0.4703125 0.8555555555555555 0.46015625 0.8625 0.43203125 0.8666666666666667 0.3390625 0.8666666666666667 0.31640625 0.8597222222222223 0.31328125 0.8361111111111111 0.31328125 0.775 0.31484375 0.7569444444444444 0.31328125 0.7027777777777777 0.3140625 0.6472222222222223 0.3171875 0.5972222222222222 0.31484375 0.5791666666666667 0.315625 0.5708333333333333 0.3203125 0.5666666666666667 0.33046875 0.5472222222222223 0.3421875 0.5333333333333333 0.3546875 0.5097222222222222 0.375 0.48055555555555557 0.384375 0.4777777777777778 0.3984375 0.4666666666666667 0.4140625 0.4625 0.4203125 0.45555555555555555 0.43203125 0.45555555555555555 0.434375 0.46111111111111114