3 0.2453125 0.5166666666666667 0.265625 0.5194444444444445 0.26953125 0.525 0.27890625 0.5638888888888889 0.2796875 0.5861111111111111 0.28359375 0.6069444444444444 0.28359375 0.6166666666666667 0.2421875 0.6263888888888889 0.23828125 0.6333333333333333 0.2328125 0.6527777777777778 0.23203125 0.6652777777777777 0.228125 0.6819444444444445 0.22734375 0.7041666666666667 0.22109375 0.7097222222222223 0.21640625 0.7083333333333334 0.2109375 0.7166666666666667 0.20625 0.7166666666666667 0.203125 0.7097222222222223 0.1984375 0.6875 0.1984375 0.6708333333333333 0.19453125 0.6486111111111111 0.19765625 0.6069444444444444 0.1953125 0.5930555555555556 0.19296875 0.5375 0.19609375 0.5277777777777778 0.20703125 0.5208333333333334 0.24453125 0.5166666666666667
3 0.0703125 0.17777777777777778 0.08125 0.18888888888888888 0.08515625 0.20694444444444443 0.084375 0.22083333333333333 0.08671875 0.23333333333333334 0.08671875 0.24861111111111112 0.07890625 0.25833333333333336 0.0703125 0.25833333333333336 0.059375 0.25277777777777777 0.05859375 0.18055555555555555 0.06015625 0.1763888888888889 0.06953125 0.17777777777777778
3 0.11640625 0.8041666666666667 0.14375 0.8097222222222222 0.15 0.8194444444444444 0.15859375 0.8444444444444444 0.16796875 0.9180555555555555 0.17578125 0.9486111111111111 0.17578125 0.9666666666666667 0.1734375 0.975 0.1765625 0.9833333333333333 0.1765625 0.9986111111111111 0.14375 0.9986111111111111 0.1328125 0.9958333333333333 0.128125 0.9875 0.1078125 0.9722222222222222 0.0828125 0.9736111111111111 0.05859375 0.9652777777777778 0.0296875 0.9652777777777778 0.02734375 0.9527777777777777 0.02734375 0.9361111111111111 0.02109375 0.9111111111111111 0.02265625 0.9041666666666667 0.02109375 0.8861111111111111 0.0265625 0.8541666666666666 0.028125 0.825 0.0359375 0.8166666666666667 0.05625 0.8083333333333333 0.115625 0.8041666666666667
3 0.234375 0.17916666666666667 0.240625 0.18333333333333332 0.24375 0.19166666666666668 0.24375 0.2125 0.2375 0.21944444444444444 0.2265625 0.2152777777777778 0.21953125 0.2013888888888889 0.2203125 0.18055555555555555 0.23359375 0.17916666666666667
3 0.18515625 0.18194444444444444 0.20078125 0.18472222222222223 0.21015625 0.20416666666666666 0.221875 0.2111111111111111 0.2296875 0.21944444444444444 0.23203125 0.2263888888888889 0.22890625 0.24166666666666667 0.2234375 0.24583333333333332 0.20625 0.24444444444444444 0.20234375 0.24027777777777778 0.19140625 0.24027777777777778 0.17734375 0.23333333333333334 0.1796875 0.22916666666666666 0.17890625 0.22083333333333333 0.18515625 0.18333333333333332
1 0.68359375 0.41944444444444445 0.6953125 0.42777777777777776 0.70546875 0.4513888888888889 0.71015625 0.4513888888888889 0.71328125 0.45555555555555555 0.71328125 0.4597222222222222 0.70859375 0.4652777777777778 0.7109375 0.48194444444444445 0.71015625 0.4888888888888889 0.69921875 0.5208333333333334 0.6921875 0.5180555555555556 0.6578125 0.5166666666666667 0.64765625 0.5083333333333333 0.640625 0.49583333333333335 0.63671875 0.4708333333333333 0.63671875 0.4597222222222222 0.64609375 0.42083333333333334 0.65390625 0.4166666666666667 0.6828125 0.41944444444444445
1 0.49375 0.2611111111111111 0.49921875 0.26666666666666666 0.50546875 0.28055555555555556 0.50546875 0.2861111111111111 0.50078125 0.2916666666666667 0.484375 0.2916666666666667 0.4765625 0.30972222222222223 0.471875 0.30833333333333335 0.46640625 0.29305555555555557 0.4703125 0.26944444444444443 0.478125 0.2611111111111111 0.4859375 0.25833333333333336 0.49140625 0.25833333333333336 0.49296875 0.2611111111111111
1 0.21953125 0.3611111111111111 0.22578125 0.36527777777777776 0.23125 0.3819444444444444 0.21796875 0.38055555555555554 0.20859375 0.38333333333333336 0.2015625 0.39166666666666666 0.196875 0.40555555555555556 0.1921875 0.4097222222222222 0.18828125 0.4097222222222222 0.1859375 0.4 0.18203125 0.3958333333333333 0.18203125 0.3902777777777778 0.18828125 0.38333333333333336 0.19140625 0.36666666666666664 0.19765625 0.3611111111111111 0.21875 0.3611111111111111
1 0.46015625 0.3055555555555556 0.46640625 0.30972222222222223 0.46640625 0.3125 0.4609375 0.31805555555555554 0.4578125 0.32916666666666666 0.4546875 0.3680555555555556 0.45546875 0.3763888888888889 0.453125 0.3861111111111111 0.43828125 0.38333333333333336 0.4375 0.37083333333333335 0.434375 0.36527777777777776 0.4328125 0.3458333333333333 0.4375 0.3333333333333333 0.44140625 0.30972222222222223 0.459375 0.3055555555555556
1 0.41796875 0.2611111111111111 0.4421875 0.2638888888888889 0.44609375 0.2722222222222222 0.44765625 0.2833333333333333 0.44765625 0.2875 0.4453125 0.2902777777777778 0.43203125 0.2902777777777778 0.42578125 0.3013888888888889 0.42265625 0.32083333333333336 0.4171875 0.32083333333333336 0.415625 0.31805555555555554 0.415625 0.2791666666666667 0.41796875 0.2625
1 0.4578125 0.2152777777777778 0.47109375 0.22083333333333333 0.47578125 0.23333333333333334 0.4765625 0.24722222222222223 0.47265625 0.2513888888888889 0.4625 0.25277777777777777 0.45625 0.2652777777777778 0.453125 0.26666666666666666 0.4484375 0.2625 0.44765625 0.2375 0.45 0.22083333333333333 0.453125 0.2152777777777778 0.45703125 0.2152777777777778
1 0.5296875 0.29583333333333334 0.5359375 0.3 0.5421875 0.30972222222222223 0.54609375 0.32916666666666666 0.5078125 0.3236111111111111 0.5015625 0.31666666666666665 0.5046875 0.3055555555555556 0.51171875 0.29444444444444445 0.52890625 0.29583333333333334
1 0.278125 0.2388888888888889 0.28671875 0.25972222222222224 0.28671875 0.2722222222222222 0.2796875 0.2847222222222222 0.265625 0.28055555555555556 0.25703125 0.25972222222222224 0.25703125 0.24861111111111112 0.26015625 0.24166666666666667 0.2640625 0.2388888888888889 0.27734375 0.2388888888888889
1 0.8359375 0.6680555555555555 0.8765625 0.6777777777777778 0.8953125 0.6930555555555555 0.909375 0.7125 0.91953125 0.7305555555555555 0.92265625 0.7402777777777778 0.92265625 0.7444444444444445 0.91953125 0.7472222222222222 0.89765625 0.7513888888888889 0.89375 0.7597222222222222 0.89140625 0.8680555555555556 0.884375 0.875 0.85078125 0.875 0.84296875 0.8902777777777777 0.83984375 0.8916666666666667 0.834375 0.8902777777777777 0.82890625 0.8805555555555555 0.828125 0.8625 0.8234375 0.8458333333333333 0.81015625 0.8361111111111111 0.80078125 0.8152777777777778 0.78671875 0.7930555555555555 0.7796875 0.7861111111111111 0.76953125 0.7652777777777777 0.77578125 0.7125 0.78125 0.6986111111111111 0.7859375 0.6763888888888889 0.7890625 0.6708333333333333 0.8046875 0.6694444444444444 0.8078125 0.6666666666666666 0.83515625 0.6680555555555555
1 0.5078125 0.325 0.51640625 0.33611111111111114 0.534375 0.3388888888888889 0.54140625 0.35138888888888886 0.5421875 0.35833333333333334 0.5390625 0.38055555555555554 0.51796875 0.37916666666666665 0.5125 0.3597222222222222 0.51171875 0.3416666666666667 0.5078125 0.3263888888888889
1 0.34140625 0.3125 0.3484375 0.32222222222222224 0.35234375 0.3402777777777778 0.353125 0.3625 0.34921875 0.3680555555555556 0.32734375 0.36666666666666664 0.31640625 0.32916666666666666 0.31796875 0.31666666666666665 0.32109375 0.3125 0.340625 0.3125
1 0.334375 0.2375 0.33671875 0.22777777777777777 0.3421875 0.22083333333333333 0.35546875 0.22083333333333333 0.3578125 0.22916666666666666 0.35859375 0.24861111111111112 0.35703125 0.25277777777777777 0.3375 0.25277777777777777 0.33515625 0.2388888888888889
1 0.3734375 0.3958333333333333 0.3828125 0.40694444444444444 0.390625 0.42777777777777776 0.39375 0.42777777777777776 0.39609375 0.43194444444444446 0.3953125 0.4375 0.3921875 0.44166666666666665 0.39296875 0.44583333333333336 0.3765625 0.45 0.365625 0.4486111111111111 0.35390625 0.4527777777777778 0.346875 0.4652777777777778 0.3453125 0.47638888888888886 0.3421875 0.48333333333333334 0.3421875 0.49444444444444446 0.33828125 0.49722222222222223 0.3328125 0.4930555555555556 0.3296875 0.4361111111111111 0.33828125 0.4027777777777778 0.3484375 0.3958333333333333 0.37265625 0.3958333333333333
1 0.23984375 0.32222222222222224 0.2515625 0.34444444444444444 0.25234375 0.3888888888888889 0.25078125 0.4 0.24765625 0.4027777777777778 0.24375 0.4013888888888889 0.23984375 0.3888888888888889 0.2328125 0.37916666666666665 0.23671875 0.36944444444444446 0.23671875 0.3597222222222222 0.23203125 0.3486111111111111 0.22890625 0.3458333333333333 0.21171875 0.3458333333333333 0.20859375 0.3486111111111111 0.2078125 0.35833333333333334 0.2015625 0.35833333333333334 0.20703125 0.3333333333333333 0.21171875 0.3236111111111111 0.2390625 0.32222222222222224
1 0.421875 0.3458333333333333 0.4296875 0.35694444444444445 0.4359375 0.37777777777777777 0.4375 0.4125 0.4359375 0.4236111111111111 0.42734375 0.41944444444444445 0.41171875 0.41805555555555557 0.39375 0.4222222222222222 0.390625 0.42083333333333334 0.38671875 0.4125 0.38828125 0.3680555555555556 0.39453125 0.35138888888888886 0.4 0.3458333333333333 0.42109375 0.3458333333333333
1 0.22109375 0.40555555555555556 0.22734375 0.4125 0.2296875 0.4222222222222222 0.22734375 0.425 0.20859375 0.425 0.2015625 0.43472222222222223 0.19296875 0.4625 0.19453125 0.4666666666666667 0.19296875 0.475 0.19375 0.49444444444444446 0.190625 0.5083333333333333 0.1859375 0.5083333333333333 0.18203125 0.4986111111111111 0.1796875 0.4777777777777778 0.1796875 0.45 0.17734375 0.44166666666666665 0.18359375 0.4305555555555556 0.18828125 0.4097222222222222 0.19921875 0.4041666666666667 0.2203125 0.40555555555555556
1 0.36171875 0.38055555555555554 0.36953125 0.38333333333333336 0.37421875 0.39166666666666666 0.37421875 0.3958333333333333 0.3546875 0.39444444444444443 0.33984375 0.4 0.3296875 0.43194444444444446 0.33046875 0.4638888888888889 0.32890625 0.4666666666666667 0.325 0.4652777777777778 0.3234375 0.46111111111111114 0.32265625 0.43333333333333335 0.3234375 0.40694444444444444 0.328125 0.38333333333333336 0.33046875 0.38055555555555554 0.3609375 0.38055555555555554
1 0.2234375 0.34444444444444444 0.234375 0.35138888888888886 0.2375 0.36527777777777776 0.2375 0.37777777777777777 0.2359375 0.3819444444444444 0.23203125 0.38055555555555554 0.22890625 0.36944444444444446 0.22421875 0.3625 0.2 0.35833333333333334 0.20546875 0.3472222222222222 0.22265625 0.34444444444444444
1 0.83359375 0.6083333333333333 0.86796875 0.6111111111111112 0.90234375 0.6361111111111111 0.91328125 0.6555555555555556 0.91953125 0.6736111111111112 0.92890625 0.6888888888888889 0.93125 0.6888888888888889 0.9328125 0.6958333333333333 0.93671875 0.7013888888888888 0.934375 0.7138888888888889 0.921875 0.7291666666666666 0.91796875 0.7263888888888889 0.90078125 0.6958333333333333 0.8734375 0.675 0.8296875 0.6652777777777777 0.8 0.6680555555555555 0.79609375 0.6638888888888889 0.79453125 0.65 0.8109375 0.6152777777777778 0.8171875 0.6097222222222223 0.8328125 0.6083333333333333
1 0.33515625 0.5013888888888889 0.35390625 0.5041666666666667 0.3609375 0.5138888888888888 0.36484375 0.525 0.371875 0.5638888888888889 0.37578125 0.6097222222222223 0.375 0.6458333333333334 0.3734375 0.6486111111111111 0.3671875 0.6486111111111111 0.359375 0.6319444444444444 0.33515625 0.6361111111111111 0.3203125 0.6333333333333333 0.31484375 0.6361111111111111 0.30390625 0.6319444444444444 0.3 0.6236111111111111 0.296875 0.5902777777777778 0.29765625 0.5666666666666667 0.29296875 0.5583333333333333 0.29296875 0.5527777777777778 0.29921875 0.5472222222222223 0.303125 0.5236111111111111 0.3078125 0.5097222222222222 0.3140625 0.5055555555555555 0.334375 0.5027777777777778
1 0.484375 0.2513888888888889 0.49140625 0.25972222222222224 0.4890625 0.2625 0.48046875 0.2611111111111111 0.47578125 0.2652777777777778 0.47109375 0.275 0.46640625 0.29305555555555557 0.46328125 0.2916666666666667 0.45859375 0.2833333333333333 0.4578125 0.2708333333333333 0.46015625 0.2652777777777778 0.46015625 0.25555555555555554 0.48359375 0.2513888888888889
1 0.4453125 0.5291666666666667 0.4671875 0.5638888888888889 0.4734375 0.5833333333333334 0.4828125 0.5888888888888889 0.4828125 0.5944444444444444 0.4765625 0.6013888888888889 0.48359375 0.6375 0.48359375 0.6694444444444444 0.48046875 0.6722222222222223 0.47578125 0.6666666666666666 0.47265625 0.6458333333333334 0.46484375 0.6180555555555556 0.45625 0.6097222222222223 0.4265625 0.6083333333333333 0.409375 0.6125 0.403125 0.6208333333333333 0.39765625 0.6513888888888889 0.39375 0.6527777777777778 0.390625 0.6458333333333334 0.38984375 0.6208333333333333 0.38671875 0.6083333333333333 0.38828125 0.5958333333333333 0.38359375 0.575 0.38359375 0.5666666666666667 0.38671875 0.5666666666666667 0.3890625 0.5625 0.396875 0.5361111111111111 0.40703125 0.5291666666666667 0.44453125 0.5291666666666667
1 0.38515625 0.24861111111111112 0.3890625 0.2513888888888889 0.3921875 0.2763888888888889 0.384375 0.28194444444444444 0.37421875 0.2833333333333333 0.365625 0.2791666666666667 0.3625 0.25416666666666665 0.36953125 0.24583333333333332 0.384375 0.24861111111111112
1 0.453125 0.28888888888888886 0.459375 0.29305555555555557 0.4625 0.2986111111111111 0.4625 0.30277777777777776 0.44375 0.30972222222222223 0.43984375 0.3194444444444444 0.4390625 0.33055555555555555 0.43203125 0.3388888888888889 0.425 0.3375 0.42421875 0.3333333333333333 0.42265625 0.30972222222222223 0.42578125 0.29583333333333334 0.43125 0.2875 0.44609375 0.2861111111111111 0.45234375 0.28888888888888886
1 0.30703125 0.22916666666666666 0.31171875 0.23472222222222222 0.31484375 0.24444444444444444 0.31484375 0.2638888888888889 0.31015625 0.26666666666666666 0.29140625 0.26666666666666666 0.2875 0.25555555555555554 0.2890625 0.24166666666666667 0.2921875 0.23333333333333334 0.29921875 0.22916666666666666 0.30625 0.22916666666666666
1 0.73984375 0.7555555555555555 0.75859375 0.7611111111111111 0.78203125 0.7930555555555555 0.7921875 0.8027777777777778 0.80546875 0.8305555555555556 0.81328125 0.8569444444444444 0.8171875 0.8611111111111112 0.8203125 0.8583333333333333 0.82421875 0.8597222222222223 0.82109375 0.8833333333333333 0.825 0.9069444444444444 0.82109375 0.9152777777777777 0.809375 0.9194444444444444 0.80390625 0.9277777777777778 0.80234375 0.9388888888888889 0.79375 0.9555555555555556 0.79453125 0.975 0.7890625 0.9875 0.77578125 0.9944444444444445 0.72890625 0.9958333333333333 0.71640625 0.9958333333333333 0.71015625 0.9916666666666667 0.71015625 0.9875 0.70703125 0.9833333333333333 0.71171875 0.9763888888888889 0.71015625 0.9736111111111111 0.71484375 0.9680555555555556 0.71171875 0.9625 0.6875 0.9652777777777778 0.68203125 0.9736111111111111 0.68125 0.9694444444444444 0.67734375 0.9680555555555556 0.67421875 0.9625 0.671875 0.9486111111111111 0.67109375 0.9125 0.6671875 0.8763888888888889 0.66796875 0.8319444444444445 0.67109375 0.8152777777777778 0.678125 0.7944444444444444 0.68125 0.7708333333333334 0.68515625 0.7625 0.7 0.7569444444444444 0.7390625 0.7555555555555555
1 0.74609375 0.5180555555555556 0.76484375 0.5222222222222223 0.78203125 0.5347222222222222 0.7953125 0.5625 0.80078125 0.5666666666666667 0.803125 0.5791666666666667 0.80234375 0.5930555555555556 0.80859375 0.6027777777777777 0.8109375 0.6125 0.80859375 0.6222222222222222 0.79453125 0.6541666666666667 0.7859375 0.6583333333333333 0.7453125 0.6555555555555556 0.73515625 0.6666666666666666 0.7296875 0.6541666666666667 0.728125 0.6222222222222222 0.71875 0.6138888888888889 0.70859375 0.5986111111111111 0.7015625 0.5833333333333334 0.7 0.5694444444444444 0.7046875 0.5375 0.7109375 0.5222222222222223 0.7453125 0.5180555555555556
1 0.3140625 0.35833333333333334 0.32421875 0.3638888888888889 0.32734375 0.3763888888888889 0.32578125 0.3958333333333333 0.32265625 0.40694444444444444 0.32265625 0.43333333333333335 0.32109375 0.44166666666666665 0.29375 0.44305555555555554 0.2859375 0.4513888888888889 0.2828125 0.45 0.28203125 0.4444444444444444 0.2828125 0.38333333333333336 0.28515625 0.37916666666666665 0.2859375 0.3680555555555556 0.29296875 0.3597222222222222 0.31328125 0.35833333333333334
1 0.4984375 0.2902777777777778 0.503125 0.2972222222222222 0.503125 0.3055555555555556 0.49921875 0.31666666666666665 0.48125 0.3138888888888889 0.47578125 0.30972222222222223 0.478125 0.3055555555555556 0.48046875 0.2902777777777778 0.49765625 0.2902777777777778
1 0.56953125 0.4513888888888889 0.578125 0.44722222222222224 0.6171875 0.4513888888888889 0.63125 0.47638888888888886 0.63984375 0.5111111111111111 0.63515625 0.525 0.63515625 0.5305555555555556 0.63203125 0.5347222222222222 0.59140625 0.5347222222222222 0.58671875 0.5375 0.57734375 0.5527777777777778 0.57421875 0.5541666666666667 0.56796875 0.5388888888888889 0.56015625 0.5430555555555555 0.55625 0.5347222222222222 0.55546875 0.49027777777777776 0.56953125 0.4527777777777778
1 0.3984375 0.4486111111111111 0.40625 0.45694444444444443 0.40703125 0.4652777777777778 0.38984375 0.4708333333333333 0.38515625 0.475 0.3828125 0.48194444444444445 0.3796875 0.5180555555555556 0.3796875 0.5666666666666667 0.37265625 0.5597222222222222 0.3671875 0.5305555555555556 0.36171875 0.5125 0.35546875 0.5027777777777778 0.34453125 0.49722222222222223 0.34375 0.4847222222222222 0.3484375 0.4625 0.35390625 0.45416666666666666 0.359375 0.4513888888888889 0.39765625 0.4486111111111111
1 0.40390625 0.1986111111111111 0.41171875 0.2013888888888889 0.41328125 0.20694444444444443 0.4109375 0.23194444444444445 0.4078125 0.2375 0.3953125 0.2361111111111111 0.39296875 0.23333333333333334 0.3921875 0.22083333333333333 0.39375 0.2111111111111111 0.39765625 0.2013888888888889 0.403125 0.1986111111111111
1 0.23125 0.3819444444444444 0.23515625 0.38472222222222224 0.23984375 0.39444444444444443 0.2453125 0.41388888888888886 0.24375 0.4236111111111111 0.23203125 0.42083333333333334 0.2203125 0.4041666666666667 0.19921875 0.4041666666666667 0.19921875 0.3972222222222222 0.20546875 0.3861111111111111 0.215625 0.3819444444444444 0.23046875 0.3819444444444444
1 0.25546875 0.6986111111111111 0.2578125 0.7013888888888888 0.2578125 0.7097222222222223 0.25625 0.7166666666666667 0.25546875 0.7722222222222223 0.25234375 0.7861111111111111 0.25234375 0.8416666666666667 0.25 0.8486111111111111 0.24609375 0.8513888888888889 0.240625 0.85 0.2375 0.8333333333333334 0.23671875 0.7458333333333333 0.24375 0.7138888888888889 0.24765625 0.7097222222222223 0.25 0.7013888888888888 0.2546875 0.6986111111111111
1 0.87578125 0.9097222222222222 0.8828125 0.9125 0.9 0.9111111111111111 0.90546875 0.9152777777777777 0.9171875 0.9277777777777778 0.92578125 0.9416666666666667 0.92734375 0.9486111111111111 0.93359375 0.9541666666666667 0.94609375 0.9763888888888889 0.94375 0.9791666666666666 0.93125 0.9791666666666666 0.925 0.9708333333333333 0.91328125 0.9680555555555556 0.909375 0.9791666666666666 0.9109375 0.9944444444444445 0.890625 0.9972222222222222 0.88046875 0.9930555555555556 0.8703125 0.9930555555555556 0.8703125 0.9902777777777778 0.86171875 0.9861111111111112 0.85703125 0.9861111111111112 0.85546875 0.9930555555555556 0.84765625 0.9958333333333333 0.83984375 0.9944444444444445 0.83515625 0.9888888888888889 0.821875 0.9930555555555556 0.81875 0.9902777777777778 0.80390625 0.9930555555555556 0.79375 0.9861111111111112 0.79609375 0.9736111111111111 0.7953125 0.9652777777777778 0.8046875 0.9388888888888889 0.80703125 0.9236111111111112 0.82421875 0.9138888888888889 0.875 0.9097222222222222
1 0.5140625 0.3819444444444444 0.515625 0.38333333333333336 0.515625 0.3902777777777778 0.51171875 0.425 0.51171875 0.45 0.51015625 0.4527777777777778 0.496875 0.45555555555555555 0.48984375 0.45555555555555555 0.484375 0.4444444444444444 0.484375 0.4041666666666667 0.48984375 0.3861111111111111 0.49375 0.3819444444444444 0.5 0.37916666666666665 0.51015625 0.37916666666666665 0.51328125 0.3819444444444444
1 0.4890625 0.7208333333333333 0.5 0.7263888888888889 0.5078125 0.7361111111111112 0.51953125 0.7652777777777777 0.5203125 0.775 0.51484375 0.7722222222222223 0.51015625 0.7625 0.49765625 0.7513888888888889 0.4875 0.7361111111111112 0.48046875 0.7222222222222222 0.48828125 0.7208333333333333
1 0.67265625 0.7277777777777777 0.68515625 0.7402777777777778 0.690625 0.7513888888888889 0.690625 0.7569444444444444 0.68515625 0.7611111111111111 0.68046875 0.7694444444444445 0.6765625 0.7944444444444444 0.66640625 0.8305555555555556 0.6671875 0.8625 0.665625 0.8833333333333333 0.66796875 0.8930555555555556 0.66796875 0.9055555555555556 0.665625 0.9083333333333333 0.62734375 0.9083333333333333 0.62421875 0.9111111111111111 0.61875 0.9111111111111111 0.615625 0.9069444444444444 0.6125 0.8875 0.60625 0.8777777777777778 0.5984375 0.8694444444444445 0.5890625 0.8666666666666667 0.5859375 0.8611111111111112 0.58046875 0.8027777777777778 0.5828125 0.7680555555555556 0.60078125 0.7361111111111112 0.6140625 0.7263888888888889 0.6484375 0.7222222222222222 0.671875 0.7277777777777777
1 0.2359375 0.4236111111111111 0.24453125 0.4263888888888889 0.2515625 0.4513888888888889 0.2046875 0.45416666666666666 0.19765625 0.46944444444444444 0.19921875 0.4930555555555556 0.19296875 0.49583333333333335 0.18984375 0.49166666666666664 0.18984375 0.4625 0.20390625 0.42777777777777776 0.21171875 0.4222222222222222 0.23515625 0.4236111111111111
1 0.6375 0.5722222222222222 0.64296875 0.5763888888888888 0.65390625 0.5777777777777777 0.6578125 0.5736111111111111 0.66796875 0.5791666666666667 0.6875 0.5805555555555556 0.690625 0.5861111111111111 0.703125 0.5944444444444444 0.70859375 0.6041666666666666 0.71171875 0.6152777777777778 0.7203125 0.625 0.71875 0.6333333333333333 0.725 0.6416666666666667 0.73125 0.6638888888888889 0.73515625 0.6930555555555555 0.7328125 0.7375 0.73125 0.7444444444444445 0.72734375 0.75 0.7234375 0.75 0.71640625 0.7430555555555556 0.709375 0.7291666666666666 0.696875 0.7305555555555555 0.68828125 0.725 0.6546875 0.7180555555555556 0.63828125 0.7194444444444444 0.63515625 0.7152777777777778 0.6328125 0.6930555555555555 0.6296875 0.6861111111111111 0.628125 0.6722222222222223 0.61875 0.6402777777777777 0.615625 0.6152777777777778 0.62421875 0.5819444444444445 0.6296875 0.5736111111111111 0.63671875 0.5722222222222222
1 0.3828125 0.22916666666666666 0.38828125 0.23194444444444445 0.39140625 0.2375 0.3921875 0.24861111111111112 0.38984375 0.25416666666666665 0.378125 0.24861111111111112 0.3671875 0.24861111111111112 0.36875 0.2388888888888889 0.371875 0.23333333333333334 0.38203125 0.22916666666666666
1 0.45390625 0.6097222222222223 0.46171875 0.6138888888888889 0.46796875 0.625 0.47578125 0.6680555555555555 0.48046875 0.6736111111111112 0.4859375 0.6736111111111112 0.48828125 0.6777777777777778 0.48828125 0.6847222222222222 0.4828125 0.6916666666666667 0.48046875 0.7055555555555556 0.48359375 0.7152777777777778 0.4828125 0.7194444444444444 0.47890625 0.7194444444444444 0.4734375 0.7138888888888889 0.4359375 0.6652777777777777 0.39921875 0.6541666666666667 0.39921875 0.6402777777777777 0.40234375 0.6236111111111111 0.4078125 0.6138888888888889 0.42421875 0.6097222222222223 0.453125 0.6097222222222223
1 0.422265625 0.2263888888888889 0.02265625 0.03888888888888889
1 0.6375 0.5375 0.65703125 0.5513888888888889 0.66484375 0.5513888888888889 0.665625 0.5666666666666667 0.6625 0.5736111111111111 0.6546875 0.5763888888888888 0.64375 0.5763888888888888 0.63671875 0.5708333333333333 0.6296875 0.5722222222222222 0.62421875 0.5805555555555556 0.61640625 0.6083333333333333 0.6140625 0.6111111111111112 0.59140625 0.5875 0.575 0.5861111111111111 0.57421875 0.5652777777777778 0.57578125 0.5597222222222222 0.58046875 0.55 0.58984375 0.5388888888888889 0.63671875 0.5375
1 0.290625 0.6222222222222222 0.2984375 0.6277777777777778 0.30234375 0.6347222222222222 0.30859375 0.6611111111111111 0.28203125 0.6708333333333333 0.25078125 0.7 0.24296875 0.7180555555555556 0.2390625 0.7361111111111112 0.2375 0.7555555555555555 0.23203125 0.7472222222222222 0.2296875 0.6791666666666667 0.23828125 0.6347222222222222 0.24453125 0.6263888888888889 0.2578125 0.6222222222222222 0.28984375 0.6222222222222222
1 0.60546875 0.3680555555555556 0.62265625 0.375 0.63671875 0.39444444444444443 0.640625 0.4152777777777778 0.63984375 0.4361111111111111 0.63671875 0.45694444444444443 0.63359375 0.4638888888888889 0.6296875 0.4638888888888889 0.61953125 0.45 0.6125 0.44583333333333336 0.5890625 0.44305555555555554 0.58359375 0.4388888888888889 0.58125 0.42916666666666664 0.58046875 0.4125 0.57734375 0.4013888888888889 0.58046875 0.3819444444444444 0.58515625 0.37222222222222223 0.59296875 0.3680555555555556 0.6046875 0.3680555555555556
1 0.56640625 0.3375 0.5859375 0.35 0.59140625 0.3625 0.5890625 0.36944444444444446 0.5796875 0.3819444444444444 0.57734375 0.3972222222222222 0.57421875 0.4 0.55703125 0.38472222222222224 0.5421875 0.37916666666666665 0.54296875 0.3597222222222222 0.54609375 0.3486111111111111 0.553125 0.3388888888888889 0.565625 0.3375
1 0.7296875 0.475 0.74609375 0.48055555555555557 0.765625 0.48055555555555557 0.77421875 0.4861111111111111 0.78515625 0.5069444444444444 0.796875 0.5166666666666667 0.79375 0.5291666666666667 0.803125 0.5541666666666667 0.803125 0.5597222222222222 0.8015625 0.5611111111111111 0.796875 0.5611111111111111 0.784375 0.5347222222222222 0.7640625 0.5194444444444445 0.74453125 0.5152777777777777 0.7296875 0.5152777777777777 0.72109375 0.5194444444444445 0.71171875 0.5180555555555556 0.70625 0.5291666666666667 0.703125 0.5291666666666667 0.70234375 0.5152777777777777 0.70625 0.49722222222222223 0.715625 0.48055555555555557 0.7234375 0.475 0.72890625 0.475
1 0.3140625 0.325 0.32109375 0.34305555555555556 0.32421875 0.36527777777777776 0.31328125 0.35833333333333334 0.2921875 0.3597222222222222 0.2875 0.36527777777777776 0.2828125 0.38333333333333336 0.28046875 0.3819444444444444 0.28125 0.35833333333333334 0.2875 0.33194444444444443 0.290625 0.3263888888888889 0.31328125 0.325
1 0.9453125 0.6277777777777778 0.9640625 0.6305555555555555 0.98046875 0.6416666666666667 0.9953125 0.6763888888888889 0.996875 0.6902777777777778 0.99921875 0.6944444444444444 0.99921875 0.7416666666666667 0.97421875 0.7416666666666667 0.9671875 0.7444444444444445 0.93984375 0.7444444444444445 0.928125 0.7402777777777778 0.925 0.7361111111111112 0.925 0.7263888888888889 0.934375 0.7138888888888889 0.93515625 0.7027777777777777 0.92265625 0.6833333333333333 0.9171875 0.6638888888888889 0.9015625 0.6361111111111111 0.9046875 0.6305555555555555 0.94453125 0.6277777777777778
0 0.95546875 0.7472222222222222 0.990625 0.7458333333333333 0.99921875 0.7513888888888889 0.99921875 0.8486111111111111 0.99609375 0.85 0.99296875 0.8583333333333333 0.9921875 0.875 0.99453125 0.8791666666666667 0.99140625 0.8833333333333333 0.98984375 0.9069444444444444 0.9859375 0.9138888888888889 0.9921875 0.9263888888888889 0.996875 0.9291666666666667 0.996875 0.9361111111111111 0.99921875 0.9388888888888889 0.996875 0.9416666666666667 0.996875 0.95 0.99921875 0.9527777777777777 0.99765625 0.9555555555555556 0.99921875 0.9569444444444445 0.99921875 0.975 0.9953125 0.9777777777777777 0.99921875 0.9833333333333333 0.99921875 0.9944444444444445 0.9921875 0.9944444444444445 0.990625 0.9902777777777778 0.98671875 0.9902777777777778 0.98203125 0.9986111111111111 0.95546875 0.9986111111111111 0.95234375 0.9875 0.965625 0.9861111111111112 0.9734375 0.9819444444444444 0.98203125 0.9847222222222223 0.984375 0.9805555555555555 0.98359375 0.9777777777777777 0.94921875 0.9791666666666666 0.94375 0.975 0.934375 0.9569444444444445 0.9328125 0.95 0.91640625 0.9263888888888889 0.90078125 0.9097222222222222 0.89375 0.9069444444444444 0.8921875 0.9027777777777778 0.89140625 0.8736111111111111 0.8953125 0.7583333333333333 0.90078125 0.7527777777777778 0.92421875 0.7472222222222222 0.9546875 0.7472222222222222
0 0.425 0.6625 0.4359375 0.6680555555555555 0.4515625 0.6847222222222222 0.49765625 0.7527777777777778 0.50703125 0.7611111111111111 0.51171875 0.7708333333333334 0.52265625 0.7819444444444444 0.5296875 0.7944444444444444 0.5359375 0.8 0.58359375 0.8652777777777778 0.60234375 0.9 0.6140625 0.9111111111111111 0.62109375 0.9277777777777778 0.62890625 0.9555555555555556 0.62890625 0.9763888888888889 0.6328125 0.9875 0.6328125 0.9944444444444445 0.6296875 0.9986111111111111 0.60078125 0.9986111111111111 0.6 0.9958333333333333 0.5953125 0.9986111111111111 0.55859375 0.9986111111111111 0.55703125 0.9958333333333333 0.55546875 0.9986111111111111 0.5171875 0.9986111111111111 0.515625 0.9930555555555556 0.51171875 0.9972222222222222 0.50078125 0.9958333333333333 0.49921875 0.9986111111111111 0.49140625 0.9986111111111111 0.484375 0.9902777777777778 0.48125 0.9930555555555556 0.44765625 0.9958333333333333 0.44296875 0.9986111111111111 0.4265625 0.9944444444444445 0.3890625 0.9958333333333333 0.38671875 0.9986111111111111 0.2984375 0.9986111111111111 0.29296875 0.9958333333333333 0.28984375 0.9986111111111111 0.2609375 0.9986111111111111 0.25625 0.9958333333333333 0.25390625 0.9763888888888889 0.24765625 0.9722222222222222 0.24453125 0.9652777777777778 0.24453125 0.9527777777777777 0.2484375 0.9555555555555556 0.2484375 0.9611111111111111 0.25078125 0.9625 0.25234375 0.9597222222222223 0.2515625 0.9486111111111111 0.2484375 0.9444444444444444 0.24453125 0.9458333333333333 0.24453125 0.9277777777777778 0.246875 0.9416666666666667 0.25234375 0.9388888888888889 0.25234375 0.8861111111111111 0.24921875 0.8791666666666667 0.25 0.875 0.24296875 0.8666666666666667 0.240625 0.8513888888888889 0.240625 0.8458333333333333 0.24765625 0.8430555555555556 0.2515625 0.8305555555555556 0.2515625 0.7888888888888889 0.2484375 0.7833333333333333 0.24375 0.7847222222222222 0.240625 0.7819444444444444 0.23984375 0.775 0.24453125 0.7722222222222223 0.2515625 0.7763888888888889 0.25390625 0.7708333333333334 0.25546875 0.7583333333333333 0.2515625 0.7513888888888889 0.25546875 0.7458333333333333 0.259375 0.6944444444444444 0.28125 0.6736111111111112 0.32421875 0.6611111111111111 0.38046875 0.6569444444444444 0.42421875 0.6625