0 0.578125 0.24166666666666667 0.5859375 0.25555555555555554 0.58671875 0.2625 0.5828125 0.2652777777777778 0.57578125 0.2611111111111111 0.559375 0.2611111111111111 0.559375 0.24861111111111112 0.56328125 0.24027777777777778 0.57734375 0.24166666666666667
0 0.70703125 0.4708333333333333 0.7328125 0.47638888888888886 0.74375 0.49583333333333335 0.74765625 0.525 0.7484375 0.5486111111111112 0.74453125 0.5777777777777777 0.74140625 0.5819444444444445 0.734375 0.5694444444444444 0.725 0.5638888888888889 0.70546875 0.5625 0.69765625 0.5666666666666667 0.6921875 0.5736111111111111 0.6875 0.5708333333333333 0.6859375 0.5555555555555556 0.6796875 0.5430555555555555 0.6796875 0.5 0.678125 0.49027777777777776 0.684375 0.4875 0.69140625 0.475 0.6953125 0.4722222222222222 0.70625 0.4708333333333333
0 0.52890625 0.20833333333333334 0.53125 0.2125 0.5328125 0.2263888888888889 0.5296875 0.2375 0.521875 0.2375 0.51875 0.23194444444444445 0.51875 0.21805555555555556 0.52109375 0.20972222222222223 0.528125 0.20833333333333334
0 0.78125 0.018055555555555554 0.784375 0.022222222222222223 0.78515625 0.027777777777777776 0.784375 0.04722222222222222 0.77890625 0.059722222222222225 0.771875 0.06111111111111111 0.7640625 0.06944444444444445 0.7546875 0.06388888888888888 0.7421875 0.06388888888888888 0.7328125 0.059722222222222225 0.72890625 0.05555555555555555 0.73046875 0.041666666666666664 0.734375 0.034722222222222224 0.75078125 0.02638888888888889 0.76484375 0.02361111111111111 0.77109375 0.016666666666666666 0.78046875 0.018055555555555554
0 0.3078125 0.17916666666666667 0.3109375 0.1875 0.3109375 0.1986111111111111 0.309375 0.20277777777777778 0.3046875 0.20416666666666666 0.29609375 0.19583333333333333 0.28671875 0.19305555555555556 0.2859375 0.18611111111111112 0.2890625 0.17916666666666667 0.2953125 0.18194444444444444 0.29921875 0.17777777777777778 0.30703125 0.17916666666666667
0 0.61875 0.23194444444444445 0.621875 0.2375 0.6234375 0.25416666666666665 0.62109375 0.25833333333333336 0.61171875 0.2611111111111111 0.60234375 0.27361111111111114 0.5984375 0.2652777777777778 0.6015625 0.23472222222222222 0.603125 0.23194444444444445 0.61796875 0.23194444444444445
0 0.39375 0.2513888888888889 0.396875 0.25555555555555554 0.39609375 0.2638888888888889 0.3765625 0.2875 0.3734375 0.2875 0.371875 0.2833333333333333 0.371875 0.2708333333333333 0.37421875 0.25833333333333336 0.3796875 0.2513888888888889 0.39296875 0.2513888888888889
0 0.39765625 0.2263888888888889 0.39921875 0.24305555555555555 0.396875 0.2513888888888889 0.38671875 0.25 0.38515625 0.24722222222222223 0.38671875 0.23055555555555557 0.390625 0.225 0.396875 0.2263888888888889
0 0.59609375 0.21666666666666667 0.6 0.22083333333333333 0.60234375 0.23055555555555557 0.5984375 0.24583333333333332 0.58828125 0.24583333333333332 0.584375 0.2375 0.5859375 0.22083333333333333 0.58984375 0.21666666666666667 0.5953125 0.21666666666666667
0 0.05703125 0.4263888888888889 0.06015625 0.43333333333333335 0.05859375 0.4597222222222222 0.053125 0.4666666666666667 0.0421875 0.46944444444444444 0.0359375 0.4666666666666667 0.0359375 0.42777777777777776 0.05625 0.4263888888888889
0 0.16015625 0.3958333333333333 0.1546875 0.4041666666666667 0.15234375 0.42777777777777776 0.1421875 0.43472222222222223 0.13984375 0.43472222222222223 0.13828125 0.4305555555555556 0.13828125 0.40694444444444444 0.13984375 0.4013888888888889 0.159375 0.3958333333333333
0 0.3421875 0.16944444444444445 0.35 0.1736111111111111 0.35234375 0.18055555555555555 0.35234375 0.19444444444444445 0.35 0.1986111111111111 0.3453125 0.19722222222222222 0.3390625 0.20277777777777778 0.32265625 0.2 0.3203125 0.1875 0.32109375 0.1763888888888889 0.325 0.16944444444444445 0.34140625 0.16944444444444445
0 0.34921875 0.42777777777777776 0.35546875 0.4305555555555556 0.3640625 0.4444444444444444 0.36875 0.44722222222222224 0.371875 0.46805555555555556 0.37109375 0.48055555555555557 0.3671875 0.49166666666666664 0.36875 0.5013888888888889 0.36171875 0.5152777777777777 0.36015625 0.5305555555555556 0.35625 0.5347222222222222 0.3515625 0.5319444444444444 0.34609375 0.5194444444444445 0.31953125 0.5194444444444445 0.30703125 0.5333333333333333 0.30234375 0.5291666666666667 0.3 0.5194444444444445 0.3 0.5013888888888889 0.30234375 0.4930555555555556 0.3015625 0.4736111111111111 0.31015625 0.44027777777777777 0.3203125 0.42916666666666664 0.3484375 0.42777777777777776
0 0.4484375 0.2861111111111111 0.45546875 0.28888888888888886 0.459375 0.29583333333333334 0.46015625 0.31805555555555554 0.45703125 0.325 0.4328125 0.325 0.43125 0.32222222222222224 0.43046875 0.30972222222222223 0.43359375 0.29305555555555557 0.4375 0.2875 0.44765625 0.2861111111111111
0 0.8078125 0.6402777777777777 0.834375 0.6430555555555556 0.853125 0.6527777777777778 0.87421875 0.6777777777777778 0.88984375 0.7055555555555556 0.89453125 0.7472222222222222 0.89375 0.8083333333333333 0.8953125 0.825 0.89375 0.8513888888888889 0.88984375 0.8625 0.8796875 0.8611111111111112 0.87578125 0.8652777777777778 0.86640625 0.8652777777777778 0.859375 0.8569444444444444 0.81015625 0.8472222222222222 0.7984375 0.8472222222222222 0.78203125 0.8611111111111112 0.7765625 0.8611111111111112 0.77109375 0.8486111111111111 0.76875 0.8180555555555555 0.75703125 0.7888888888888889 0.74765625 0.7777777777777778 0.74453125 0.7555555555555555 0.74453125 0.725 0.746875 0.7013888888888888 0.74609375 0.6777777777777778 0.74765625 0.6722222222222223 0.7546875 0.6652777777777777 0.76328125 0.6430555555555556 0.76640625 0.6402777777777777 0.80703125 0.6402777777777777
0 0.5671875 0.2611111111111111 0.5765625 0.2625 0.58203125 0.26805555555555555 0.58125 0.29583333333333334 0.56875 0.2986111111111111 0.56015625 0.3138888888888889 0.55703125 0.31527777777777777 0.55546875 0.2972222222222222 0.55625 0.26805555555555555 0.559375 0.2625 0.56640625 0.2625
0 0.296875 0.19722222222222222 0.303125 0.20416666666666666 0.303125 0.20833333333333334 0.29921875 0.2152777777777778 0.29609375 0.2152777777777778 0.28984375 0.20555555555555555 0.28046875 0.2013888888888889 0.2859375 0.19444444444444445 0.29609375 0.19722222222222222
0 0.696875 0.38055555555555554 0.70703125 0.39861111111111114 0.7046875 0.4666666666666667 0.68671875 0.4777777777777778 0.66796875 0.475 0.659375 0.4666666666666667 0.65234375 0.4513888888888889 0.65078125 0.4444444444444444 0.6515625 0.39305555555555555 0.65390625 0.38055555555555554 0.65859375 0.3763888888888889 0.6890625 0.3763888888888889 0.69609375 0.38055555555555554
0 0.4078125 0.23194444444444445 0.41484375 0.2388888888888889 0.415625 0.24722222222222223 0.41171875 0.2513888888888889 0.4015625 0.25416666666666665 0.39765625 0.2513888888888889 0.3984375 0.2388888888888889 0.40390625 0.23055555555555557 0.40703125 0.23194444444444445
0 0.34296875 0.24722222222222223 0.3453125 0.2513888888888889 0.34921875 0.24861111111111112 0.3515625 0.25277777777777777 0.35234375 0.2625 0.34921875 0.2833333333333333 0.34140625 0.2902777777777778 0.328125 0.29305555555555557 0.32109375 0.2902777777777778 0.32109375 0.2611111111111111 0.3265625 0.25 0.3421875 0.24722222222222223
0 0.22578125 0.20833333333333334 0.22734375 0.2111111111111111 0.22734375 0.2361111111111111 0.22421875 0.24444444444444444 0.2125 0.24166666666666667 0.209375 0.23333333333333334 0.20859375 0.21666666666666667 0.21171875 0.2111111111111111 0.225 0.20833333333333334
0 0.8703125 0.5763888888888888 0.87421875 0.5833333333333334 0.875 0.6027777777777777 0.87421875 0.6083333333333333 0.8703125 0.6138888888888889 0.87265625 0.6569444444444444 0.86953125 0.6638888888888889 0.8625 0.6611111111111111 0.8578125 0.6541666666666667 0.83984375 0.6402777777777777 0.83828125 0.6361111111111111 0.84140625 0.6208333333333333 0.8453125 0.6222222222222222 0.8453125 0.6152777777777778 0.85078125 0.6097222222222223 0.8515625 0.5805555555555556 0.86953125 0.5763888888888888
0 0.334375 0.29444444444444445 0.3390625 0.2972222222222222 0.3390625 0.3194444444444444 0.3203125 0.35138888888888886 0.30390625 0.35694444444444445 0.29921875 0.3541666666666667 0.29765625 0.34444444444444444 0.3 0.3194444444444444 0.30546875 0.30416666666666664 0.3140625 0.29583333333333334 0.33359375 0.29444444444444445
0 0.56796875 0.35833333333333334 0.57734375 0.3625 0.58359375 0.37916666666666665 0.584375 0.4222222222222222 0.58203125 0.42777777777777776 0.56796875 0.4152777777777778 0.55625 0.4166666666666667 0.546875 0.4263888888888889 0.54296875 0.4222222222222222 0.54375 0.3888888888888889 0.55234375 0.3611111111111111 0.5671875 0.35833333333333334
0 0.1109375 0.475 0.1234375 0.4875 0.125 0.4930555555555556 0.12421875 0.5291666666666667 0.12265625 0.5388888888888889 0.11953125 0.5444444444444444 0.1125 0.5444444444444444 0.10078125 0.55 0.09453125 0.5638888888888889 0.08984375 0.5680555555555555 0.04921875 0.5680555555555555 0.03671875 0.575 0.0328125 0.5736111111111111 0.02890625 0.5555555555555556 0.02890625 0.5291666666666667 0.034375 0.5166666666666667 0.0359375 0.5069444444444444 0.04453125 0.5 0.05625 0.47638888888888886 0.07421875 0.4708333333333333 0.10625 0.4708333333333333 0.11015625 0.475
0 0.4703125 0.24027777777777778 0.47734375 0.24305555555555555 0.48046875 0.24861111111111112 0.48203125 0.25416666666666665 0.48203125 0.275 0.478125 0.2791666666666667 0.4609375 0.2791666666666667 0.459375 0.2763888888888889 0.46171875 0.25 0.46484375 0.24305555555555555 0.46953125 0.24166666666666667
0 0.2796875 0.20416666666666666 0.29296875 0.20972222222222223 0.296875 0.21805555555555556 0.296875 0.22916666666666666 0.28671875 0.2361111111111111 0.26796875 0.23055555555555557 0.25859375 0.23333333333333334 0.25234375 0.225 0.25234375 0.21805555555555556 0.2578125 0.2111111111111111 0.27890625 0.20416666666666666
0 0.28203125 0.2375 0.2859375 0.25833333333333336 0.28515625 0.28194444444444444 0.2828125 0.28888888888888886 0.265625 0.2861111111111111 0.26328125 0.2833333333333333 0.25546875 0.2861111111111111 0.2515625 0.28194444444444444 0.2515625 0.26805555555555555 0.25859375 0.25 0.2703125 0.24583333333333332 0.27265625 0.2388888888888889 0.28125 0.2375
0 0.70859375 0.8597222222222223 0.7390625 0.8694444444444445 0.74453125 0.8777777777777778 0.75078125 0.8972222222222223 0.7578125 0.9041666666666667 0.7578125 0.9069444444444444 0.753125 0.9111111111111111 0.75234375 0.9166666666666666 0.7625 0.9597222222222223 0.7640625 0.9819444444444444 0.76796875 0.9930555555555556 0.76796875 0.9986111111111111 0.64296875 0.9986111111111111 0.6390625 0.9930555555555556 0.63515625 0.9722222222222222 0.63515625 0.9402777777777778 0.63203125 0.8930555555555556 0.63671875 0.8875 0.64375 0.8847222222222222 0.65390625 0.8680555555555556 0.665625 0.8597222222222223 0.7078125 0.8597222222222223
0 0.62421875 0.25972222222222224 0.63125 0.26805555555555555 0.63359375 0.275 0.63359375 0.2847222222222222 0.62265625 0.28888888888888886 0.615625 0.30277777777777776 0.60546875 0.30277777777777776 0.60390625 0.3 0.60234375 0.2722222222222222 0.61171875 0.2611111111111111 0.6234375 0.25972222222222224
0 0.55859375 0.20833333333333334 0.55703125 0.19583333333333333 0.56015625 0.18888888888888888 0.56796875 0.19027777777777777 0.57109375 0.20416666666666666 0.5703125 0.20972222222222223 0.56796875 0.2111111111111111 0.559375 0.20833333333333334
0 0.2703125 0.3388888888888889 0.27578125 0.3416666666666667 0.27734375 0.35555555555555557 0.27578125 0.36944444444444446 0.271875 0.3763888888888889 0.26796875 0.3763888888888889 0.265625 0.36944444444444446 0.26640625 0.34444444444444444 0.26953125 0.3388888888888889
0 0.93515625 0.9402777777777778 0.96015625 0.9444444444444444 0.9953125 0.9569444444444445 0.99921875 0.9611111111111111 0.99921875 0.9986111111111111 0.97578125 0.9958333333333333 0.9046875 0.9986111111111111 0.903125 0.9958333333333333 0.89140625 0.9958333333333333 0.88359375 0.9916666666666667 0.86953125 0.9986111111111111 0.8359375 0.9986111111111111 0.8375 0.9763888888888889 0.84296875 0.9666666666666667 0.84453125 0.9583333333333334 0.85 0.9527777777777777 0.878125 0.9388888888888889 0.934375 0.9402777777777778
0 0.42109375 0.3388888888888889 0.42421875 0.34305555555555556 0.42578125 0.3527777777777778 0.421875 0.37083333333333335 0.4109375 0.39166666666666666 0.38984375 0.3902777777777778 0.3890625 0.37222222222222223 0.3921875 0.35138888888888886 0.396875 0.34305555555555556 0.40234375 0.3388888888888889 0.4203125 0.3388888888888889
0 0.26171875 0.28888888888888886 0.2671875 0.30277777777777776 0.26796875 0.325 0.26328125 0.33611111111111114 0.25234375 0.34444444444444444 0.24453125 0.34444444444444444 0.24296875 0.3416666666666667 0.23984375 0.31805555555555554 0.23359375 0.30972222222222223 0.23359375 0.29305555555555557 0.23671875 0.28888888888888886 0.24375 0.2875 0.2609375 0.28888888888888886
0 0.22109375 0.35138888888888886 0.22265625 0.35555555555555557 0.22265625 0.39305555555555555 0.2265625 0.4 0.22734375 0.40694444444444444 0.22578125 0.4222222222222222 0.2234375 0.425 0.2015625 0.425 0.190625 0.42916666666666664 0.18515625 0.42777777777777776 0.18359375 0.41944444444444445 0.18359375 0.4027777777777778 0.1875 0.37916666666666665 0.20234375 0.3541666666666667 0.2203125 0.35138888888888886
0 0.58125 0.2986111111111111 0.5875 0.30694444444444446 0.58984375 0.32222222222222224 0.58828125 0.375 0.5859375 0.37777777777777777 0.5828125 0.375 0.578125 0.3625 0.57421875 0.3597222222222222 0.553125 0.35694444444444445 0.553125 0.33611111111111114 0.55703125 0.3194444444444444 0.5671875 0.3 0.58046875 0.2986111111111111
0 0.59140625 0.26944444444444443 0.596875 0.2861111111111111 0.59609375 0.30416666666666664 0.59296875 0.30694444444444446 0.5890625 0.30694444444444446 0.58125 0.2916666666666667 0.58203125 0.26944444444444443 0.590625 0.26944444444444443
0 0.4984375 0.21666666666666667 0.50234375 0.22083333333333333 0.50234375 0.24444444444444444 0.48828125 0.24861111111111112 0.484375 0.24444444444444444 0.4859375 0.21944444444444444 0.49765625 0.21666666666666667
0 0.5046875 0.2569444444444444 0.509375 0.2625 0.5125 0.2763888888888889 0.5109375 0.3 0.48671875 0.2986111111111111 0.48671875 0.26805555555555555 0.4890625 0.2611111111111111 0.4953125 0.2569444444444444 0.50390625 0.2569444444444444
0 0.36953125 0.5041666666666667 0.37265625 0.5041666666666667 0.378125 0.5125 0.38359375 0.5125 0.38671875 0.5083333333333333 0.3875 0.5152777777777777 0.38359375 0.5138888888888888 0.38125 0.5194444444444445 0.38359375 0.5236111111111111 0.38671875 0.5208333333333334 0.38828125 0.525 0.38671875 0.5375 0.3796875 0.5513888888888889 0.37578125 0.5527777777777778 0.37265625 0.55 0.36953125 0.5388888888888889 0.36953125 0.5055555555555555
0 0.46953125 0.34305555555555556 0.48046875 0.3458333333333333 0.4859375 0.35138888888888886 0.49140625 0.3597222222222222 0.49296875 0.375 0.49765625 0.37777777777777777 0.49765625 0.3875 0.49296875 0.39305555555555555 0.4921875 0.40694444444444444 0.49375 0.44722222222222224 0.49375 0.5444444444444444 0.49140625 0.5625 0.4921875 0.5736111111111111 0.49140625 0.5805555555555556 0.48359375 0.5888888888888889 0.40859375 0.5847222222222223 0.4046875 0.5819444444444445 0.40234375 0.5736111111111111 0.403125 0.5472222222222223 0.40078125 0.5083333333333333 0.40390625 0.4652777777777778 0.40390625 0.4361111111111111 0.4078125 0.4027777777777778 0.4234375 0.36944444444444446 0.42578125 0.35833333333333334 0.43203125 0.35 0.45078125 0.34305555555555556 0.46875 0.34305555555555556
0 0.56015625 0.24166666666666667 0.55703125 0.23055555555555557 0.5578125 0.21944444444444444 0.56484375 0.21388888888888888 0.5703125 0.21388888888888888 0.57265625 0.21944444444444444 0.571875 0.225 0.56484375 0.22777777777777777 0.56171875 0.23333333333333334 0.5609375 0.24027777777777778
0 0.62109375 0.4791666666666667 0.62578125 0.48333333333333334 0.62890625 0.4930555555555556 0.63515625 0.5 0.63515625 0.5041666666666667 0.63203125 0.5083333333333333 0.634375 0.5263888888888889 0.63515625 0.5708333333333333 0.63359375 0.5888888888888889 0.63046875 0.5944444444444444 0.62421875 0.5916666666666667 0.61953125 0.5805555555555556 0.6 0.5763888888888888 0.5875 0.5763888888888888 0.57890625 0.5888888888888889 0.57421875 0.5888888888888889 0.57109375 0.5638888888888889 0.5734375 0.5125 0.56796875 0.49444444444444446 0.57421875 0.49166666666666664 0.584375 0.4777777777777778 0.6203125 0.4791666666666667
0 0.5703125 0.2222222222222222 0.57578125 0.2263888888888889 0.57890625 0.24166666666666667 0.5671875 0.24027777777777778 0.56015625 0.24305555555555555 0.56171875 0.22777777777777777 0.56953125 0.22361111111111112
0 0.26640625 0.8472222222222222 0.2703125 0.8402777777777778 0.27265625 0.8402777777777778 0.271875 0.8777777777777778 0.2703125 0.8694444444444445 0.271875 0.85 0.2671875 0.8472222222222222
0 0.6375 0.28888888888888886 0.64375 0.29583333333333334 0.64453125 0.30416666666666664 0.62890625 0.31527777777777777 0.6234375 0.33055555555555555 0.615625 0.3263888888888889 0.615625 0.30416666666666664 0.62265625 0.2902777777777778 0.63671875 0.28888888888888886
0 0.49765625 0.6041666666666666 0.503125 0.6097222222222223 0.50625 0.625 0.50625 0.6611111111111111 0.5078125 0.6638888888888889 0.5078125 0.6791666666666667 0.5015625 0.6888888888888889 0.49765625 0.7041666666666667 0.49140625 0.7027777777777777 0.4890625 0.6986111111111111 0.4859375 0.6819444444444445 0.48203125 0.6722222222222223 0.48359375 0.6625 0.48125 0.6486111111111111 0.4828125 0.6236111111111111 0.4796875 0.6152777777777778 0.48046875 0.6055555555555555 0.496875 0.6041666666666666
0 0.26171875 0.5513888888888889 0.28671875 0.5527777777777778 0.303125 0.5722222222222222 0.30859375 0.575 0.3125 0.5819444444444445 0.315625 0.6097222222222223 0.3140625 0.65 0.31171875 0.6569444444444444 0.30390625 0.6611111111111111 0.29375 0.6722222222222223 0.290625 0.7 0.2875 0.7041666666666667 0.28203125 0.7041666666666667 0.27265625 0.6902777777777778 0.24765625 0.6888888888888889 0.22734375 0.6902777777777778 0.21640625 0.7027777777777777 0.21015625 0.7027777777777777 0.20078125 0.675 0.20390625 0.6208333333333333 0.21171875 0.6 0.21640625 0.5777777777777777 0.2234375 0.5666666666666667 0.23515625 0.5555555555555556 0.2609375 0.5527777777777778
0 0.39375 0.18333333333333332 0.3953125 0.18888888888888888 0.39453125 0.2013888888888889 0.38671875 0.20416666666666666 0.38359375 0.20277777777777778 0.38203125 0.19722222222222222 0.3828125 0.1875 0.38671875 0.18194444444444444 0.39296875 0.18333333333333332
0 0.6578125 0.3125 0.6609375 0.31805555555555554 0.66484375 0.3375 0.66171875 0.3736111111111111 0.64921875 0.38472222222222224 0.6359375 0.38472222222222224 0.63125 0.3875 0.62734375 0.3861111111111111 0.62265625 0.3736111111111111 0.62265625 0.3333333333333333 0.625 0.33055555555555555 0.62734375 0.31805555555555554 0.64375 0.30694444444444446 0.65390625 0.30694444444444446 0.65703125 0.3125