3 0.2984375 0.35555555555555557 0.3 0.3375 0.2984375 0.31805555555555554 0.2953125 0.30972222222222223 0.2953125 0.29305555555555557 0.2984375 0.2861111111111111 0.29609375 0.28194444444444444 0.29609375 0.26944444444444443 0.29921875 0.2652777777777778 0.30546875 0.2638888888888889 0.33046875 0.2625 0.34375 0.2625 0.3484375 0.26805555555555555 0.35 0.29305555555555557 0.353125 0.30972222222222223 0.353125 0.3277777777777778 0.35625 0.3458333333333333 0.35625 0.35694444444444445 0.35234375 0.3625 0.353125 0.41388888888888886 0.3484375 0.41388888888888886 0.34140625 0.3861111111111111 0.33984375 0.3763888888888889 0.340625 0.36666666666666664 0.33515625 0.35138888888888886 0.30859375 0.35138888888888886 0.29921875 0.35555555555555557
3 0.20625 0.2013888888888889 0.23203125 0.21944444444444444 0.23203125 0.23194444444444445 0.23046875 0.2361111111111111 0.21640625 0.24166666666666667 0.19921875 0.23472222222222222 0.1921875 0.2361111111111111 0.18984375 0.23055555555555557 0.1890625 0.20694444444444443 0.19375 0.2013888888888889 0.20546875 0.2013888888888889
3 0.56640625 0.5041666666666667 0.575 0.5069444444444444 0.58125 0.5152777777777777 0.5984375 0.5291666666666667 0.61171875 0.5541666666666667 0.61328125 0.5791666666666667 0.6203125 0.6166666666666667 0.6234375 0.6583333333333333 0.6171875 0.6638888888888889 0.60078125 0.6652777777777777 0.5984375 0.6680555555555555 0.59296875 0.6777777777777778 0.58515625 0.7083333333333334 0.5828125 0.7111111111111111 0.53828125 0.7138888888888889 0.49609375 0.7208333333333333 0.490625 0.7194444444444444 0.4890625 0.7138888888888889 0.4828125 0.6638888888888889 0.47734375 0.6375 0.47578125 0.6111111111111112 0.4765625 0.5833333333333334 0.48359375 0.5458333333333333 0.490625 0.5319444444444444 0.49765625 0.5236111111111111 0.52734375 0.5166666666666667 0.55546875 0.5041666666666667 0.565625 0.5041666666666667
3 0.628125 0.7125 0.67578125 0.7763888888888889 0.69921875 0.8152777777777778 0.70546875 0.8555555555555555 0.703125 0.8861111111111111 0.70546875 0.9 0.7046875 0.925 0.71484375 0.9541666666666667 0.71640625 0.9694444444444444 0.72109375 0.9763888888888889 0.72265625 0.9875 0.71875 0.9986111111111111 0.68359375 0.9986111111111111 0.68203125 0.9958333333333333 0.6421875 0.9958333333333333 0.6390625 0.9986111111111111 0.63203125 0.9958333333333333 0.63046875 0.9986111111111111 0.61484375 0.9986111111111111 0.6140625 0.9958333333333333 0.60859375 0.9944444444444445 0.56015625 0.9986111111111111 0.55859375 0.9958333333333333 0.5453125 0.9958333333333333 0.54296875 0.9930555555555556 0.52421875 0.9944444444444445 0.52890625 0.9902777777777778 0.54296875 0.9902777777777778 0.54375 0.9847222222222223 0.54140625 0.9819444444444444 0.525 0.9819444444444444 0.5078125 0.9888888888888889 0.50625 0.9944444444444445 0.4859375 0.9944444444444445 0.4796875 0.9861111111111112 0.478125 0.9736111111111111 0.4796875 0.9277777777777778 0.475 0.9097222222222222 0.4671875 0.9 0.4671875 0.8888888888888888 0.471875 0.8833333333333333 0.4703125 0.8791666666666667 0.46640625 0.8805555555555555 0.4640625 0.8541666666666666 0.46015625 0.8444444444444444 0.46015625 0.8361111111111111 0.46796875 0.8166666666666667 0.4671875 0.8138888888888889 0.471875 0.7972222222222223 0.47421875 0.7777777777777778 0.47265625 0.7305555555555555 0.4921875 0.7236111111111111 0.578125 0.7180555555555556 0.61015625 0.7111111111111111 0.62734375 0.7125
2 0.49453125 0.22777777777777777 0.49921875 0.23194444444444445 0.4984375 0.24583333333333332 0.49296875 0.24861111111111112 0.4921875 0.23472222222222222 0.49375 0.22916666666666666
2 0.36953125 0.25 0.3765625 0.25 0.378125 0.25277777777777777 0.37734375 0.26666666666666666 0.371875 0.26944444444444443 0.36953125 0.2638888888888889 0.36953125 0.2513888888888889
2 0.3875 0.23333333333333334 0.39140625 0.23194444444444445 0.39375 0.23472222222222222 0.3921875 0.2513888888888889 0.3890625 0.25 0.38671875 0.24027777777777778 0.3875 0.23472222222222222
2 0.41796875 0.19722222222222222 0.41640625 0.19166666666666668 0.41796875 0.18472222222222223 0.421875 0.18472222222222223 0.4234375 0.18888888888888888 0.421875 0.19722222222222222 0.41875 0.19722222222222222
2 0.328125 0.24444444444444444 0.328125 0.2625 0.32265625 0.2625 0.32109375 0.2569444444444444 0.321875 0.24722222222222223 0.32734375 0.24444444444444444
2 0.4359375 0.18472222222222223 0.4390625 0.19583333333333333 0.4390625 0.20833333333333334 0.4390625 0.2013888888888889 0.43125 0.19305555555555556 0.43203125 0.18611111111111112 0.43515625 0.18472222222222223
2 0.13046875 0.3347222222222222 0.140625 0.3347222222222222 0.14375 0.34305555555555556 0.14375 0.38055555555555554 0.13515625 0.38472222222222224 0.13046875 0.38333333333333336 0.1265625 0.36666666666666664 0.1265625 0.3541666666666667 0.13203125 0.3388888888888889 0.13125 0.33611111111111114
2 0.15390625 0.30416666666666664 0.15625 0.30833333333333335 0.15546875 0.31805555555555554 0.1484375 0.33194444444444443 0.14375 0.3277777777777778 0.14375 0.30833333333333335 0.146875 0.30277777777777776 0.153125 0.30416666666666664
2 0.09609375 0.3736111111111111 0.10546875 0.37777777777777777 0.1078125 0.3861111111111111 0.10625 0.40694444444444444 0.1015625 0.41388888888888886 0.0953125 0.4111111111111111 0.09140625 0.39444444444444443 0.09140625 0.38055555555555554 0.0953125 0.3736111111111111
2 0.03359375 0.9472222222222222 0.040625 0.9472222222222222 0.05 0.9555555555555556 0.05078125 0.9986111111111111 0.0125 0.9986111111111111 0.00546875 0.9944444444444445 0.0046875 0.9916666666666667 0.009375 0.9861111111111112 0.01484375 0.9625 0.02578125 0.9472222222222222 0.0328125 0.9472222222222222
2 0.48046875 0.29444444444444445 0.4828125 0.3111111111111111 0.48046875 0.325 0.478125 0.3277777777777778 0.471875 0.32222222222222224 0.46953125 0.3013888888888889 0.47265625 0.29444444444444445 0.4796875 0.29444444444444445
2 0.5640625 0.43194444444444446 0.56875 0.43472222222222223 0.5703125 0.4444444444444444 0.565625 0.48055555555555557 0.55859375 0.48055555555555557 0.55625 0.4777777777777778 0.55625 0.45694444444444443 0.55390625 0.44027777777777777 0.5546875 0.43333333333333335 0.56328125 0.43194444444444446
2 0.51328125 0.35555555555555557 0.5171875 0.3611111111111111 0.5171875 0.3736111111111111 0.515625 0.3861111111111111 0.5125 0.39166666666666666 0.50703125 0.3902777777777778 0.5046875 0.38333333333333336 0.50546875 0.3597222222222222 0.50703125 0.35555555555555557 0.5125 0.35555555555555557
2 0.44453125 0.22083333333333333 0.44609375 0.22361111111111112 0.44609375 0.2388888888888889 0.44296875 0.24166666666666667 0.440625 0.2388888888888889 0.440625 0.22361111111111112 0.4421875 0.21944444444444444 0.44375 0.22083333333333333
2 0.45625 0.19722222222222222 0.46015625 0.2 0.4609375 0.20972222222222223 0.46015625 0.2152777777777778 0.45625 0.21805555555555556 0.4546875 0.2111111111111111 0.4546875 0.2013888888888889 0.45625 0.1986111111111111
2 0.4375 0.19583333333333333 0.43984375 0.19583333333333333 0.44296875 0.20277777777777778 0.4421875 0.2111111111111111 0.43828125 0.21388888888888888 0.43671875 0.20555555555555555 0.4375 0.19722222222222222
1 0.3625 0.44722222222222224 0.36640625 0.4527777777777778 0.36640625 0.4666666666666667 0.3421875 0.4708333333333333 0.3359375 0.48333333333333334 0.3296875 0.5138888888888888 0.33046875 0.5361111111111111 0.32890625 0.5513888888888889 0.3203125 0.5611111111111111 0.315625 0.5583333333333333 0.31015625 0.5402777777777777 0.31015625 0.5180555555555556 0.31328125 0.5083333333333333 0.31640625 0.46944444444444444 0.31953125 0.45694444444444443 0.32421875 0.4486111111111111 0.36171875 0.44722222222222224
1 0.36484375 0.2013888888888889 0.37109375 0.20694444444444443 0.3734375 0.2222222222222222 0.3734375 0.23055555555555557 0.36640625 0.24861111111111112 0.3515625 0.24722222222222223 0.3484375 0.22777777777777777 0.35 0.20972222222222223 0.3546875 0.2 0.3640625 0.2013888888888889
1 0.41484375 0.1736111111111111 0.41796875 0.18194444444444444 0.4171875 0.19027777777777777 0.41484375 0.19305555555555556 0.40703125 0.19305555555555556 0.40390625 0.1875 0.40546875 0.175 0.4140625 0.1736111111111111
1 0.24375 0.2708333333333333 0.246875 0.2791666666666667 0.246875 0.2902777777777778 0.25078125 0.30972222222222223 0.25 0.32916666666666666 0.24453125 0.3388888888888889 0.2375 0.3333333333333333 0.2359375 0.30694444444444446 0.23203125 0.29305555555555557 0.228125 0.2902777777777778 0.21328125 0.2902777777777778 0.2203125 0.2763888888888889 0.23828125 0.26666666666666666 0.24296875 0.2708333333333333
1 0.34609375 0.8347222222222223 0.3828125 0.8402777777777778 0.403125 0.8486111111111111 0.434375 0.8763888888888889 0.45234375 0.9013888888888889 0.471875 0.9152777777777777 0.47578125 0.9208333333333333 0.47734375 0.9305555555555556 0.4765625 0.975 0.475 0.9805555555555555 0.46640625 0.9916666666666667 0.46015625 0.9944444444444445 0.4421875 0.9916666666666667 0.38515625 0.9986111111111111 0.3578125 0.9986111111111111 0.35546875 0.9958333333333333 0.3359375 0.9944444444444445 0.325 0.9972222222222222 0.3140625 0.9958333333333333 0.3109375 0.9986111111111111 0.30859375 0.9958333333333333 0.284375 0.9958333333333333 0.2828125 0.9986111111111111 0.203125 0.9986111111111111 0.20078125 0.9944444444444445 0.203125 0.9625 0.2015625 0.9430555555555555 0.20390625 0.9208333333333333 0.2078125 0.9069444444444444 0.2140625 0.8972222222222223 0.225 0.8708333333333333 0.2265625 0.8555555555555555 0.22890625 0.85 0.246875 0.8402777777777778 0.2765625 0.8333333333333334 0.31875 0.8319444444444445 0.3453125 0.8347222222222223
1 0.2046875 0.4236111111111111 0.2234375 0.4263888888888889 0.2296875 0.4388888888888889 0.2328125 0.45555555555555555 0.225 0.4666666666666667 0.22109375 0.48194444444444445 0.21796875 0.5111111111111111 0.21484375 0.5180555555555556 0.19609375 0.5208333333333334 0.18359375 0.5333333333333333 0.178125 0.5263888888888889 0.17578125 0.5166666666666667 0.17578125 0.48055555555555557 0.17421875 0.47638888888888886 0.17578125 0.46944444444444444 0.1734375 0.4652777777777778 0.1734375 0.4597222222222222 0.17890625 0.4527777777777778 0.18203125 0.4305555555555556 0.18515625 0.425 0.20390625 0.4236111111111111
1 0.75859375 0.7902777777777777 0.78984375 0.8208333333333333 0.803125 0.8444444444444444 0.815625 0.8763888888888889 0.83046875 0.875 0.83515625 0.8791666666666667 0.83671875 0.8861111111111111 0.8359375 0.8930555555555556 0.8265625 0.9041666666666667 0.8265625 0.9083333333333333 0.83359375 0.9222222222222223 0.775 0.9208333333333333 0.75390625 0.9263888888888889 0.74453125 0.9333333333333333 0.73359375 0.9583333333333334 0.7234375 0.9625 0.71640625 0.9583333333333334 0.71171875 0.9388888888888889 0.70546875 0.9236111111111112 0.703125 0.8319444444444445 0.7 0.8152777777777778 0.68828125 0.7972222222222223 0.6875 0.7916666666666666 0.68984375 0.7888888888888889 0.7203125 0.7861111111111111 0.74296875 0.7861111111111111 0.7578125 0.7902777777777777
1 0.4390625 0.24166666666666667 0.44609375 0.24722222222222223 0.44921875 0.25833333333333336 0.44921875 0.2861111111111111 0.44609375 0.28888888888888886 0.42109375 0.28888888888888886 0.41953125 0.2861111111111111 0.41953125 0.25833333333333336 0.42265625 0.24444444444444444 0.4265625 0.24166666666666667 0.43828125 0.24166666666666667
1 0.234375 0.29444444444444445 0.24140625 0.3236111111111111 0.2375 0.3333333333333333 0.234375 0.3333333333333333 0.2265625 0.3125 0.21953125 0.30416666666666664 0.20234375 0.30694444444444446 0.20625 0.29583333333333334 0.21171875 0.2916666666666667 0.22734375 0.28888888888888886 0.23359375 0.29444444444444445
1 0.28671875 0.2972222222222222 0.28984375 0.3111111111111111 0.28125 0.32222222222222224 0.27734375 0.3527777777777778 0.27421875 0.35694444444444445 0.265625 0.35555555555555557 0.26171875 0.35833333333333334 0.25625 0.35833333333333334 0.253125 0.3472222222222222 0.253125 0.32083333333333336 0.2578125 0.30416666666666664 0.2640625 0.29583333333333334 0.2828125 0.29444444444444445 0.2859375 0.2972222222222222
1 0.27265625 0.5972222222222222 0.2859375 0.6027777777777777 0.29296875 0.6152777777777778 0.29921875 0.6347222222222222 0.30859375 0.6402777777777777 0.30859375 0.6472222222222223 0.3015625 0.6541666666666667 0.30390625 0.6625 0.303125 0.6819444444444445 0.26484375 0.6861111111111111 0.25234375 0.6902777777777778 0.23359375 0.725 0.23125 0.7388888888888889 0.22734375 0.7444444444444445 0.2234375 0.7375 0.2203125 0.7138888888888889 0.21953125 0.6625 0.21640625 0.6555555555555556 0.21640625 0.6472222222222223 0.234375 0.6041666666666666 0.24140625 0.6 0.271875 0.5972222222222222
1 0.3859375 0.5152777777777777 0.3953125 0.5152777777777777 0.40859375 0.5236111111111111 0.42265625 0.5583333333333333 0.4328125 0.5611111111111111 0.43359375 0.5666666666666667 0.42734375 0.575 0.43046875 0.6097222222222223 0.4265625 0.6111111111111112 0.41796875 0.6055555555555555 0.3703125 0.6069444444444444 0.36484375 0.6152777777777778 0.3625 0.6305555555555555 0.3546875 0.6444444444444445 0.3484375 0.6402777777777777 0.35 0.6361111111111111 0.3453125 0.6305555555555555 0.34296875 0.6152777777777778 0.3421875 0.5680555555555555 0.3453125 0.5402777777777777 0.35546875 0.5194444444444445 0.38515625 0.5152777777777777
1 0.4203125 0.6083333333333333 0.42734375 0.6125 0.43203125 0.6194444444444445 0.4421875 0.6458333333333334 0.44921875 0.6458333333333334 0.45390625 0.6513888888888889 0.453125 0.6555555555555556 0.446875 0.6611111111111111 0.45 0.6819444444444445 0.45 0.6944444444444444 0.44375 0.6972222222222222 0.41953125 0.6958333333333333 0.3890625 0.7027777777777777 0.3828125 0.7208333333333333 0.3765625 0.7305555555555555 0.37265625 0.7486111111111111 0.36953125 0.7472222222222222 0.3671875 0.7333333333333333 0.3578125 0.7180555555555556 0.35625 0.7111111111111111 0.35546875 0.6597222222222222 0.3578125 0.6444444444444445 0.36484375 0.6263888888888889 0.365625 0.6180555555555556 0.371875 0.6083333333333333 0.41953125 0.6083333333333333
1 0.2515625 0.5611111111111111 0.25703125 0.5625 0.26640625 0.5736111111111111 0.26953125 0.5958333333333333 0.24140625 0.5986111111111111 0.23203125 0.6055555555555555 0.21640625 0.6472222222222223 0.21875 0.6819444444444445 0.2109375 0.6861111111111111 0.203125 0.6861111111111111 0.1953125 0.6611111111111111 0.1953125 0.6180555555555556 0.19140625 0.6097222222222223 0.1921875 0.6027777777777777 0.19765625 0.5986111111111111 0.2015625 0.5777777777777777 0.21171875 0.5666666666666667 0.2265625 0.5611111111111111 0.25078125 0.5611111111111111
1 0.30390625 0.39861111111111114 0.32734375 0.39861111111111114 0.340625 0.40694444444444444 0.340625 0.4111111111111111 0.3390625 0.4152777777777778 0.31171875 0.41805555555555557 0.30703125 0.425 0.30078125 0.4638888888888889 0.3 0.4875 0.29765625 0.4930555555555556 0.29375 0.49166666666666664 0.2890625 0.48055555555555557 0.28671875 0.42777777777777776 0.29296875 0.41805555555555557 0.2953125 0.40694444444444444 0.303125 0.39861111111111114
1 0.34453125 0.4152777777777778 0.35625 0.43194444444444446 0.35625 0.44166666666666665 0.3234375 0.45 0.31640625 0.4666666666666667 0.31640625 0.49027777777777776 0.3078125 0.525 0.303125 0.5208333333333334 0.3 0.4847222222222222 0.30390625 0.44027777777777777 0.30859375 0.4236111111111111 0.315625 0.41805555555555557 0.34375 0.4166666666666667
1 0.21640625 0.30416666666666664 0.2234375 0.30694444444444446 0.228125 0.3138888888888889 0.2328125 0.33055555555555555 0.23359375 0.34305555555555556 0.2234375 0.33194444444444443 0.21328125 0.33194444444444443 0.203125 0.3347222222222222 0.19609375 0.34444444444444444 0.1921875 0.35555555555555557 0.18984375 0.3527777777777778 0.1921875 0.3458333333333333 0.1953125 0.3194444444444444 0.1984375 0.3111111111111111 0.20390625 0.3055555555555556 0.215625 0.3055555555555556
1 0.25859375 0.45694444444444443 0.26875 0.4625 0.27265625 0.46944444444444444 0.27734375 0.4930555555555556 0.2859375 0.5013888888888889 0.2828125 0.5069444444444444 0.2859375 0.5472222222222223 0.28515625 0.5694444444444444 0.28359375 0.5736111111111111 0.27890625 0.575 0.26953125 0.5708333333333333 0.26328125 0.5416666666666666 0.25390625 0.5208333333333334 0.24765625 0.5166666666666667 0.23046875 0.5152777777777777 0.2234375 0.5194444444444445 0.21953125 0.5166666666666667 0.2234375 0.4777777777777778 0.2265625 0.4666666666666667 0.2359375 0.4583333333333333 0.2578125 0.45694444444444443
1 0.3375 0.3736111111111111 0.34609375 0.4027777777777778 0.346875 0.41805555555555557 0.33671875 0.41388888888888886 0.33671875 0.40694444444444444 0.32890625 0.39861111111111114 0.3046875 0.39861111111111114 0.30546875 0.3861111111111111 0.3109375 0.375 0.33671875 0.3736111111111111
1 0.65 0.5083333333333333 0.66484375 0.5138888888888888 0.66875 0.5180555555555556 0.6828125 0.5541666666666667 0.68671875 0.5597222222222222 0.6921875 0.5597222222222222 0.69375 0.5625 0.68984375 0.5777777777777777 0.69296875 0.5902777777777778 0.69453125 0.6083333333333333 0.69453125 0.6527777777777778 0.69296875 0.6597222222222222 0.68984375 0.6625 0.68046875 0.6611111111111111 0.66875 0.6527777777777778 0.646875 0.6486111111111111 0.6375 0.6541666666666667 0.6296875 0.6541666666666667 0.62578125 0.6486111111111111 0.62109375 0.6097222222222223 0.61796875 0.6 0.61796875 0.5875 0.6140625 0.5597222222222222 0.61171875 0.5513888888888889 0.60546875 0.5416666666666666 0.6046875 0.5277777777777778 0.60859375 0.5138888888888888 0.61484375 0.5083333333333333 0.64921875 0.5083333333333333
1 0.22265625 0.33194444444444443 0.23359375 0.3458333333333333 0.2390625 0.3486111111111111 0.23984375 0.36527777777777776 0.23828125 0.36944444444444446 0.234375 0.36944444444444446 0.22890625 0.3597222222222222 0.2203125 0.35555555555555557 0.20234375 0.35694444444444445 0.19453125 0.3625 0.1921875 0.3680555555555556 0.1890625 0.36666666666666664 0.1890625 0.3611111111111111 0.19375 0.3527777777777778 0.19296875 0.3472222222222222 0.203125 0.3333333333333333 0.221875 0.33194444444444443
1 0.33828125 0.3763888888888889 0.33515625 0.3736111111111111 0.31328125 0.3736111111111111 0.3078125 0.38055555555555554 0.30390625 0.3972222222222222 0.29296875 0.4097222222222222 0.2921875 0.37916666666666665 0.29765625 0.3597222222222222 0.30234375 0.3541666666666667 0.31171875 0.35138888888888886 0.334375 0.35138888888888886 0.340625 0.36666666666666664 0.3390625 0.375
1 0.79296875 0.9222222222222223 0.8296875 0.9263888888888889 0.84296875 0.925 0.85390625 0.9305555555555556 0.87265625 0.9513888888888888 0.884375 0.9569444444444445 0.89765625 0.9805555555555555 0.896875 0.9861111111111112 0.8921875 0.9875 0.9015625 0.9916666666666667 0.903125 0.9944444444444445 0.9015625 0.9986111111111111 0.88671875 0.9986111111111111 0.8859375 0.9958333333333333 0.878125 0.9930555555555556 0.884375 0.9916666666666667 0.884375 0.9888888888888889 0.878125 0.9875 0.859375 0.9958333333333333 0.8484375 0.9916666666666667 0.84609375 0.9944444444444445 0.8375 0.9944444444444445 0.8359375 0.9888888888888889 0.82265625 0.9875 0.82109375 0.9902777777777778 0.8140625 0.9888888888888889 0.8 0.9944444444444445 0.78671875 0.9930555555555556 0.778125 0.9986111111111111 0.7390625 0.9986111111111111 0.734375 0.9944444444444445 0.728125 0.9819444444444444 0.72578125 0.9694444444444444 0.734375 0.9625 0.7453125 0.9347222222222222 0.74921875 0.9305555555555556 0.76171875 0.9263888888888889 0.7921875 0.9236111111111112
1 0.2890625 0.30416666666666664 0.29140625 0.3111111111111111 0.296875 0.31666666666666665 0.3 0.33055555555555555 0.29765625 0.3597222222222222 0.29296875 0.3763888888888889 0.2796875 0.3736111111111111 0.27734375 0.37083333333333335 0.27578125 0.3625 0.2796875 0.3263888888888889 0.28359375 0.31666666666666665 0.28984375 0.30972222222222223 0.2890625 0.3055555555555556
1 0.30390625 0.2375 0.3078125 0.24027777777777778 0.3109375 0.24722222222222223 0.31171875 0.25972222222222224 0.296875 0.2652777777777778 0.29296875 0.275 0.28125 0.27361111111111114 0.28203125 0.2513888888888889 0.29140625 0.2388888888888889 0.303125 0.2375
1 0.35234375 0.18611111111111112 0.35546875 0.19305555555555556 0.34921875 0.2125 0.3484375 0.22083333333333333 0.34609375 0.2222222222222222 0.3359375 0.22083333333333333 0.33671875 0.2 0.3421875 0.1875 0.3515625 0.18611111111111112
1 0.22421875 0.35555555555555557 0.2296875 0.35833333333333334 0.234375 0.36666666666666664 0.2359375 0.37222222222222223 0.234375 0.375 0.203125 0.37777777777777777 0.190625 0.38472222222222224 0.1890625 0.3902777777777778 0.1875 0.38333333333333336 0.19453125 0.3597222222222222 0.21875 0.3541666666666667 0.2234375 0.35555555555555557
1 0.22265625 0.35555555555555557 0.22890625 0.35833333333333334 0.23515625 0.36944444444444446 0.23515625 0.375 0.23125 0.37777777777777777 0.20703125 0.37777777777777777 0.19453125 0.38472222222222224 0.19296875 0.3958333333333333 0.19609375 0.4152777777777778 0.1921875 0.41944444444444445 0.18828125 0.4166666666666667 0.1875 0.39444444444444443 0.18515625 0.3888888888888889 0.1921875 0.3625 0.203125 0.35694444444444445 0.221875 0.35555555555555557
1 0.63515625 0.6638888888888889 0.6640625 0.6638888888888889 0.6765625 0.6694444444444444 0.6890625 0.6847222222222222 0.70078125 0.7055555555555556 0.71171875 0.7375 0.71640625 0.7458333333333333 0.721875 0.7402777777777778 0.728125 0.7402777777777778 0.73125 0.7486111111111111 0.73046875 0.7569444444444444 0.7203125 0.7638888888888888 0.7265625 0.7819444444444444 0.7125 0.7861111111111111 0.68515625 0.7861111111111111 0.68203125 0.7833333333333333 0.62734375 0.7097222222222223 0.58828125 0.7111111111111111 0.5875 0.7055555555555556 0.590625 0.6888888888888889 0.5984375 0.6694444444444444 0.60859375 0.6652777777777777 0.634375 0.6638888888888889
1 0.23828125 0.5166666666666667 0.24921875 0.5180555555555556 0.25625 0.525 0.265625 0.5513888888888889 0.26640625 0.5708333333333333 0.25546875 0.5611111111111111 0.2296875 0.5597222222222222 0.21484375 0.5638888888888889 0.203125 0.575 0.19921875 0.575 0.196875 0.5680555555555555 0.1921875 0.5638888888888889 0.1921875 0.5569444444444445 0.20078125 0.5527777777777778 0.20546875 0.5319444444444444 0.209375 0.5236111111111111 0.2375 0.5166666666666667
1 0.43828125 0.1486111111111111 0.43984375 0.15416666666666667 0.43828125 0.1638888888888889 0.428125 0.1638888888888889 0.4265625 0.16111111111111112 0.4265625 0.15555555555555556 0.4296875 0.1486111111111111 0.4375 0.1486111111111111
1 0.3390625 0.17777777777777778 0.34140625 0.18611111111111112 0.3375 0.19583333333333333 0.3328125 0.2 0.31640625 0.19722222222222222 0.3140625 0.19444444444444445 0.31328125 0.18611111111111112 0.32421875 0.1763888888888889 0.33828125 0.17777777777777778
1 0.4796875 0.1527777777777778 0.48125 0.16111111111111112 0.478125 0.16527777777777777 0.46875 0.16527777777777777 0.4671875 0.15833333333333333 0.46953125 0.1527777777777778 0.47890625 0.1527777777777778
1 0.1046875 0.25972222222222224 0.1140625 0.2652777777777778 0.11953125 0.2833333333333333 0.11875 0.3055555555555556 0.1171875 0.3138888888888889 0.11328125 0.32083333333333336 0.10546875 0.32083333333333336 0.09609375 0.3138888888888889 0.08203125 0.3138888888888889 0.07734375 0.30694444444444446 0.07890625 0.2861111111111111 0.084375 0.26944444444444443 0.09140625 0.25833333333333336 0.10390625 0.25972222222222224
1 0.3828125 0.46944444444444444 0.390625 0.4791666666666667 0.40234375 0.5055555555555555 0.409375 0.5083333333333333 0.4109375 0.5125 0.41015625 0.5180555555555556 0.40234375 0.5208333333333334 0.39609375 0.5152777777777777 0.3703125 0.5152777777777777 0.35390625 0.5194444444444445 0.3453125 0.5416666666666666 0.340625 0.5708333333333333 0.34140625 0.6083333333333333 0.33828125 0.6041666666666666 0.3375 0.5944444444444444 0.33046875 0.5875 0.3296875 0.5805555555555556 0.3296875 0.5222222222222223 0.33359375 0.49027777777777776 0.34296875 0.4722222222222222 0.36484375 0.46805555555555556 0.38203125 0.46944444444444444
1 0.4015625 0.1875 0.4046875 0.19027777777777777 0.40546875 0.1986111111111111 0.40546875 0.21805555555555556 0.403125 0.2222222222222222 0.396875 0.2222222222222222 0.3875 0.2125 0.3890625 0.19305555555555556 0.39296875 0.18888888888888888 0.40078125 0.1875
1 0.44921875 0.29583333333333334 0.45390625 0.30972222222222223 0.4546875 0.3194444444444444 0.4546875 0.34444444444444444 0.45234375 0.3472222222222222 0.42109375 0.3458333333333333 0.41796875 0.3416666666666667 0.41953125 0.3055555555555556 0.421875 0.29444444444444445 0.44375 0.29305555555555557 0.4484375 0.29583333333333334
1 0.44921875 0.6986111111111111 0.45625 0.7055555555555556 0.4640625 0.7236111111111111 0.46875 0.7402777777777778 0.471875 0.7652777777777777 0.47109375 0.7944444444444444 0.45703125 0.8444444444444444 0.46171875 0.8569444444444444 0.46171875 0.8625 0.46015625 0.8680555555555556 0.45625 0.8694444444444445 0.4296875 0.8680555555555556 0.4078125 0.8486111111111111 0.3796875 0.8333333333333334 0.375 0.825 0.37265625 0.7958333333333333 0.3734375 0.7569444444444444 0.37578125 0.7388888888888889 0.38984375 0.7055555555555556 0.41796875 0.6986111111111111 0.4484375 0.6986111111111111
1 0.46796875 0.17916666666666667 0.471875 0.1875 0.47109375 0.19444444444444445 0.46796875 0.1986111111111111 0.459375 0.1986111111111111 0.45546875 0.19583333333333333 0.45390625 0.19027777777777777 0.45546875 0.17916666666666667 0.4671875 0.17916666666666667
1 0.409375 0.1597222222222222 0.015625 0.019444444444444445
0 0.39765625 0.1625 0.4015625 0.175 0.40234375 0.18472222222222223 0.38984375 0.19027777777777777 0.38671875 0.20972222222222223 0.3828125 0.20833333333333334 0.38203125 0.2 0.38359375 0.16805555555555557 0.3890625 0.16111111111111112 0.396875 0.1625