3 0.42265625 0.19027777777777777 0.42890625 0.19722222222222222 0.42890625 0.2111111111111111 0.425 0.22361111111111112 0.41796875 0.22083333333333333 0.4078125 0.2222222222222222 0.40234375 0.21388888888888888 0.40234375 0.19444444444444445 0.40390625 0.19166666666666668 0.421875 0.19027777777777777
2 0.09140625 0.3972222222222222 0.09296875 0.4236111111111111 0.08828125 0.44305555555555554 0.08125 0.44583333333333336 0.07890625 0.44166666666666665 0.07578125 0.42777777777777776 0.07578125 0.4166666666666667 0.0765625 0.4083333333333333 0.0796875 0.4013888888888889 0.090625 0.39861111111111114
2 0.40078125 0.5194444444444445 0.4078125 0.5180555555555556 0.4109375 0.5222222222222223 0.41015625 0.5388888888888889 0.4125 0.5597222222222222 0.41171875 0.5791666666666667 0.4078125 0.5819444444444445 0.40390625 0.5805555555555556 0.403125 0.5666666666666667 0.3984375 0.5444444444444444 0.3984375 0.5305555555555556 0.40078125 0.5208333333333334
2 0.72890625 0.7916666666666666 0.73046875 0.7930555555555555 0.73203125 0.8541666666666666 0.73125 0.8875 0.728125 0.8972222222222223 0.72265625 0.8972222222222223 0.715625 0.8847222222222222 0.709375 0.8833333333333333 0.70546875 0.8666666666666667 0.7078125 0.8555555555555555 0.7078125 0.85 0.70546875 0.8458333333333333 0.70703125 0.8430555555555556 0.709375 0.8138888888888889 0.7078125 0.8055555555555556 0.715625 0.7958333333333333 0.728125 0.7916666666666666
2 0.453125 0.7597222222222222 0.46015625 0.7666666666666667 0.4671875 0.7666666666666667 0.47109375 0.7722222222222223 0.4765625 0.7722222222222223 0.48125 0.7861111111111111 0.4890625 0.7986111111111112 0.48984375 0.8111111111111111 0.4859375 0.8180555555555555 0.4859375 0.8291666666666667 0.48828125 0.8402777777777778 0.4875 0.8472222222222222 0.4765625 0.8305555555555556 0.47265625 0.8166666666666667 0.4609375 0.7958333333333333 0.44765625 0.7805555555555556 0.45234375 0.7611111111111111
2 0.05390625 0.5958333333333333 0.06015625 0.6041666666666666 0.0609375 0.6388888888888888 0.05625 0.6583333333333333 0.05 0.6652777777777777 0.04296875 0.6652777777777777 0.0390625 0.6583333333333333 0.034375 0.6319444444444444 0.03359375 0.6111111111111112 0.0359375 0.5972222222222222 0.053125 0.5958333333333333
2 0.60546875 0.5291666666666667 0.609375 0.5333333333333333 0.60546875 0.5527777777777778 0.609375 0.5652777777777778 0.60859375 0.5708333333333333 0.60546875 0.5722222222222222 0.59296875 0.5638888888888889 0.58984375 0.5569444444444445 0.59140625 0.5319444444444444 0.6046875 0.5305555555555556
2 0.178125 0.2951388888888889 0.0125 0.03194444444444444
2 0.1203125 0.3347222222222222 0.12421875 0.3416666666666667 0.125 0.3597222222222222 0.12265625 0.36944444444444446 0.11953125 0.37222222222222223 0.115625 0.37083333333333335 0.1109375 0.35833333333333334 0.11171875 0.3388888888888889 0.11953125 0.3347222222222222
2 0.08984375 0.35833333333333334 0.09453125 0.3736111111111111 0.09453125 0.3875 0.09140625 0.3972222222222222 0.08203125 0.39861111111111114 0.0796875 0.39444444444444443 0.08125 0.3611111111111111 0.084375 0.35694444444444445 0.0890625 0.35833333333333334
1 0.709375 0.4513888888888889 0.71875 0.45416666666666666 0.73828125 0.4527777777777778 0.75625 0.47638888888888886 0.7640625 0.5 0.75390625 0.5041666666666667 0.7484375 0.5138888888888888 0.74453125 0.5291666666666667 0.740625 0.5347222222222222 0.71328125 0.5263888888888889 0.7046875 0.5291666666666667 0.6875 0.5277777777777778 0.6828125 0.5069444444444444 0.68828125 0.4777777777777778 0.69453125 0.45694444444444443 0.7015625 0.4513888888888889 0.70859375 0.4513888888888889
1 0.265625 0.24722222222222223 0.2671875 0.2513888888888889 0.2625 0.2611111111111111 0.26171875 0.275 0.25859375 0.2833333333333333 0.25234375 0.2791666666666667 0.25078125 0.25833333333333336 0.2546875 0.24722222222222223 0.26484375 0.24722222222222223
1 0.56171875 0.3347222222222222 0.5703125 0.3388888888888889 0.57421875 0.34444444444444444 0.5765625 0.3625 0.575 0.37083333333333335 0.571875 0.375 0.56015625 0.4083333333333333 0.55390625 0.41388888888888886 0.54609375 0.4111111111111111 0.5390625 0.37777777777777777 0.53515625 0.36944444444444446 0.53515625 0.3625 0.5390625 0.35138888888888886 0.540625 0.3388888888888889 0.54921875 0.3347222222222222 0.5609375 0.3347222222222222
1 0.49765625 0.45694444444444443 0.5171875 0.4625 0.521875 0.46805555555555556 0.528125 0.4861111111111111 0.534375 0.49722222222222223 0.5359375 0.5111111111111111 0.521875 0.5125 0.5125 0.49444444444444446 0.49375 0.4722222222222222 0.490625 0.4625 0.496875 0.4583333333333333
1 0.440625 0.32916666666666666 0.45078125 0.33055555555555555 0.45625 0.3277777777777778 0.478125 0.3486111111111111 0.48203125 0.3680555555555556 0.4828125 0.3861111111111111 0.48125 0.4027777777777778 0.47734375 0.4083333333333333 0.45390625 0.4041666666666667 0.44609375 0.37777777777777777 0.44296875 0.38055555555555554 0.4390625 0.39444444444444443 0.43515625 0.3972222222222222 0.4265625 0.375 0.4265625 0.3638888888888889 0.43125 0.35138888888888886 0.43203125 0.3347222222222222 0.43984375 0.32916666666666666
1 0.1875 0.33611111111111114 0.19375 0.34444444444444444 0.19609375 0.3527777777777778 0.20078125 0.38333333333333336 0.2 0.3902777777777778 0.19609375 0.3958333333333333 0.18203125 0.4013888888888889 0.175 0.4152777777777778 0.16171875 0.425 0.1578125 0.4222222222222222 0.15546875 0.41388888888888886 0.1546875 0.4027777777777778 0.15625 0.39305555555555555 0.153125 0.36527777777777776 0.15390625 0.35555555555555557 0.1609375 0.3388888888888889 0.18671875 0.33611111111111114
1 0.5984375 0.38333333333333336 0.6015625 0.4527777777777778 0.5984375 0.45416666666666666 0.59453125 0.44027777777777777 0.5859375 0.4263888888888889 0.56484375 0.41805555555555557 0.5625 0.4111111111111111 0.565625 0.4027777777777778 0.575 0.39166666666666666 0.596875 0.39305555555555555 0.5984375 0.38472222222222224
1 0.2890625 0.2152777777777778 0.29609375 0.2222222222222222 0.29609375 0.22916666666666666 0.29296875 0.24722222222222223 0.28671875 0.25555555555555554 0.28359375 0.25 0.26875 0.24861111111111112 0.26796875 0.23333333333333334 0.2734375 0.21805555555555556 0.28828125 0.2152777777777778
1 0.32734375 0.25833333333333336 0.33515625 0.2611111111111111 0.3375 0.26805555555555555 0.33671875 0.2777777777777778 0.33203125 0.2861111111111111 0.33203125 0.2902777777777778 0.321875 0.2847222222222222 0.3109375 0.2847222222222222 0.30546875 0.2791666666666667 0.31015625 0.2625 0.31484375 0.25833333333333336 0.3265625 0.25833333333333336
1 0.35546875 0.5125 0.3625 0.525 0.3703125 0.5472222222222223 0.37890625 0.5486111111111112 0.38046875 0.5513888888888889 0.3796875 0.5569444444444445 0.37265625 0.5625 0.37734375 0.5805555555555556 0.3796875 0.6013888888888889 0.3796875 0.6472222222222223 0.37578125 0.6569444444444444 0.37109375 0.6541666666666667 0.36640625 0.6430555555555556 0.3546875 0.6388888888888888 0.32265625 0.6388888888888888 0.3171875 0.6430555555555556 0.309375 0.6569444444444444 0.30390625 0.6569444444444444 0.30078125 0.6430555555555556 0.29375 0.6263888888888889 0.29140625 0.5597222222222222 0.29609375 0.5361111111111111 0.30234375 0.5208333333333334 0.31015625 0.5138888888888888 0.3546875 0.5125
1 0.71640625 0.5305555555555556 0.7390625 0.5361111111111111 0.76015625 0.5527777777777778 0.7734375 0.5875 0.77578125 0.6041666666666666 0.78828125 0.6291666666666667 0.7921875 0.6458333333333334 0.7921875 0.6611111111111111 0.7890625 0.6652777777777777 0.77421875 0.6638888888888889 0.75234375 0.675 0.74140625 0.6736111111111112 0.73046875 0.6777777777777778 0.71640625 0.6486111111111111 0.70546875 0.6097222222222223 0.6765625 0.5694444444444444 0.678125 0.5527777777777778 0.68515625 0.5347222222222222 0.715625 0.5305555555555556
1 0.35703125 0.22083333333333333 0.36015625 0.2263888888888889 0.359375 0.23055555555555557 0.35078125 0.2388888888888889 0.34453125 0.2569444444444444 0.3359375 0.25277777777777777 0.3359375 0.2375 0.34453125 0.2222222222222222 0.3515625 0.21805555555555556 0.35546875 0.21805555555555556 0.35625 0.22083333333333333
1 0.3796875 0.25 0.3859375 0.25277777777777777 0.39140625 0.2638888888888889 0.39140625 0.2777777777777778 0.3875 0.2833333333333333 0.38203125 0.28194444444444444 0.37421875 0.2625 0.36875 0.25972222222222224 0.37109375 0.25277777777777777 0.37890625 0.25
1 0.26171875 0.28888888888888886 0.27109375 0.30972222222222223 0.27578125 0.3125 0.271875 0.3263888888888889 0.27421875 0.33055555555555555 0.26484375 0.3472222222222222 0.23046875 0.3472222222222222 0.228125 0.3388888888888889 0.22890625 0.31527777777777777 0.23515625 0.2916666666666667 0.2421875 0.2875 0.2609375 0.28888888888888886
1 0.42109375 0.3763888888888889 0.425 0.37916666666666665 0.43046875 0.3902777777777778 0.434375 0.41805555555555557 0.4296875 0.43333333333333335 0.428125 0.4527777777777778 0.41484375 0.46111111111111114 0.409375 0.4583333333333333 0.40546875 0.44166666666666665 0.3984375 0.42777777777777776 0.38984375 0.4222222222222222 0.38359375 0.4111111111111111 0.38359375 0.3888888888888889 0.38671875 0.3763888888888889 0.39609375 0.37083333333333335 0.41484375 0.37222222222222223 0.4203125 0.3763888888888889
1 0.83671875 0.5486111111111112 0.8734375 0.55 0.89140625 0.5597222222222222 0.9046875 0.5833333333333334 0.91484375 0.6069444444444444 0.92265625 0.6083333333333333 0.9234375 0.6152777777777778 0.92109375 0.6208333333333333 0.92109375 0.6277777777777778 0.9265625 0.6430555555555556 0.9265625 0.6541666666666667 0.93125 0.6722222222222223 0.93125 0.6819444444444445 0.9265625 0.6819444444444445 0.909375 0.6666666666666666 0.90078125 0.6638888888888889 0.89296875 0.6569444444444444 0.89296875 0.6291666666666667 0.89140625 0.6236111111111111 0.88984375 0.6208333333333333 0.87890625 0.6236111111111111 0.87421875 0.6138888888888889 0.8703125 0.6125 0.86640625 0.6166666666666667 0.86484375 0.6319444444444444 0.859375 0.6486111111111111 0.82890625 0.6541666666666667 0.8125 0.6680555555555555 0.80625 0.6680555555555555 0.80390625 0.6638888888888889 0.8046875 0.6472222222222223 0.80078125 0.6291666666666667 0.80546875 0.5777777777777777 0.8125 0.5708333333333333 0.82109375 0.5527777777777778 0.8359375 0.5486111111111112
1 0.4875 0.2791666666666667 0.4875 0.2833333333333333 0.49140625 0.2875 0.503125 0.2875 0.5109375 0.29305555555555557 0.5046875 0.3 0.50234375 0.30972222222222223 0.49765625 0.31805555555555554 0.49765625 0.3416666666666667 0.49453125 0.3402777777777778 0.4921875 0.32916666666666666 0.48125 0.32083333333333336 0.47578125 0.32083333333333336 0.471875 0.3111111111111111 0.4734375 0.30277777777777776 0.4703125 0.29583333333333334 0.475 0.28888888888888886 0.484375 0.2875 0.4875 0.28055555555555556
1 0.775 0.5027777777777778 0.79765625 0.5055555555555555 0.80390625 0.5097222222222222 0.821875 0.5458333333333333 0.81875 0.5597222222222222 0.8046875 0.5791666666666667 0.80078125 0.6152777777777778 0.79609375 0.625 0.79296875 0.6208333333333333 0.7890625 0.6222222222222222 0.78203125 0.6125 0.78125 0.6083333333333333 0.7859375 0.5972222222222222 0.784375 0.5805555555555556 0.78046875 0.5666666666666667 0.7734375 0.5555555555555556 0.76875 0.5416666666666666 0.765625 0.5402777777777777 0.76171875 0.5472222222222223 0.7578125 0.5486111111111112 0.746875 0.5402777777777777 0.74375 0.5347222222222222 0.75 0.5125 0.75390625 0.5055555555555555 0.77421875 0.5027777777777778
1 0.52265625 0.35833333333333334 0.52421875 0.3416666666666667 0.5265625 0.3375 0.54375 0.3375 0.53671875 0.35833333333333334 0.5359375 0.3736111111111111 0.52578125 0.36666666666666664 0.5234375 0.3597222222222222
1 0.44609375 0.7847222222222222 0.45859375 0.7944444444444444 0.47265625 0.8166666666666667 0.47578125 0.8277777777777777 0.4859375 0.8458333333333333 0.49296875 0.8694444444444445 0.51015625 0.9013888888888889 0.51484375 0.9277777777777778 0.5171875 0.9736111111111111 0.51328125 0.9791666666666666 0.5046875 0.9791666666666666 0.4984375 0.9833333333333333 0.48515625 0.9791666666666666 0.471875 0.9833333333333333 0.46171875 0.9819444444444444 0.44765625 0.9361111111111111 0.43125 0.9055555555555556 0.41796875 0.8875 0.3984375 0.8847222222222222 0.36796875 0.8930555555555556 0.35546875 0.8930555555555556 0.3515625 0.8875 0.3515625 0.8652777777777778 0.35859375 0.8472222222222222 0.359375 0.8333333333333334 0.37109375 0.8083333333333333 0.375 0.7944444444444444 0.3859375 0.7888888888888889 0.41171875 0.7847222222222222 0.4453125 0.7847222222222222
1 0.59296875 0.5652777777777778 0.60625 0.575 0.61484375 0.5902777777777778 0.60859375 0.6277777777777778 0.60859375 0.6777777777777778 0.60546875 0.6861111111111111 0.57421875 0.6875 0.57109375 0.6902777777777778 0.56875 0.6888888888888889 0.5703125 0.6819444444444445 0.5671875 0.6763888888888889 0.5640625 0.6805555555555556 0.5609375 0.6763888888888889 0.55 0.6486111111111111 0.52890625 0.625 0.5296875 0.6097222222222223 0.534375 0.5958333333333333 0.55078125 0.5708333333333333 0.56328125 0.5652777777777778 0.5921875 0.5652777777777778
1 0.17890625 0.5180555555555556 0.18984375 0.5263888888888889 0.19921875 0.5638888888888889 0.2015625 0.5861111111111111 0.20078125 0.6138888888888889 0.196875 0.6277777777777778 0.1953125 0.65 0.1921875 0.6569444444444444 0.1828125 0.6583333333333333 0.17578125 0.6486111111111111 0.165625 0.6513888888888889 0.1609375 0.6569444444444444 0.15703125 0.6791666666666667 0.14765625 0.6847222222222222 0.14296875 0.6833333333333333 0.1359375 0.6722222222222223 0.1125 0.6694444444444444 0.090625 0.6722222222222223 0.0875 0.6805555555555556 0.078125 0.6875 0.0703125 0.6847222222222222 0.0671875 0.6722222222222223 0.06796875 0.6180555555555556 0.075 0.6027777777777777 0.08671875 0.5875 0.08984375 0.5736111111111111 0.1015625 0.5444444444444444 0.1140625 0.5319444444444444 0.13828125 0.5194444444444445 0.178125 0.5180555555555556
1 0.3828125 0.30416666666666664 0.38515625 0.30833333333333335 0.3921875 0.3111111111111111 0.396875 0.3263888888888889 0.390625 0.33055555555555555 0.37734375 0.33194444444444443 0.37109375 0.33611111111111114 0.365625 0.3458333333333333 0.36015625 0.3458333333333333 0.35625 0.33055555555555555 0.3609375 0.3194444444444444 0.3671875 0.30972222222222223 0.38203125 0.3055555555555556
1 0.36875 0.4236111111111111 0.3921875 0.4236111111111111 0.4 0.4305555555555556 0.40625 0.4444444444444444 0.409375 0.4722222222222222 0.403125 0.48055555555555557 0.39921875 0.5166666666666667 0.396875 0.5222222222222223 0.3625 0.5222222222222223 0.35625 0.5111111111111111 0.3453125 0.5069444444444444 0.34453125 0.46944444444444444 0.346875 0.45555555555555555 0.35703125 0.42777777777777776 0.36796875 0.4236111111111111
1 0.59375 0.37222222222222223 0.59921875 0.375 0.6015625 0.38055555555555554 0.5984375 0.4027777777777778 0.5984375 0.4388888888888889 0.5953125 0.4388888888888889 0.5984375 0.4263888888888889 0.5984375 0.4041666666666667 0.5953125 0.39861111111111114 0.590625 0.3958333333333333 0.57734375 0.39861111111111114 0.56953125 0.4111111111111111 0.56875 0.41388888888888886 0.571875 0.41805555555555557 0.5640625 0.4166666666666667 0.5625 0.4097222222222222 0.56328125 0.4 0.57265625 0.375 0.58359375 0.37083333333333335 0.59296875 0.37222222222222223
1 0.4328125 0.24166666666666667 0.43828125 0.24444444444444444 0.44375 0.2625 0.44921875 0.26944444444444443 0.44921875 0.28194444444444444 0.4453125 0.26944444444444443 0.43125 0.26805555555555555 0.425 0.275 0.4140625 0.26805555555555555 0.41328125 0.25555555555555554 0.41796875 0.24444444444444444 0.43203125 0.24166666666666667
1 0.3921875 0.3277777777777778 0.39921875 0.33055555555555555 0.4046875 0.3388888888888889 0.40859375 0.36944444444444446 0.39609375 0.36944444444444446 0.38828125 0.3736111111111111 0.384375 0.38055555555555554 0.38203125 0.4013888888888889 0.375 0.40555555555555556 0.36640625 0.40555555555555556 0.3609375 0.4013888888888889 0.36015625 0.35833333333333334 0.36796875 0.33611111111111114 0.39140625 0.3277777777777778
1 0.2125 0.31666666666666665 0.22109375 0.32083333333333336 0.22578125 0.33055555555555555 0.228125 0.34305555555555556 0.22734375 0.37083333333333335 0.2234375 0.38333333333333336 0.209375 0.3819444444444444 0.203125 0.38472222222222224 0.2 0.3819444444444444 0.19453125 0.3472222222222222 0.18828125 0.32916666666666666 0.19375 0.32083333333333336 0.2015625 0.31666666666666665 0.21171875 0.31666666666666665
1 0.2140625 0.47638888888888886 0.225 0.4791666666666667 0.23515625 0.4861111111111111 0.253125 0.5402777777777777 0.2515625 0.5486111111111112 0.2515625 0.6152777777777778 0.240625 0.6097222222222223 0.23671875 0.6041666666666666 0.20703125 0.6055555555555555 0.20390625 0.6027777777777777 0.20078125 0.5652777777777778 0.1953125 0.5472222222222223 0.19375 0.5347222222222222 0.1890625 0.5222222222222223 0.1796875 0.5125 0.18984375 0.4847222222222222 0.21328125 0.47638888888888886
1 0.46796875 0.3236111111111111 0.484375 0.3263888888888889 0.490625 0.3347222222222222 0.4953125 0.35 0.4953125 0.35833333333333334 0.49296875 0.3625 0.484375 0.36666666666666664 0.48125 0.36527777777777776 0.48046875 0.35694444444444445 0.475 0.34305555555555556 0.45859375 0.33055555555555555 0.46015625 0.3263888888888889 0.4671875 0.3236111111111111
1 0.61015625 0.4583333333333333 0.63125 0.4583333333333333 0.64765625 0.4652777777777778 0.66015625 0.48055555555555557 0.66796875 0.5069444444444444 0.66171875 0.5097222222222222 0.625 0.5055555555555555 0.61953125 0.5111111111111111 0.6125 0.5291666666666667 0.60234375 0.5 0.59765625 0.5041666666666667 0.59375 0.5166666666666667 0.59140625 0.5194444444444445 0.58828125 0.5166666666666667 0.59140625 0.4875 0.5984375 0.4638888888888889 0.60234375 0.4583333333333333 0.609375 0.4583333333333333
1 0.37734375 0.29305555555555557 0.38359375 0.3055555555555556 0.36640625 0.3111111111111111 0.359375 0.32916666666666666 0.36015625 0.3458333333333333 0.35859375 0.35 0.35546875 0.3486111111111111 0.35078125 0.3333333333333333 0.34921875 0.31527777777777777 0.35234375 0.2986111111111111 0.3640625 0.2916666666666667 0.3765625 0.29305555555555557
1 0.41484375 0.8888888888888888 0.41875 0.8902777777777777 0.428125 0.9027777777777778 0.44375 0.9319444444444445 0.4578125 0.9694444444444444 0.45859375 0.9805555555555555 0.44296875 0.9930555555555556 0.43203125 0.9944444444444445 0.4203125 0.9916666666666667 0.41328125 0.9944444444444445 0.37109375 0.9958333333333333 0.36796875 0.9986111111111111 0.3265625 0.9986111111111111 0.321875 0.9944444444444445 0.3234375 0.9888888888888889 0.321875 0.9694444444444444 0.32578125 0.9541666666666667 0.32578125 0.9472222222222222 0.3390625 0.9041666666666667 0.34921875 0.8944444444444445 0.36484375 0.8958333333333334 0.3859375 0.8902777777777777 0.4140625 0.8888888888888888
1 0.878125 0.6541666666666667 0.90234375 0.6638888888888889 0.91171875 0.6638888888888889 0.92265625 0.6763888888888889 0.921875 0.6791666666666667 0.90390625 0.6694444444444444 0.85234375 0.6666666666666666 0.81796875 0.6694444444444444 0.81640625 0.6680555555555555 0.82265625 0.6597222222222222 0.8359375 0.6527777777777778 0.86015625 0.6513888888888889 0.87734375 0.6541666666666667
1 0.0984375 0.25833333333333336 0.1 0.2611111111111111 0.10078125 0.2763888888888889 0.10390625 0.2847222222222222 0.10390625 0.29583333333333334 0.10078125 0.3138888888888889 0.096875 0.3194444444444444 0.0765625 0.31805555555555554 0.07421875 0.3138888888888889 0.071875 0.31666666666666665 0.06640625 0.31527777777777777 0.06328125 0.30833333333333335 0.0625 0.28888888888888886 0.0703125 0.2611111111111111 0.07421875 0.2569444444444444 0.08671875 0.25555555555555554 0.09765625 0.25833333333333336
1 0.4734375 0.24444444444444444 0.47578125 0.24722222222222223 0.47578125 0.2513888888888889 0.46953125 0.25416666666666665 0.46640625 0.25972222222222224 0.4640625 0.28055555555555556 0.46015625 0.28888888888888886 0.45390625 0.2847222222222222 0.44921875 0.26805555555555555 0.44921875 0.2611111111111111 0.45625 0.24444444444444444 0.47265625 0.24444444444444444
1 0.321875 0.2847222222222222 0.32890625 0.28888888888888886 0.33203125 0.29444444444444445 0.334375 0.3125 0.33359375 0.32083333333333336 0.325 0.325 0.303125 0.3236111111111111 0.29609375 0.30277777777777776 0.29609375 0.2902777777777778 0.29921875 0.2847222222222222 0.32109375 0.2847222222222222
1 0.284375 0.2513888888888889 0.29296875 0.2652777777777778 0.290625 0.29444444444444445 0.2734375 0.30694444444444446 0.26875 0.30416666666666664 0.26171875 0.28888888888888886 0.26171875 0.26666666666666666 0.2640625 0.25833333333333336 0.26953125 0.2513888888888889 0.28359375 0.2513888888888889
1 0.41171875 0.2708333333333333 0.41875 0.27361111111111114 0.42265625 0.2791666666666667 0.41796875 0.3194444444444444 0.403125 0.3194444444444444 0.396875 0.31527777777777777 0.39375 0.3055555555555556 0.3984375 0.2777777777777778 0.40390625 0.2722222222222222 0.4109375 0.2708333333333333
1 0.25625 0.35138888888888886 0.265625 0.35555555555555557 0.2703125 0.37083333333333335 0.275 0.37777777777777777 0.271875 0.3875 0.27421875 0.4027777777777778 0.27421875 0.42083333333333334 0.25546875 0.4361111111111111 0.2375 0.4361111111111111 0.234375 0.4388888888888889 0.2296875 0.4375 0.22578125 0.425 0.22578125 0.39166666666666666 0.2296875 0.35833333333333334 0.234375 0.3541666666666667 0.25546875 0.35138888888888886
1 0.21171875 0.3972222222222222 0.21484375 0.4 0.22265625 0.425 0.225 0.44027777777777777 0.2234375 0.45 0.21484375 0.4583333333333333 0.209375 0.475 0.18984375 0.48333333333333334 0.17578125 0.5152777777777777 0.171875 0.5152777777777777 0.16953125 0.5069444444444444 0.1703125 0.4513888888888889 0.1671875 0.44305555555555554 0.171875 0.4361111111111111 0.175 0.41944444444444445 0.18125 0.4027777777777778 0.19140625 0.3972222222222222 0.2109375 0.3972222222222222
1 0.478125 0.4111111111111111 0.484375 0.41805555555555557 0.49140625 0.43333333333333335 0.4953125 0.4486111111111111 0.4953125 0.45416666666666666 0.49140625 0.4583333333333333 0.478125 0.44583333333333336 0.43046875 0.44722222222222224 0.43125 0.4305555555555556 0.434375 0.41805555555555557 0.43984375 0.4097222222222222 0.4609375 0.40694444444444444 0.47734375 0.4111111111111111
1 0.5625 0.5152777777777777 0.56796875 0.5180555555555556 0.5765625 0.5319444444444444 0.58359375 0.5569444444444445 0.58125 0.5611111111111111 0.55859375 0.5652777777777778 0.54921875 0.5708333333333333 0.534375 0.5930555555555556 0.52890625 0.5930555555555556 0.5265625 0.5847222222222223 0.5234375 0.5180555555555556 0.5328125 0.5125 0.56171875 0.5152777777777777
1 0.3671875 0.2611111111111111 0.3765625 0.26666666666666666 0.3796875 0.2791666666666667 0.37890625 0.29305555555555557 0.38046875 0.3 0.37578125 0.29305555555555557 0.3609375 0.29305555555555557 0.35234375 0.3055555555555556 0.34921875 0.29305555555555557 0.34921875 0.2791666666666667 0.3515625 0.26805555555555555 0.35703125 0.2625 0.36640625 0.2611111111111111
1 0.64375 0.5736111111111111 0.675 0.575 0.696875 0.5972222222222222 0.71015625 0.6194444444444445 0.7125 0.6402777777777777 0.71640625 0.6430555555555556 0.71640625 0.6472222222222223 0.7203125 0.6527777777777778 0.71953125 0.6611111111111111 0.725 0.6694444444444444 0.72734375 0.6777777777777778 0.73203125 0.7083333333333334 0.73046875 0.7180555555555556 0.7234375 0.7236111111111111 0.70546875 0.7166666666666667 0.69609375 0.7444444444444445 0.659375 0.75 0.653125 0.7611111111111111 0.6484375 0.7638888888888888 0.6421875 0.7597222222222222 0.63984375 0.75 0.6390625 0.7319444444444444 0.63671875 0.7277777777777777 0.63359375 0.7291666666666666 0.63125 0.725 0.628125 0.725 0.62265625 0.7333333333333333 0.61640625 0.7333333333333333 0.6140625 0.7291666666666666 0.61171875 0.7180555555555556 0.6109375 0.6722222222222223 0.609375 0.6652777777777777 0.609375 0.6305555555555555 0.61171875 0.6111111111111112 0.61796875 0.5847222222222223 0.62890625 0.575 0.64296875 0.5736111111111111
1 0.51484375 0.6333333333333333 0.53359375 0.6347222222222222 0.546875 0.6486111111111111 0.5578125 0.6680555555555555 0.55859375 0.675 0.5625 0.6791666666666667 0.56484375 0.6944444444444444 0.571875 0.7166666666666667 0.55859375 0.7208333333333333 0.52578125 0.7236111111111111 0.5140625 0.7291666666666666 0.509375 0.7430555555555556 0.5015625 0.7513888888888889 0.4953125 0.7638888888888888 0.49296875 0.7861111111111111 0.490625 0.7902777777777777 0.4875 0.7888888888888889 0.48359375 0.775 0.47890625 0.7722222222222223 0.47734375 0.7680555555555556 0.4734375 0.7472222222222222 0.46328125 0.7402777777777778 0.4625 0.7041666666666667 0.4671875 0.6736111111111112 0.47265625 0.6527777777777778 0.48125 0.6388888888888888 0.49609375 0.6347222222222222 0.5140625 0.6347222222222222
1 0.5828125 0.725 0.5921875 0.7388888888888889 0.609375 0.7791666666666667 0.62109375 0.7861111111111111 0.615625 0.7944444444444444 0.615625 0.8 0.625 0.8208333333333333 0.62578125 0.8958333333333334 0.62265625 0.9013888888888889 0.60859375 0.8944444444444445 0.56875 0.8986111111111111 0.5453125 0.8958333333333334 0.53984375 0.8972222222222223 0.5296875 0.9069444444444444 0.52421875 0.9041666666666667 0.51796875 0.8708333333333333 0.496875 0.8513888888888889 0.4953125 0.8277777777777777 0.496875 0.8013888888888889 0.4953125 0.7958333333333333 0.4984375 0.7625 0.51171875 0.7416666666666667 0.5140625 0.7333333333333333 0.521875 0.7277777777777777 0.56328125 0.7208333333333333 0.5765625 0.7208333333333333 0.58203125 0.725
1 0.24921875 0.45416666666666666 0.25546875 0.4652777777777778 0.26328125 0.5097222222222222 0.2625 0.5305555555555556 0.2640625 0.5458333333333333 0.25859375 0.5513888888888889 0.25234375 0.5486111111111112 0.2515625 0.5347222222222222 0.24765625 0.5263888888888889 0.2390625 0.4930555555555556 0.234375 0.4847222222222222 0.225 0.4777777777777778 0.2109375 0.47638888888888886 0.21171875 0.46805555555555556 0.215625 0.4583333333333333 0.234375 0.4527777777777778 0.2484375 0.45416666666666666
1 0.4171875 0.22777777777777777 0.42421875 0.22916666666666666 0.42890625 0.2375 0.42890625 0.24166666666666667 0.41875 0.24444444444444444 0.415625 0.25 0.41484375 0.2652777777777778 0.421875 0.275 0.40703125 0.2652777777777778 0.4078125 0.23472222222222222 0.4109375 0.22777777777777777 0.41640625 0.22777777777777777
1 0.31953125 0.23194444444444445 0.32421875 0.2375 0.3265625 0.25 0.32421875 0.25555555555555554 0.31328125 0.25833333333333336 0.30859375 0.26666666666666666 0.3078125 0.2722222222222222 0.3046875 0.275 0.2984375 0.275 0.296875 0.2708333333333333 0.2953125 0.25972222222222224 0.29609375 0.24027777777777778 0.3 0.23333333333333334 0.31875 0.23194444444444445
1 0.38203125 0.6625 0.38671875 0.6666666666666666 0.3953125 0.6847222222222222 0.40703125 0.7361111111111112 0.4171875 0.7333333333333333 0.421875 0.7388888888888889 0.42109375 0.7444444444444445 0.4125 0.7527777777777778 0.41640625 0.7791666666666667 0.39765625 0.7861111111111111 0.38125 0.7875 0.37421875 0.7916666666666666 0.36953125 0.8069444444444445 0.3578125 0.8319444444444445 0.353125 0.8527777777777777 0.33984375 0.8666666666666667 0.32734375 0.8736111111111111 0.32109375 0.8722222222222222 0.31953125 0.8444444444444444 0.309375 0.8222222222222222 0.3046875 0.7666666666666667 0.30625 0.7583333333333333 0.30625 0.7236111111111111 0.3125 0.7083333333333334 0.3171875 0.6805555555555556 0.3203125 0.6708333333333333 0.32734375 0.6652777777777777 0.35 0.6611111111111111 0.38125 0.6625
1 0.2109375 0.2916666666666667 0.221875 0.2972222222222222 0.22578125 0.30833333333333335 0.22421875 0.3194444444444444 0.21328125 0.31527777777777777 0.20234375 0.31527777777777777 0.19296875 0.32083333333333336 0.190625 0.3194444444444444 0.190625 0.3 0.1921875 0.2972222222222222 0.1984375 0.29305555555555557 0.21015625 0.2916666666666667
1 0.4359375 0.2652777777777778 0.4421875 0.2652777777777778 0.44921875 0.2708333333333333 0.45234375 0.2916666666666667 0.44921875 0.29583333333333334 0.43828125 0.2986111111111111 0.43359375 0.30833333333333335 0.42890625 0.3277777777777778 0.42265625 0.3263888888888889 0.41953125 0.31805555555555554 0.42109375 0.2875 0.4234375 0.2708333333333333 0.43515625 0.2652777777777778
1 0.4515625 0.2986111111111111 0.459375 0.3 0.46328125 0.30694444444444446 0.46640625 0.32083333333333336 0.45625 0.33055555555555555 0.43671875 0.33194444444444443 0.43046875 0.33055555555555555 0.43515625 0.30694444444444446 0.44140625 0.3 0.45078125 0.2986111111111111
1 0.2484375 0.6333333333333333 0.25390625 0.6402777777777777 0.26796875 0.6444444444444445 0.27578125 0.6652777777777777 0.28359375 0.6777777777777778 0.2890625 0.6791666666666667 0.29375 0.6888888888888889 0.29375 0.6930555555555555 0.28515625 0.7041666666666667 0.28984375 0.7347222222222223 0.290625 0.7888888888888889 0.284375 0.7930555555555555 0.275 0.7847222222222222 0.215625 0.7944444444444444 0.20703125 0.8 0.20234375 0.8 0.2 0.7944444444444444 0.19765625 0.7472222222222222 0.2 0.7152777777777778 0.196875 0.7069444444444445 0.19140625 0.7013888888888888 0.19140625 0.6944444444444444 0.2 0.6875 0.209375 0.6583333333333333 0.215625 0.6458333333333334 0.23125 0.6416666666666667 0.2375 0.6333333333333333 0.24765625 0.6333333333333333
1 0.67421875 0.42083333333333334 0.6859375 0.43333333333333335 0.69140625 0.4486111111111111 0.69296875 0.4597222222222222 0.68515625 0.4875 0.68203125 0.5083333333333333 0.66875 0.5041666666666667 0.6671875 0.49444444444444446 0.66015625 0.475 0.65234375 0.4652777777777778 0.63203125 0.45694444444444443 0.62890625 0.4527777777777778 0.62890625 0.4375 0.6375 0.41944444444444445 0.6734375 0.42083333333333334
1 0.56953125 0.42083333333333334 0.58203125 0.425 0.58984375 0.43194444444444446 0.59453125 0.44166666666666665 0.59765625 0.45694444444444443 0.59765625 0.4625 0.5890625 0.49444444444444446 0.58828125 0.5138888888888888 0.584375 0.5222222222222223 0.57890625 0.5236111111111111 0.5671875 0.5152777777777777 0.54609375 0.5125 0.540625 0.5083333333333333 0.534375 0.48333333333333334 0.534375 0.44583333333333336 0.5375 0.4263888888888889 0.5453125 0.41944444444444445 0.56875 0.42083333333333334
1 0.52109375 0.29583333333333334 0.52734375 0.3 0.5328125 0.3111111111111111 0.53984375 0.31527777777777777 0.546875 0.3277777777777778 0.546875 0.3333333333333333 0.54453125 0.3375 0.52734375 0.3402777777777778 0.52421875 0.3472222222222222 0.525 0.3527777777777778 0.52265625 0.35555555555555557 0.50078125 0.3486111111111111 0.49375 0.3375 0.49375 0.3194444444444444 0.50078125 0.30972222222222223 0.5 0.30277777777777776 0.50234375 0.2972222222222222 0.5203125 0.29583333333333334
1 0.2921875 0.4236111111111111 0.30234375 0.4263888888888889 0.30703125 0.43333333333333335 0.315625 0.46944444444444444 0.31640625 0.5041666666666667 0.3140625 0.5097222222222222 0.3109375 0.5111111111111111 0.284375 0.5111111111111111 0.26796875 0.5180555555555556 0.26484375 0.5152777777777777 0.26171875 0.49722222222222223 0.2609375 0.4791666666666667 0.2546875 0.45555555555555555 0.259375 0.4486111111111111 0.2609375 0.4375 0.26640625 0.42777777777777776 0.29140625 0.4236111111111111
1 0.396875 0.22083333333333333 0.4015625 0.2222222222222222 0.4046875 0.23194444444444445 0.40390625 0.24444444444444444 0.40546875 0.25555555555555554 0.40078125 0.2708333333333333 0.39375 0.26805555555555555 0.38203125 0.24444444444444444 0.38359375 0.2222222222222222 0.38671875 0.21944444444444444 0.39609375 0.22083333333333333
1 0.62890625 0.5069444444444444 0.6328125 0.5097222222222222 0.67734375 0.5111111111111111 0.68203125 0.5166666666666667 0.68515625 0.5319444444444444 0.68046875 0.5402777777777777 0.67421875 0.5708333333333333 0.63515625 0.5708333333333333 0.62734375 0.5722222222222222 0.6171875 0.5805555555555556 0.6125 0.5805555555555556 0.60859375 0.5736111111111111 0.60859375 0.5652777777777778 0.6046875 0.5583333333333333 0.6046875 0.5513888888888889 0.61875 0.5138888888888888 0.62265625 0.5083333333333333 0.628125 0.5069444444444444
1 0.3703125 0.22916666666666666 0.3734375 0.23333333333333334 0.3734375 0.24861111111111112 0.36953125 0.25555555555555554 0.36953125 0.25972222222222224 0.3734375 0.2652777777777778 0.36953125 0.2625 0.365625 0.2652777777777778 0.3609375 0.2638888888888889 0.35234375 0.26944444444444443 0.346875 0.2625 0.3453125 0.25555555555555554 0.34609375 0.24861111111111112 0.36171875 0.22777777777777777 0.36953125 0.22916666666666666
0 0.04296875 0.17777777777777778 0.05703125 0.18055555555555555 0.06484375 0.19027777777777777 0.06796875 0.20277777777777778 0.06796875 0.22083333333333333 0.06953125 0.2263888888888889 0.06875 0.24861111111111112 0.0640625 0.25833333333333336 0.04921875 0.25833333333333336 0.04453125 0.25555555555555554 0.04296875 0.25 0.04296875 0.17916666666666667
0 0.30703125 0.3194444444444444 0.31328125 0.3236111111111111 0.33828125 0.3236111111111111 0.346875 0.3347222222222222 0.35625 0.35833333333333334 0.35859375 0.37916666666666665 0.359375 0.4222222222222222 0.35 0.44027777777777777 0.34453125 0.46805555555555556 0.3375 0.4722222222222222 0.31796875 0.4722222222222222 0.3140625 0.4625 0.31015625 0.44166666666666665 0.30234375 0.4222222222222222 0.30234375 0.40694444444444444 0.29765625 0.39444444444444443 0.296875 0.38055555555555554 0.29765625 0.33611111111111114 0.30625 0.32083333333333336
0 0.85546875 0.6652777777777777 0.903125 0.6708333333333333 0.928125 0.6861111111111111 0.9609375 0.6875 0.99921875 0.7069444444444445 0.99921875 0.8847222222222222 0.996875 0.8888888888888888 0.996875 0.8972222222222223 0.99921875 0.9 0.99921875 0.9319444444444445 0.99453125 0.9361111111111111 0.99921875 0.9430555555555555 0.99921875 0.9652777777777778 0.99609375 0.9680555555555556 0.99609375 0.9805555555555555 0.99453125 0.9833333333333333 0.98828125 0.9833333333333333 0.9859375 0.9944444444444445 0.9609375 0.9944444444444445 0.95703125 0.9986111111111111 0.925 0.9958333333333333 0.92265625 0.9847222222222223 0.90546875 0.9611111111111111 0.89453125 0.9625 0.8890625 0.9736111111111111 0.88359375 0.9791666666666666 0.8765625 0.9763888888888889 0.86875 0.9805555555555555 0.8375 0.9819444444444444 0.834375 0.9902777777777778 0.84453125 0.9944444444444445 0.83203125 0.9972222222222222 0.8234375 0.9944444444444445 0.81875 0.9986111111111111 0.81015625 0.9986111111111111 0.80859375 0.9958333333333333 0.79765625 0.9944444444444445 0.7953125 0.9888888888888889 0.79140625 0.9888888888888889 0.790625 0.9930555555555556 0.78203125 0.9930555555555556 0.784375 0.9916666666666667 0.77890625 0.9875 0.77578125 0.9902777777777778 0.7359375 0.9875 0.73125 0.8722222222222222 0.734375 0.85 0.7328125 0.8416666666666667 0.73359375 0.7652777777777777 0.7359375 0.7513888888888889 0.7359375 0.7305555555555555 0.7390625 0.7 0.74453125 0.6902777777777778 0.76796875 0.6708333333333333 0.77578125 0.6694444444444444 0.79375 0.6763888888888889 0.8125 0.6736111111111112 0.83671875 0.6652777777777777 0.8546875 0.6652777777777777
0 0.23828125 0.20833333333333334 0.24765625 0.2111111111111111 0.25078125 0.21666666666666667 0.2515625 0.25416666666666665 0.24765625 0.2625 0.2453125 0.28194444444444444 0.2359375 0.28888888888888886 0.23046875 0.30416666666666664 0.22734375 0.30416666666666664 0.21953125 0.29305555555555557 0.2015625 0.28888888888888886 0.1953125 0.25 0.19765625 0.22361111111111112 0.2 0.21944444444444444 0.21953125 0.20833333333333334 0.2375 0.20833333333333334
0 0.484375 0.45555555555555555 0.48828125 0.4583333333333333 0.4984375 0.48055555555555557 0.5125 0.49583333333333335 0.52109375 0.5138888888888888 0.5203125 0.5222222222222223 0.52265625 0.5333333333333333 0.5265625 0.6277777777777778 0.521875 0.6319444444444444 0.5 0.6319444444444444 0.4796875 0.6375 0.47109375 0.6541666666666667 0.465625 0.6819444444444445 0.4625 0.6861111111111111 0.45 0.6902777777777778 0.44375 0.6888888888888889 0.4171875 0.6402777777777777 0.4125 0.6055555555555555 0.41328125 0.5625 0.41015625 0.5375 0.4140625 0.49722222222222223 0.41328125 0.4736111111111111 0.4171875 0.4625 0.4265625 0.4583333333333333 0.43203125 0.4513888888888889 0.47890625 0.4486111111111111 0.48359375 0.45555555555555555