3 0.7796875 0.45416666666666666 0.81015625 0.4583333333333333 0.82734375 0.45694444444444443 0.84140625 0.46111111111111114 0.99921875 0.5333333333333333 0.99921875 0.9763888888888889 0.99765625 0.9722222222222222 0.99296875 0.9722222222222222 0.9890625 0.975 0.9671875 0.975 0.95546875 0.9791666666666666 0.946875 0.9763888888888889 0.9265625 0.9402777777777778 0.90390625 0.9111111111111111 0.88046875 0.9083333333333333 0.8734375 0.9027777777777778 0.8671875 0.9027777777777778 0.85703125 0.8888888888888888 0.8453125 0.8833333333333333 0.84453125 0.8777777777777778 0.8328125 0.8680555555555556 0.8328125 0.8611111111111112 0.83046875 0.8555555555555555 0.81484375 0.8486111111111111 0.80703125 0.8236111111111111 0.790625 0.7930555555555555 0.7625 0.7611111111111111 0.74765625 0.7513888888888889 0.7109375 0.7513888888888889 0.70625 0.7236111111111111 0.69765625 0.7138888888888889 0.69609375 0.7041666666666667 0.69609375 0.6680555555555555 0.69921875 0.6416666666666667 0.69921875 0.6166666666666667 0.696875 0.6027777777777777 0.6984375 0.5652777777777778 0.6953125 0.55 0.6953125 0.5347222222222222 0.69765625 0.5166666666666667 0.69765625 0.4847222222222222 0.7015625 0.4638888888888889 0.71015625 0.4583333333333333 0.77890625 0.45416666666666666
3 0.06640625 0.1763888888888889 0.07890625 0.18472222222222223 0.084375 0.20555555555555555 0.0859375 0.24722222222222223 0.0828125 0.25555555555555554 0.07890625 0.25833333333333336 0.065625 0.2569444444444444 0.06171875 0.25416666666666665 0.059375 0.24722222222222223 0.05859375 0.18055555555555555 0.06015625 0.1763888888888889 0.065625 0.1763888888888889
3 0.20703125 0.20277777777777778 0.2296875 0.21805555555555556 0.2328125 0.22361111111111112 0.2328125 0.23055555555555557 0.23046875 0.2361111111111111 0.22421875 0.2388888888888889 0.21640625 0.2375 0.2140625 0.24027777777777778 0.19921875 0.2375 0.19140625 0.24027777777777778 0.1890625 0.2375 0.1875 0.20833333333333334 0.19296875 0.20277777777777778 0.20625 0.20277777777777778
3 0.05703125 0.9652777777777778 0.0671875 0.9652777777777778 0.078125 0.9722222222222222 0.09765625 0.9736111111111111 0.1171875 0.9791666666666666 0.12265625 0.9833333333333333 0.12734375 0.9916666666666667 0.12734375 0.9986111111111111 0 0.9986111111111111 0 0.9763888888888889 0.00546875 0.9777777777777777 0.01796875 0.9694444444444444 0.05625 0.9652777777777778
2 0.45625 0.5638888888888889 0.459375 0.5694444444444444 0.46015625 0.5833333333333334 0.4640625 0.5972222222222222 0.4640625 0.625 0.46015625 0.6319444444444444 0.45625 0.6305555555555555 0.4515625 0.6222222222222222 0.4453125 0.5986111111111111 0.4453125 0.5722222222222222 0.45078125 0.5625 0.45546875 0.5638888888888889
2 0.0890625 0.5055555555555555 0.1 0.5166666666666667 0.10234375 0.5444444444444444 0.1015625 0.5597222222222222 0.0953125 0.575 0.08984375 0.5777777777777777 0.08203125 0.5763888888888888 0.078125 0.5611111111111111 0.078125 0.5347222222222222 0.08046875 0.5166666666666667 0.084375 0.5069444444444444 0.08828125 0.5055555555555555
2 0.4359375 0.5069444444444444 0.4390625 0.5083333333333333 0.44140625 0.5138888888888888 0.43828125 0.5277777777777778 0.43828125 0.5333333333333333 0.44140625 0.5416666666666666 0.4453125 0.5458333333333333 0.44765625 0.5541666666666667 0.45703125 0.5638888888888889 0.46015625 0.5708333333333333 0.4640625 0.6 0.4640625 0.6236111111111111 0.46171875 0.6305555555555555 0.45546875 0.6305555555555555 0.44921875 0.6180555555555556 0.4453125 0.6041666666666666 0.44453125 0.5833333333333334 0.43984375 0.5625 0.434375 0.5472222222222223 0.428125 0.5388888888888889 0.43203125 0.5263888888888889 0.4296875 0.5125 0.43515625 0.5069444444444444
2 0.2296875 0.4013888888888889 0.234375 0.40555555555555556 0.23515625 0.4125 0.23515625 0.425 0.23203125 0.4263888888888889 0.2203125 0.425 0.22109375 0.4041666666666667 0.22890625 0.4013888888888889
1 0.71640625 0.2777777777777778 0.721875 0.2861111111111111 0.721875 0.29305555555555557 0.71796875 0.3013888888888889 0.70234375 0.2972222222222222 0.69765625 0.29305555555555557 0.69921875 0.2833333333333333 0.70234375 0.2791666666666667 0.715625 0.2777777777777778
1 0.31484375 0.3458333333333333 0.32421875 0.3472222222222222 0.328125 0.3541666666666667 0.30703125 0.35694444444444445 0.30078125 0.3611111111111111 0.29765625 0.36666666666666664 0.296875 0.37916666666666665 0.29375 0.3861111111111111 0.29296875 0.4152777777777778 0.290625 0.41805555555555557 0.28515625 0.4166666666666667 0.28515625 0.4013888888888889 0.28828125 0.3680555555555556 0.29140625 0.3541666666666667 0.29921875 0.3458333333333333 0.3140625 0.3458333333333333
1 0.396875 0.5361111111111111 0.425 0.5375 0.43671875 0.5541666666666667 0.44375 0.5819444444444445 0.446875 0.6083333333333333 0.45 0.6194444444444445 0.4515625 0.6361111111111111 0.44921875 0.6430555555555556 0.44609375 0.6430555555555556 0.4328125 0.6166666666666667 0.421875 0.6055555555555555 0.390625 0.6069444444444444 0.37890625 0.6125 0.37265625 0.6125 0.36796875 0.6083333333333333 0.3671875 0.5972222222222222 0.375 0.55 0.3828125 0.5388888888888889 0.39609375 0.5361111111111111
1 0.5046875 0.28888888888888886 0.50703125 0.30416666666666664 0.50703125 0.31527777777777777 0.5046875 0.32222222222222224 0.47734375 0.30833333333333335 0.4734375 0.30277777777777776 0.4734375 0.28888888888888886 0.478125 0.2791666666666667 0.48359375 0.275 0.4984375 0.2777777777777778 0.50390625 0.28888888888888886
1 0.440625 0.19722222222222222 0.4453125 0.20277777777777778 0.446875 0.21388888888888888 0.4453125 0.23055555555555557 0.44296875 0.23472222222222222 0.4375 0.23333333333333334 0.43359375 0.21944444444444444 0.42734375 0.2111111111111111 0.42890625 0.2 0.43984375 0.19722222222222222
1 0.49765625 0.19305555555555556 0.0171875 0.025
1 0.33515625 0.2152777777777778 0.34296875 0.21944444444444444 0.3453125 0.2263888888888889 0.3453125 0.2375 0.33828125 0.24027777777777778 0.31875 0.2361111111111111 0.321875 0.21944444444444444 0.334375 0.2152777777777778
1 0.6453125 0.7097222222222223 0.6625 0.7152777777777778 0.6703125 0.7222222222222222 0.67734375 0.7333333333333333 0.68515625 0.7569444444444444 0.68359375 0.7666666666666667 0.675 0.7902777777777777 0.6671875 0.8291666666666667 0.66640625 0.8819444444444444 0.665625 0.8875 0.6625 0.8902777777777777 0.65390625 0.8902777777777777 0.6390625 0.8458333333333333 0.63046875 0.8277777777777777 0.61953125 0.8138888888888889 0.60859375 0.8055555555555556 0.57421875 0.8069444444444445 0.57265625 0.8027777777777778 0.571875 0.7916666666666666 0.57421875 0.7611111111111111 0.58046875 0.7416666666666667 0.59140625 0.7194444444444444 0.61171875 0.7111111111111111 0.64453125 0.7097222222222223
1 0.4328125 0.2263888888888889 0.4390625 0.2375 0.44140625 0.25277777777777777 0.43984375 0.2638888888888889 0.41484375 0.2625 0.4140625 0.24027777777777778 0.41796875 0.23194444444444445 0.42265625 0.22777777777777777 0.43203125 0.2263888888888889
1 0.7484375 0.7555555555555555 0.7578125 0.7611111111111111 0.77734375 0.7805555555555556 0.79375 0.8027777777777778 0.80390625 0.8222222222222222 0.8125 0.8527777777777777 0.8171875 0.8597222222222223 0.8203125 0.8569444444444444 0.828125 0.8583333333333333 0.8296875 0.8722222222222222 0.82265625 0.8833333333333333 0.828125 0.9097222222222222 0.82265625 0.9152777777777777 0.8109375 0.9180555555555555 0.8046875 0.9263888888888889 0.80234375 0.9416666666666667 0.79453125 0.9555555555555556 0.79375 0.975 0.7890625 0.9888888888888889 0.778125 0.9930555555555556 0.746875 0.9944444444444445 0.721875 0.9944444444444445 0.71328125 0.9916666666666667 0.7125 0.9833333333333333 0.7203125 0.9791666666666666 0.71953125 0.975 0.715625 0.9736111111111111 0.7234375 0.9694444444444444 0.72421875 0.9652777777777778 0.72265625 0.9625 0.68515625 0.9652777777777778 0.68203125 0.9694444444444444 0.675 0.9638888888888889 0.671875 0.9277777777777778 0.67265625 0.9041666666666667 0.6671875 0.8888888888888888 0.6671875 0.8722222222222222 0.66328125 0.8583333333333333 0.6640625 0.8444444444444444 0.66796875 0.8388888888888889 0.66875 0.825 0.675 0.8 0.675 0.7930555555555555 0.678125 0.7861111111111111 0.68125 0.7694444444444445 0.6859375 0.7625 0.70234375 0.7569444444444444 0.74765625 0.7555555555555555
1 0.38515625 0.25555555555555554 0.38984375 0.2569444444444444 0.39609375 0.26944444444444443 0.3953125 0.2847222222222222 0.396875 0.28888888888888886 0.39453125 0.29444444444444445 0.38828125 0.2916666666666667 0.38828125 0.2861111111111111 0.38359375 0.27361111111111114 0.38046875 0.2708333333333333 0.3671875 0.2708333333333333 0.365625 0.26805555555555555 0.36953125 0.2569444444444444 0.384375 0.25555555555555554
1 0.2765625 0.24861111111111112 0.28203125 0.25277777777777777 0.2859375 0.2513888888888889 0.28828125 0.25555555555555554 0.28828125 0.28194444444444444 0.28671875 0.28888888888888886 0.28203125 0.29444444444444445 0.27890625 0.29444444444444445 0.27109375 0.2861111111111111 0.2578125 0.2861111111111111 0.25625 0.2833333333333333 0.25625 0.27361111111111114 0.2609375 0.25277777777777777 0.26484375 0.24861111111111112 0.27578125 0.24861111111111112
1 0.39453125 0.2972222222222222 0.40546875 0.30416666666666664 0.4078125 0.3111111111111111 0.40625 0.32916666666666666 0.40234375 0.3472222222222222 0.3984375 0.3541666666666667 0.38359375 0.3597222222222222 0.37578125 0.3597222222222222 0.36953125 0.35555555555555557 0.36875 0.3236111111111111 0.375 0.3055555555555556 0.375 0.3 0.39375 0.2972222222222222
1 0.34921875 0.19722222222222222 0.35234375 0.20416666666666666 0.3484375 0.21666666666666667 0.3453125 0.21944444444444444 0.3328125 0.21388888888888888 0.3328125 0.20833333333333334 0.3390625 0.1986111111111111 0.3484375 0.19722222222222222
1 0.4796875 0.2513888888888889 0.4875 0.25972222222222224 0.4890625 0.2722222222222222 0.478125 0.2777777777777778 0.4734375 0.2902777777777778 0.459375 0.28888888888888886 0.45703125 0.28194444444444444 0.4578125 0.26666666666666666 0.46484375 0.25 0.47890625 0.2513888888888889
1 0.31484375 0.23055555555555557 0.315625 0.2388888888888889 0.31171875 0.24722222222222223 0.31015625 0.25833333333333336 0.30078125 0.2611111111111111 0.2953125 0.26666666666666666 0.290625 0.2625 0.28984375 0.24583333333333332 0.29140625 0.2361111111111111 0.303125 0.22916666666666666 0.3140625 0.23055555555555557
1 0.38359375 0.22361111111111112 0.3890625 0.2263888888888889 0.39140625 0.23194444444444445 0.390625 0.25555555555555554 0.3796875 0.25555555555555554 0.3703125 0.2611111111111111 0.36796875 0.24861111111111112 0.36953125 0.23333333333333334 0.37265625 0.2263888888888889 0.3828125 0.22361111111111112
1 0.6921875 0.4777777777777778 0.69609375 0.4791666666666667 0.6953125 0.5569444444444445 0.69296875 0.5611111111111111 0.69296875 0.5666666666666667 0.6921875 0.5569444444444445 0.6890625 0.5527777777777778 0.6734375 0.5041666666666667 0.675 0.49444444444444446 0.69140625 0.4791666666666667
1 0.65234375 0.44027777777777777 0.67890625 0.44305555555555554 0.6890625 0.45 0.69609375 0.4597222222222222 0.69765625 0.4722222222222222 0.6953125 0.4777777777777778 0.68984375 0.4791666666666667 0.675 0.49583333333333335 0.6625 0.4861111111111111 0.64921875 0.48333333333333334 0.6421875 0.4777777777777778 0.6421875 0.45 0.64609375 0.44166666666666665 0.6515625 0.44027777777777777
1 0.4609375 0.6847222222222222 0.47578125 0.6875 0.48359375 0.6944444444444444 0.49453125 0.7166666666666667 0.5015625 0.7375 0.5015625 0.7430555555555556 0.4984375 0.7472222222222222 0.475 0.7194444444444444 0.45703125 0.6916666666666667 0.45625 0.6875 0.46015625 0.6847222222222222
1 0.52890625 0.7416666666666667 0.534375 0.75 0.54921875 0.7597222222222222 0.5546875 0.7694444444444445 0.5671875 0.8041666666666667 0.565625 0.8083333333333333 0.55390625 0.8097222222222222 0.54765625 0.8138888888888889 0.54140625 0.8138888888888889 0.5328125 0.8055555555555556 0.5234375 0.7875 0.50078125 0.7541666666666667 0.50078125 0.7472222222222222 0.50390625 0.7430555555555556 0.528125 0.7416666666666667
1 0.36953125 0.4513888888888889 0.39375 0.49027777777777776 0.39453125 0.49722222222222223 0.390625 0.5041666666666667 0.39375 0.5194444444444445 0.39375 0.5333333333333333 0.39140625 0.5375 0.38515625 0.5375 0.37890625 0.5444444444444444 0.37578125 0.5444444444444444 0.3765625 0.55 0.37421875 0.5569444444444445 0.36953125 0.5625 0.3390625 0.5652777777777778 0.33671875 0.5694444444444444 0.33671875 0.5777777777777777 0.334375 0.5805555555555556 0.33046875 0.5791666666666667 0.328125 0.5652777777777778 0.321875 0.5638888888888889 0.31953125 0.5569444444444445 0.3171875 0.49027777777777776 0.3203125 0.4652777777777778 0.328125 0.45 0.334375 0.44722222222222224 0.3609375 0.44583333333333336 0.36875 0.4513888888888889
1 0.3140625 0.24444444444444444 0.321875 0.23333333333333334 0.33203125 0.23333333333333334 0.33828125 0.24305555555555555 0.3328125 0.2708333333333333 0.328125 0.2791666666666667 0.325 0.2777777777777778 0.31796875 0.2638888888888889 0.3125 0.25833333333333336 0.3140625 0.24583333333333332
1 0.6140625 0.8125 0.62578125 0.8236111111111111 0.63984375 0.85 0.6421875 0.8694444444444445 0.65 0.8861111111111111 0.65390625 0.9041666666666667 0.65625 0.9027777777777778 0.65703125 0.8972222222222223 0.66484375 0.8958333333333334 0.66796875 0.9 0.66796875 0.9097222222222222 0.659375 0.9222222222222223 0.66953125 0.9555555555555556 0.66953125 0.9666666666666667 0.67265625 0.9763888888888889 0.67265625 0.9986111111111111 0.6296875 0.9986111111111111 0.6265625 0.9958333333333333 0.6078125 0.9986111111111111 0.60546875 0.9958333333333333 0.590625 0.9958333333333333 0.5859375 0.9916666666666667 0.58671875 0.9819444444444444 0.5828125 0.9791666666666666 0.57421875 0.9805555555555555 0.5671875 0.9736111111111111 0.5625 0.9013888888888889 0.55859375 0.8791666666666667 0.559375 0.8722222222222222 0.55234375 0.8402777777777778 0.54609375 0.8222222222222222 0.54609375 0.8166666666666667 0.54921875 0.8125 0.57890625 0.8083333333333333 0.6015625 0.8083333333333333 0.61328125 0.8125
1 0.58125 0.35694444444444445 0.603125 0.3680555555555556 0.61640625 0.3902777777777778 0.61640625 0.3972222222222222 0.5953125 0.3888888888888889 0.56015625 0.3888888888888889 0.55859375 0.38472222222222224 0.559375 0.37777777777777777 0.5640625 0.3638888888888889 0.58046875 0.35694444444444445
1 0.55546875 0.3458333333333333 0.57734375 0.35138888888888886 0.58046875 0.35833333333333334 0.57109375 0.3597222222222222 0.5640625 0.36527777777777776 0.5609375 0.37083333333333335 0.55859375 0.3861111111111111 0.55078125 0.3972222222222222 0.546875 0.4097222222222222 0.54296875 0.4097222222222222 0.540625 0.40555555555555556 0.53828125 0.3819444444444444 0.54296875 0.35833333333333334 0.55 0.3472222222222222 0.5546875 0.3458333333333333
1 0.4859375 0.16944444444444445 0.48828125 0.175 0.4875 0.18611111111111112 0.47734375 0.19166666666666668 0.47109375 0.17777777777777778 0.471875 0.17083333333333334 0.47734375 0.16805555555555557 0.48515625 0.16944444444444445
1 0.275 0.2902777777777778 0.2796875 0.3013888888888889 0.2796875 0.30694444444444446 0.2765625 0.3111111111111111 0.24765625 0.3111111111111111 0.2390625 0.30694444444444446 0.24296875 0.29583333333333334 0.25 0.2902777777777778 0.265625 0.2875 0.27421875 0.2902777777777778
1 0.3140625 0.41805555555555557 0.3265625 0.4222222222222222 0.3328125 0.44166666666666665 0.33203125 0.44583333333333336 0.3234375 0.45416666666666666 0.31953125 0.4652777777777778 0.315625 0.49027777777777776 0.31640625 0.5111111111111111 0.3109375 0.5222222222222223 0.30703125 0.5166666666666667 0.2921875 0.5180555555555556 0.284375 0.5291666666666667 0.2796875 0.5222222222222223 0.2796875 0.48055555555555557 0.27421875 0.45555555555555555 0.278125 0.45 0.284375 0.4222222222222222 0.2875 0.41944444444444445 0.31328125 0.41805555555555557
1 0.4875 0.18888888888888888 0.49140625 0.19444444444444445 0.49453125 0.20555555555555555 0.484375 0.2111111111111111 0.47890625 0.20833333333333334 0.475 0.2013888888888889 0.47734375 0.19166666666666668 0.48671875 0.18888888888888888
1 0.40234375 0.19027777777777777 0.4046875 0.19583333333333333 0.4 0.22083333333333333 0.38984375 0.22083333333333333 0.38671875 0.21805555555555556 0.384375 0.2125 0.384375 0.1986111111111111 0.3890625 0.18888888888888888 0.4015625 0.19027777777777777
1 0.31171875 0.2611111111111111 0.3203125 0.26944444444444443 0.3265625 0.2847222222222222 0.3265625 0.31666666666666665 0.325 0.3194444444444444 0.3046875 0.31666666666666665 0.29765625 0.32083333333333336 0.29296875 0.32083333333333336 0.2921875 0.31666666666666665 0.2921875 0.28194444444444444 0.2984375 0.2638888888888889 0.3109375 0.2611111111111111
1 0.24921875 0.3111111111111111 0.27890625 0.3138888888888889 0.290625 0.3347222222222222 0.30078125 0.3402777777777778 0.30234375 0.34444444444444444 0.29140625 0.3527777777777778 0.2875 0.36527777777777776 0.28671875 0.3763888888888889 0.284375 0.38055555555555554 0.278125 0.38055555555555554 0.2703125 0.375 0.25 0.3736111111111111 0.24296875 0.3736111111111111 0.23671875 0.37777777777777777 0.2203125 0.3625 0.21953125 0.3388888888888889 0.22578125 0.31805555555555554 0.23671875 0.3111111111111111 0.2484375 0.3111111111111111
1 0.27265625 0.5958333333333333 0.28515625 0.6 0.2921875 0.6083333333333333 0.29453125 0.6152777777777778 0.29140625 0.6194444444444445 0.26328125 0.6277777777777778 0.24296875 0.6430555555555556 0.2390625 0.65 0.23828125 0.6694444444444444 0.23984375 0.6888888888888889 0.23671875 0.6986111111111111 0.2375 0.7180555555555556 0.2359375 0.7222222222222222 0.2375 0.7291666666666666 0.2375 0.7694444444444445 0.23046875 0.7736111111111111 0.22734375 0.7847222222222222 0.22421875 0.7722222222222223 0.2234375 0.7236111111111111 0.2203125 0.7166666666666667 0.21953125 0.6680555555555555 0.2203125 0.65 0.225 0.6291666666666667 0.2265625 0.6069444444444444 0.2296875 0.6027777777777777 0.23984375 0.5986111111111111 0.271875 0.5958333333333333
1 0.9046875 0.9138888888888889 0.925 0.9388888888888889 0.928125 0.9527777777777777 0.93671875 0.9611111111111111 0.9515625 0.9888888888888889 0.9546875 0.9902777777777778 0.95234375 0.9986111111111111 0.93359375 0.9986111111111111 0.9328125 0.9958333333333333 0.9203125 0.9958333333333333 0.91484375 0.9916666666666667 0.9078125 0.9986111111111111 0.8890625 0.9986111111111111 0.88671875 0.9958333333333333 0.86484375 0.9944444444444445 0.86171875 0.9916666666666667 0.84453125 0.9958333333333333 0.79140625 0.9930555555555556 0.78828125 0.9902777777777778 0.79453125 0.9763888888888889 0.79453125 0.9638888888888889 0.79765625 0.9597222222222223 0.796875 0.9569444444444445 0.8046875 0.9388888888888889 0.80625 0.9236111111111112 0.809375 0.9208333333333333 0.82578125 0.9138888888888889 0.865625 0.9083333333333333 0.89921875 0.9111111111111111 0.90390625 0.9138888888888889
1 0.61953125 0.39861111111111114 0.634375 0.4013888888888889 0.64609375 0.4222222222222222 0.64765625 0.42916666666666664 0.64609375 0.44166666666666665 0.63984375 0.4597222222222222 0.634375 0.4583333333333333 0.6296875 0.44166666666666665 0.628125 0.4236111111111111 0.61953125 0.4
1 0.490625 0.46805555555555556 0.5015625 0.4708333333333333 0.5140625 0.4861111111111111 0.52265625 0.5111111111111111 0.5234375 0.5222222222222223 0.490625 0.5263888888888889 0.48515625 0.5305555555555556 0.4828125 0.5388888888888889 0.48203125 0.5847222222222223 0.47421875 0.5958333333333333 0.46484375 0.5944444444444444 0.459375 0.5847222222222223 0.45859375 0.5666666666666667 0.44765625 0.5597222222222222 0.4484375 0.5444444444444444 0.4453125 0.5347222222222222 0.44609375 0.5222222222222223 0.4390625 0.5166666666666667 0.43203125 0.5208333333333334 0.43046875 0.5111111111111111 0.440625 0.5041666666666667 0.44453125 0.47638888888888886 0.44921875 0.46805555555555556 0.48984375 0.46805555555555556
1 0.40390625 0.3902777777777778 0.4078125 0.4375 0.40703125 0.4625 0.39921875 0.4666666666666667 0.3921875 0.4638888888888889 0.3890625 0.45694444444444443 0.3875 0.42777777777777776 0.3890625 0.4111111111111111 0.39375 0.39861111111111114 0.39765625 0.39166666666666666 0.403125 0.3902777777777778
1 0.41484375 0.19583333333333333 0.41796875 0.2013888888888889 0.41796875 0.20972222222222223 0.4140625 0.225 0.41171875 0.22777777777777777 0.4015625 0.2263888888888889 0.4015625 0.20833333333333334 0.4046875 0.19722222222222222 0.4140625 0.19583333333333333
1 0.421875 0.6069444444444444 0.4328125 0.6166666666666667 0.4484375 0.6486111111111111 0.453125 0.6472222222222223 0.45625 0.65 0.45625 0.6569444444444444 0.45078125 0.6611111111111111 0.45546875 0.6777777777777778 0.45390625 0.6833333333333333 0.4421875 0.6736111111111112 0.41171875 0.6277777777777778 0.40078125 0.6194444444444445 0.384375 0.6125 0.38984375 0.6083333333333333 0.42109375 0.6069444444444444
1 0.2828125 0.23472222222222222 0.2875 0.24027777777777778 0.2890625 0.25555555555555554 0.28671875 0.2611111111111111 0.28125 0.2513888888888889 0.2765625 0.24861111111111112 0.2609375 0.25416666666666665 0.26171875 0.24722222222222223 0.26640625 0.2375 0.28203125 0.23472222222222222
1 0.46796875 0.21666666666666667 0.47109375 0.22361111111111112 0.471875 0.24027777777777778 0.46875 0.24583333333333332 0.459375 0.24722222222222223 0.45078125 0.24444444444444444 0.45078125 0.225 0.45390625 0.21805555555555556 0.4578125 0.2152777777777778 0.4671875 0.21666666666666667
1 0.540234375 0.43333333333333335 0.01484375 0.05277777777777778
1 0.4265625 0.2111111111111111 0.43359375 0.21805555555555556 0.434375 0.2263888888888889 0.421875 0.23055555555555557 0.4171875 0.24027777777777778 0.41484375 0.25277777777777777 0.4109375 0.25 0.4140625 0.21944444444444444 0.41875 0.2111111111111111 0.42578125 0.2111111111111111
1 0.28359375 0.5986111111111111 0.29375 0.6111111111111112 0.29453125 0.6152777777777778 0.29296875 0.6180555555555556 0.26484375 0.6263888888888889 0.24296875 0.6430555555555556 0.2390625 0.65 0.2375 0.6708333333333333 0.23203125 0.675 0.23359375 0.6791666666666667 0.23046875 0.6958333333333333 0.23125 0.7013888888888888 0.23515625 0.7055555555555556 0.234375 0.7166666666666667 0.23203125 0.7111111111111111 0.22890625 0.7097222222222223 0.2234375 0.7125 0.22109375 0.7069444444444445 0.2203125 0.65 0.225 0.6291666666666667 0.2265625 0.6055555555555555 0.234375 0.6 0.25390625 0.5958333333333333 0.2828125 0.5986111111111111
1 0.5359375 0.33055555555555555 0.5484375 0.3333333333333333 0.5515625 0.3375 0.5515625 0.34444444444444444 0.54140625 0.3625 0.53671875 0.3902777777777778 0.5328125 0.3861111111111111 0.528125 0.35694444444444445 0.521875 0.3402777777777778 0.52421875 0.3347222222222222 0.53515625 0.33194444444444443
1 0.46875 0.2013888888888889 0.4734375 0.2013888888888889 0.48203125 0.21388888888888888 0.48046875 0.2361111111111111 0.478125 0.2388888888888889 0.471875 0.2375 0.46875 0.21805555555555556 0.4625 0.20972222222222223 0.46328125 0.20277777777777778 0.46796875 0.2013888888888889
1 0.38359375 0.27361111111111114 0.3875 0.28055555555555556 0.38984375 0.29305555555555557 0.375 0.2986111111111111 0.36640625 0.33055555555555555 0.35625 0.32916666666666666 0.35546875 0.3055555555555556 0.35859375 0.28055555555555556 0.3625 0.2722222222222222 0.36875 0.26944444444444443 0.3828125 0.27361111111111114
1 0.43203125 0.14583333333333334 0.43359375 0.1486111111111111 0.43359375 0.15833333333333333 0.43203125 0.16111111111111112 0.4234375 0.16111111111111112 0.42109375 0.15833333333333333 0.421875 0.14722222222222223 0.43125 0.14583333333333334
0 0.38671875 0.6166666666666667 0.40390625 0.6222222222222222 0.41484375 0.6319444444444444 0.43203125 0.6569444444444444 0.44140625 0.675 0.45859375 0.6916666666666667 0.47265625 0.7166666666666667 0.4921875 0.7402777777777778 0.50703125 0.7680555555555556 0.521875 0.7875 0.53203125 0.8083333333333333 0.53984375 0.8138888888888889 0.54609375 0.825 0.55546875 0.8583333333333333 0.55703125 0.8847222222222222 0.56015625 0.8986111111111111 0.56328125 0.9444444444444444 0.56328125 0.9666666666666667 0.5609375 0.975 0.5625 0.9819444444444444 0.56015625 0.9875 0.56328125 0.9930555555555556 0.54140625 0.9944444444444445 0.53828125 0.9986111111111111 0.51328125 0.9986111111111111 0.48671875 0.9902777777777778 0.46875 0.9902777777777778 0.440625 0.9986111111111111 0.40625 0.9986111111111111 0.4046875 0.9958333333333333 0.39765625 0.9986111111111111 0.24296875 0.9986111111111111 0.24140625 0.9944444444444445 0.2421875 0.9513888888888888 0.240625 0.9138888888888889 0.2375 0.8902777777777777 0.2375 0.8652777777777778 0.234375 0.8347222222222223 0.234375 0.8013888888888889 0.2296875 0.7944444444444444 0.228125 0.7777777777777778 0.23046875 0.7722222222222223 0.23515625 0.7708333333333334 0.23515625 0.7541666666666667 0.2375 0.7513888888888889 0.2375 0.7472222222222222 0.23515625 0.7430555555555556 0.2359375 0.7347222222222223 0.234375 0.7291666666666666 0.2234375 0.7194444444444444 0.22421875 0.7152777777777778 0.23125 0.7152777777777778 0.2328125 0.7055555555555556 0.23046875 0.7013888888888888 0.23515625 0.6958333333333333 0.23203125 0.6916666666666667 0.23671875 0.6875 0.2328125 0.6819444444444445 0.2328125 0.6708333333333333 0.23828125 0.6666666666666666 0.23828125 0.6569444444444444 0.24375 0.6444444444444445 0.26953125 0.6263888888888889 0.328125 0.6152777777777778 0.3859375 0.6166666666666667
0 0.48828125 0.31527777777777777 0.5046875 0.3236111111111111 0.51328125 0.3333333333333333 0.521875 0.3375 0.52890625 0.35833333333333334 0.53203125 0.39444444444444443 0.53359375 0.44722222222222224 0.53203125 0.4652777777777778 0.53359375 0.5041666666666667 0.53046875 0.5097222222222222 0.521875 0.5069444444444444 0.5125 0.48333333333333334 0.503125 0.4708333333333333 0.49453125 0.4666666666666667 0.4484375 0.4666666666666667 0.44453125 0.4722222222222222 0.44140625 0.49444444444444446 0.43828125 0.5013888888888889 0.42421875 0.5013888888888889 0.421875 0.4986111111111111 0.41796875 0.4791666666666667 0.4078125 0.4625 0.4078125 0.4166666666666667 0.40546875 0.3819444444444444 0.40078125 0.35833333333333334 0.40703125 0.3347222222222222 0.40859375 0.31805555555555554 0.41484375 0.3125 0.44453125 0.30694444444444446 0.47109375 0.30833333333333335 0.4875 0.31527777777777777