3 0.7828125 0.4083333333333333 0.80546875 0.4111111111111111 0.8125 0.42083333333333334 0.81640625 0.4388888888888889 0.81953125 0.44305555555555554 0.82265625 0.45555555555555555 0.8234375 0.4708333333333333 0.82109375 0.4875 0.81796875 0.5041666666666667 0.8140625 0.5138888888888888 0.8078125 0.5027777777777778 0.77734375 0.5013888888888889 0.771875 0.5041666666666667 0.765625 0.5166666666666667 0.76171875 0.5152777777777777 0.753125 0.49583333333333335 0.7515625 0.4722222222222222 0.7546875 0.4361111111111111 0.75390625 0.42916666666666664 0.76171875 0.4236111111111111 0.76953125 0.4097222222222222 0.78203125 0.4083333333333333
2 0.25 0.4361111111111111 0.253125 0.4388888888888889 0.253125 0.44722222222222224 0.2515625 0.4527777777777778 0.24375 0.4597222222222222 0.23671875 0.4583333333333333 0.2375 0.44166666666666665 0.240625 0.4361111111111111 0.24921875 0.4361111111111111
2 0.21640625 0.42083333333333334 0.2203125 0.4 0.2234375 0.3958333333333333 0.23046875 0.3958333333333333 0.2328125 0.4027777777777778 0.2328125 0.42916666666666664 0.22890625 0.4444444444444444 0.2265625 0.4486111111111111 0.2203125 0.44583333333333336 0.2171875 0.4222222222222222
2 0.49765625 0.3861111111111111 0.0125 0.03333333333333333
2 0.9859375 0.6208333333333333 0.9890625 0.625 0.9890625 0.6319444444444444 0.984375 0.6486111111111111 0.98046875 0.65 0.984375 0.6638888888888889 0.98515625 0.6930555555555555 0.97890625 0.7111111111111111 0.97421875 0.7152777777777778 0.96953125 0.7138888888888889 0.96640625 0.7055555555555556 0.96640625 0.6763888888888889 0.96796875 0.6666666666666666 0.96796875 0.6569444444444444 0.965625 0.6541666666666667 0.9671875 0.65 0.96640625 0.6361111111111111 0.96953125 0.6333333333333333 0.96953125 0.625 0.971875 0.6208333333333333 0.98515625 0.6208333333333333
2 0.484375 0.45694444444444443 0.4875 0.48194444444444445 0.48515625 0.4930555555555556 0.47890625 0.5013888888888889 0.47578125 0.5 0.471875 0.4888888888888889 0.47109375 0.4736111111111111 0.47265625 0.4583333333333333 0.4765625 0.45416666666666666 0.48359375 0.45694444444444443
2 0.04921875 0.5472222222222223 0.05390625 0.55 0.0578125 0.5569444444444445 0.06484375 0.6013888888888889 0.059375 0.6152777777777778 0.04453125 0.6236111111111111 0.04140625 0.6222222222222222 0.03984375 0.6111111111111112 0.0375 0.5666666666666667 0.0390625 0.5541666666666667 0.0421875 0.5486111111111112 0.0484375 0.5472222222222223
2 0.24375 0.2361111111111111 0.0109375 0.03333333333333333
2 0.13359375 0.30277777777777776 0.1375 0.30694444444444446 0.1390625 0.31805555555555554 0.13671875 0.3333333333333333 0.13125 0.3375 0.128125 0.3333333333333333 0.12734375 0.30972222222222223 0.12890625 0.30416666666666664 0.1328125 0.30277777777777776
2 0.18515625 0.4125 0.18828125 0.40555555555555556 0.19375 0.4027777777777778 0.19609375 0.4027777777777778 0.1984375 0.4111111111111111 0.1953125 0.43194444444444446 0.1859375 0.4222222222222222 0.184375 0.41944444444444445 0.18515625 0.41388888888888886
2 0.8515625 0.4305555555555556 0.85625 0.43472222222222223 0.8578125 0.44305555555555554 0.85703125 0.4625 0.85234375 0.4666666666666667 0.83828125 0.4666666666666667 0.8359375 0.4513888888888889 0.83671875 0.44166666666666665 0.83984375 0.43333333333333335 0.85078125 0.4305555555555556
2 0.1609375 0.38333333333333336 0.16875 0.39444444444444443 0.17109375 0.4111111111111111 0.16796875 0.41944444444444445 0.1640625 0.41805555555555557 0.1578125 0.4222222222222222 0.15390625 0.42083333333333334 0.15078125 0.4125 0.15078125 0.3888888888888889 0.15390625 0.3819444444444444 0.16015625 0.38333333333333336
2 0.847265625 0.46041666666666664 0.01796875 0.018055555555555554
1 0.55859375 0.30277777777777776 0.5640625 0.3055555555555556 0.5671875 0.31666666666666665 0.5734375 0.3277777777777778 0.57109375 0.3486111111111111 0.56484375 0.35 0.56171875 0.3541666666666667 0.56171875 0.35833333333333334 0.56015625 0.35833333333333334 0.559375 0.3333333333333333 0.5546875 0.3194444444444444 0.546875 0.3138888888888889 0.528125 0.3138888888888889 0.52890625 0.30694444444444446 0.5328125 0.30277777777777776 0.54609375 0.3 0.5578125 0.30277777777777776
1 0.803125 0.7736111111111111 0.8203125 0.7763888888888889 0.8296875 0.7888888888888889 0.834375 0.8041666666666667 0.83828125 0.8333333333333334 0.84453125 0.8527777777777777 0.84921875 0.9319444444444445 0.84921875 0.9666666666666667 0.8453125 0.9986111111111111 0.8296875 0.9986111111111111 0.82890625 0.9875 0.82421875 0.9722222222222222 0.81328125 0.9611111111111111 0.790625 0.9555555555555556 0.76875 0.9611111111111111 0.765625 0.9680555555555556 0.765625 0.9805555555555555 0.7609375 0.9736111111111111 0.75 0.9791666666666666 0.7453125 0.9722222222222222 0.73828125 0.9694444444444444 0.72890625 0.9430555555555555 0.72890625 0.9222222222222223 0.7234375 0.9041666666666667 0.7234375 0.8680555555555556 0.7265625 0.8263888888888888 0.7296875 0.8111111111111111 0.73359375 0.8041666666666667 0.73984375 0.7805555555555556 0.74765625 0.7736111111111111 0.80234375 0.7736111111111111
1 0.68984375 0.35694444444444445 0.69765625 0.35833333333333334 0.703125 0.3638888888888889 0.70703125 0.38055555555555554 0.7078125 0.39444444444444443 0.69609375 0.43333333333333335 0.69140625 0.4388888888888889 0.68203125 0.44027777777777777 0.675 0.4375 0.67109375 0.42777777777777776 0.6703125 0.4 0.66328125 0.38333333333333336 0.66328125 0.3763888888888889 0.66796875 0.35833333333333334 0.6890625 0.35694444444444445
1 0.40078125 0.3819444444444444 0.41796875 0.3861111111111111 0.425 0.4013888888888889 0.42890625 0.4041666666666667 0.42890625 0.4111111111111111 0.421875 0.41805555555555557 0.42265625 0.425 0.428125 0.43333333333333335 0.428125 0.4527777777777778 0.42578125 0.45694444444444443 0.421875 0.45555555555555555 0.415625 0.43194444444444446 0.4046875 0.4125 0.371875 0.4097222222222222 0.37265625 0.4 0.378125 0.3875 0.38359375 0.38333333333333336 0.4 0.38333333333333336
1 0.2875 0.20277777777777778 0.29140625 0.20833333333333334 0.29140625 0.24444444444444444 0.2890625 0.24861111111111112 0.27421875 0.2513888888888889 0.26875 0.2513888888888889 0.26796875 0.24861111111111112 0.2671875 0.22916666666666666 0.26875 0.21805555555555556 0.27421875 0.20555555555555555 0.28671875 0.20277777777777778
1 0.66640625 0.2777777777777778 0.66875 0.2833333333333333 0.66875 0.29305555555555557 0.66640625 0.29583333333333334 0.66328125 0.30972222222222223 0.66328125 0.3277777777777778 0.64296875 0.3277777777777778 0.63828125 0.3333333333333333 0.63671875 0.3402777777777778 0.63515625 0.3375 0.6359375 0.31666666666666665 0.6390625 0.29305555555555557 0.64296875 0.28194444444444444 0.6515625 0.2777777777777778 0.665625 0.2777777777777778
1 0.13203125 0.39305555555555555 0.14140625 0.41388888888888886 0.14375 0.43194444444444446 0.14140625 0.44305555555555554 0.134375 0.45 0.13359375 0.4597222222222222 0.128125 0.4708333333333333 0.12734375 0.4861111111111111 0.12421875 0.4930555555555556 0.11796875 0.4930555555555556 0.1125 0.4875 0.09765625 0.4875 0.07421875 0.49166666666666664 0.06796875 0.49583333333333335 0.0640625 0.49166666666666664 0.06171875 0.46944444444444444 0.0640625 0.44166666666666665 0.0671875 0.43194444444444446 0.0671875 0.41944444444444445 0.07265625 0.4166666666666667 0.08125 0.39861111111111114 0.0875 0.39305555555555555 0.10078125 0.3902777777777778 0.128125 0.3902777777777778 0.13125 0.39305555555555555
1 0.40234375 0.45555555555555555 0.41328125 0.46111111111111114 0.41875 0.4583333333333333 0.42578125 0.4597222222222222 0.43984375 0.4777777777777778 0.44453125 0.48055555555555557 0.44609375 0.4861111111111111 0.44453125 0.4930555555555556 0.44765625 0.5055555555555555 0.44921875 0.5236111111111111 0.44609375 0.5486111111111112 0.4421875 0.5569444444444445 0.4296875 0.5583333333333333 0.421875 0.5736111111111111 0.4140625 0.5722222222222222 0.40546875 0.5638888888888889 0.39765625 0.5652777777777778 0.37734375 0.5222222222222223 0.35859375 0.5180555555555556 0.35703125 0.5152777777777777 0.3578125 0.5013888888888889 0.36953125 0.4652777777777778 0.3796875 0.4583333333333333 0.4015625 0.45555555555555555
1 0.23515625 0.31666666666666665 0.2390625 0.32083333333333336 0.24375 0.34305555555555556 0.2453125 0.38333333333333336 0.240625 0.4 0.2359375 0.39444444444444443 0.2359375 0.37222222222222223 0.228125 0.35 0.225 0.3527777777777778 0.21953125 0.37083333333333335 0.215625 0.36944444444444446 0.2140625 0.3388888888888889 0.215625 0.31805555555555554 0.234375 0.31666666666666665
1 0.7859375 0.5277777777777778 0.79375 0.5486111111111112 0.8015625 0.5527777777777778 0.80078125 0.5597222222222222 0.796875 0.5652777777777778 0.79921875 0.6222222222222222 0.7984375 0.6541666666666667 0.7953125 0.6638888888888889 0.79140625 0.6638888888888889 0.78828125 0.6597222222222222 0.77734375 0.6222222222222222 0.77109375 0.6138888888888889 0.7609375 0.6097222222222223 0.721875 0.6055555555555555 0.71953125 0.6 0.72265625 0.5708333333333333 0.73125 0.5277777777777778 0.74453125 0.5236111111111111 0.7734375 0.5236111111111111 0.78515625 0.5277777777777778
1 0.59765625 0.525 0.63984375 0.5277777777777778 0.6453125 0.5347222222222222 0.65390625 0.5597222222222222 0.65546875 0.5861111111111111 0.65078125 0.5930555555555556 0.6484375 0.5916666666666667 0.64296875 0.5694444444444444 0.6390625 0.5652777777777778 0.5890625 0.5625 0.58359375 0.5472222222222223 0.5859375 0.5430555555555555 0.59140625 0.5416666666666666 0.59765625 0.5263888888888889
1 0.26875 0.19444444444444445 0.271875 0.20277777777777778 0.271875 0.20833333333333334 0.2671875 0.23194444444444445 0.26484375 0.23472222222222222 0.24765625 0.23472222222222222 0.24296875 0.2152777777777778 0.24296875 0.20833333333333334 0.25078125 0.19444444444444445 0.26796875 0.19444444444444445
1 0.3625 0.2972222222222222 0.3703125 0.2986111111111111 0.37421875 0.30416666666666664 0.37265625 0.32083333333333336 0.36640625 0.3416666666666667 0.34296875 0.33611111111111114 0.3328125 0.34444444444444444 0.32734375 0.34444444444444444 0.3234375 0.33194444444444443 0.32578125 0.31666666666666665 0.33515625 0.30416666666666664 0.33828125 0.30416666666666664 0.34765625 0.3194444444444444 0.353125 0.3194444444444444 0.36015625 0.3125 0.3625 0.2986111111111111
1 0.31484375 0.2777777777777778 0.31640625 0.2833333333333333 0.315625 0.3111111111111111 0.3171875 0.32083333333333336 0.321875 0.30972222222222223 0.31875 0.3 0.321875 0.2777777777777778 0.32421875 0.275 0.33515625 0.2763888888888889 0.3390625 0.28194444444444444 0.33828125 0.30972222222222223 0.33203125 0.30972222222222223 0.32578125 0.31805555555555554 0.32421875 0.3277777777777778 0.31953125 0.32916666666666666 0.309375 0.32916666666666666 0.30703125 0.3236111111111111 0.30625 0.29444444444444445 0.3078125 0.2875 0.3140625 0.2777777777777778
1 0.065625 0.2388888888888889 0.07578125 0.24722222222222223 0.078125 0.2777777777777778 0.07578125 0.2833333333333333 0.06875 0.2847222222222222 0.0609375 0.29444444444444445 0.04921875 0.29305555555555557 0.040625 0.28194444444444444 0.040625 0.26805555555555555 0.0359375 0.25277777777777777 0.03515625 0.24305555555555555 0.03828125 0.2375 0.06484375 0.2388888888888889
1 0.35 0.5208333333333334 0.378125 0.525 0.39375 0.5611111111111111 0.39609375 0.5736111111111111 0.39453125 0.6291666666666667 0.3875 0.6402777777777777 0.38671875 0.6527777777777778 0.38125 0.6569444444444444 0.37734375 0.6555555555555556 0.375 0.6458333333333334 0.36875 0.6361111111111111 0.33828125 0.6347222222222222 0.33046875 0.6416666666666667 0.3203125 0.6416666666666667 0.315625 0.6361111111111111 0.30703125 0.6152777777777778 0.30703125 0.5777777777777777 0.31015625 0.5638888888888889 0.31015625 0.5458333333333333 0.31875 0.5402777777777777 0.32265625 0.5291666666666667 0.32734375 0.5236111111111111 0.34921875 0.5208333333333334
1 0.72734375 0.25277777777777777 0.73203125 0.25416666666666665 0.73828125 0.2625 0.7375 0.2763888888888889 0.73203125 0.2777777777777778 0.7046875 0.2777777777777778 0.7015625 0.275 0.70078125 0.2569444444444444 0.70390625 0.25416666666666665 0.7265625 0.25277777777777777
1 0.85625 0.4666666666666667 0.87265625 0.4708333333333333 0.8921875 0.48333333333333334 0.89921875 0.5236111111111111 0.8984375 0.5375 0.89609375 0.5402777777777777 0.87578125 0.5430555555555555 0.8671875 0.5555555555555556 0.865625 0.575 0.8625 0.5819444444444445 0.84140625 0.5861111111111111 0.828125 0.5986111111111111 0.82421875 0.5944444444444444 0.82265625 0.5833333333333334 0.815625 0.5708333333333333 0.8140625 0.5597222222222222 0.8140625 0.5305555555555556 0.82109375 0.4888888888888889 0.8234375 0.4777777777777778 0.83046875 0.46944444444444444 0.85546875 0.4666666666666667
1 0.63671875 0.5652777777777778 0.64140625 0.5666666666666667 0.6453125 0.5722222222222222 0.64609375 0.5847222222222223 0.65 0.5930555555555556 0.65390625 0.5902777777777778 0.65859375 0.5916666666666667 0.6625 0.5986111111111111 0.6609375 0.6041666666666666 0.6546875 0.6083333333333333 0.65703125 0.6291666666666667 0.65703125 0.6930555555555555 0.65625 0.7152777777777778 0.6515625 0.7222222222222222 0.64609375 0.7208333333333333 0.64375 0.7166666666666667 0.63984375 0.6708333333333333 0.6453125 0.6541666666666667 0.6453125 0.6486111111111111 0.640625 0.6458333333333334 0.63984375 0.6263888888888889 0.63359375 0.6027777777777777 0.63046875 0.5972222222222222 0.61640625 0.5916666666666667 0.58359375 0.5916666666666667 0.58046875 0.5888888888888889 0.58125 0.5805555555555556 0.58515625 0.5708333333333333 0.59140625 0.5625 0.6359375 0.5652777777777778
1 0.1546875 0.7597222222222222 0.18984375 0.7638888888888888 0.20625 0.7916666666666666 0.2171875 0.7944444444444444 0.221875 0.8 0.221875 0.8180555555555555 0.225 0.8402777777777778 0.22265625 0.9291666666666667 0.22109375 0.9375 0.21484375 0.9444444444444444 0.20078125 0.9444444444444444 0.19453125 0.9527777777777777 0.19453125 0.9930555555555556 0.1921875 0.9958333333333333 0.171875 0.9944444444444445 0.171875 0.9819444444444444 0.1609375 0.9652777777777778 0.15078125 0.9638888888888889 0.14140625 0.9736111111111111 0.13125 0.9736111111111111 0.13125 0.9666666666666667 0.128125 0.9638888888888889 0.11953125 0.9708333333333333 0.1015625 0.9680555555555556 0.0984375 0.9722222222222222 0.0921875 0.9722222222222222 0.08671875 0.9805555555555555 0.08671875 0.9875 0.09296875 0.9944444444444445 0.075 0.9972222222222222 0.06015625 0.9944444444444445 0.06015625 0.9791666666666666 0.0578125 0.9680555555555556 0.06015625 0.9416666666666667 0.05703125 0.9319444444444445 0.05546875 0.9166666666666666 0.06015625 0.8611111111111112 0.06875 0.8430555555555556 0.07734375 0.8055555555555556 0.08359375 0.7916666666666666 0.10859375 0.7625 0.15390625 0.7597222222222222
1 0.3140625 0.2111111111111111 0.31875 0.225 0.31796875 0.2388888888888889 0.31328125 0.24861111111111112 0.2984375 0.25277777777777777 0.29375 0.25 0.2921875 0.2375 0.29296875 0.21805555555555556 0.296875 0.2111111111111111 0.31328125 0.2111111111111111
1 0.5453125 0.30277777777777776 0.54765625 0.29305555555555557 0.55234375 0.2875 0.5671875 0.2875 0.57109375 0.2916666666666667 0.57578125 0.3236111111111111 0.57421875 0.34305555555555556 0.57109375 0.35 0.56484375 0.3486111111111111 0.5625 0.33055555555555555 0.56328125 0.3236111111111111 0.559375 0.3111111111111111 0.5546875 0.30416666666666664 0.55 0.3055555555555556 0.54609375 0.30277777777777776
1 0.13125 0.24027777777777778 0.13828125 0.24583333333333332 0.14140625 0.26944444444444443 0.13671875 0.2833333333333333 0.1296875 0.2861111111111111 0.1109375 0.2833333333333333 0.10703125 0.2513888888888889 0.11328125 0.24027777777777778 0.13046875 0.24027777777777778
1 0.74140625 0.3194444444444444 0.74140625 0.32222222222222224 0.7359375 0.3263888888888889 0.73359375 0.33194444444444443 0.73203125 0.35694444444444445 0.72734375 0.37916666666666665 0.71796875 0.37777777777777777 0.71328125 0.37083333333333335 0.71328125 0.34444444444444444 0.721875 0.3194444444444444 0.740625 0.3194444444444444
1 0.825 0.3055555555555556 0.82734375 0.30833333333333335 0.828125 0.32222222222222224 0.82421875 0.35694444444444445 0.81640625 0.3472222222222222 0.8109375 0.3277777777777778 0.81171875 0.31805555555555554 0.815625 0.30972222222222223 0.82421875 0.3055555555555556
1 0.4484375 0.32083333333333336 0.45546875 0.32083333333333336 0.45234375 0.32222222222222224 0.45234375 0.325 0.46328125 0.3263888888888889 0.47109375 0.3333333333333333 0.471875 0.34444444444444444 0.4765625 0.35833333333333334 0.47578125 0.37083333333333335 0.47734375 0.375 0.47734375 0.3861111111111111 0.47265625 0.4041666666666667 0.459375 0.4041666666666667 0.459375 0.38472222222222224 0.4546875 0.3486111111111111 0.4484375 0.3402777777777778 0.43515625 0.3375 0.4484375 0.32222222222222224
1 0 0.5777777777777777 0.00546875 0.5847222222222223 0.01328125 0.6083333333333333 0.01328125 0.6305555555555555 0.01640625 0.6527777777777778 0.015625 0.6847222222222222 0.00390625 0.6888888888888889 0 0.6833333333333333 0 0.5791666666666667
1 0.63671875 0.24444444444444444 0.6328125 0.24027777777777778 0.63359375 0.21944444444444444 0.64453125 0.20833333333333334 0.6578125 0.20833333333333334 0.6609375 0.2152777777777778 0.66171875 0.23055555555555557 0.6609375 0.24166666666666667 0.65859375 0.24583333333333332 0.6546875 0.2388888888888889 0.63984375 0.2375 0.63671875 0.24305555555555555
1 0.71796875 0.44166666666666665 0.72421875 0.4444444444444444 0.73046875 0.45694444444444443 0.73671875 0.48194444444444445 0.73671875 0.49027777777777776 0.69921875 0.49027777777777776 0.69375 0.4986111111111111 0.6859375 0.5222222222222223 0.6828125 0.5388888888888889 0.67890625 0.5375 0.675 0.525 0.6734375 0.4986111111111111 0.675 0.475 0.68359375 0.4597222222222222 0.6875 0.44583333333333336 0.69140625 0.44166666666666665 0.7171875 0.44166666666666665
1 0.99921875 0.8263888888888888 0.99921875 0.9277777777777778 0.99375 0.9263888888888889 0.99140625 0.9305555555555556 0.98125 0.9277777777777778 0.9765625 0.9125 0.98125 0.8513888888888889 0.97734375 0.8375 0.98046875 0.8291666666666667 0.9984375 0.8263888888888888
1 0.64765625 0.2361111111111111 0.65703125 0.2388888888888889 0.66171875 0.24861111111111112 0.66171875 0.2513888888888889 0.6515625 0.25277777777777777 0.63515625 0.2513888888888889 0.63515625 0.24583333333333332 0.63828125 0.2388888888888889 0.646875 0.2361111111111111
1 0.4734375 0.28888888888888886 0.4859375 0.2833333333333333 0.5015625 0.2847222222222222 0.5046875 0.29305555555555557 0.5078125 0.3194444444444444 0.5078125 0.33055555555555555 0.5046875 0.3388888888888889 0.4984375 0.33055555555555555 0.49453125 0.33194444444444443 0.49296875 0.32916666666666666 0.49296875 0.31666666666666665 0.4875 0.30833333333333335 0.4859375 0.29583333333333334 0.4734375 0.2902777777777778
1 0.3125 0.3347222222222222 0.31484375 0.3611111111111111 0.3109375 0.3736111111111111 0.30390625 0.37777777777777777 0.29609375 0.39305555555555555 0.2890625 0.4013888888888889 0.271875 0.4152777777777778 0.26875 0.4152777777777778 0.2671875 0.4097222222222222 0.26640625 0.38333333333333336 0.27578125 0.3416666666666667 0.28203125 0.3333333333333333 0.30703125 0.33194444444444443 0.31171875 0.3347222222222222
1 0.1890625 0.4236111111111111 0.19453125 0.43194444444444446 0.196875 0.44027777777777777 0.2046875 0.4486111111111111 0.20546875 0.4652777777777778 0.20390625 0.47638888888888886 0.1890625 0.5 0.171875 0.5083333333333333 0.146875 0.5097222222222222 0.1390625 0.5194444444444445 0.1328125 0.5194444444444445 0.1296875 0.5111111111111111 0.12890625 0.4777777777777778 0.13203125 0.4625 0.14140625 0.4444444444444444 0.1453125 0.4305555555555556 0.16484375 0.42083333333333334 0.18828125 0.4236111111111111
1 0.9921875 0.9319444444444445 0.99921875 0.9361111111111111 0.99921875 0.9791666666666666 0.9953125 0.9833333333333333 0.9953125 0.9916666666666667 0.990625 0.9986111111111111 0.94609375 0.9986111111111111 0.94453125 0.9888888888888889 0.93671875 0.9805555555555555 0.9359375 0.9722222222222222 0.9390625 0.9625 0.9546875 0.9611111111111111 0.959375 0.9638888888888889 0.96484375 0.9486111111111111 0.9765625 0.9333333333333333 0.98203125 0.9305555555555556 0.99140625 0.9319444444444445
1 0.65390625 0.32916666666666666 0.6625 0.33055555555555555 0.67265625 0.3375 0.675 0.34444444444444444 0.675 0.3527777777777778 0.66640625 0.3597222222222222 0.6625 0.38472222222222224 0.63984375 0.3875 0.63359375 0.3958333333333333 0.63046875 0.3958333333333333 0.63046875 0.37916666666666665 0.6328125 0.35833333333333334 0.6390625 0.3333333333333333 0.653125 0.32916666666666666
1 0.6359375 0.4041666666666667 0.65859375 0.4083333333333333 0.66484375 0.4166666666666667 0.66796875 0.4166666666666667 0.67265625 0.4361111111111111 0.67421875 0.4527777777777778 0.6734375 0.4888888888888889 0.671875 0.4986111111111111 0.66953125 0.5013888888888889 0.65546875 0.49722222222222223 0.64921875 0.4777777777777778 0.64140625 0.46805555555555556 0.63359375 0.4638888888888889 0.62109375 0.4638888888888889 0.61875 0.4597222222222222 0.6203125 0.4361111111111111 0.625 0.41805555555555557 0.6296875 0.40694444444444444 0.63359375 0.4027777777777778 0.63515625 0.4041666666666667
1 0.66171875 0.3875 0.66875 0.3972222222222222 0.66953125 0.4125 0.66796875 0.4236111111111111 0.66171875 0.4125 0.65625 0.4083333333333333 0.63203125 0.4041666666666667 0.6328125 0.3972222222222222 0.640625 0.3888888888888889 0.6609375 0.3875
1 0.40234375 0.275 0.409375 0.2777777777777778 0.41328125 0.2833333333333333 0.4140625 0.29305555555555557 0.4125 0.2972222222222222 0.40859375 0.3013888888888889 0.39375 0.30694444444444446 0.384375 0.31666666666666665 0.38125 0.31666666666666665 0.38125 0.2972222222222222 0.38671875 0.2763888888888889 0.390625 0.2791666666666667 0.4015625 0.275
1 0.6796875 0.8902777777777777 0.7203125 0.9 0.725 0.9208333333333333 0.72578125 0.9458333333333333 0.734375 0.9652777777777778 0.7359375 0.9736111111111111 0.7375 0.9888888888888889 0.73515625 0.9986111111111111 0.690625 0.9986111111111111 0.68359375 0.9958333333333333 0.60546875 0.9986111111111111 0.60546875 0.9708333333333333 0.60859375 0.9527777777777777 0.60390625 0.9430555555555555 0.596875 0.9388888888888889 0.5953125 0.9319444444444445 0.59609375 0.925 0.60390625 0.9208333333333333 0.61484375 0.9208333333333333 0.625 0.8958333333333334 0.63046875 0.8888888888888888 0.67890625 0.8902777777777777
1 0.33046875 0.175 0.33359375 0.18611111111111112 0.3328125 0.20277777777777778 0.32109375 0.2013888888888889 0.31953125 0.19305555555555556 0.31875 0.175 0.32109375 0.17222222222222222 0.3296875 0.175
1 0.46796875 0.5652777777777778 0.48984375 0.5694444444444444 0.49921875 0.5875 0.5046875 0.5902777777777778 0.50625 0.5944444444444444 0.50234375 0.6027777777777777 0.50390625 0.6152777777777778 0.503125 0.6611111111111111 0.49921875 0.6694444444444444 0.49765625 0.6847222222222222 0.4953125 0.6875 0.490625 0.6875 0.484375 0.6805555555555556 0.471875 0.6763888888888889 0.4390625 0.675 0.42578125 0.6861111111111111 0.42265625 0.6805555555555556 0.42421875 0.6263888888888889 0.4296875 0.6013888888888889 0.4296875 0.5972222222222222 0.4265625 0.5944444444444444 0.425 0.5875 0.43359375 0.5833333333333334 0.44375 0.5666666666666667 0.4671875 0.5652777777777778
1 0.0203125 0.24305555555555555 0.03125 0.24583333333333332 0.03671875 0.25277777777777777 0.040625 0.26944444444444443 0.040625 0.2875 0.0359375 0.2972222222222222 0.0328125 0.29583333333333334 0.028125 0.2861111111111111 0.02578125 0.275 0.02109375 0.28194444444444444 0.0171875 0.2833333333333333 0.0109375 0.2708333333333333 0 0.2611111111111111 0 0.24444444444444444 0.01953125 0.24305555555555555
1 0.6359375 0.4652777777777778 0.646875 0.4722222222222222 0.6578125 0.5041666666666667 0.65703125 0.5375 0.65859375 0.55 0.65390625 0.5555555555555556 0.64609375 0.5361111111111111 0.63828125 0.5263888888888889 0.5984375 0.525 0.596875 0.5208333333333334 0.5984375 0.5013888888888889 0.60546875 0.47638888888888886 0.609375 0.46944444444444444 0.6203125 0.4652777777777778 0.63515625 0.4652777777777778
1 0.63359375 0.3111111111111111 0.63125 0.30833333333333335 0.63359375 0.25555555555555554 0.63515625 0.25277777777777777 0.65078125 0.25277777777777777 0.66015625 0.24861111111111112 0.66484375 0.2652777777777778 0.66484375 0.2722222222222222 0.66171875 0.275 0.64296875 0.28055555555555556 0.63828125 0.29305555555555557 0.6359375 0.30972222222222223 0.634375 0.30972222222222223
1 0.57890625 0.5916666666666667 0.6265625 0.5972222222222222 0.6328125 0.6027777777777777 0.6375 0.6208333333333333 0.63984375 0.65 0.64375 0.6541666666666667 0.6390625 0.675 0.6453125 0.7388888888888889 0.64375 0.7472222222222222 0.64453125 0.825 0.640625 0.8333333333333334 0.63515625 0.8305555555555556 0.62421875 0.8180555555555555 0.60078125 0.8125 0.559375 0.8125 0.54375 0.8291666666666667 0.5390625 0.8291666666666667 0.5359375 0.825 0.53828125 0.7277777777777777 0.540625 0.7055555555555556 0.54375 0.6944444444444444 0.54375 0.6666666666666666 0.53671875 0.6569444444444444 0.5359375 0.6458333333333334 0.5390625 0.6375 0.54765625 0.6388888888888888 0.55234375 0.6194444444444445 0.55234375 0.6125 0.5578125 0.5958333333333333 0.56328125 0.5916666666666667 0.578125 0.5916666666666667
1 0.7203125 0.49027777777777776 0.7375 0.49166666666666664 0.7453125 0.5138888888888888 0.7453125 0.5208333333333334 0.7328125 0.525 0.7296875 0.5291666666666667 0.72578125 0.5458333333333333 0.725 0.5611111111111111 0.7203125 0.5791666666666667 0.71640625 0.5819444444444445 0.6984375 0.5819444444444445 0.68984375 0.5916666666666667 0.68671875 0.5888888888888889 0.68515625 0.5819444444444445 0.68515625 0.5402777777777777 0.68828125 0.5194444444444445 0.696875 0.49444444444444446 0.7078125 0.49027777777777776 0.71953125 0.49027777777777776
1 0.809375 0.3763888888888889 0.82421875 0.38333333333333336 0.82890625 0.3972222222222222 0.834375 0.4263888888888889 0.83359375 0.4625 0.83046875 0.46805555555555556 0.8234375 0.4666666666666667 0.82265625 0.45416666666666666 0.81640625 0.44166666666666665 0.8125 0.41944444444444445 0.80703125 0.4111111111111111 0.77890625 0.4083333333333333 0.775 0.4041666666666667 0.7796875 0.3875 0.78671875 0.37777777777777777 0.80859375 0.3763888888888889
1 0.40390625 0.4125 0.40703125 0.41388888888888886 0.41484375 0.4305555555555556 0.421875 0.45555555555555555 0.4125 0.4625 0.40625 0.4625 0.39765625 0.45694444444444443 0.38671875 0.45694444444444443 0.375 0.4597222222222222 0.36875 0.4652777777777778 0.35703125 0.5041666666666667 0.35703125 0.5152777777777777 0.35234375 0.5180555555555556 0.3484375 0.5125 0.346875 0.5055555555555555 0.3484375 0.45694444444444443 0.35859375 0.42083333333333334 0.3640625 0.41388888888888886 0.371875 0.4111111111111111 0.403125 0.4125
1 0.290625 0.6125 0.30625 0.6166666666666667 0.31875 0.6444444444444445 0.3234375 0.6611111111111111 0.32578125 0.6819444444444445 0.32421875 0.7347222222222223 0.3125 0.7402777777777778 0.3109375 0.7625 0.30546875 0.7694444444444445 0.3 0.7680555555555556 0.29609375 0.7569444444444444 0.28125 0.7458333333333333 0.26640625 0.7430555555555556 0.2375 0.7513888888888889 0.2359375 0.7541666666666667 0.23671875 0.7611111111111111 0.23046875 0.7722222222222223 0.2234375 0.7722222222222223 0.22109375 0.7666666666666667 0.21796875 0.7305555555555555 0.21953125 0.6902777777777778 0.2296875 0.6444444444444445 0.23671875 0.6277777777777778 0.24453125 0.6180555555555556 0.2609375 0.6125 0.28984375 0.6125
1 0.728125 0.4 0.7359375 0.4027777777777778 0.740625 0.4097222222222222 0.74609375 0.4361111111111111 0.74765625 0.45555555555555555 0.746875 0.47638888888888886 0.74296875 0.48055555555555557 0.73671875 0.4777777777777778 0.728125 0.4486111111111111 0.72421875 0.44166666666666665 0.6953125 0.4388888888888889 0.70625 0.4 0.72734375 0.4
1 0.74453125 0.6097222222222223 0.77109375 0.6152777777777778 0.78046875 0.6347222222222222 0.78671875 0.675 0.78671875 0.7152777777777778 0.7890625 0.7236111111111111 0.78671875 0.7680555555555556 0.7828125 0.7722222222222223 0.765625 0.7680555555555556 0.74609375 0.7722222222222223 0.7390625 0.7777777777777778 0.73515625 0.7902777777777777 0.73046875 0.7958333333333333 0.73046875 0.8013888888888889 0.72890625 0.7972222222222223 0.7203125 0.7958333333333333 0.71328125 0.8055555555555556 0.709375 0.8013888888888889 0.7078125 0.8041666666666667 0.6875 0.8097222222222222 0.6828125 0.8097222222222222 0.6796875 0.8041666666666667 0.67734375 0.7847222222222222 0.67734375 0.7305555555555555 0.68046875 0.7166666666666667 0.68125 0.6888888888888889 0.68046875 0.6805555555555556 0.678125 0.6777777777777778 0.6796875 0.675 0.67265625 0.6666666666666666 0.6703125 0.6597222222222222 0.67109375 0.6444444444444445 0.68203125 0.6416666666666667 0.684375 0.6375 0.6859375 0.6152777777777778 0.6890625 0.6083333333333333 0.71875 0.6069444444444444 0.74375 0.6097222222222223
1 0.353125 0.18611111111111112 0.35546875 0.19722222222222222 0.35546875 0.20972222222222223 0.353125 0.21666666666666667 0.3484375 0.22083333333333333 0.33828125 0.22083333333333333 0.334375 0.20972222222222223 0.334375 0.1986111111111111 0.33828125 0.18472222222222223 0.35234375 0.18611111111111112
0 0.21484375 0.18194444444444444 0.2203125 0.18055555555555555 0.22265625 0.18472222222222223 0.22421875 0.19583333333333333 0.22109375 0.2013888888888889 0.21640625 0.2013888888888889 0.2140625 0.19583333333333333 0.21484375 0.18333333333333332
0 0.18984375 0.19444444444444445 0.20625 0.19583333333333333 0.2078125 0.2013888888888889 0.20703125 0.225 0.20859375 0.2375 0.2078125 0.24583333333333332 0.20546875 0.25 0.19609375 0.24444444444444444 0.16640625 0.24444444444444444 0.1640625 0.23055555555555557 0.16484375 0.2 0.17890625 0.19444444444444445 0.1890625 0.19444444444444445
0 0.56796875 0.36666666666666664 0.57734375 0.37916666666666665 0.58125 0.41388888888888886 0.57890625 0.42777777777777776 0.58046875 0.4666666666666667 0.57734375 0.5013888888888889 0.57734375 0.5291666666666667 0.57578125 0.5347222222222222 0.571875 0.5388888888888889 0.5609375 0.5388888888888889 0.55546875 0.5361111111111111 0.55 0.525 0.5390625 0.5222222222222223 0.5265625 0.5263888888888889 0.51875 0.5402777777777777 0.5125 0.5388888888888889 0.51015625 0.5305555555555556 0.51015625 0.4875 0.51328125 0.4652777777777778 0.5125 0.44166666666666665 0.515625 0.4222222222222222 0.5140625 0.39861111111111114 0.51875 0.375 0.5359375 0.3625 0.5578125 0.3611111111111111 0.5671875 0.36666666666666664