3 0.72578125 0.6763888888888889 0.73984375 0.6791666666666667 0.74765625 0.6847222222222222 0.78046875 0.6819444444444445 0.83125 0.6875 0.846875 0.7111111111111111 0.859375 0.7333333333333333 0.86953125 0.7583333333333333 0.8921875 0.7944444444444444 0.89453125 0.8027777777777778 0.89453125 0.8180555555555555 0.89296875 0.8236111111111111 0.890625 0.9638888888888889 0.89453125 0.9847222222222223 0.89375 0.9930555555555556 0.890625 0.9986111111111111 0.74140625 0.9986111111111111 0.7390625 0.9958333333333333 0.73359375 0.9958333333333333 0.73203125 0.9986111111111111 0.684375 0.9986111111111111 0.678125 0.9513888888888888 0.68046875 0.8666666666666667 0.67890625 0.8541666666666666 0.675 0.8527777777777777 0.67265625 0.8472222222222222 0.6734375 0.8402777777777778 0.67109375 0.8375 0.671875 0.8208333333333333 0.66796875 0.8208333333333333 0.66796875 0.8166666666666667 0.67109375 0.8180555555555555 0.675 0.8125 0.678125 0.8152777777777778 0.68359375 0.7916666666666666 0.6828125 0.7277777777777777 0.68828125 0.6791666666666667 0.6953125 0.6722222222222223 0.69921875 0.675 0.725 0.6763888888888889
3 0.9234375 0.9347222222222222 0.92734375 0.9319444444444445 0.96171875 0.9333333333333333 0.99921875 0.9402777777777778 0.99921875 0.9958333333333333 0.9953125 0.9986111111111111 0.94609375 0.9986111111111111 0.94453125 0.9958333333333333 0.93828125 0.9958333333333333 0.9375 0.9986111111111111 0.89765625 0.9986111111111111 0.896875 0.9833333333333333 0.8984375 0.9736111111111111 0.9078125 0.9680555555555556 0.9203125 0.9458333333333333 0.9234375 0.9361111111111111
3 0.68359375 0.2861111111111111 0.69296875 0.29305555555555557 0.6921875 0.35 0.67109375 0.3527777777777778 0.65859375 0.375 0.65546875 0.37222222222222223 0.65234375 0.3541666666666667 0.65234375 0.325 0.6546875 0.30416666666666664 0.65390625 0.2875 0.65625 0.2847222222222222 0.6828125 0.2861111111111111
2 0.4734375 0.3416666666666667 0.4765625 0.3472222222222222 0.4765625 0.35833333333333334 0.47421875 0.3611111111111111 0.465625 0.3597222222222222 0.4640625 0.35694444444444445 0.465625 0.34444444444444444 0.4671875 0.3416666666666667 0.47265625 0.3416666666666667
2 0.38671875 0.6180555555555556 0.3984375 0.6194444444444445 0.40703125 0.6166666666666667 0.40390625 0.6305555555555555 0.4046875 0.6513888888888889 0.4078125 0.6638888888888889 0.40625 0.6708333333333333 0.39453125 0.6916666666666667 0.38984375 0.6888888888888889 0.3859375 0.6694444444444444 0.38671875 0.6513888888888889 0.3859375 0.6291666666666667 0.384375 0.625 0.3859375 0.6194444444444445
2 0.521875 0.2861111111111111 0.52421875 0.29583333333333334 0.521875 0.3055555555555556 0.51875 0.30972222222222223 0.51640625 0.3055555555555556 0.515625 0.29305555555555557 0.51875 0.2861111111111111 0.52109375 0.2861111111111111
2 0.24765625 0.25555555555555554 0.2515625 0.2611111111111111 0.2515625 0.2763888888888889 0.2484375 0.2763888888888889 0.2421875 0.26944444444444443 0.24375 0.2569444444444444 0.246875 0.25555555555555554
2 0.334375 0.3 0.33828125 0.3 0.34140625 0.3055555555555556 0.33984375 0.3236111111111111 0.334375 0.3277777777777778 0.33203125 0.31527777777777777 0.334375 0.3013888888888889
2 0.24765625 0.2916666666666667 0.2484375 0.2986111111111111 0.2453125 0.30972222222222223 0.23984375 0.30833333333333335 0.23984375 0.2972222222222222 0.24140625 0.2916666666666667 0.246875 0.2916666666666667
2 0.8859375 0.6444444444444445 0.88828125 0.6486111111111111 0.890625 0.6638888888888889 0.89140625 0.6819444444444445 0.88359375 0.7041666666666667 0.87890625 0.7041666666666667 0.86953125 0.6930555555555555 0.86640625 0.6847222222222222 0.865625 0.6666666666666666 0.86640625 0.6486111111111111 0.86875 0.6416666666666667 0.87265625 0.6444444444444445 0.88515625 0.6444444444444445
2 0.49453125 0.3 0.49765625 0.3055555555555556 0.49765625 0.31527777777777777 0.49453125 0.32222222222222224 0.48984375 0.31666666666666665 0.48828125 0.30694444444444446 0.48984375 0.3013888888888889 0.49375 0.3
2 0.28125 0.27361111111111114 0.2796875 0.2611111111111111 0.2828125 0.25277777777777777 0.2875 0.25416666666666665 0.28828125 0.26944444444444443 0.28515625 0.275 0.28203125 0.27361111111111114
2 0.0984375 0.3138888888888889 0.10625 0.3125 0.1078125 0.31805555555555554 0.10703125 0.35138888888888886 0.10234375 0.3527777777777778 0.0953125 0.33194444444444443 0.0953125 0.3236111111111111 0.0984375 0.31527777777777777
2 0.90078125 0.6666666666666666 0.90546875 0.6708333333333333 0.91953125 0.6694444444444444 0.925 0.6763888888888889 0.9296875 0.6888888888888889 0.9296875 0.7069444444444445 0.92421875 0.7194444444444444 0.92109375 0.725 0.91171875 0.7222222222222222 0.909375 0.7166666666666667 0.89765625 0.7055555555555556 0.89453125 0.6930555555555555 0.89375 0.6791666666666667 0.9 0.6680555555555555
2 0.18125 0.7652777777777777 0.18203125 0.7930555555555555 0.1875 0.8055555555555556 0.17734375 0.825 0.16484375 0.8416666666666667 0.1609375 0.8402777777777778 0.15546875 0.8194444444444444 0.15546875 0.8055555555555556 0.15390625 0.8013888888888889 0.15546875 0.7652777777777777 0.1578125 0.7625 0.17734375 0.7625 0.18046875 0.7652777777777777
2 0.3171875 0.22083333333333333 0.3203125 0.2222222222222222 0.321875 0.22777777777777777 0.32109375 0.2388888888888889 0.3171875 0.24166666666666667 0.31484375 0.23333333333333334 0.3171875 0.2222222222222222
2 0.34375 0.28194444444444444 0.34609375 0.2861111111111111 0.34609375 0.3 0.34375 0.3055555555555556 0.3359375 0.3 0.334375 0.29583333333333334 0.334375 0.2875 0.3375 0.28194444444444444 0.34296875 0.28194444444444444
2 0.2140625 0.30277777777777776 0.21640625 0.30972222222222223 0.209375 0.31527777777777777 0.20546875 0.3125 0.20625 0.30416666666666664 0.20859375 0.3013888888888889 0.21328125 0.30277777777777776
2 0.2828125 0.5638888888888889 0.28671875 0.5694444444444444 0.28828125 0.5875 0.26640625 0.5861111111111111 0.26953125 0.5638888888888889 0.275 0.5611111111111111 0.28203125 0.5638888888888889
2 0.303125 0.23472222222222222 0.30546875 0.24305555555555555 0.30546875 0.25416666666666665 0.303125 0.25972222222222224 0.29921875 0.25972222222222224 0.29609375 0.24722222222222223 0.296875 0.24027777777777778 0.3 0.23472222222222222 0.30234375 0.23472222222222222
2 0.26171875 0.31666666666666665 0.26484375 0.32222222222222224 0.26484375 0.33611111111111114 0.2640625 0.3416666666666667 0.26015625 0.3472222222222222 0.2546875 0.3472222222222222 0.253125 0.3416666666666667 0.253125 0.32222222222222224 0.2546875 0.31805555555555554 0.2609375 0.31666666666666665
2 0.4875 0.33194444444444443 0.4921875 0.33611111111111114 0.4921875 0.3541666666666667 0.490625 0.35833333333333334 0.484375 0.3611111111111111 0.48203125 0.3527777777777778 0.4828125 0.3375 0.48671875 0.3333333333333333
2 0.0515625 0.9708333333333333 0.05546875 0.9763888888888889 0.05546875 0.9916666666666667 0.05703125 0.9944444444444445 0.06015625 0.9916666666666667 0.06328125 0.9930555555555556 0.0609375 0.9986111111111111 0.0125 0.9986111111111111 0.01484375 0.9861111111111112 0.0140625 0.9805555555555555 0.01640625 0.9763888888888889 0.0296875 0.975 0.040625 0.9680555555555556 0.05078125 0.9708333333333333
2 0.4078125 0.5458333333333333 0.40390625 0.5305555555555556 0.403125 0.4888888888888889 0.4046875 0.4847222222222222 0.41328125 0.4847222222222222 0.4203125 0.4888888888888889 0.41875 0.5138888888888888 0.42265625 0.525 0.421875 0.5319444444444444 0.4140625 0.5444444444444444 0.41171875 0.5472222222222223 0.40859375 0.5458333333333333
2 0.51015625 0.27361111111111114 0.5125 0.28194444444444444 0.50859375 0.29305555555555557 0.5046875 0.2916666666666667 0.50390625 0.28055555555555556 0.5046875 0.275 0.509375 0.27361111111111114
2 0.7515625 0.44166666666666665 0.75859375 0.44166666666666665 0.7640625 0.44583333333333336 0.7671875 0.4652777777777778 0.765625 0.475 0.76015625 0.48055555555555557 0.74921875 0.47638888888888886 0.74609375 0.4486111111111111 0.74765625 0.44305555555555554 0.75078125 0.44305555555555554
1 0.5765625 0.4361111111111111 0.58359375 0.44027777777777777 0.58671875 0.4527777777777778 0.59140625 0.4583333333333333 0.59296875 0.4666666666666667 0.59140625 0.47638888888888886 0.54609375 0.4736111111111111 0.540625 0.48055555555555557 0.5390625 0.4888888888888889 0.5390625 0.4638888888888889 0.534375 0.45694444444444443 0.5359375 0.45 0.540625 0.4486111111111111 0.54609375 0.4375 0.57578125 0.4361111111111111
1 0.61640625 0.26666666666666666 0.61953125 0.26805555555555555 0.62421875 0.2791666666666667 0.625 0.2972222222222222 0.61953125 0.3013888888888889 0.60546875 0.3013888888888889 0.6015625 0.2916666666666667 0.603125 0.2722222222222222 0.60703125 0.26666666666666666 0.615625 0.26666666666666666
1 0.46875 0.42777777777777776 0.4734375 0.43472222222222223 0.47734375 0.45555555555555555 0.47734375 0.49166666666666664 0.4734375 0.5055555555555555 0.47109375 0.5069444444444444 0.4625 0.5013888888888889 0.44375 0.5013888888888889 0.42890625 0.5055555555555555 0.4265625 0.5 0.42734375 0.4666666666666667 0.43828125 0.42777777777777776 0.44375 0.425 0.46796875 0.42777777777777776
1 0.51953125 0.23333333333333334 0.525 0.22916666666666666 0.53671875 0.22916666666666666 0.54140625 0.24583333333333332 0.540625 0.25416666666666665 0.5359375 0.25972222222222224 0.53046875 0.24583333333333332 0.52578125 0.24166666666666667 0.51875 0.24166666666666667 0.51953125 0.23472222222222222
1 0.5921875 0.2777777777777778 0.59921875 0.2847222222222222 0.60234375 0.30833333333333335 0.60234375 0.3277777777777778 0.59921875 0.33611111111111114 0.59140625 0.3347222222222222 0.58984375 0.3194444444444444 0.58515625 0.3111111111111111 0.57421875 0.30972222222222223 0.57109375 0.30416666666666664 0.571875 0.28888888888888886 0.57734375 0.28055555555555556 0.59140625 0.2777777777777778
1 0.83046875 0.002777777777777778 0.83203125 0.004166666666666667 0.83359375 0.016666666666666666 0.83203125 0.034722222222222224 0.825 0.04861111111111111 0.8171875 0.05138888888888889 0.80859375 0.06111111111111111 0.7890625 0.05694444444444444 0.76953125 0.04861111111111111 0.76796875 0.03888888888888889 0.77109375 0.02638888888888889 0.77734375 0.018055555555555554 0.79140625 0.015277777777777777 0.81796875 0 0.8296875 0.002777777777777778
1 0.284375 0.20972222222222223 0.28984375 0.21944444444444444 0.28984375 0.23194444444444445 0.28046875 0.2375 0.2734375 0.23333333333333334 0.26953125 0.21666666666666667 0.271875 0.2111111111111111 0.28359375 0.20972222222222223
1 0.65546875 0.5611111111111111 0.6890625 0.5625 0.70234375 0.575 0.7078125 0.5944444444444444 0.7140625 0.6333333333333333 0.71171875 0.6361111111111111 0.690625 0.6333333333333333 0.6703125 0.6347222222222222 0.6640625 0.6541666666666667 0.65234375 0.6583333333333333 0.65078125 0.6902777777777778 0.64765625 0.6972222222222222 0.64453125 0.6986111111111111 0.6375 0.6986111111111111 0.63515625 0.6944444444444444 0.63125 0.6569444444444444 0.63125 0.6152777777777778 0.6359375 0.5875 0.6421875 0.5694444444444444 0.6453125 0.5638888888888889 0.6546875 0.5611111111111111
1 0.5625 0.3458333333333333 0.57109375 0.35 0.571875 0.35833333333333334 0.5640625 0.3638888888888889 0.56015625 0.37083333333333335 0.55390625 0.3972222222222222 0.54765625 0.4027777777777778 0.53984375 0.4 0.5390625 0.3902777777777778 0.5421875 0.36666666666666664 0.54921875 0.3472222222222222 0.56171875 0.3458333333333333
1 0.89375 0.7069444444444445 0.90703125 0.7138888888888889 0.91484375 0.7291666666666666 0.9203125 0.7319444444444444 0.92578125 0.7430555555555556 0.925 0.7680555555555556 0.93828125 0.8125 0.93984375 0.8652777777777778 0.93671875 0.8930555555555556 0.925 0.9097222222222222 0.91953125 0.9083333333333333 0.91171875 0.8986111111111111 0.90078125 0.8986111111111111 0.8953125 0.8930555555555556 0.89375 0.8277777777777777 0.89609375 0.8013888888888889 0.87109375 0.7583333333333333 0.85 0.7138888888888889 0.85390625 0.7097222222222223 0.878125 0.7111111111111111 0.89296875 0.7083333333333334
1 0.63046875 0.30277777777777776 0.63515625 0.30833333333333335 0.6375 0.31666666666666665 0.63671875 0.33055555555555555 0.6140625 0.3277777777777778 0.60859375 0.33194444444444443 0.60546875 0.33194444444444443 0.603125 0.3277777777777778 0.60390625 0.3111111111111111 0.60703125 0.30416666666666664 0.6296875 0.30277777777777776
1 0.3890625 0.2638888888888889 0.3921875 0.26805555555555555 0.39140625 0.2847222222222222 0.375 0.3 0.371875 0.3 0.36953125 0.29444444444444445 0.371875 0.275 0.3796875 0.2638888888888889 0.38828125 0.2638888888888889
1 0.14609375 0.41944444444444445 0.1609375 0.4236111111111111 0.16796875 0.44027777777777777 0.17265625 0.45555555555555555 0.16953125 0.4930555555555556 0.16796875 0.49583333333333335 0.15390625 0.49722222222222223 0.14765625 0.5111111111111111 0.13515625 0.5055555555555555 0.1140625 0.5083333333333333 0.1046875 0.5138888888888888 0.0984375 0.5138888888888888 0.09375 0.5013888888888889 0.09296875 0.48055555555555557 0.096875 0.46111111111111114 0.115625 0.425 0.1453125 0.41944444444444445
1 0.32109375 0.19166666666666668 0.32734375 0.2 0.328125 0.20972222222222223 0.325 0.2152777777777778 0.3203125 0.2125 0.3140625 0.21666666666666667 0.30390625 0.2152777777777778 0.303125 0.1986111111111111 0.31015625 0.19166666666666668 0.3203125 0.19166666666666668
1 0.62578125 0.2222222222222222 0.6328125 0.225 0.63515625 0.23055555555555557 0.63515625 0.2375 0.62265625 0.24027777777777778 0.61640625 0.25555555555555554 0.6125 0.25 0.61328125 0.2375 0.61796875 0.22361111111111112 0.625 0.2222222222222222
1 0.25390625 0.2125 0.2578125 0.20972222222222223 0.26875 0.2111111111111111 0.27265625 0.23055555555555557 0.26953125 0.2375 0.25703125 0.2375 0.25390625 0.21388888888888888
1 0.0921875 0.3277777777777778 0.09921875 0.3388888888888889 0.10234375 0.3527777777777778 0.09921875 0.38055555555555554 0.090625 0.35555555555555557 0.08671875 0.35138888888888886 0.0515625 0.35555555555555557 0.04296875 0.37083333333333335 0.03984375 0.37222222222222223 0.03984375 0.36527777777777776 0.04453125 0.35555555555555557 0.046875 0.3416666666666667 0.0546875 0.3347222222222222 0.08359375 0.3263888888888889 0.09140625 0.3277777777777778
1 0.33125 0.7236111111111111 0.35625 0.7305555555555555 0.36484375 0.7416666666666667 0.37734375 0.7472222222222222 0.38046875 0.7611111111111111 0.38125 0.8069444444444445 0.37890625 0.8222222222222222 0.359375 0.8597222222222223 0.35546875 0.8833333333333333 0.34921875 0.8930555555555556 0.27421875 0.8847222222222222 0.26171875 0.8875 0.2578125 0.8916666666666667 0.25078125 0.8902777777777777 0.24453125 0.8763888888888889 0.24453125 0.8458333333333333 0.2484375 0.8152777777777778 0.275 0.7430555555555556 0.28359375 0.7291666666666666 0.29296875 0.7236111111111111 0.33046875 0.7236111111111111
1 0.7359375 0.4791666666666667 0.740625 0.48194444444444445 0.76484375 0.48194444444444445 0.77265625 0.49722222222222223 0.77265625 0.5013888888888889 0.76015625 0.5027777777777778 0.75078125 0.5083333333333333 0.74765625 0.5222222222222223 0.7484375 0.5402777777777777 0.74140625 0.5597222222222222 0.740625 0.5708333333333333 0.7265625 0.5763888888888888 0.7234375 0.5763888888888888 0.7203125 0.5625 0.7109375 0.55 0.71171875 0.5152777777777777 0.71640625 0.49722222222222223 0.7234375 0.49027777777777776 0.7296875 0.4791666666666667 0.73515625 0.4791666666666667
1 0.29375 0.5902777777777778 0.30625 0.6083333333333333 0.3140625 0.6125 0.3125 0.6263888888888889 0.3125 0.675 0.3 0.6861111111111111 0.296875 0.7111111111111111 0.29296875 0.7152777777777778 0.2875 0.7152777777777778 0.28125 0.7069444444444445 0.2734375 0.7041666666666667 0.26171875 0.7069444444444445 0.234375 0.7055555555555556 0.23046875 0.7125 0.22421875 0.7166666666666667 0.21953125 0.7111111111111111 0.2171875 0.6833333333333333 0.21796875 0.6611111111111111 0.23671875 0.6027777777777777 0.240625 0.5972222222222222 0.2578125 0.5875 0.29296875 0.5902777777777778
1 0.4 0.2388888888888889 0.40234375 0.24027777777777778 0.40625 0.25416666666666665 0.40546875 0.2611111111111111 0.40390625 0.2638888888888889 0.39765625 0.2625 0.39375 0.26805555555555555 0.390625 0.2611111111111111 0.3828125 0.2625 0.38125 0.25972222222222224 0.3875 0.24027777777777778 0.39921875 0.2388888888888889
1 0.44765625 0.3138888888888889 0.45625 0.32083333333333336 0.45859375 0.33055555555555555 0.45546875 0.3541666666666667 0.4484375 0.3625 0.43046875 0.3611111111111111 0.42265625 0.3458333333333333 0.421875 0.3402777777777778 0.42421875 0.3236111111111111 0.42890625 0.31666666666666665 0.446875 0.3138888888888889
1 0.478125 0.3625 0.48125 0.3638888888888889 0.49140625 0.37916666666666665 0.48828125 0.3875 0.4890625 0.42916666666666664 0.4875 0.4388888888888889 0.48515625 0.44166666666666665 0.478125 0.44166666666666665 0.471875 0.42916666666666664 0.46796875 0.4263888888888889 0.45546875 0.4263888888888889 0.4484375 0.4222222222222222 0.45 0.3875 0.45234375 0.3736111111111111 0.45546875 0.36666666666666664 0.459375 0.3625 0.47734375 0.3625
1 0.584375 0.20694444444444443 0.58515625 0.21666666666666667 0.57421875 0.2263888888888889 0.57109375 0.22361111111111112 0.571875 0.20694444444444443 0.5734375 0.20416666666666666 0.58203125 0.20416666666666666 0.58359375 0.20694444444444443
1 0.24453125 0.30972222222222223 0.25 0.3138888888888889 0.2515625 0.3347222222222222 0.2546875 0.3458333333333333 0.25234375 0.37222222222222223 0.2421875 0.38055555555555554 0.23671875 0.3902777777777778 0.2234375 0.38472222222222224 0.21796875 0.3875 0.21328125 0.38055555555555554 0.2109375 0.34444444444444444 0.20390625 0.3347222222222222 0.20390625 0.32222222222222224 0.2109375 0.3138888888888889 0.21796875 0.3111111111111111 0.24375 0.3111111111111111
1 0.346875 0.44583333333333336 0.365625 0.44722222222222224 0.38046875 0.46944444444444444 0.3828125 0.4875 0.3796875 0.5013888888888889 0.3796875 0.525 0.371875 0.5319444444444444 0.3703125 0.5458333333333333 0.36796875 0.55 0.36328125 0.55 0.359375 0.5430555555555555 0.35390625 0.5444444444444444 0.346875 0.5402777777777777 0.33828125 0.5402777777777777 0.33125 0.5416666666666666 0.31796875 0.5513888888888889 0.31328125 0.5513888888888889 0.309375 0.5444444444444444 0.309375 0.49027777777777776 0.3203125 0.45416666666666666 0.32421875 0.44722222222222224 0.34609375 0.44583333333333336
1 0.68203125 0.6347222222222222 0.740625 0.6416666666666667 0.74453125 0.6444444444444445 0.75859375 0.6708333333333333 0.759375 0.6791666666666667 0.7546875 0.6819444444444445 0.696875 0.6722222222222223 0.690625 0.675 0.6875 0.6819444444444445 0.68359375 0.7125 0.6828125 0.7916666666666666 0.678125 0.8111111111111111 0.671875 0.8055555555555556 0.66796875 0.8138888888888889 0.6640625 0.8152777777777778 0.6609375 0.8041666666666667 0.66171875 0.7680555555555556 0.65859375 0.7638888888888888 0.65390625 0.7666666666666667 0.65 0.7569444444444444 0.653125 0.6638888888888889 0.6546875 0.6597222222222222 0.65859375 0.6611111111111111 0.6640625 0.6569444444444444 0.67109375 0.6361111111111111 0.68125 0.6361111111111111
1 0.609375 0.30833333333333335 0.61796875 0.3138888888888889 0.615625 0.31666666666666665 0.61796875 0.325 0.6359375 0.3263888888888889 0.64375 0.35138888888888886 0.6421875 0.3625 0.63984375 0.36527777777777776 0.63203125 0.3597222222222222 0.6171875 0.3597222222222222 0.60859375 0.37083333333333335 0.60546875 0.37083333333333335 0.603125 0.36527777777777776 0.60546875 0.3486111111111111 0.60546875 0.3277777777777778 0.61640625 0.3236111111111111 0.61328125 0.31805555555555554 0.60703125 0.31805555555555554 0.60546875 0.32083333333333336 0.60859375 0.30972222222222223
1 0.646875 0.3972222222222222 0.65625 0.40555555555555556 0.66171875 0.4263888888888889 0.66328125 0.43472222222222223 0.66328125 0.4583333333333333 0.6609375 0.46944444444444444 0.6578125 0.45694444444444443 0.65 0.4486111111111111 0.64296875 0.44583333333333336 0.61796875 0.44583333333333336 0.61796875 0.42083333333333334 0.62578125 0.4 0.64609375 0.3972222222222222
1 0 0.39166666666666666 0.00703125 0.39305555555555555 0.01015625 0.4027777777777778 0.01484375 0.4527777777777778 0.0140625 0.4652777777777778 0.00625 0.4791666666666667 0.00546875 0.49027777777777776 0 0.4930555555555556 0 0.39305555555555555
1 0.5890625 0.21666666666666667 0.5953125 0.2222222222222222 0.5953125 0.24583333333333332 0.58984375 0.2361111111111111 0.58515625 0.23333333333333334 0.57734375 0.23055555555555557 0.5734375 0.23472222222222222 0.57421875 0.22361111111111112 0.578125 0.21944444444444444 0.58828125 0.21666666666666667
1 0.58828125 0.2625 0.5921875 0.275 0.590625 0.2777777777777778 0.58046875 0.2791666666666667 0.57421875 0.2875 0.57109375 0.2861111111111111 0.5703125 0.2722222222222222 0.571875 0.2638888888888889 0.5734375 0.2611111111111111 0.5875 0.2625
1 0.3875 0.4097222222222222 0.3984375 0.4263888888888889 0.4015625 0.44027777777777777 0.40078125 0.4736111111111111 0.3921875 0.48333333333333334 0.38984375 0.49444444444444446 0.38203125 0.4930555555555556 0.384375 0.4736111111111111 0.36640625 0.44722222222222224 0.3625 0.4444444444444444 0.34765625 0.4444444444444444 0.3453125 0.44166666666666665 0.346875 0.4263888888888889 0.35703125 0.4097222222222222 0.38671875 0.4097222222222222
1 0.5796875 0.30972222222222223 0.5859375 0.3125 0.5890625 0.3194444444444444 0.59140625 0.3527777777777778 0.58828125 0.3611111111111111 0.57421875 0.35833333333333334 0.57109375 0.3472222222222222 0.5578125 0.3416666666666667 0.55703125 0.3263888888888889 0.56015625 0.3194444444444444 0.56953125 0.3111111111111111 0.57890625 0.30972222222222223
1 0.61328125 0.3611111111111111 0.63125 0.3597222222222222 0.63828125 0.3625 0.64453125 0.38333333333333336 0.64375 0.3958333333333333 0.628125 0.39861111111111114 0.61875 0.4166666666666667 0.61171875 0.41944444444444445 0.6078125 0.4152777777777778 0.60625 0.4083333333333333 0.60625 0.38333333333333336 0.6078125 0.3736111111111111 0.61328125 0.3625
1 0.47734375 0.27152777777777776 0.0234375 0.034722222222222224
1 0.5953125 0.20416666666666666 0.60546875 0.20277777777777778 0.60078125 0.20555555555555555 0.6125 0.2111111111111111 0.615625 0.22361111111111112 0.61171875 0.24166666666666667 0.59921875 0.24305555555555555 0.596875 0.2361111111111111 0.596875 0.20972222222222223 0.5953125 0.20555555555555555
1 0.375 0.24305555555555555 0.378125 0.2611111111111111 0.37265625 0.275 0.3671875 0.28055555555555556 0.3546875 0.2791666666666667 0.35390625 0.25555555555555554 0.359375 0.24444444444444444 0.37421875 0.24305555555555555
1 0.446875 0.2263888888888889 0.45 0.23333333333333334 0.4484375 0.24444444444444444 0.4328125 0.24861111111111112 0.42890625 0.24722222222222223 0.42890625 0.2375 0.43203125 0.22777777777777777 0.44609375 0.2263888888888889
1 0.3109375 0.32222222222222224 0.3171875 0.33194444444444443 0.31796875 0.3486111111111111 0.31640625 0.35694444444444445 0.30703125 0.3680555555555556 0.29140625 0.3736111111111111 0.271875 0.3736111111111111 0.2703125 0.36944444444444446 0.271875 0.3416666666666667 0.2765625 0.33055555555555555 0.2859375 0.32222222222222224 0.2921875 0.3194444444444444 0.31015625 0.32222222222222224
1 0.0484375 0.35833333333333334 0.0515625 0.35555555555555557 0.0875 0.35138888888888886 0.090625 0.3541666666666667 0.096875 0.3736111111111111 0.09765625 0.3819444444444444 0.0953125 0.4125 0.09296875 0.41805555555555557 0.084375 0.41944444444444445 0.07890625 0.42916666666666664 0.0625 0.42777777777777776 0.03828125 0.43333333333333335 0.0359375 0.4305555555555556 0.03515625 0.4222222222222222 0.0359375 0.39166666666666666 0.03984375 0.375 0.0484375 0.3597222222222222
1 0.63515625 0.2388888888888889 0.64140625 0.25 0.64140625 0.2652777777777778 0.6390625 0.2722222222222222 0.63125 0.2791666666666667 0.6265625 0.2791666666666667 0.6171875 0.2625 0.615625 0.25416666666666665 0.62265625 0.2388888888888889 0.634375 0.2388888888888889
1 0.54921875 0.9680555555555556 0.5921875 0.9736111111111111 0.6078125 0.9875 0.6109375 0.9986111111111111 0.55859375 0.9986111111111111 0.55703125 0.9958333333333333 0.46875 0.9986111111111111 0.47109375 0.9944444444444445 0.47890625 0.9916666666666667 0.48671875 0.9791666666666666 0.49765625 0.9694444444444444 0.5484375 0.9680555555555556
1 0.68984375 0.35138888888888886 0.70078125 0.3597222222222222 0.703125 0.36527777777777776 0.703125 0.3902777777777778 0.6859375 0.39444444444444443 0.6796875 0.4111111111111111 0.671875 0.41805555555555557 0.66796875 0.41805555555555557 0.6609375 0.4083333333333333 0.6609375 0.37083333333333335 0.671875 0.3527777777777778 0.6890625 0.35138888888888886
1 0.57578125 0.3597222222222222 0.5875 0.3611111111111111 0.5953125 0.37916666666666665 0.59765625 0.4 0.59765625 0.4166666666666667 0.5953125 0.4263888888888889 0.584375 0.3958333333333333 0.55546875 0.39305555555555555 0.55703125 0.37916666666666665 0.5625 0.36527777777777776 0.575 0.3597222222222222
1 0.64375 0.4486111111111111 0.6546875 0.45555555555555555 0.65859375 0.4652777777777778 0.66171875 0.49583333333333335 0.646875 0.5 0.6359375 0.5222222222222223 0.63203125 0.5361111111111111 0.61640625 0.5444444444444444 0.6125 0.5430555555555555 0.60703125 0.5152777777777777 0.60625 0.5 0.61015625 0.475 0.60546875 0.46944444444444444 0.60546875 0.4652777777777778 0.61015625 0.4625 0.6203125 0.4486111111111111 0.64296875 0.4486111111111111
1 0.55078125 0.30972222222222223 0.5546875 0.31805555555555554 0.55625 0.3416666666666667 0.54921875 0.3458333333333333 0.54140625 0.3680555555555556 0.5375 0.3736111111111111 0.51171875 0.37083333333333335 0.5109375 0.3416666666666667 0.51484375 0.31527777777777777 0.51953125 0.30972222222222223 0.5265625 0.30833333333333335 0.55 0.30972222222222223
1 0.57265625 0.5722222222222222 0.5796875 0.5736111111111111 0.5859375 0.5819444444444445 0.58984375 0.6041666666666666 0.59375 0.6111111111111112 0.59765625 0.6291666666666667 0.59609375 0.6388888888888888 0.59609375 0.7 0.5953125 0.7055555555555556 0.59140625 0.7097222222222223 0.58515625 0.7069444444444445 0.578125 0.6958333333333333 0.56796875 0.6916666666666667 0.540625 0.6916666666666667 0.5265625 0.7069444444444445 0.521875 0.7055555555555556 0.5203125 0.7013888888888888 0.51953125 0.6416666666666667 0.52109375 0.6027777777777777 0.5171875 0.5958333333333333 0.5171875 0.5888888888888889 0.525 0.5861111111111111 0.53046875 0.5736111111111111 0.53359375 0.5722222222222222 0.571875 0.5722222222222222
1 0.24375 0.20833333333333334 0.25078125 0.20972222222222223 0.25546875 0.21666666666666667 0.25625 0.23333333333333334 0.24609375 0.24166666666666667 0.23984375 0.24166666666666667 0.23203125 0.23333333333333334 0.23125 0.2111111111111111 0.2328125 0.20833333333333334 0.24296875 0.20833333333333334
1 0.5875 0.4 0.590625 0.41805555555555557 0.5953125 0.4263888888888889 0.59375 0.4513888888888889 0.5921875 0.45416666666666666 0.58828125 0.4527777777777778 0.5828125 0.4388888888888889 0.5765625 0.43472222222222223 0.54609375 0.43472222222222223 0.5484375 0.4166666666666667 0.54375 0.4111111111111111 0.55 0.4083333333333333 0.55625 0.3958333333333333 0.58515625 0.3958333333333333 0.58671875 0.4
1 0.5828125 0.7222222222222222 0.61796875 0.7291666666666666 0.62578125 0.7513888888888889 0.63515625 0.7541666666666667 0.6390625 0.7611111111111111 0.63828125 0.7652777777777777 0.63125 0.7694444444444445 0.62890625 0.775 0.634375 0.7972222222222223 0.634375 0.8291666666666667 0.6375 0.875 0.63359375 0.9375 0.6296875 0.9430555555555555 0.62421875 0.9416666666666667 0.61171875 0.9208333333333333 0.60234375 0.9166666666666666 0.55 0.9166666666666666 0.5453125 0.9236111111111112 0.54296875 0.9319444444444445 0.5359375 0.9347222222222222 0.52890625 0.9291666666666667 0.5265625 0.8930555555555556 0.52734375 0.85 0.5328125 0.8277777777777777 0.53046875 0.8069444444444445 0.53046875 0.7805555555555556 0.53359375 0.7652777777777777 0.52265625 0.7597222222222222 0.5203125 0.7541666666666667 0.52109375 0.75 0.525 0.7458333333333333 0.5375 0.7430555555555556 0.54921875 0.7222222222222222 0.58203125 0.7222222222222222
1 0.5109375 0.25833333333333336 0.51484375 0.24583333333333332 0.5203125 0.24305555555555555 0.5296875 0.24444444444444444 0.534375 0.25555555555555554 0.534375 0.275 0.53125 0.2791666666666667 0.52578125 0.2777777777777778 0.51953125 0.26944444444444443 0.5140625 0.2708333333333333 0.51171875 0.25972222222222224
1 0.6515625 0.2902777777777778 0.65390625 0.2916666666666667 0.6546875 0.30972222222222223 0.65234375 0.32916666666666666 0.64921875 0.3347222222222222 0.63984375 0.3333333333333333 0.63515625 0.3013888888888889 0.6375 0.2902777777777778 0.65078125 0.2902777777777778
1 0.68125 0.24583333333333332 0.6828125 0.25 0.6828125 0.2625 0.67890625 0.26944444444444443 0.671875 0.2652777777777778 0.67109375 0.25277777777777777 0.6765625 0.24583333333333332 0.68046875 0.24583333333333332
1 0.4234375 0.3486111111111111 0.42890625 0.3625 0.4328125 0.38472222222222224 0.43203125 0.40555555555555556 0.42578125 0.41944444444444445 0.42265625 0.41944444444444445 0.415625 0.4111111111111111 0.4015625 0.4111111111111111 0.396875 0.4166666666666667 0.39375 0.4152777777777778 0.38671875 0.40555555555555556 0.3859375 0.4 0.38671875 0.37777777777777777 0.390625 0.35833333333333334 0.40546875 0.3486111111111111 0.42265625 0.3486111111111111
1 0.425 0.22777777777777777 0.42734375 0.2375 0.4265625 0.24444444444444444 0.421875 0.25 0.4171875 0.25 0.4140625 0.24583333333333332 0.41328125 0.23333333333333334 0.41796875 0.2263888888888889 0.42421875 0.22777777777777777
1 0.675 0.49722222222222223 0.6890625 0.5013888888888889 0.6953125 0.5138888888888888 0.70078125 0.5194444444444445 0.7 0.5319444444444444 0.70390625 0.5472222222222223 0.70390625 0.5722222222222222 0.6921875 0.5708333333333333 0.68671875 0.5625 0.65 0.5611111111111111 0.64609375 0.5638888888888889 0.63671875 0.5819444444444445 0.6328125 0.5777777777777777 0.6328125 0.5569444444444445 0.63515625 0.5277777777777778 0.63984375 0.5125 0.65078125 0.4986111111111111 0.67421875 0.49722222222222223
1 0.490625 0.23055555555555557 0.50234375 0.22777777777777777 0.5078125 0.2361111111111111 0.5078125 0.24444444444444444 0.50546875 0.2513888888888889 0.49375 0.2513888888888889 0.48984375 0.25416666666666665 0.4875 0.24166666666666667 0.490625 0.23194444444444445