4 0.42864583333333334 0.4324074074074074 0.43203125 0.4393518518518518 0.4356770833333333 0.43842592592592594 0.43854166666666666 0.45092592592592595 0.43828125 0.4564814814814815 0.4356770833333333 0.45925925925925926 0.4276041666666667 0.45694444444444443 0.42682291666666666 0.44583333333333336 0.42864583333333334 0.43287037037037035
4 0.41822916666666665 0.8421296296296297 0.42161458333333335 0.8412037037037037 0.425 0.8513888888888889 0.42473958333333334 0.8652777777777778 0.42161458333333335 0.8819444444444444 0.41848958333333336 0.8824074074074074 0.41458333333333336 0.8606481481481482 0.415625 0.8486111111111111 0.41822916666666665 0.8425925925925926
4 0.030729166666666665 0.8004629629629629 0.03411458333333333 0.8027777777777778 0.0375 0.8236111111111111 0.03515625 0.8560185185185185 0.03307291666666667 0.8629629629629629 0.019010416666666665 0.8800925925925925 0.0018229166666666667 0.9115740740740741 0 0.9115740740740741 0 0.8055555555555556 0.03046875 0.8004629629629629
4 0.34609375 0.6425925925925926 0.35 0.6472222222222223 0.35104166666666664 0.6537037037037037 0.35 0.6583333333333333 0.34661458333333334 0.6601851851851852 0.34270833333333334 0.6578703703703703 0.34088541666666666 0.6481481481481481 0.34140625 0.6430555555555556 0.3458333333333333 0.6425925925925926
4 0.3359375 0.7296296296296296 0.3419270833333333 0.7310185185185185 0.3453125 0.7351851851851852 0.3453125 0.7657407407407407 0.33828125 0.7865740740740741 0.3229166666666667 0.787962962962963 0.31744791666666666 0.787962962962963 0.31536458333333334 0.7828703703703703 0.31927083333333334 0.7546296296296297 0.32864583333333336 0.7337962962962963 0.33567708333333335 0.7296296296296296
4 0.4088541666666667 0.5416666666666666 0.41015625 0.5509259259259259 0.4078125 0.5592592592592592 0.40520833333333334 0.5569444444444445 0.4044270833333333 0.5462962962962963 0.40859375 0.5416666666666666
4 0.1234375 0.8527777777777777 0.12552083333333333 0.8583333333333333 0.12552083333333333 0.8958333333333334 0.1234375 0.9101851851851852 0.11302083333333333 0.9226851851851852 0.10546875 0.9268518518518518 0.0984375 0.9375 0.09375 0.9398148148148148 0.08229166666666667 0.9361111111111111 0.07421875 0.9375 0.06588541666666667 0.9314814814814815 0.0640625 0.8944444444444445 0.06588541666666667 0.8800925925925925 0.08671875 0.8587962962962963 0.11223958333333334 0.8574074074074074 0.12317708333333334 0.8527777777777777
4 0.44114583333333335 0.5671296296296297 0.4440104166666667 0.5717592592592593 0.44453125 0.5814814814814815 0.4427083333333333 0.5888888888888889 0.4401041666666667 0.5898148148148148 0.4315104166666667 0.5888888888888889 0.43020833333333336 0.5763888888888888 0.4328125 0.5675925925925925 0.44088541666666664 0.5671296296296297
3 0.15833333333333333 0.8925925925925926 0.16875 0.8930555555555556 0.16979166666666667 0.8972222222222223 0.16848958333333333 0.9004629629629629 0.1125 0.9902777777777778 0.10598958333333333 0.9962962962962963 0.09817708333333333 0.9949074074074075 0.09375 0.9912037037037037 0.09244791666666667 0.9856481481481482 0.09505208333333333 0.9597222222222223 0.10104166666666667 0.9361111111111111 0.10911458333333333 0.9263888888888889 0.12682291666666667 0.9254629629629629 0.12838541666666667 0.9180555555555555 0.14869791666666668 0.8976851851851851 0.14895833333333333 0.8939814814814815 0.15807291666666667 0.8925925925925926
3 0.03619791666666667 0.925 0.04010416666666667 0.9324074074074075 0.0484375 0.9388888888888889 0.05026041666666667 0.9662037037037037 0.06458333333333334 0.9671296296296297 0.07005208333333333 0.9703703703703703 0.06875 0.9912037037037037 0.0640625 0.999537037037037 0 0.9962962962962963 0 0.9296296296296296 0.0359375 0.925
1 0.45651041666666664 0.5967592592592592 0.45859375 0.5990740740740741 0.45807291666666666 0.6175925925925926 0.45651041666666664 0.6226851851851852 0.45364583333333336 0.6231481481481481 0.44479166666666664 0.6212962962962963 0.44427083333333334 0.6041666666666666 0.4473958333333333 0.5967592592592592 0.45625 0.5967592592592592
1 0.4473958333333333 0.5231481481481481 0.44947916666666665 0.5273148148148148 0.44947916666666665 0.5407407407407407 0.4434895833333333 0.5425925925925926 0.4388020833333333 0.5412037037037037 0.43828125 0.5296296296296297 0.44140625 0.5231481481481481 0.4471354166666667 0.5231481481481481
1 0.4401041666666667 0.6796296296296296 0.44609375 0.6888888888888889 0.44609375 0.7023148148148148 0.44296875 0.7148148148148148 0.42890625 0.7148148148148148 0.4276041666666667 0.7111111111111111 0.42864583333333334 0.6856481481481481 0.43255208333333334 0.6805555555555556 0.43984375 0.6796296296296296
1 0.46328125 0.5152777777777777 0.4671875 0.5185185185185185 0.4674479166666667 0.5310185185185186 0.4583333333333333 0.5310185185185186 0.4583333333333333 0.5180555555555556 0.4630208333333333 0.5157407407407407
2 0.4083333333333333 0.5416666666666666 0.40989583333333335 0.5532407407407407 0.4078125 0.5592592592592592 0.40520833333333334 0.5569444444444445 0.4044270833333333 0.5467592592592593 0.4080729166666667 0.5416666666666666
2 0.31796875 0.7037037037037037 0.32109375 0.7064814814814815 0.32057291666666665 0.7185185185185186 0.3145833333333333 0.7314814814814815 0.31223958333333335 0.7277777777777777 0.31276041666666665 0.7143518518518519 0.3138020833333333 0.7064814814814815 0.3177083333333333 0.7037037037037037