0 0.475 0.5111111111111111 0.4796875 0.5152777777777777 0.47994791666666664 0.5449074074074074 0.478125 0.5481481481481482 0.46901041666666665 0.5481481481481482 0.4669270833333333 0.5449074074074074 0.46822916666666664 0.5152777777777777 0.4747395833333333 0.5111111111111111
4 0.42578125 0.5819444444444445 0.4283854166666667 0.5847222222222223 0.42864583333333334 0.5990740740740741 0.42552083333333335 0.6092592592592593 0.4166666666666667 0.6092592592592593 0.41432291666666665 0.6060185185185185 0.41796875 0.5847222222222223 0.42552083333333335 0.5819444444444445
4 0.46770833333333334 0.36203703703703705 0.46927083333333336 0.3699074074074074 0.4674479166666667 0.3726851851851852 0.46145833333333336 0.3699074074074074 0.4627604166666667 0.3625 0.4674479166666667 0.36203703703703705
4 0.46432291666666664 0.49027777777777776 0.4671875 0.4925925925925926 0.46796875 0.4976851851851852 0.46770833333333334 0.5087962962962963 0.46432291666666664 0.5106481481481482 0.4583333333333333 0.5097222222222222 0.45677083333333335 0.5050925925925925 0.4583333333333333 0.4925925925925926 0.4640625 0.49027777777777776
4 0.415625 0.5611111111111111 0.41770833333333335 0.5643518518518519 0.41692708333333334 0.5819444444444445 0.41484375 0.5916666666666667 0.41041666666666665 0.5949074074074074 0.4041666666666667 0.5949074074074074 0.40182291666666664 0.5916666666666667 0.40234375 0.5745370370370371 0.4046875 0.5634259259259259 0.4153645833333333 0.5611111111111111
4 0.16145833333333334 0.8245370370370371 0.16796875 0.8282407407407407 0.16927083333333334 0.8328703703703704 0.16875 0.8796296296296297 0.15026041666666667 0.9041666666666667 0.14427083333333332 0.9087962962962963 0.14192708333333334 0.9041666666666667 0.14036458333333332 0.8865740740740741 0.13880208333333333 0.8976851851851851 0.134375 0.9055555555555556 0.12109375 0.9046296296296297 0.11692708333333333 0.9013888888888889 0.115625 0.8587962962962963 0.13333333333333333 0.8337962962962963 0.14791666666666667 0.8324074074074074 0.15286458333333333 0.825 0.16119791666666666 0.8245370370370371
4 0.015625 0.9324074074074075 0.025 0.9425925925925925 0.029427083333333333 0.9606481481481481 0.036458333333333336 0.9601851851851851 0.04583333333333333 0.9652777777777778 0.046875 0.9925925925925926 0.04296875 0.999537037037037 0 0.999537037037037 0 0.9365740740740741 0.015364583333333333 0.9324074074074075
4 0.04088541666666667 0.7805555555555556 0.04635416666666667 0.7861111111111111 0.046875 0.7962962962962963 0.00390625 0.8486111111111111 0.0015625 0.8541666666666666 0 0.8541666666666666 0 0.8004629629629629 0.022135416666666668 0.7819444444444444 0.040625 0.7805555555555556
4 0.46015625 0.5203703703703704 0.46328125 0.5282407407407408 0.46041666666666664 0.5398148148148149 0.45260416666666664 0.5393518518518519 0.4510416666666667 0.5365740740740741 0.45260416666666664 0.5226851851851851 0.45989583333333334 0.5203703703703704
4 0.35572916666666665 0.7166666666666667 0.359375 0.7236111111111111 0.35911458333333335 0.7337962962962963 0.3572916666666667 0.7375 0.35598958333333336 0.7398148148148148 0.35260416666666666 0.7375 0.35260416666666666 0.7199074074074074 0.35546875 0.7171296296296297
4 0.06067708333333333 0.8962962962962963 0.07213541666666666 0.9 0.0953125 0.8976851851851851 0.09817708333333333 0.9037037037037037 0.10416666666666667 0.9078703703703703 0.10546875 0.9259259259259259 0.10833333333333334 0.9333333333333333 0.1125 0.9356481481481481 0.1203125 0.9333333333333333 0.12291666666666666 0.9361111111111111 0.12473958333333333 0.9458333333333333 0.1203125 0.961574074074074 0.11015625 0.975 0.103125 0.9782407407407407 0.09869791666666666 0.9944444444444445 0.09322916666666667 0.999537037037037 0.07317708333333334 0.999537037037037 0.07213541666666666 0.9972222222222222 0.05 0.999537037037037 0.04791666666666667 0.9930555555555556 0.047135416666666666 0.9712962962962963 0.048177083333333336 0.9282407407407407 0.05703125 0.9009259259259259 0.06041666666666667 0.8967592592592593
4 0.51328125 0.5009259259259259 0.515625 0.5018518518518519 0.5177083333333333 0.5083333333333333 0.5177083333333333 0.5157407407407407 0.515625 0.5189814814814815 0.4947916666666667 0.5162037037037037 0.4921875 0.5120370370370371 0.49192708333333335 0.5083333333333333 0.49453125 0.5037037037037037 0.5130208333333334 0.5009259259259259
4 0.07213541666666666 0.7800925925925926 0.08385416666666666 0.7837962962962963 0.08619791666666667 0.7953703703703704 0.0859375 0.8101851851851852 0.08020833333333334 0.8388888888888889 0.06640625 0.8625 0.06171875 0.875462962962963 0.05416666666666667 0.8870370370370371 0.03958333333333333 0.9013888888888889 0.030729166666666665 0.9050925925925926 0.006510416666666667 0.9064814814814814 0 0.9041666666666667 0 0.8546296296296296 0.01015625 0.8393518518518519 0.040625 0.8060185185185185 0.05182291666666667 0.7865740740740741 0.0609375 0.7810185185185186 0.071875 0.7800925925925926
4 0.38359375 0.8546296296296296 0.39036458333333335 0.8555555555555555 0.39114583333333336 0.8606481481481482 0.38958333333333334 0.8787037037037037 0.38671875 0.8814814814814815 0.38385416666666666 0.8731481481481481 0.38359375 0.8550925925925926
4 0.43854166666666666 0.40555555555555556 0.43984375 0.412962962962963 0.43697916666666664 0.41574074074074074 0.43359375 0.41435185185185186 0.43255208333333334 0.4097222222222222 0.4354166666666667 0.4046296296296296 0.43828125 0.40555555555555556
4 0.44505208333333335 0.5027777777777778 0.446875 0.5050925925925925 0.4471354166666667 0.5259259259259259 0.4361979166666667 0.5282407407407408 0.4348958333333333 0.5231481481481481 0.4359375 0.5046296296296297 0.44479166666666664 0.5027777777777778
4 0.43671875 0.3902777777777778 0.43854166666666666 0.39675925925925926 0.43671875 0.40185185185185185 0.43255208333333334 0.4013888888888889 0.4309895833333333 0.3972222222222222 0.4322916666666667 0.3907407407407407 0.43645833333333334 0.3902777777777778
4 0.453125 0.38796296296296295 0.45625 0.3939814814814815 0.45390625 0.40046296296296297 0.44947916666666665 0.3976851851851852 0.45 0.3902777777777778 0.45286458333333335 0.38796296296296295
4 0.20885416666666667 0.8657407407407407 0.21119791666666668 0.8689814814814815 0.21041666666666667 0.8740740740740741 0.19270833333333334 0.9087962962962963 0.18515625 0.9189814814814815 0.16458333333333333 0.9578703703703704 0.15859375 0.9638888888888889 0.153125 0.961574074074074 0.14453125 0.9453703703703704 0.14401041666666667 0.9115740740740741 0.14739583333333334 0.9125 0.15338541666666666 0.9004629629629629 0.1578125 0.8962962962962963 0.17473958333333334 0.8898148148148148 0.19557291666666668 0.8666666666666667 0.20859375 0.8657407407407407
4 0.3268229166666667 0.9171296296296296 0.33098958333333334 0.9222222222222223 0.33359375 0.9337962962962963 0.33177083333333335 0.9643518518518519 0.3223958333333333 0.9949074074074075 0.31744791666666666 0.999537037037037 0.28958333333333336 0.999537037037037 0.28932291666666665 0.9907407407407407 0.29296875 0.975925925925926 0.29375 0.9634259259259259 0.3098958333333333 0.9212962962962963 0.3177083333333333 0.9157407407407407 0.3265625 0.9171296296296296
3 0.06067708333333333 0.8962962962962963 0.07447916666666667 0.9 0.09505208333333333 0.8967592592592593 0.09817708333333333 0.9032407407407408 0.10442708333333334 0.9078703703703703 0.10572916666666667 0.9208333333333333 0.10911458333333333 0.924074074074074 0.13020833333333334 0.9199074074074074 0.13385416666666666 0.9148148148148149 0.13567708333333334 0.9212962962962963 0.13385416666666666 0.9388888888888889 0.11953125 0.9634259259259259 0.10494791666666667 0.9787037037037037 0.09973958333333334 0.9930555555555556 0.09505208333333333 0.999537037037037 0.04895833333333333 0.999537037037037 0.04739583333333333 0.9949074074074075 0.04791666666666667 0.9287037037037037 0.053385416666666664 0.9157407407407407 0.05677083333333333 0.9004629629629629 0.06041666666666667 0.8967592592592593
3 0.46796875 0.44074074074074077 0.471875 0.44537037037037036 0.47317708333333336 0.475462962962963 0.4708333333333333 0.48055555555555557 0.46197916666666666 0.48009259259259257 0.4596354166666667 0.4759259259259259 0.459375 0.44537037037037036 0.4625 0.4412037037037037 0.46770833333333334 0.44074074074074077
1 0.47760416666666666 0.4898148148148148 0.48203125 0.4935185185185185 0.4828125 0.5055555555555555 0.47734375 0.5097222222222222 0.4734375 0.5069444444444444 0.4739583333333333 0.4949074074074074 0.47734375 0.4898148148148148
1 0.440625 0.7194444444444444 0.44973958333333336 0.7245370370370371 0.44947916666666665 0.7458333333333333 0.44635416666666666 0.7601851851851852 0.4270833333333333 0.7574074074074074 0.4270833333333333 0.7444444444444445 0.43046875 0.7240740740740741 0.43359375 0.7203703703703703 0.44036458333333334 0.7194444444444444
1 0.4359375 0.38981481481481484 0.43828125 0.39444444444444443 0.43697916666666664 0.4013888888888889 0.43125 0.39861111111111114 0.43203125 0.39166666666666666 0.4356770833333333 0.38981481481481484
1 0.4356770833333333 0.4046296296296296 0.4395833333333333 0.4074074074074074 0.4395833333333333 0.4134259259259259 0.43515625 0.4152777777777778 0.4328125 0.4125 0.4328125 0.4078703703703704 0.4354166666666667 0.4050925925925926
1 0.5125 0.5009259259259259 0.5169270833333334 0.5046296296296297 0.5174479166666667 0.5157407407407407 0.5158854166666667 0.5180555555555556 0.503125 0.5152777777777777 0.5046875 0.5083333333333333 0.5020833333333333 0.5050925925925925 0.5002604166666667 0.5078703703703704 0.50078125 0.5152777777777777 0.4947916666666667 0.5162037037037037 0.4921875 0.5125 0.49192708333333335 0.5083333333333333 0.49453125 0.5037037037037037 0.5018229166666667 0.5050925925925925 0.5122395833333333 0.5009259259259259
1 0.4401041666666667 0.4148148148148148 0.44479166666666664 0.4152777777777778 0.446875 0.42453703703703705 0.44557291666666665 0.42777777777777776 0.4393229166666667 0.42685185185185187 0.4401041666666667 0.4152777777777778
1 0.43854166666666666 0.375 0.44244791666666666 0.37407407407407406 0.44427083333333334 0.37962962962962965 0.4427083333333333 0.38425925925925924 0.43854166666666666 0.38425925925925924 0.43854166666666666 0.37546296296296294
1 0.4549479166666667 0.38981481481481484 0.45598958333333334 0.3976851851851852 0.45364583333333336 0.40046296296296297 0.44973958333333336 0.39861111111111114 0.44973958333333336 0.3925925925925926 0.45208333333333334 0.38842592592592595 0.4546875 0.38981481481481484
2 0.36354166666666665 0.8046296296296296 0.3640625 0.8180555555555555 0.35911458333333335 0.8305555555555556 0.35703125 0.8282407407407407 0.35598958333333336 0.8083333333333333 0.35911458333333335 0.8041666666666667 0.36328125 0.8046296296296296
2 0.3572916666666667 0.7189814814814814 0.35911458333333335 0.7217592592592592 0.35911458333333335 0.7324074074074074 0.35572916666666665 0.7398148148148148 0.3528645833333333 0.737037037037037 0.3528645833333333 0.7226851851851852 0.35390625 0.7194444444444444 0.35703125 0.7189814814814814
2 0.34140625 0.6851851851851852 0.34270833333333334 0.6893518518518519 0.3419270833333333 0.7032407407407407 0.3385416666666667 0.7101851851851851 0.33515625 0.711574074074074 0.33567708333333335 0.6898148148148148 0.3380208333333333 0.6847222222222222 0.3411458333333333 0.6851851851851852
2 0.4552083333333333 0.65 0.45677083333333335 0.6537037037037037 0.45625 0.6643518518518519 0.453125 0.6662037037037037 0.4515625 0.6523148148148148 0.4549479166666667 0.65
2 0.3888020833333333 0.8560185185185185 0.39088541666666665 0.8583333333333333 0.39114583333333336 0.8662037037037037 0.38958333333333334 0.8782407407407408 0.3875 0.8814814814814815 0.384375 0.8763888888888889 0.38385416666666666 0.862037037037037 0.3846354166666667 0.8564814814814815 0.3885416666666667 0.8560185185185185