4 0.4505208333333333 0.48842592592592593 0.45260416666666664 0.4986111111111111 0.45026041666666666 0.500462962962963 0.44609375 0.5 0.44505208333333335 0.4949074074074074 0.44609375 0.48842592592592593 0.45026041666666666 0.48842592592592593
4 0.10416666666666667 0.7615740740740741 0.10859375 0.7652777777777777 0.07447916666666667 0.7930555555555555 0.06822916666666666 0.7898148148148149 0.06953125 0.7759259259259259 0.07265625 0.7717592592592593 0.08880208333333334 0.7611111111111111 0.10390625 0.7615740740740741
4 0.42916666666666664 0.6236111111111111 0.4356770833333333 0.6273148148148148 0.4354166666666667 0.6513888888888889 0.4328125 0.6648148148148149 0.42630208333333336 0.6689814814814815 0.41770833333333335 0.6685185185185185 0.4140625 0.6648148148148149 0.41484375 0.6365740740740741 0.41822916666666665 0.625462962962963 0.42890625 0.6236111111111111
4 0.42213541666666665 0.5175925925925926 0.42630208333333336 0.5222222222222223 0.42890625 0.5319444444444444 0.42682291666666666 0.5574074074074075 0.42473958333333334 0.5615740740740741 0.41328125 0.562962962962963 0.41119791666666666 0.562962962962963 0.40989583333333335 0.5574074074074075 0.40859375 0.5361111111111111 0.41171875 0.5263888888888889 0.41822916666666665 0.5180555555555556 0.421875 0.5175925925925926
4 0.08828125 0.7134259259259259 0.09895833333333333 0.7129629629629629 0.103125 0.7166666666666667 0.10234375 0.7606481481481482 0.08489583333333334 0.7620370370370371 0.06770833333333333 0.7773148148148148 0.05755208333333333 0.7601851851851852 0.05260416666666667 0.7587962962962963 0.052083333333333336 0.7226851851851852 0.057291666666666664 0.7166666666666667 0.06770833333333333 0.7129629629629629 0.08802083333333334 0.7134259259259259
4 0.44088541666666664 0.5444444444444444 0.44609375 0.549074074074074 0.44609375 0.5648148148148148 0.43515625 0.5638888888888889 0.4328125 0.5601851851851852 0.43411458333333336 0.5476851851851852 0.440625 0.5444444444444444
4 0.43359375 0.512962962962963 0.4354166666666667 0.5143518518518518 0.43697916666666664 0.525 0.43359375 0.5300925925925926 0.4296875 0.5263888888888889 0.42864583333333334 0.5157407407407407 0.43333333333333335 0.512962962962963
4 0.15104166666666666 0.9092592592592592 0.15520833333333334 0.9208333333333333 0.15572916666666667 0.9319444444444445 0.16145833333333334 0.9462962962962963 0.16015625 0.9527777777777777 0.15364583333333334 0.9583333333333334 0.14791666666666667 0.9726851851851852 0.14375 0.9708333333333333 0.14427083333333332 0.9194444444444444 0.15078125 0.9097222222222222
4 0.46380208333333334 0.5527777777777778 0.46510416666666665 0.5652777777777778 0.4635416666666667 0.5699074074074074 0.46041666666666664 0.5712962962962963 0.4578125 0.5675925925925925 0.4588541666666667 0.5578703703703703 0.45989583333333334 0.5537037037037037 0.4635416666666667 0.5527777777777778
1 0.43411458333333336 0.5791666666666667 0.43828125 0.5814814814814815 0.4393229166666667 0.5851851851851851 0.4390625 0.5990740740740741 0.4359375 0.6013888888888889 0.42526041666666664 0.600462962962963 0.42526041666666664 0.5875 0.4270833333333333 0.5819444444444445 0.43385416666666665 0.5791666666666667
1 0.421875 0.49027777777777776 0.4239583333333333 0.49722222222222223 0.421875 0.5013888888888889 0.415625 0.4986111111111111 0.41640625 0.4912037037037037 0.42161458333333335 0.49027777777777776
1 0.36692708333333335 0.6013888888888889 0.3828125 0.6092592592592593 0.38385416666666666 0.6129629629629629 0.38203125 0.6203703703703703 0.35260416666666666 0.624537037037037 0.3453125 0.6185185185185185 0.34661458333333334 0.6092592592592593 0.3572916666666667 0.6013888888888889 0.36666666666666664 0.6013888888888889
1 0.45026041666666666 0.48842592592592593 0.45260416666666664 0.49675925925925923 0.45026041666666666 0.500462962962963 0.4453125 0.4981481481481482 0.44609375 0.48935185185185187 0.45 0.48842592592592593
2 0.453125 0.5337962962962963 0.45677083333333335 0.5365740740740741 0.45651041666666664 0.5481481481481482 0.453125 0.5472222222222223 0.453125 0.5342592592592592
2 0.46380208333333334 0.5532407407407407 0.46484375 0.5662037037037037 0.46067708333333335 0.5708333333333333 0.45807291666666666 0.5685185185185185 0.45807291666666666 0.562962962962963 0.45989583333333334 0.5546296296296296 0.4635416666666667 0.5532407407407407
2 0.15104166666666666 0.9097222222222222 0.15572916666666667 0.9212962962962963 0.15651041666666668 0.9333333333333333 0.16119791666666666 0.9402777777777778 0.16223958333333333 0.9217592592592593 0.16484375 0.9185185185185185 0.16458333333333333 0.9449074074074074 0.15807291666666667 0.9560185185185185 0.15390625 0.9583333333333334 0.14921875 0.9712962962962963 0.14401041666666667 0.9717592592592592 0.14322916666666666 0.9384259259259259 0.14505208333333333 0.9203703703703704 0.15078125 0.9101851851851852