4 0.47708333333333336 0.7615740740740741 0.47942708333333334 0.7648148148148148 0.47942708333333334 0.7689814814814815 0.47421875 0.7731481481481481 0.4708333333333333 0.7703703703703704 0.4705729166666667 0.7652777777777777 0.47682291666666665 0.7615740740740741
4 0.46848958333333335 0.7837962962962963 0.47213541666666664 0.7912037037037037 0.4705729166666667 0.799074074074074 0.4635416666666667 0.7962962962962963 0.4635416666666667 0.7893518518518519 0.46640625 0.7833333333333333 0.46822916666666664 0.7837962962962963
4 0.45989583333333334 0.8351851851851851 0.46328125 0.8416666666666667 0.4625 0.8481481481481481 0.4583333333333333 0.85 0.4557291666666667 0.8476851851851852 0.45625 0.8393518518518519 0.4596354166666667 0.8356481481481481
4 0.4296875 0.8847222222222222 0.43203125 0.8875 0.43333333333333335 0.8958333333333334 0.43203125 0.9092592592592592 0.42916666666666664 0.912962962962963 0.42109375 0.9120370370370371 0.4197916666666667 0.9004629629629629 0.4231770833333333 0.8870370370370371 0.42942708333333335 0.8847222222222222
4 0.48515625 0.8064814814814815 0.4861979166666667 0.8180555555555555 0.48333333333333334 0.8222222222222222 0.47734375 0.8222222222222222 0.47630208333333335 0.8134259259259259 0.4786458333333333 0.8069444444444445 0.48489583333333336 0.8064814814814815
1 0.4544270833333333 0.8222222222222222 0.45677083333333335 0.8240740740740741 0.45755208333333336 0.8314814814814815 0.45729166666666665 0.8351851851851851 0.45390625 0.8388888888888889 0.44895833333333335 0.8384259259259259 0.44765625 0.8305555555555556 0.44947916666666665 0.8245370370370371 0.45416666666666666 0.8222222222222222
1 0.4395833333333333 0.7347222222222223 0.44244791666666666 0.7384259259259259 0.4421875 0.7425925925925926 0.4395833333333333 0.7444444444444445 0.4359375 0.7412037037037037 0.4361979166666667 0.7375 0.4393229166666667 0.7347222222222223
1 0.4479166666666667 0.8050925925925926 0.4510416666666667 0.8111111111111111 0.45078125 0.8180555555555555 0.4484375 0.8203703703703704 0.44244791666666666 0.8203703703703704 0.44088541666666664 0.8175925925925925 0.44166666666666665 0.8069444444444445 0.44765625 0.8050925925925926
1 0.4505208333333333 0.7412037037037037 0.453125 0.7481481481481481 0.44973958333333336 0.7537037037037037 0.44609375 0.7509259259259259 0.44505208333333335 0.7449074074074075 0.45026041666666666 0.7412037037037037
1 0.45651041666666664 0.7953703703703704 0.46197916666666666 0.8 0.46197916666666666 0.8101851851851852 0.45651041666666664 0.812962962962963 0.45338541666666665 0.8106481481481481 0.45286458333333335 0.8027777777777778 0.45625 0.7958333333333333
1 0.49140625 0.8347222222222223 0.4979166666666667 0.8384259259259259 0.4984375 0.8490740740740741 0.48098958333333336 0.8532407407407407 0.47604166666666664 0.8518518518518519 0.47578125 0.8421296296296297 0.49114583333333334 0.8347222222222223