4 0.421875 0.6583333333333333 0.4236979166666667 0.6615740740740741 0.42473958333333334 0.6736111111111112 0.42161458333333335 0.6773148148148148 0.41796875 0.6722222222222223 0.41848958333333336 0.6625 0.42161458333333335 0.6583333333333333
4 0.44036458333333334 0.638425925925926 0.44192708333333336 0.6472222222222223 0.4390625 0.6532407407407408 0.43333333333333335 0.6509259259259259 0.43255208333333334 0.6458333333333334 0.43463541666666666 0.638425925925926 0.4401041666666667 0.638425925925926
4 0.2760416666666667 0.7273148148148149 0.28020833333333334 0.7300925925925926 0.28229166666666666 0.7476851851851852 0.26197916666666665 0.7490740740740741 0.259375 0.7444444444444445 0.26197916666666665 0.7324074074074074 0.27239583333333334 0.7384259259259259 0.27578125 0.7277777777777777
4 0.29348958333333336 0.7240740740740741 0.2986979166666667 0.7305555555555555 0.29765625 0.7481481481481481 0.29401041666666666 0.7518518518518519 0.28932291666666665 0.7513888888888889 0.28958333333333336 0.7342592592592593 0.29322916666666665 0.7245370370370371
4 0.44947916666666665 0.6680555555555555 0.45208333333333334 0.6574074074074074 0.45651041666666664 0.6564814814814814 0.45807291666666666 0.6787037037037037 0.45651041666666664 0.6810185185185185 0.4513020833333333 0.6787037037037037 0.44973958333333336 0.6685185185185185
4 0.32109375 0.7217592592592592 0.325 0.7277777777777777 0.32447916666666665 0.7467592592592592 0.32109375 0.749537037037037 0.31744791666666666 0.749537037037037 0.315625 0.7356481481481482 0.31692708333333336 0.7231481481481481 0.32083333333333336 0.7217592592592592
4 0.39348958333333334 0.649537037037037 0.3921875 0.7055555555555556 0.390625 0.7087962962962963 0.38046875 0.7097222222222223 0.3765625 0.7050925925925926 0.3765625 0.674074074074074 0.37838541666666664 0.6611111111111111 0.3880208333333333 0.6504629629629629 0.3932291666666667 0.649537037037037
1 0.44244791666666666 0.6736111111111112 0.44479166666666664 0.6791666666666667 0.44479166666666664 0.6898148148148148 0.4427083333333333 0.6930555555555555 0.4375 0.6935185185185185 0.43203125 0.6930555555555555 0.4317708333333333 0.6787037037037037 0.4356770833333333 0.6726851851851852 0.4421875 0.6736111111111112
2 0.34322916666666664 0.7226851851851852 0.34609375 0.7268518518518519 0.34661458333333334 0.7398148148148148 0.34270833333333334 0.7467592592592592 0.33880208333333334 0.7439814814814815 0.3380208333333333 0.725462962962963 0.33880208333333334 0.7226851851851852 0.34296875 0.7226851851851852
2 0.39088541666666665 0.7300925925925926 0.3924479166666667 0.7342592592592593 0.39088541666666665 0.7574074074074074 0.38723958333333336 0.7550925925925925 0.3875 0.7347222222222223 0.390625 0.7300925925925926
2 0.3528645833333333 0.7037037037037037 0.35494791666666664 0.7111111111111111 0.35260416666666666 0.7203703703703703 0.3497395833333333 0.7189814814814814 0.34791666666666665 0.712037037037037 0.3484375 0.7050925925925926 0.35260416666666666 0.7037037037037037
2 0.29661458333333335 0.7277777777777777 0.2986979166666667 0.7310185185185185 0.29765625 0.7481481481481481 0.2911458333333333 0.7523148148148148 0.28880208333333335 0.7486111111111111 0.28984375 0.7342592592592593 0.29244791666666664 0.7291666666666666 0.29635416666666664 0.7282407407407407
2 0.2760416666666667 0.7282407407407407 0.28072916666666664 0.7328703703703704 0.28203125 0.7476851851851852 0.26171875 0.7490740740740741 0.2596354166666667 0.7453703703703703 0.26197916666666665 0.7328703703703704 0.27239583333333334 0.7375 0.27578125 0.7287037037037037