4 0.43255208333333334 0.44722222222222224 0.43776041666666665 0.449537037037037 0.440625 0.4597222222222222 0.440625 0.48055555555555557 0.4390625 0.48333333333333334 0.42864583333333334 0.48333333333333334 0.4278645833333333 0.4810185185185185 0.4270833333333333 0.4597222222222222 0.4296875 0.449537037037037 0.4322916666666667 0.44722222222222224
4 0.0203125 0.8013888888888889 0.03125 0.8175925925925925 0.034895833333333334 0.8347222222222223 0.03333333333333333 0.85 0.025520833333333333 0.8555555555555555 0.028125 0.862037037037037 0.026041666666666668 0.8648148148148148 0.01171875 0.8685185185185185 0.0018229166666666667 0.8768518518518519 0 0.8768518518518519 0 0.8060185185185185 0.020052083333333335 0.8013888888888889
4 0.019791666666666666 0.7060185185185185 0.023958333333333335 0.7324074074074074 0.022135416666666668 0.7541666666666667 0.015625 0.7722222222222223 0.0015625 0.7856481481481481 0 0.7856481481481481 0 0.7069444444444445 0.01953125 0.7060185185185185
4 0.11015625 0.7560185185185185 0.11276041666666667 0.7620370370370371 0.11276041666666667 0.8106481481481481 0.09401041666666667 0.8157407407407408 0.08489583333333334 0.8268518518518518 0.08177083333333333 0.8273148148148148 0.07317708333333334 0.8212962962962963 0.07291666666666667 0.8175925925925925 0.084375 0.8041666666666667 0.08515625 0.799074074074074 0.06848958333333334 0.8143518518518519 0.0625 0.8148148148148148 0.05703125 0.825462962962963 0.05182291666666667 0.825462962962963 0.051041666666666666 0.7736111111111111 0.05703125 0.7685185185185185 0.058854166666666666 0.7699074074074074 0.06067708333333333 0.788425925925926 0.0625 0.7652777777777777 0.06432291666666666 0.7611111111111111 0.07447916666666667 0.7564814814814815 0.10989583333333333 0.7560185185185185
4 0.41171875 0.6277777777777778 0.41770833333333335 0.6351851851851852 0.41484375 0.663425925925926 0.4114583333333333 0.6671296296296296 0.40130208333333334 0.6675925925925926 0.39348958333333334 0.6643518518518519 0.39557291666666666 0.6370370370370371 0.40078125 0.6287037037037037 0.4114583333333333 0.6277777777777778
4 0.42526041666666664 0.4310185185185185 0.42864583333333334 0.43287037037037035 0.42942708333333335 0.4412037037037037 0.42604166666666665 0.44583333333333336 0.4239583333333333 0.4444444444444444 0.42265625 0.4351851851851852 0.425 0.43148148148148147
4 0.11614583333333334 0.8148148148148148 0.12447916666666667 0.8189814814814815 0.12317708333333334 0.8291666666666667 0.09557291666666666 0.8625 0.08151041666666667 0.8731481481481481 0.078125 0.862037037037037 0.084375 0.8282407407407407 0.09453125 0.8166666666666667 0.11588541666666667 0.8148148148148148
3 0.019010416666666665 0.8004629629629629 0.03125 0.8171296296296297 0.03463541666666667 0.8333333333333334 0.03463541666666667 0.850925925925926 0.049479166666666664 0.8453703703703703 0.05390625 0.8453703703703703 0.05546875 0.8486111111111111 0.05572916666666667 0.8703703703703703 0.05364583333333333 0.8796296296296297 0.04296875 0.8912037037037037 0.03619791666666667 0.8944444444444445 0.03359375 0.8800925925925925 0.029166666666666667 0.8694444444444445 0.015625 0.8685185185185185 0.0140625 0.8699074074074075 0.018489583333333334 0.8722222222222222 0.018229166666666668 0.8763888888888889 0.01015625 0.874537037037037 0 0.8787037037037037 0 0.8055555555555556 0.01875 0.8009259259259259
1 0.45026041666666666 0.45231481481481484 0.45208333333333334 0.45925925925925926 0.4510416666666667 0.4634259259259259 0.44479166666666664 0.46296296296296297 0.4427083333333333 0.45740740740740743 0.4453125 0.45185185185185184 0.45 0.45231481481481484
1 0.42604166666666665 0.43148148148148147 0.42890625 0.4337962962962963 0.42994791666666665 0.4393518518518518 0.42552083333333335 0.4449074074074074 0.42265625 0.4398148148148148 0.42265625 0.4351851851851852 0.42578125 0.43148148148148147
1 0.413671875 0.4185185185185185 0.006510416666666667 0.011111111111111112
1 0.35078125 0.5912037037037037 0.3611979166666667 0.5986111111111111 0.36015625 0.6087962962962963 0.35598958333333336 0.612037037037037 0.3416666666666667 0.612037037037037 0.33984375 0.6083333333333333 0.3377604166666667 0.5972222222222222 0.33880208333333334 0.5921296296296297 0.35052083333333334 0.5912037037037037
1 0.46119791666666665 0.475462962962963 0.46380208333333334 0.4787037037037037 0.4635416666666667 0.49398148148148147 0.4552083333333333 0.49166666666666664 0.4557291666666667 0.4773148148148148 0.4609375 0.475462962962963
1 0.38385416666666666 0.7768518518518519 0.3966145833333333 0.7828703703703703 0.3958333333333333 0.8 0.39036458333333335 0.8291666666666667 0.3658854166666667 0.8287037037037037 0.3640625 0.8236111111111111 0.3645833333333333 0.8074074074074075 0.3690104166666667 0.7828703703703703 0.37421875 0.7782407407407408 0.38359375 0.7768518518518519
2 0.4044270833333333 0.5120370370370371 0.4078125 0.5157407407407407 0.4078125 0.525 0.4044270833333333 0.5273148148148148 0.40286458333333336 0.5222222222222223 0.4044270833333333 0.5125
2 0.3697916666666667 0.6157407407407407 0.371875 0.6236111111111111 0.36953125 0.6351851851851852 0.36614583333333334 0.6347222222222222 0.365625 0.625 0.36614583333333334 0.6189814814814815 0.36953125 0.6157407407407407
2 0.353125 0.6342592592592593 0.35572916666666665 0.6398148148148148 0.35572916666666665 0.6476851851851851 0.34921875 0.6574074074074074 0.34765625 0.6527777777777778 0.34791666666666665 0.6370370370370371 0.3489583333333333 0.6342592592592593 0.3528645833333333 0.6342592592592593
2 0.4153645833333333 0.4981481481481482 0.4171875 0.5083333333333333 0.41484375 0.5111111111111111 0.41302083333333334 0.5087962962962963 0.4125 0.5013888888888889 0.41510416666666666 0.4981481481481482
2 0.3815104166666667 0.625 0.3841145833333333 0.6277777777777778 0.3846354166666667 0.6375 0.38359375 0.6444444444444445 0.3802083333333333 0.6476851851851851 0.37786458333333334 0.6333333333333333 0.37890625 0.6268518518518519 0.38125 0.625