4 0.38723958333333336 0.7958333333333333 0.3921875 0.8027777777777778 0.3921875 0.8222222222222222 0.3859375 0.8430555555555556 0.38359375 0.8462962962962963 0.36614583333333334 0.8458333333333333 0.36015625 0.850925925925926 0.3567708333333333 0.8490740740740741 0.35520833333333335 0.8268518518518518 0.3651041666666667 0.799537037037037 0.3723958333333333 0.7935185185185185 0.38697916666666665 0.7958333333333333
4 0.059375 0.7953703703703704 0.0609375 0.7972222222222223 0.061197916666666664 0.8060185185185185 0.06979166666666667 0.8166666666666667 0.07526041666666666 0.8175925925925925 0.078125 0.8138888888888889 0.07864583333333333 0.8175925925925925 0.07447916666666667 0.8236111111111111 0.07057291666666667 0.8226851851851852 0.06197916666666667 0.8379629629629629 0.06536458333333334 0.8625 0.0640625 0.8791666666666667 0.059375 0.8810185185185185 0.057291666666666664 0.8962962962962963 0.0546875 0.9009259259259259 0.047135416666666666 0.9041666666666667 0.043229166666666666 0.8861111111111111 0.03984375 0.8953703703703704 0.03203125 0.8944444444444445 0.024479166666666666 0.8847222222222222 0.018489583333333334 0.8819444444444444 0.028385416666666666 0.8657407407407407 0.015364583333333333 0.8592592592592593 0.014583333333333334 0.8486111111111111 0.0171875 0.836574074074074 0.015364583333333333 0.8324074074074074 0.011197916666666667 0.8314814814814815 0.009375 0.8236111111111111 0.022135416666666668 0.7976851851851852 0.05911458333333333 0.7953703703703704
4 0.05260416666666667 0.7356481481481482 0.05416666666666667 0.7384259259259259 0.055989583333333336 0.7643518518518518 0.05130208333333333 0.7865740740740741 0.040364583333333336 0.7953703703703704 0.022395833333333334 0.7962962962962963 0.011979166666666667 0.8152777777777778 0.009895833333333333 0.8157407407407408 0.005208333333333333 0.8087962962962963 0 0.8074074074074075 0 0.7379629629629629 0.015885416666666666 0.7398148148148148 0.0328125 0.7356481481481482 0.05234375 0.7356481481481482
4 0.446875 0.6152777777777778 0.45234375 0.6203703703703703 0.45390625 0.6273148148148148 0.45286458333333335 0.6347222222222222 0.44244791666666666 0.6333333333333333 0.44114583333333335 0.6231481481481481 0.44296875 0.6175925925925926 0.4466145833333333 0.6152777777777778
4 0.44609375 0.6935185185185185 0.45260416666666664 0.6995370370370371 0.45286458333333335 0.7199074074074074 0.44765625 0.7342592592592593 0.44296875 0.7388888888888889 0.43307291666666664 0.7375 0.43046875 0.7342592592592593 0.43072916666666666 0.7092592592592593 0.43203125 0.700925925925926 0.4354166666666667 0.6953703703703704 0.44583333333333336 0.6935185185185185
4 0.44609375 0.549537037037037 0.44947916666666665 0.5564814814814815 0.44947916666666665 0.5643518518518519 0.44817708333333334 0.5648148148148148 0.4432291666666667 0.5638888888888889 0.44166666666666665 0.5606481481481481 0.4421875 0.5532407407407407 0.44583333333333336 0.549537037037037
4 0.45807291666666666 0.5736111111111111 0.4630208333333333 0.5842592592592593 0.4630208333333333 0.5879629629629629 0.46015625 0.5907407407407408 0.4518229166666667 0.5879629629629629 0.45234375 0.5763888888888888 0.4578125 0.5736111111111111
4 0.39375 0.8398148148148148 0.39791666666666664 0.8523148148148149 0.3963541666666667 0.8703703703703703 0.3924479166666667 0.8847222222222222 0.38984375 0.8870370370370371 0.38828125 0.8833333333333333 0.38645833333333335 0.850462962962963 0.39010416666666664 0.8407407407407408 0.39348958333333334 0.8402777777777778
4 0.12682291666666667 0.7759259259259259 0.13984375 0.7782407407407408 0.14088541666666668 0.8180555555555555 0.13776041666666666 0.8212962962962963 0.1234375 0.8226851851851852 0.11979166666666667 0.8282407407407407 0.11536458333333334 0.825462962962963 0.11276041666666667 0.8199074074074074 0.10833333333333334 0.8185185185185185 0.10755208333333334 0.7888888888888889 0.1125 0.7791666666666667 0.1265625 0.7759259259259259
4 0.45416666666666666 0.5990740740740741 0.45729166666666665 0.6023148148148149 0.45859375 0.6129629629629629 0.45625 0.6189814814814815 0.453125 0.6199074074074075 0.44973958333333336 0.6180555555555556 0.4479166666666667 0.612037037037037 0.44947916666666665 0.6013888888888889 0.45390625 0.5990740740740741
4 0.4427083333333333 0.5884259259259259 0.45234375 0.5986111111111111 0.4466145833333333 0.6074074074074074 0.4393229166666667 0.6069444444444444 0.4356770833333333 0.6023148148148149 0.4359375 0.5986111111111111 0.44244791666666666 0.5884259259259259
4 0.44244791666666666 0.5833333333333334 0.44453125 0.5916666666666667 0.4393229166666667 0.5962962962962963 0.4356770833333333 0.5958333333333333 0.4356770833333333 0.5912037037037037 0.43828125 0.5842592592592593 0.4421875 0.5833333333333334
4 0.43984375 0.6282407407407408 0.44296875 0.6347222222222222 0.44427083333333334 0.6541666666666667 0.44244791666666666 0.674074074074074 0.4361979166666667 0.6925925925925925 0.41796875 0.6916666666666667 0.4153645833333333 0.6791666666666667 0.4153645833333333 0.6680555555555555 0.42291666666666666 0.6439814814814815 0.42526041666666664 0.6296296296296297 0.4395833333333333 0.6282407407407408
4 0.46432291666666664 0.5648148148148148 0.46796875 0.5671296296296297 0.46979166666666666 0.5731481481481482 0.46953125 0.5777777777777777 0.4669270833333333 0.5800925925925926 0.46328125 0.5796296296296296 0.46015625 0.5740740740740741 0.46145833333333336 0.5671296296296297 0.4640625 0.5648148148148148
4 0.42890625 0.5736111111111111 0.43307291666666664 0.5768518518518518 0.43359375 0.5847222222222223 0.43203125 0.5976851851851852 0.42916666666666664 0.600925925925926 0.421875 0.600462962962963 0.4200520833333333 0.5888888888888889 0.42161458333333335 0.5773148148148148 0.42864583333333334 0.5736111111111111
4 0.26223958333333336 0.8532407407407407 0.265625 0.8555555555555555 0.27057291666666666 0.8731481481481481 0.27005208333333336 0.8953703703703704 0.26015625 0.9078703703703703 0.2552083333333333 0.9203703703703704 0.22734375 0.9222222222222223 0.22395833333333334 0.9180555555555555 0.22395833333333334 0.9032407407407408 0.23411458333333332 0.8722222222222222 0.24479166666666666 0.8560185185185185 0.26197916666666665 0.8532407407407407
1 0.44244791666666666 0.5884259259259259 0.45208333333333334 0.5986111111111111 0.4484375 0.6055555555555555 0.43984375 0.6069444444444444 0.4359375 0.6023148148148149 0.4421875 0.5888888888888889
1 0.4669270833333333 0.5662037037037037 0.46979166666666666 0.5736111111111111 0.46770833333333334 0.5796296296296296 0.46328125 0.5796296296296296 0.46041666666666664 0.5745370370370371 0.4625 0.5662037037037037 0.4666666666666667 0.5662037037037037
2 0.39205729166666664 0.8643518518518518 0.011197916666666667 0.046296296296296294
2 0.3260416666666667 0.7125 0.32760416666666664 0.7162037037037037 0.32734375 0.7268518518518519 0.32526041666666666 0.7337962962962963 0.3221354166666667 0.7351851851851852 0.31979166666666664 0.7319444444444444 0.31979166666666664 0.7212962962962963 0.3216145833333333 0.7148148148148148 0.32578125 0.7125
2 0.43802083333333336 0.7620370370370371 0.440625 0.7680555555555556 0.44088541666666664 0.788425925925926 0.4361979166666667 0.799074074074074 0.43333333333333335 0.7939814814814815 0.4309895833333333 0.7657407407407407 0.4322916666666667 0.7625 0.43776041666666665 0.7620370370370371
2 0.4703125 0.6152777777777778 0.47161458333333334 0.625 0.46822916666666664 0.6351851851851852 0.4661458333333333 0.6328703703703704 0.465625 0.6226851851851852 0.4700520833333333 0.6152777777777778