4 0.2953125 0.8578703703703704 0.3046875 0.8662037037037037 0.30364583333333334 0.8972222222222223 0.29583333333333334 0.9027777777777778 0.28984375 0.9189814814814815 0.2677083333333333 0.9217592592592593 0.2604166666666667 0.9212962962962963 0.25755208333333335 0.9148148148148149 0.25859375 0.8972222222222223 0.26119791666666664 0.8930555555555556 0.2625 0.8837962962962963 0.27578125 0.8611111111111112 0.2950520833333333 0.8578703703703704
4 0.35989583333333336 0.8587962962962963 0.36614583333333334 0.8652777777777778 0.3671875 0.8694444444444445 0.36640625 0.9009259259259259 0.35911458333333335 0.9087962962962963 0.35572916666666665 0.9222222222222223 0.35234375 0.9263888888888889 0.3450520833333333 0.9226851851851852 0.32578125 0.9268518518518518 0.3203125 0.925 0.31744791666666666 0.9157407407407407 0.31692708333333336 0.9041666666666667 0.31796875 0.8967592592592593 0.3302083333333333 0.8629629629629629 0.3385416666666667 0.8560185185185185 0.3536458333333333 0.8555555555555555 0.35963541666666665 0.8587962962962963
4 0.059375 0.8268518518518518 0.07005208333333333 0.8314814814814815 0.07109375 0.836574074074074 0.06953125 0.8384259259259259 0.07161458333333333 0.8407407407407408 0.07317708333333334 0.8555555555555555 0.07109375 0.8578703703703704 0.06927083333333334 0.8560185185185185 0.06666666666666667 0.8425925925925926 0.06744791666666666 0.8384259259259259 0.06067708333333333 0.8337962962962963 0.06328125 0.850925925925926 0.06171875 0.8648148148148148 0.054947916666666666 0.8694444444444445 0.05416666666666667 0.8837962962962963 0.046875 0.8865740740740741 0.04114583333333333 0.8782407407407408 0.03984375 0.8671296296296296 0.03723958333333333 0.8833333333333333 0.0328125 0.8837962962962963 0.035416666666666666 0.8800925925925925 0.03463541666666667 0.8731481481481481 0.03229166666666667 0.8675925925925926 0.032552083333333336 0.8625 0.029166666666666667 0.8601851851851852 0.028645833333333332 0.8560185185185185 0.032552083333333336 0.8518518518518519 0.03177083333333333 0.8490740740740741 0.033854166666666664 0.8453703703703703 0.040364583333333336 0.8444444444444444 0.051041666666666666 0.8296296296296296 0.05911458333333333 0.8268518518518518
4 0.051041666666666666 0.7393518518518518 0.05260416666666667 0.7430555555555556 0.054427083333333334 0.7717592592592593 0.05260416666666667 0.7763888888888889 0.0390625 0.788425925925926 0.006510416666666667 0.7981481481481482 0 0.7935185185185185 0.00234375 0.7902777777777777 0 0.788425925925926 0 0.7449074074074075 0.008333333333333333 0.7412037037037037 0.015885416666666666 0.7430555555555556 0.05078125 0.7393518518518518
4 0.4317708333333333 0.7342592592592593 0.4393229166666667 0.736574074074074 0.44114583333333335 0.7407407407407407 0.43984375 0.7583333333333333 0.44244791666666666 0.7726851851851851 0.44166666666666665 0.7791666666666667 0.42890625 0.7875 0.41796875 0.7856481481481481 0.41484375 0.7819444444444444 0.4140625 0.7717592592592593 0.41770833333333335 0.7416666666666667 0.42213541666666665 0.7361111111111112 0.4315104166666667 0.7342592592592593
4 0.31614583333333335 0.7833333333333333 0.3216145833333333 0.7976851851851852 0.32135416666666666 0.8171296296296297 0.31588541666666664 0.8208333333333333 0.31223958333333335 0.8291666666666667 0.29401041666666666 0.8314814814814815 0.28984375 0.8296296296296296 0.2890625 0.8185185185185185 0.29661458333333335 0.7930555555555555 0.30416666666666664 0.7847222222222222 0.31588541666666664 0.7833333333333333
4 0.4322916666666667 0.5962962962962963 0.43515625 0.6023148148148149 0.4348958333333333 0.6148148148148148 0.4328125 0.6222222222222222 0.4296875 0.6236111111111111 0.4234375 0.6217592592592592 0.42291666666666666 0.6023148148148149 0.42526041666666664 0.5972222222222222 0.43203125 0.5962962962962963
4 0.35234375 0.9412037037037037 0.35833333333333334 0.9472222222222222 0.36276041666666664 0.9476851851851852 0.36328125 0.950462962962963 0.3625 0.9731481481481481 0.35598958333333336 0.9916666666666667 0.35234375 0.9925925925925926 0.3489583333333333 0.9587962962962963 0.34921875 0.9490740740740741 0.35234375 0.9416666666666667
4 0.13776041666666666 0.7796296296296297 0.1390625 0.7967592592592593 0.13723958333333333 0.8208333333333333 0.11953125 0.8236111111111111 0.10859375 0.8041666666666667 0.10182291666666667 0.8157407407407408 0.10104166666666667 0.8379629629629629 0.09583333333333334 0.8430555555555556 0.08151041666666667 0.8425925925925926 0.07890625 0.8379629629629629 0.07994791666666666 0.799537037037037 0.08333333333333333 0.7893518518518519 0.09895833333333333 0.7800925925925926 0.10104166666666667 0.7837962962962963 0.10234375 0.8060185185185185 0.10416666666666667 0.8037037037037037 0.10520833333333333 0.7833333333333333 0.10807291666666667 0.7782407407407408 0.1375 0.7796296296296297
4 0.15651041666666668 0.9268518518518518 0.17630208333333333 0.9287037037037037 0.17213541666666668 0.9416666666666667 0.17265625 0.9879629629629629 0.16614583333333333 0.999537037037037 0.14401041666666667 0.999537037037037 0.140625 0.9967592592592592 0.121875 0.999537037037037 0.12109375 0.9949074074074075 0.12916666666666668 0.9777777777777777 0.13072916666666667 0.9564814814814815 0.1296875 0.9458333333333333 0.14401041666666667 0.9287037037037037 0.15625 0.9268518518518518
4 0.4669270833333333 0.5986111111111111 0.4713541666666667 0.6032407407407407 0.4708333333333333 0.6138888888888889 0.4669270833333333 0.6148148148148148 0.4635416666666667 0.6092592592592593 0.4640625 0.6018518518518519 0.4666666666666667 0.5990740740740741
4 0.44635416666666666 0.6430555555555556 0.4505208333333333 0.6527777777777778 0.45026041666666666 0.6648148148148149 0.4395833333333333 0.6666666666666666 0.43671875 0.6611111111111111 0.43697916666666664 0.6574074074074074 0.44244791666666666 0.6458333333333334 0.44609375 0.6430555555555556
4 0.44244791666666666 0.6175925925925926 0.44947916666666665 0.6240740740740741 0.4505208333333333 0.6300925925925925 0.44609375 0.6342592592592593 0.43046875 0.6333333333333333 0.4296875 0.6291666666666667 0.4315104166666667 0.6240740740740741 0.4421875 0.6180555555555556
4 0.45651041666666664 0.6050925925925926 0.46197916666666666 0.6101851851851852 0.46328125 0.6222222222222222 0.45234375 0.6231481481481481 0.45286458333333335 0.6092592592592593 0.45625 0.6055555555555555
4 0.421875 0.8157407407407408 0.42526041666666664 0.825 0.42552083333333335 0.8425925925925926 0.42161458333333335 0.8601851851851852 0.41901041666666666 0.8625 0.41484375 0.8560185185185185 0.41354166666666664 0.8208333333333333 0.42161458333333335 0.8157407407407408
3 0.434375 0.6569444444444444 0.43984375 0.6722222222222223 0.43984375 0.687962962962963 0.4375 0.7074074074074074 0.43385416666666665 0.7157407407407408 0.4322916666666667 0.7263888888888889 0.41119791666666666 0.725462962962963 0.40859375 0.7037037037037037 0.40963541666666664 0.6953703703703704 0.4166666666666667 0.6791666666666667 0.4200520833333333 0.6592592592592592 0.42161458333333335 0.6569444444444444 0.43411458333333336 0.6569444444444444
1 0.44375 0.6208333333333333 0.44895833333333335 0.6236111111111111 0.4505208333333333 0.6300925925925925 0.44609375 0.6342592592592593 0.43828125 0.6347222222222222 0.43072916666666666 0.6337962962962963 0.42994791666666665 0.6268518518518519 0.4354166666666667 0.6208333333333333 0.4434895833333333 0.6208333333333333
1 0.4473958333333333 0.5847222222222223 0.45078125 0.5884259259259259 0.44973958333333336 0.5972222222222222 0.4440104166666667 0.5949074074074074 0.44479166666666664 0.586574074074074 0.4471354166666667 0.5847222222222223
1 0.44635416666666666 0.6435185185185185 0.45 0.649537037037037 0.4505208333333333 0.6643518518518519 0.44166666666666665 0.6657407407407407 0.4390625 0.6708333333333333 0.4375 0.6574074074074074 0.4427083333333333 0.6458333333333334 0.44609375 0.6435185185185185
1 0.4703125 0.600925925925926 0.471875 0.6060185185185185 0.4703125 0.6143518518518518 0.4666666666666667 0.6143518518518518 0.46380208333333334 0.6092592592592593 0.46484375 0.600925925925926 0.4700520833333333 0.600925925925926
1 0.45807291666666666 0.6064814814814815 0.46119791666666665 0.6087962962962963 0.46328125 0.6203703703703703 0.45729166666666665 0.6236111111111111 0.45260416666666664 0.6231481481481481 0.45234375 0.6157407407407407 0.45338541666666665 0.6087962962962963 0.4578125 0.6064814814814815
1 0.453125 0.6287037037037037 0.45651041666666664 0.6333333333333333 0.4578125 0.6425925925925926 0.45729166666666665 0.6467592592592593 0.4546875 0.6486111111111111 0.44973958333333336 0.6486111111111111 0.44765625 0.6444444444444445 0.44817708333333334 0.6328703703703704 0.45286458333333335 0.6287037037037037
2 0.3546875 0.9453703703703704 0.36223958333333334 0.950462962962963 0.36328125 0.9541666666666667 0.36276041666666664 0.9712962962962963 0.35520833333333335 0.9921296296296296 0.35234375 0.9921296296296296 0.3515625 0.9888888888888889 0.34921875 0.9583333333333334 0.3502604166666667 0.9476851851851852 0.35208333333333336 0.9444444444444444 0.35442708333333334 0.9453703703703704
2 0.325 0.7287037037037037 0.3260416666666667 0.7439814814814815 0.32135416666666666 0.750462962962963 0.3184895833333333 0.7476851851851852 0.3184895833333333 0.7384259259259259 0.32083333333333336 0.7300925925925926 0.32473958333333336 0.7287037037037037
2 0.419921875 0.8400462962962963 0.01171875 0.04583333333333333