4 0.4192708333333333 0.6439814814814815 0.42552083333333335 0.6439814814814815 0.4276041666666667 0.6532407407407408 0.4265625 0.6620370370370371 0.4197916666666667 0.6625 0.4192708333333333 0.6444444444444445
4 0.0625 0.7152777777777778 0.09322916666666667 0.7166666666666667 0.09505208333333333 0.7199074074074074 0.0953125 0.7305555555555555 0.09244791666666667 0.7342592592592593 0.06171875 0.7416666666666667 0.05677083333333333 0.7412037037037037 0.05130208333333333 0.7199074074074074 0.05651041666666667 0.7148148148148148 0.062239583333333334 0.7152777777777778
4 0.32838541666666665 0.7083333333333334 0.33177083333333335 0.7162037037037037 0.33125 0.7277777777777777 0.32864583333333336 0.7324074074074074 0.32447916666666665 0.7305555555555555 0.325 0.7138888888888889 0.328125 0.7083333333333334
4 0.7731770833333333 0.7129629629629629 0.77734375 0.7171296296296297 0.78046875 0.7300925925925926 0.7911458333333333 0.7337962962962963 0.7958333333333333 0.7407407407407407 0.7940104166666667 0.7449074074074075 0.8002604166666667 0.7439814814814815 0.8015625 0.7481481481481481 0.8078125 0.7518518518518519 0.8078125 0.7606481481481482 0.80546875 0.7652777777777777 0.7864583333333334 0.7689814814814815 0.7822916666666667 0.7689814814814815 0.7697916666666667 0.7574074074074074 0.7622395833333333 0.7597222222222222 0.7549479166666667 0.7578703703703704 0.7434895833333334 0.7444444444444445 0.74296875 0.7337962962962963 0.7450520833333333 0.7222222222222222 0.7533854166666667 0.7199074074074074 0.7583333333333333 0.7129629629629629 0.7729166666666667 0.7129629629629629
4 0.27578125 0.7328703703703704 0.2799479166666667 0.7388888888888889 0.2796875 0.7537037037037037 0.27395833333333336 0.7550925925925925 0.2682291666666667 0.7523148148148148 0.26067708333333334 0.7550925925925925 0.25859375 0.7509259259259259 0.25859375 0.7407407407407407 0.26145833333333335 0.7375 0.2669270833333333 0.7402777777777778 0.26927083333333335 0.7472222222222222 0.2721354166666667 0.7444444444444445 0.2713541666666667 0.7402777777777778 0.2755208333333333 0.7333333333333333
4 0.44375 0.625 0.44609375 0.6273148148148148 0.4466145833333333 0.6347222222222222 0.44296875 0.6412037037037037 0.43802083333333336 0.6393518518518518 0.43723958333333335 0.6314814814814815 0.4390625 0.625462962962963 0.4434895833333333 0.625
4 0.4015625 0.638425925925926 0.4049479166666667 0.6421296296296296 0.4049479166666667 0.6532407407407408 0.390625 0.6611111111111111 0.38697916666666665 0.6546296296296297 0.38776041666666666 0.6472222222222223 0.39453125 0.6402777777777777 0.40130208333333334 0.638425925925926
4 0.38697916666666665 0.6722222222222223 0.3927083333333333 0.6731481481481482 0.39401041666666664 0.6791666666666667 0.39375 0.6953703703703704 0.38671875 0.6958333333333333 0.3848958333333333 0.687962962962963 0.38697916666666665 0.6726851851851852
4 0.36692708333333335 0.6995370370370371 0.3697916666666667 0.7101851851851851 0.36875 0.7199074074074074 0.36614583333333334 0.725 0.36302083333333335 0.7208333333333333 0.3625 0.7074074074074074 0.36666666666666664 0.6995370370370371
1 0.35598958333333336 0.7685185185185185 0.36744791666666665 0.7708333333333334 0.37447916666666664 0.7800925925925926 0.3736979166666667 0.8106481481481481 0.36822916666666666 0.8148148148148148 0.36302083333333335 0.8240740740740741 0.35598958333333336 0.8194444444444444 0.3424479166666667 0.8189814814814815 0.33515625 0.825462962962963 0.33255208333333336 0.8199074074074074 0.33151041666666664 0.8055555555555556 0.3380208333333333 0.7800925925925926 0.3450520833333333 0.7703703703703704 0.35572916666666665 0.7685185185185185
1 0.43046875 0.6708333333333333 0.4390625 0.675 0.44088541666666664 0.6861111111111111 0.4393229166666667 0.6902777777777778 0.42890625 0.6925925925925925 0.42213541666666665 0.6912037037037037 0.42083333333333334 0.6805555555555556 0.42526041666666664 0.6717592592592593 0.43020833333333336 0.6708333333333333
2 0.3455729166666667 0.7064814814814815 0.3489583333333333 0.7101851851851851 0.3494791666666667 0.7162037037037037 0.34869791666666666 0.7236111111111111 0.3453125 0.7277777777777777 0.3419270833333333 0.7231481481481481 0.3421875 0.711574074074074 0.3453125 0.7064814814814815
2 0.36666666666666664 0.7032407407407407 0.3690104166666667 0.7064814814814815 0.36953125 0.7134259259259259 0.36614583333333334 0.725 0.36354166666666665 0.7231481481481481 0.36276041666666664 0.7074074074074074 0.36640625 0.7032407407407407
2 0.2760416666666667 0.7342592592592593 0.28020833333333334 0.7412037037037037 0.2794270833333333 0.7541666666666667 0.2677083333333333 0.7527777777777778 0.26197916666666665 0.7555555555555555 0.25859375 0.7513888888888889 0.25885416666666666 0.7398148148148148 0.26171875 0.737037037037037 0.265625 0.7384259259259259 0.2682291666666667 0.7412037037037037 0.26901041666666664 0.7467592592592592 0.2703125 0.7412037037037037 0.27578125 0.7342592592592593
2 0.303125 0.7101851851851851 0.30520833333333336 0.7236111111111111 0.30364583333333334 0.7305555555555555 0.30104166666666665 0.7324074074074074 0.29635416666666664 0.7314814814814815 0.29635416666666664 0.7236111111111111 0.29921875 0.711574074074074 0.3028645833333333 0.7101851851851851
2 0.328125 0.7101851851851851 0.33151041666666664 0.7134259259259259 0.33046875 0.7300925925925926 0.328125 0.7328703703703704 0.32447916666666665 0.7310185185185185 0.325 0.7157407407407408 0.32786458333333335 0.7106481481481481