4 0.5518229166666667 0.5689814814814815 0.5651041666666666 0.5800925925925926 0.5651041666666666 0.5861111111111111 0.5609375 0.5888888888888889 0.53984375 0.5837962962962963 0.53984375 0.5740740740740741 0.5434895833333333 0.575462962962963 0.5515625 0.5689814814814815
4 0.4609375 0.5574074074074075 0.46328125 0.5583333333333333 0.46510416666666665 0.5643518518518519 0.46510416666666665 0.5796296296296296 0.4635416666666667 0.5824074074074074 0.45625 0.5824074074074074 0.45364583333333336 0.5791666666666667 0.4549479166666667 0.5606481481481481 0.46067708333333335 0.5574074074074075
4 0.03046875 0.8518518518518519 0.04088541666666667 0.8523148148148149 0.04453125 0.8648148148148148 0.04479166666666667 0.8800925925925925 0.04010416666666667 0.9041666666666667 0.04192708333333333 0.9115740740740741 0.024479166666666666 0.9365740740740741 0.012760416666666666 0.9638888888888889 0.0018229166666666667 0.9768518518518519 0 0.9768518518518519 0 0.8675925925925926 0.014583333333333334 0.8546296296296296 0.030208333333333334 0.8518518518518519
4 0.115625 0.9078703703703703 0.11770833333333333 0.9115740740740741 0.12317708333333334 0.9115740740740741 0.125 0.9078703703703703 0.13072916666666667 0.9101851851851852 0.13177083333333334 0.9305555555555556 0.134375 0.9351851851851852 0.13151041666666666 0.9421296296296297 0.13125 0.9634259259259259 0.12057291666666667 0.9805555555555555 0.10625 0.9953703703703703 0.07708333333333334 0.9935185185185185 0.07369791666666667 0.9921296296296296 0.07239583333333334 0.9879629629629629 0.07369791666666667 0.937962962962963 0.08776041666666666 0.9180555555555555 0.09322916666666667 0.9138888888888889 0.10911458333333333 0.912962962962963 0.115625 0.9083333333333333
4 0.41119791666666666 0.5726851851851852 0.41458333333333336 0.5740740740740741 0.41640625 0.5819444444444445 0.41458333333333336 0.5986111111111111 0.40390625 0.6013888888888889 0.4002604166666667 0.5976851851851852 0.40078125 0.5875 0.4041666666666667 0.5768518518518518 0.4109375 0.5731481481481482
1 0.390625 0.8833333333333333 0.3953125 0.8870370370370371 0.39609375 0.8958333333333334 0.39036458333333335 0.937962962962963 0.38723958333333336 0.9407407407407408 0.36770833333333336 0.9393518518518519 0.3658854166666667 0.9268518518518518 0.37083333333333335 0.8893518518518518 0.3768229166666667 0.8837962962962963 0.39036458333333335 0.8833333333333333
1 0.40286458333333336 0.675 0.40625 0.6912037037037037 0.4041666666666667 0.7055555555555556 0.40130208333333334 0.7125 0.39375 0.7134259259259259 0.38645833333333335 0.7111111111111111 0.38697916666666665 0.6898148148148148 0.3924479166666667 0.6754629629629629 0.40260416666666665 0.675
1 0.45338541666666665 0.6587962962962963 0.46119791666666665 0.6643518518518519 0.45989583333333334 0.6824074074074075 0.45755208333333336 0.6856481481481481 0.44609375 0.6851851851851852 0.44479166666666664 0.6824074074074075 0.4466145833333333 0.6615740740740741 0.453125 0.6587962962962963
1 0.41901041666666666 0.7351851851851852 0.4265625 0.7379629629629629 0.42864583333333334 0.7439814814814815 0.42526041666666664 0.7712962962962963 0.42213541666666665 0.775 0.40729166666666666 0.774537037037037 0.4049479166666667 0.7671296296296296 0.409375 0.7379629629629629 0.41875 0.7351851851851852
1 0.3453125 0.8689814814814815 0.35208333333333336 0.8805555555555555 0.35260416666666666 0.9078703703703703 0.34375 0.9388888888888889 0.34140625 0.9425925925925925 0.33255208333333336 0.9444444444444444 0.32083333333333336 0.9444444444444444 0.3177083333333333 0.9412037037037037 0.3171875 0.9305555555555556 0.3203125 0.9087962962962963 0.33151041666666664 0.8763888888888889 0.3385416666666667 0.8689814814814815 0.3450520833333333 0.8689814814814815
2 0.3078125 0.8870370370370371 0.31197916666666664 0.8902777777777777 0.3125 0.9009259259259259 0.30703125 0.9199074074074074 0.30364583333333334 0.9194444444444444 0.303125 0.8902777777777777 0.30755208333333334 0.8870370370370371