0 0.39869791666666665 0.5814814814814815 0.4002604166666667 0.5879629629629629 0.4005208333333333 0.612037037037037 0.39401041666666664 0.6337962962962963 0.39140625 0.6356481481481482 0.3768229166666667 0.6333333333333333 0.37734375 0.5986111111111111 0.38333333333333336 0.5828703703703704 0.3984375 0.5814814814814815
0 0.45208333333333334 0.6263888888888889 0.45651041666666664 0.6287037037037037 0.45729166666666665 0.6356481481481482 0.45338541666666665 0.6856481481481481 0.45026041666666666 0.6884259259259259 0.4356770833333333 0.687037037037037 0.43463541666666666 0.674537037037037 0.4359375 0.6504629629629629 0.440625 0.6291666666666667 0.4518229166666667 0.6263888888888889
4 0.47369791666666666 0.47685185185185186 0.47734375 0.4810185185185185 0.47630208333333335 0.4981481481481482 0.4700520833333333 0.500462962962963 0.4671875 0.49444444444444446 0.46640625 0.4842592592592593 0.46770833333333334 0.48009259259259257 0.4734375 0.4773148148148148
4 0.45703125 0.4361111111111111 0.45989583333333334 0.44212962962962965 0.46015625 0.4537037037037037 0.45625 0.4532407407407407 0.45651041666666664 0.449537037037037 0.4515625 0.4425925925925926 0.453125 0.4375 0.45677083333333335 0.4361111111111111
4 0.06484375 0.7662037037037037 0.07421875 0.7699074074074074 0.078125 0.7865740740740741 0.07838541666666667 0.7967592592592593 0.07161458333333333 0.8240740740740741 0.051041666666666666 0.8657407407407407 0.03463541666666667 0.8851851851851852 0.00703125 0.8916666666666667 0 0.8907407407407407 0 0.825925925925926 0.019010416666666665 0.8050925925925926 0.021614583333333333 0.7981481481481482 0.026041666666666668 0.7958333333333333 0.03723958333333333 0.7791666666666667 0.049479166666666664 0.7685185185185185 0.06458333333333334 0.7662037037037037
4 0.4317708333333333 0.4675925925925926 0.434375 0.4703703703703704 0.4348958333333333 0.4842592592592593 0.43411458333333336 0.487962962962963 0.42994791666666665 0.49027777777777776 0.42473958333333334 0.4898148148148148 0.4234375 0.4842592592592593 0.425 0.4708333333333333 0.4315104166666667 0.4675925925925926
4 0.45364583333333336 0.4759259259259259 0.4588541666666667 0.4787037037037037 0.46041666666666664 0.48333333333333334 0.45651041666666664 0.5282407407407408 0.44479166666666664 0.5268518518518519 0.4427083333333333 0.5199074074074074 0.44557291666666665 0.4837962962962963 0.44869791666666664 0.4777777777777778 0.45338541666666665 0.4759259259259259
4 0 0.9157407407407407 0.006510416666666667 0.9157407407407407 0.015885416666666666 0.9273148148148148 0.02109375 0.9694444444444444 0.016666666666666666 0.9842592592592593 0.0171875 0.9912037037037037 0.026822916666666665 0.9944444444444445 0.026041666666666668 0.999537037037037 0.0234375 0.9962962962962963 0.019791666666666666 0.999537037037037 0.010416666666666666 0.999537037037037 0.00859375 0.9967592592592592 0 0.999537037037037 0 0.9162037037037037
4 0.42890625 0.44305555555555554 0.43385416666666665 0.44583333333333336 0.43463541666666666 0.45416666666666666 0.42734375 0.4564814814814815 0.42630208333333336 0.4486111111111111 0.42864583333333334 0.44351851851851853
4 0.4622395833333333 0.5944444444444444 0.4640625 0.5981481481481481 0.46432291666666664 0.6162037037037037 0.46328125 0.6203703703703703 0.459375 0.6212962962962963 0.4505208333333333 0.6199074074074075 0.44973958333333336 0.6111111111111112 0.45234375 0.5944444444444444 0.46197916666666666 0.5944444444444444
4 0.05703125 0.8828703703703704 0.06979166666666667 0.8847222222222222 0.08541666666666667 0.8819444444444444 0.09713541666666667 0.8949074074074074 0.09869791666666666 0.9087962962962963 0.10078125 0.9111111111111111 0.12005208333333334 0.9046296296296297 0.12265625 0.9115740740740741 0.11588541666666667 0.924537037037037 0.11276041666666667 0.9421296296296297 0.09166666666666666 0.9773148148148149 0.08229166666666667 0.9837962962962963 0.06666666666666667 0.9796296296296296 0.047135416666666666 0.9847222222222223 0.0421875 0.9824074074074074 0.03828125 0.9722222222222222 0.039322916666666666 0.9138888888888889 0.04921875 0.8847222222222222 0.05677083333333333 0.8828703703703704
4 0.45651041666666664 0.43842592592592594 0.46197916666666666 0.449537037037037 0.46015625 0.45740740740740743 0.4544270833333333 0.45416666666666666 0.45260416666666664 0.44212962962962965 0.45625 0.43842592592592594
4 0.4205729166666667 0.5694444444444444 0.4231770833333333 0.5819444444444445 0.42213541666666665 0.5953703703703703 0.41848958333333336 0.5990740740740741 0.40859375 0.5986111111111111 0.4078125 0.5912037037037037 0.40963541666666664 0.5777777777777777 0.4125 0.5708333333333333 0.4203125 0.5694444444444444
4 0.56953125 0.5018518518518519 0.5752604166666667 0.5050925925925925 0.57578125 0.5148148148148148 0.5734375 0.5189814814814815 0.5684895833333333 0.5203703703703704 0.5565104166666667 0.5189814814814815 0.5552083333333333 0.5152777777777777 0.5596354166666667 0.5041666666666667 0.5692708333333333 0.5018518518518519
4 0.44453125 0.43703703703703706 0.44609375 0.4388888888888889 0.446875 0.4527777777777778 0.4440104166666667 0.4550925925925926 0.43802083333333336 0.4532407407407407 0.4375 0.4412037037037037 0.4393229166666667 0.4361111111111111 0.44427083333333334 0.43703703703703706
4 0.1578125 0.8171296296296297 0.16197916666666667 0.8240740740740741 0.16197916666666667 0.8634259259259259 0.14036458333333332 0.8944444444444445 0.134375 0.8949074074074074 0.13020833333333334 0.8893518518518518 0.11979166666666667 0.8925925925925926 0.10911458333333333 0.8898148148148148 0.10677083333333333 0.8564814814814815 0.10807291666666667 0.8412037037037037 0.12291666666666666 0.8208333333333333 0.15755208333333334 0.8175925925925925
4 0.42526041666666664 0.38425925925925924 0.42890625 0.387037037037037 0.42942708333333335 0.3939814814814815 0.42526041666666664 0.39675925925925926 0.42265625 0.39444444444444443 0.425 0.38472222222222224
4 0.43333333333333335 0.6134259259259259 0.43828125 0.6162037037037037 0.43984375 0.6222222222222222 0.43854166666666666 0.6365740740740741 0.4356770833333333 0.6416666666666667 0.425 0.6416666666666667 0.4231770833333333 0.6388888888888888 0.42526041666666664 0.6166666666666667 0.43307291666666664 0.6134259259259259
4 0.44947916666666665 0.5513888888888889 0.45208333333333334 0.5569444444444445 0.44947916666666665 0.5763888888888888 0.4390625 0.5763888888888888 0.43697916666666664 0.5722222222222222 0.43723958333333335 0.562962962962963 0.440625 0.5513888888888889 0.44921875 0.5513888888888889
4 0.16432291666666668 0.8814814814814815 0.171875 0.8828703703703704 0.17630208333333333 0.8875 0.17760416666666667 0.8953703703703704 0.1765625 0.9037037037037037 0.15078125 0.9490740740740741 0.1421875 0.9435185185185185 0.13697916666666668 0.9351851851851852 0.13828125 0.9023148148148148 0.15052083333333333 0.8819444444444444 0.1640625 0.8814814814814815
4 0.45989583333333334 0.4583333333333333 0.4627604166666667 0.46296296296296297 0.4635416666666667 0.47453703703703703 0.45989583333333334 0.4787037037037037 0.45390625 0.47314814814814815 0.45546875 0.4601851851851852 0.4596354166666667 0.4587962962962963
1 0.43203125 0.44351851851851853 0.43463541666666666 0.4486111111111111 0.43307291666666664 0.4564814814814815 0.4278645833333333 0.4564814814814815 0.42630208333333336 0.4532407407407407 0.4270833333333333 0.44583333333333336 0.4317708333333333 0.44351851851851853
1 0.42552083333333335 0.38472222222222224 0.4296875 0.3902777777777778 0.42942708333333335 0.39444444444444443 0.42604166666666665 0.39675925925925926 0.42239583333333336 0.3939814814814815 0.42526041666666664 0.38472222222222224
1 0.4609375 0.4597222222222222 0.46380208333333334 0.4740740740740741 0.45989583333333334 0.4777777777777778 0.45416666666666666 0.47453703703703703 0.45390625 0.4703703703703704 0.45625 0.4601851851851852 0.46067708333333335 0.4597222222222222
1 0.45703125 0.43796296296296294 0.46197916666666666 0.449537037037037 0.45989583333333334 0.45694444444444443 0.4557291666666667 0.45601851851851855 0.45208333333333334 0.44305555555555554 0.453125 0.43842592592592594 0.45677083333333335 0.43796296296296294
2 0.42213541666666665 0.5412037037037037 0.42473958333333334 0.5476851851851852 0.42421875 0.5560185185185185 0.42239583333333336 0.5587962962962963 0.4200520833333333 0.5578703703703703 0.4192708333333333 0.5537037037037037 0.421875 0.5412037037037037
2 0.4078125 0.5333333333333333 0.41119791666666666 0.538425925925926 0.41041666666666665 0.5476851851851852 0.4078125 0.55 0.40651041666666665 0.5416666666666666 0.4078125 0.5337962962962963
2 0.46328125 0.5564814814814815 0.46510416666666665 0.5606481481481481 0.46380208333333334 0.5736111111111111 0.46119791666666665 0.5731481481481482 0.46041666666666664 0.5685185185185185 0.46067708333333335 0.5606481481481481 0.4630208333333333 0.5569444444444445
2 0.4640625 0.5305555555555556 0.465625 0.5416666666666666 0.46380208333333334 0.5453703703703704 0.46171875 0.5416666666666666 0.46197916666666666 0.5324074074074074 0.46380208333333334 0.5305555555555556