4 0.7638020833333333 0.7532407407407408 0.7755208333333333 0.7550925925925925 0.7783854166666667 0.7583333333333333 0.778125 0.7657407407407407 0.78125 0.7717592592592593 0.79140625 0.775 0.7973958333333333 0.7865740740740741 0.8049479166666667 0.7898148148148149 0.8052083333333333 0.8078703703703703 0.8026041666666667 0.8115740740740741 0.77421875 0.8078703703703703 0.7645833333333333 0.7912037037037037 0.7544270833333333 0.788425925925926 0.7479166666666667 0.7925925925925926 0.7458333333333333 0.7898148148148149 0.7442708333333333 0.7777777777777778 0.74609375 0.7620370370370371 0.7583333333333333 0.7527777777777778 0.7635416666666667 0.7532407407407408
4 0.03802083333333333 0.7268518518518519 0.04296875 0.7310185185185185 0.046614583333333334 0.7273148148148149 0.0546875 0.7282407407407407 0.054947916666666666 0.7421296296296296 0.059375 0.749537037037037 0.057291666666666664 0.8018518518518518 0.05364583333333333 0.8231481481481482 0.05078125 0.8074074074074075 0.05260416666666667 0.7754629629629629 0.05026041666666667 0.7712962962962963 0.0390625 0.7731481481481481 0.03671875 0.7722222222222223 0.036458333333333336 0.7680555555555556 0.03619791666666667 0.7722222222222223 0.03046875 0.774074074074074 0 0.7731481481481481 0 0.7643518518518518 0.0018229166666666667 0.7638888888888888 0.0036458333333333334 0.7527777777777778 0.00703125 0.7472222222222222 0.009375 0.7305555555555555 0.024739583333333332 0.725462962962963 0.037760416666666664 0.7268518518518519
4 0.40625 0.7236111111111111 0.4122395833333333 0.7305555555555555 0.41119791666666666 0.7481481481481481 0.4046875 0.7458333333333333 0.39401041666666664 0.7476851851851852 0.3932291666666667 0.7453703703703703 0.39348958333333334 0.7342592592592593 0.39739583333333334 0.7273148148148149 0.4005208333333333 0.7236111111111111 0.40598958333333335 0.7236111111111111
4 0.4088541666666667 0.7476851851851852 0.41510416666666666 0.7574074074074074 0.41484375 0.7694444444444445 0.4114583333333333 0.7736111111111111 0.4044270833333333 0.7703703703703704 0.39375 0.7717592592592593 0.3924479166666667 0.7671296296296296 0.39296875 0.7569444444444444 0.39609375 0.75 0.4010416666666667 0.7467592592592592 0.40859375 0.7476851851851852
4 0.21822916666666667 0.9199074074074074 0.234375 0.9222222222222223 0.24036458333333333 0.9291666666666667 0.24427083333333333 0.9421296296296297 0.24895833333333334 0.9490740740740741 0.24973958333333332 0.9796296296296296 0.25859375 0.9842592592592593 0.259375 0.9953703703703703 0.25807291666666665 0.999537037037037 0.20859375 0.999537037037037 0.20598958333333334 0.9972222222222222 0.19947916666666668 0.999537037037037 0.14140625 0.999537037037037 0.140625 0.9972222222222222 0.13776041666666666 0.999537037037037 0.07005208333333333 0.999537037037037 0.07057291666666667 0.9944444444444445 0.08203125 0.9837962962962963 0.16380208333333332 0.9277777777777778 0.18411458333333333 0.9203703703703704 0.21796875 0.9199074074074074
3 0.38125 0.7194444444444444 0.38723958333333336 0.7203703703703703 0.39010416666666664 0.7268518518518519 0.3921875 0.7726851851851851 0.390625 0.8060185185185185 0.38828125 0.8106481481481481 0.3796875 0.8162037037037037 0.3763020833333333 0.825462962962963 0.3697916666666667 0.8324074074074074 0.3640625 0.8314814814814815 0.35963541666666665 0.825462962962963 0.33880208333333334 0.8277777777777777 0.33125 0.8319444444444445 0.32369791666666664 0.8148148148148148 0.321875 0.7953703703703704 0.32265625 0.7717592592592593 0.32447916666666665 0.7675925925925926 0.353125 0.7518518518518519 0.35885416666666664 0.7212962962962963 0.3809895833333333 0.7194444444444444
1 0.425 0.7314814814814815 0.42526041666666664 0.75 0.42213541666666665 0.7550925925925925 0.41640625 0.7541666666666667 0.4140625 0.7481481481481481 0.41744791666666664 0.7337962962962963 0.42473958333333334 0.7314814814814815
1 0.0859375 0.8717592592592592 0.09895833333333333 0.8763888888888889 0.109375 0.8847222222222222 0.11223958333333334 0.8907407407407407 0.11223958333333334 0.9143518518518519 0.10572916666666667 0.9421296296296297 0.09895833333333333 0.9444444444444444 0.0953125 0.9402777777777778 0.09140625 0.9402777777777778 0.07213541666666666 0.9513888888888888 0.06588541666666667 0.9662037037037037 0.06067708333333333 0.9717592592592592 0.045572916666666664 0.9675925925925926 0.00625 0.9722222222222222 0 0.9694444444444444 0 0.9296296296296296 0.01640625 0.9120370370370371 0.01875 0.9046296296296297 0.03854166666666667 0.8824074074074074 0.047135416666666666 0.8763888888888889 0.06171875 0.8722222222222222 0.08567708333333333 0.8717592592592592
1 0.42526041666666664 0.6939814814814815 0.4265625 0.6986111111111111 0.42526041666666664 0.7083333333333334 0.415625 0.7078703703703704 0.41380208333333335 0.7032407407407407 0.41770833333333335 0.6953703703703704 0.425 0.6939814814814815
1 0.2953125 0.7921296296296296 0.30078125 0.7962962962962963 0.30390625 0.8032407407407407 0.30364583333333334 0.8240740740740741 0.3015625 0.8291666666666667 0.29375 0.8324074074074074 0.28984375 0.8393518518518519 0.28229166666666666 0.8379629629629629 0.2625 0.8421296296296297 0.25859375 0.8402777777777778 0.25755208333333335 0.8268518518518518 0.25859375 0.8189814814814815 0.265625 0.8027777777777778 0.2752604166666667 0.7925925925925926 0.2950520833333333 0.7921296296296296
1 0.45078125 0.7041666666666667 0.4549479166666667 0.7134259259259259 0.453125 0.7199074074074074 0.44973958333333336 0.7212962962962963 0.44296875 0.7189814814814814 0.4421875 0.7064814814814815 0.44583333333333336 0.7027777777777777 0.4505208333333333 0.7041666666666667