0 0.46041666666666664 0.5791666666666667 0.46510416666666665 0.5837962962962963 0.4630208333333333 0.624537037037037 0.46041666666666664 0.6296296296296297 0.44947916666666665 0.6291666666666667 0.446875 0.625462962962963 0.4471354166666667 0.6037037037037037 0.4505208333333333 0.5814814814814815 0.46015625 0.5791666666666667
4 0.45807291666666666 0.4449074074074074 0.46041666666666664 0.45 0.46015625 0.4564814814814815 0.453125 0.4583333333333333 0.45078125 0.4527777777777778 0.45078125 0.4462962962962963 0.4578125 0.4449074074074074
4 0.45989583333333334 0.45740740740740743 0.4622395833333333 0.4652777777777778 0.45989583333333334 0.4759259259259259 0.4518229166666667 0.4703703703703704 0.453125 0.4587962962962963 0.4596354166666667 0.45740740740740743
4 0.06875 0.7805555555555556 0.07473958333333333 0.7851851851851852 0.078125 0.8013888888888889 0.07734375 0.8097222222222222 0.07135416666666666 0.8277777777777777 0.07135416666666666 0.8379629629629629 0.06484375 0.8467592592592592 0.05 0.8805555555555555 0.0375 0.8958333333333334 0.028645833333333332 0.9032407407407408 0.00625 0.9078703703703703 0 0.9074074074074074 0 0.8425925925925926 0.009375 0.825925925925926 0.015885416666666666 0.8217592592592593 0.02734375 0.8078703703703703 0.0375 0.7902777777777777 0.05026041666666667 0.7819444444444444 0.06848958333333334 0.7805555555555556
4 0.4390625 0.42407407407407405 0.44088541666666664 0.4351851851851852 0.43463541666666666 0.43425925925925923 0.4348958333333333 0.4273148148148148 0.4388020833333333 0.42453703703703705
4 0.4466145833333333 0.4550925925925926 0.4479166666666667 0.4703703703703704 0.4427083333333333 0.475462962962963 0.43828125 0.4736111111111111 0.4375 0.45740740740740743 0.4390625 0.4537037037037037 0.44635416666666666 0.4550925925925926
4 0.37083333333333335 0.6620370370370371 0.3729166666666667 0.6648148148148149 0.3736979166666667 0.674537037037037 0.37213541666666666 0.7046296296296296 0.36302083333333335 0.7324074074074074 0.36015625 0.7351851851851852 0.34140625 0.7328703703703704 0.3411458333333333 0.6935185185185185 0.35234375 0.6638888888888889 0.37057291666666664 0.6620370370370371
4 0.15182291666666667 0.825925925925926 0.1578125 0.8277777777777777 0.15989583333333332 0.8342592592592593 0.1609375 0.8791666666666667 0.15260416666666668 0.8944444444444445 0.14635416666666667 0.899074074074074 0.140625 0.9111111111111111 0.13723958333333333 0.913425925925926 0.13229166666666667 0.9115740740740741 0.13020833333333334 0.9060185185185186 0.128125 0.9092592592592592 0.12317708333333334 0.9097222222222222 0.10911458333333333 0.9055555555555556 0.10703125 0.8976851851851851 0.10677083333333333 0.8597222222222223 0.12291666666666666 0.8337962962962963 0.140625 0.8333333333333334 0.14401041666666667 0.8268518518518518 0.1515625 0.825925925925926
4 0.45989583333333334 0.4828703703703704 0.46197916666666666 0.49074074074074076 0.46041666666666664 0.5120370370370371 0.4484375 0.512962962962963 0.4466145833333333 0.5018518518518519 0.44921875 0.48703703703703705 0.45989583333333334 0.48333333333333334
4 0.08489583333333334 0.899074074074074 0.096875 0.9111111111111111 0.0984375 0.9356481481481481 0.1125 0.937037037037037 0.11484375 0.9532407407407407 0.11015625 0.9657407407407408 0.09791666666666667 0.9796296296296296 0.09505208333333333 0.9916666666666667 0.08229166666666667 0.999537037037037 0.06588541666666667 0.999537037037037 0.0640625 0.9972222222222222 0.06197916666666667 0.999537037037037 0.043229166666666666 0.999537037037037 0.0390625 0.9953703703703703 0.03802083333333333 0.9300925925925926 0.04973958333333333 0.899537037037037 0.07005208333333333 0.9013888888888889 0.08463541666666667 0.899074074074074
4 0.4270833333333333 0.4949074074074074 0.42734375 0.5152777777777777 0.4236979166666667 0.5194444444444445 0.41640625 0.5185185185185185 0.4166666666666667 0.5013888888888889 0.41953125 0.4949074074074074 0.42682291666666666 0.4949074074074074
4 0 0.9342592592592592 0.005208333333333333 0.9342592592592592 0.015625 0.9472222222222222 0.021875 0.9814814814814815 0.026041666666666668 0.9787037037037037 0.028645833333333332 0.9837962962962963 0.029166666666666667 0.9930555555555556 0.03307291666666667 0.9944444444444445 0.029166666666666667 0.9949074074074075 0.026041666666666668 0.999537037037037 0 0.9962962962962963 0 0.9347222222222222
4 0.40208333333333335 0.637962962962963 0.40546875 0.6402777777777777 0.40703125 0.6541666666666667 0.40598958333333335 0.6648148148148149 0.4015625 0.6768518518518518 0.3888020833333333 0.6759259259259259 0.38776041666666666 0.6643518518518519 0.39348958333333334 0.6407407407407407 0.40182291666666664 0.637962962962963
4 0.44244791666666666 0.5537037037037037 0.44427083333333334 0.5333333333333333 0.44895833333333335 0.5310185185185186 0.453125 0.5324074074074074 0.4546875 0.5361111111111111 0.4552083333333333 0.5523148148148148 0.453125 0.5555555555555556 0.4427083333333333 0.5537037037037037
4 0.43333333333333335 0.4759259259259259 0.4356770833333333 0.4912037037037037 0.42994791666666665 0.4930555555555556 0.42630208333333336 0.487962962962963 0.4270833333333333 0.47824074074074074 0.42864583333333334 0.475 0.43307291666666664 0.4759259259259259
3 0.4471354166666667 0.4550925925925926 0.44817708333333334 0.4708333333333333 0.4434895833333333 0.475462962962963 0.43776041666666665 0.47314814814814815 0.4375 0.45740740740740743 0.4390625 0.4537037037037037 0.446875 0.4550925925925926
3 0.16770833333333332 0.8800925925925925 0.17864583333333334 0.8777777777777778 0.18619791666666666 0.8694444444444445 0.20286458333333332 0.8694444444444445 0.19375 0.8921296296296296 0.16536458333333334 0.9435185185185185 0.15390625 0.9629629629629629 0.14791666666666667 0.9680555555555556 0.13802083333333334 0.9597222222222223 0.13515625 0.937962962962963 0.1359375 0.9273148148148148 0.14609375 0.9004629629629629 0.16822916666666668 0.8916666666666667 0.17005208333333333 0.8865740740740741 0.16692708333333334 0.8833333333333333 0.16770833333333332 0.8805555555555555
3 0 0.9337962962962963 0.0049479166666666664 0.9337962962962963 0.015625 0.9472222222222222 0.022395833333333334 0.9800925925925926 0.029427083333333333 0.9787037037037037 0.03307291666666667 0.9708333333333333 0.03619791666666667 0.9837962962962963 0.03619791666666667 0.9944444444444445 0.028645833333333332 0.999537037037037 0 0.9972222222222222 0 0.9342592592592592
1 0.45677083333333335 0.4439814814814815 0.46041666666666664 0.449537037037037 0.46041666666666664 0.45555555555555555 0.4583333333333333 0.45740740740740743 0.45364583333333336 0.45694444444444443 0.4505208333333333 0.45046296296296295 0.4510416666666667 0.44537037037037036 0.45651041666666664 0.4439814814814815
1 0.4674479166666667 0.5550925925925926 0.4708333333333333 0.5648148148148148 0.4705729166666667 0.575 0.46848958333333335 0.5768518518518518 0.4596354166666667 0.5768518518518518 0.45807291666666666 0.5722222222222222 0.4596354166666667 0.5569444444444445 0.4671875 0.5550925925925926
1 0.440625 0.5810185185185185 0.44453125 0.5847222222222223 0.44505208333333335 0.6013888888888889 0.4427083333333333 0.6060185185185185 0.4359375 0.6064814814814815 0.43203125 0.6050925925925926 0.43203125 0.5893518518518519 0.43463541666666666 0.5814814814814815 0.44036458333333334 0.5810185185185185