4 0.4786458333333333 0.6296296296296297 0.47994791666666664 0.6416666666666667 0.47734375 0.6472222222222223 0.46953125 0.6462962962962963 0.46848958333333335 0.6333333333333333 0.4703125 0.6287037037037037 0.4783854166666667 0.6296296296296297
4 0.46875 0.5671296296296297 0.4713541666666667 0.5708333333333333 0.4703125 0.5805555555555556 0.4622395833333333 0.5782407407407407 0.4627604166666667 0.5694444444444444 0.46848958333333335 0.5671296296296297
4 0.5122395833333333 0.6212962962962963 0.515625 0.6291666666666667 0.515625 0.6333333333333333 0.5130208333333334 0.6351851851851852 0.5026041666666666 0.6333333333333333 0.5026041666666666 0.6231481481481481 0.5119791666666667 0.6212962962962963
4 0.44036458333333334 0.600925925925926 0.4421875 0.6152777777777778 0.4390625 0.6208333333333333 0.43255208333333334 0.6203703703703703 0.4317708333333333 0.6138888888888889 0.434375 0.6023148148148149 0.4401041666666667 0.600925925925926
4 0.48072916666666665 0.5625 0.48489583333333336 0.5675925925925925 0.48411458333333335 0.5833333333333334 0.47942708333333334 0.5847222222222223 0.475 0.5814814814814815 0.47578125 0.5671296296296297 0.48046875 0.562962962962963
4 0.11015625 0.9689814814814814 0.11588541666666667 0.9712962962962963 0.140625 0.9689814814814814 0.14791666666666667 0.9842592592592593 0.14765625 0.999537037037037 0.09921875 0.999537037037037 0.10104166666666667 0.9875 0.10729166666666666 0.9708333333333333 0.10989583333333333 0.9689814814814814
4 0.45026041666666666 0.549537037037037 0.45286458333333335 0.5569444444444445 0.45078125 0.562962962962963 0.4453125 0.5606481481481481 0.44609375 0.55 0.45 0.549537037037037
4 0.453125 0.600925925925926 0.45755208333333336 0.6027777777777777 0.45859375 0.6134259259259259 0.453125 0.6152777777777778 0.44973958333333336 0.6129629629629629 0.4505208333333333 0.6037037037037037 0.45286458333333335 0.6013888888888889
4 0.46901041666666665 0.5800925925925926 0.47161458333333334 0.5847222222222223 0.471875 0.5916666666666667 0.46848958333333335 0.5949074074074074 0.4635416666666667 0.5944444444444444 0.4625 0.5884259259259259 0.46328125 0.5814814814814815 0.46875 0.5800925925925926
4 0.20807291666666666 0.9731481481481481 0.21302083333333333 0.9745370370370371 0.21588541666666666 0.9800925925925926 0.21666666666666667 0.9912037037037037 0.21510416666666668 0.999537037037037 0.18515625 0.999537037037037 0.1890625 0.9763888888888889 0.19453125 0.9731481481481481 0.2078125 0.9731481481481481
4 0.3553385416666667 0.9576388888888889 0.03411458333333333 0.0763888888888889
3 0.18411458333333333 0.9171296296296296 0.19973958333333333 0.9180555555555555 0.20052083333333334 0.9606481481481481 0.18203125 0.9884259259259259 0.1703125 0.986574074074074 0.16145833333333334 0.9888888888888889 0.15442708333333333 0.9856481481481482 0.15286458333333333 0.9819444444444444 0.15390625 0.9384259259259259 0.16822916666666668 0.9185185185185185 0.18385416666666668 0.9171296296296296
1 0.46953125 0.5671296296296297 0.4713541666666667 0.5712962962962963 0.4703125 0.5796296296296296 0.46328125 0.5796296296296296 0.4622395833333333 0.5763888888888888 0.4635416666666667 0.5680555555555555 0.46927083333333336 0.5671296296296297
1 0.4552083333333333 0.5814814814814815 0.4583333333333333 0.587037037037037 0.45677083333333335 0.5935185185185186 0.45 0.5916666666666667 0.4510416666666667 0.5833333333333334 0.4549479166666667 0.5814814814814815
1 0.4432291666666667 0.5694444444444444 0.44609375 0.5708333333333333 0.44765625 0.5773148148148148 0.4473958333333333 0.5810185185185185 0.44427083333333334 0.5833333333333334 0.4390625 0.5819444444444445 0.4393229166666667 0.5731481481481482 0.44296875 0.5694444444444444