4 0.38697916666666665 0.7796296296296297 0.3893229166666667 0.7930555555555555 0.3890625 0.8055555555555556 0.38385416666666666 0.8347222222222223 0.3807291666666667 0.8402777777777778 0.36276041666666664 0.8384259259259259 0.36276041666666664 0.8194444444444444 0.36614583333333334 0.7939814814814815 0.3703125 0.7819444444444444 0.38671875 0.7796296296296297
4 0.5138020833333333 0.5467592592592593 0.5177083333333333 0.5555555555555556 0.51796875 0.5601851851851852 0.515625 0.5638888888888889 0.5026041666666666 0.5601851851851852 0.5036458333333333 0.549537037037037 0.5135416666666667 0.5467592592592593
4 0.30807291666666664 0.9388888888888889 0.30963541666666666 0.9412037037037037 0.3104166666666667 0.9777777777777777 0.30807291666666664 0.9953703703703703 0.30416666666666664 0.999537037037037 0.26848958333333334 0.999537037037037 0.2682291666666667 0.9944444444444445 0.27265625 0.9708333333333333 0.2833333333333333 0.9425925925925925 0.28854166666666664 0.9384259259259259 0.3078125 0.9388888888888889
4 0.475 0.5694444444444444 0.47734375 0.5787037037037037 0.47734375 0.5875 0.47552083333333334 0.5888888888888889 0.465625 0.5861111111111111 0.4669270833333333 0.5708333333333333 0.4747395833333333 0.5694444444444444
4 0.13020833333333334 0.9055555555555556 0.13880208333333333 0.9212962962962963 0.140625 0.9402777777777778 0.14401041666666667 0.9435185185185185 0.15338541666666666 0.9425925925925925 0.15260416666666668 0.9634259259259259 0.13932291666666666 0.9842592592592593 0.13671875 0.9953703703703703 0.13203125 0.999537037037037 0.08958333333333333 0.999537037037037 0.08671875 0.9930555555555556 0.08515625 0.9708333333333333 0.08619791666666667 0.9328703703703703 0.09635416666666667 0.9087962962962963 0.12994791666666666 0.9055555555555556
4 0.4401041666666667 0.5148148148148148 0.4432291666666667 0.5226851851851851 0.44244791666666666 0.5342592592592592 0.43385416666666665 0.5328703703703703 0.4356770833333333 0.5171296296296296 0.43984375 0.5148148148148148
4 0.48072916666666665 0.49722222222222223 0.48411458333333335 0.5009259259259259 0.48411458333333335 0.5148148148148148 0.48046875 0.5162037037037037 0.47604166666666664 0.5125 0.47708333333333336 0.49953703703703706 0.48046875 0.4976851851851852
4 0.171875 0.8490740740740741 0.18567708333333333 0.8486111111111111 0.19375 0.8546296296296296 0.19270833333333334 0.8972222222222223 0.17239583333333333 0.924537037037037 0.16536458333333334 0.9203703703703704 0.14739583333333334 0.9171296296296296 0.14427083333333332 0.9097222222222222 0.14427083333333332 0.8796296296296297 0.14635416666666667 0.8712962962962963 0.1609375 0.85 0.17161458333333332 0.8490740740740741
4 0.05911458333333333 0.937037037037037 0.06822916666666666 0.9495370370370371 0.07135416666666666 0.9675925925925926 0.07838541666666667 0.9648148148148148 0.08255208333333333 0.9689814814814814 0.08463541666666667 0.9875 0.08333333333333333 0.999537037037037 0.0359375 0.999537037037037 0.03411458333333333 0.9972222222222222 0.012239583333333333 0.999537037037037 0.00859375 0.9944444444444445 0.008333333333333333 0.9837962962962963 0.011458333333333333 0.9675925925925926 0.023958333333333335 0.9416666666666667 0.058854166666666666 0.937037037037037
4 0.4671875 0.5083333333333333 0.4708333333333333 0.5148148148148148 0.4703125 0.524537037037037 0.46875 0.5254629629629629 0.4635416666666667 0.525 0.4622395833333333 0.5222222222222223 0.4630208333333333 0.5111111111111111 0.4669270833333333 0.5083333333333333
4 0.4546875 0.5222222222222223 0.45755208333333336 0.5296296296296297 0.45651041666666664 0.5342592592592592 0.45390625 0.5351851851851852 0.44947916666666665 0.5351851851851852 0.44921875 0.5282407407407408 0.4513020833333333 0.5226851851851851 0.4544270833333333 0.5222222222222223
4 0.46848958333333335 0.4962962962962963 0.47109375 0.500462962962963 0.46901041666666665 0.5092592592592593 0.4640625 0.5092592592592593 0.4622395833333333 0.5055555555555555 0.46328125 0.49675925925925923 0.46822916666666664 0.4962962962962963
3 0.21015625 0.8870370370370371 0.2140625 0.8888888888888888 0.22838541666666667 0.8856481481481482 0.23125 0.8870370370370371 0.23072916666666668 0.8907407407407407 0.21692708333333333 0.9208333333333333 0.209375 0.9305555555555556 0.203125 0.9458333333333333 0.1890625 0.9685185185185186 0.17838541666666666 0.9638888888888889 0.1765625 0.9601851851851851 0.17473958333333334 0.950925925925926 0.17447916666666666 0.9291666666666667 0.18229166666666666 0.9111111111111111 0.19765625 0.9 0.20625 0.8865740740740741 0.20989583333333334 0.8870370370370371
3 0.13098958333333333 0.9064814814814814 0.13932291666666666 0.9212962962962963 0.140625 0.9287037037037037 0.14348958333333334 0.9263888888888889 0.14375 0.9217592592592593 0.16744791666666667 0.925 0.16588541666666667 0.9388888888888889 0.16145833333333334 0.9495370370370371 0.13932291666666666 0.9847222222222223 0.13645833333333332 0.9953703703703703 0.13203125 0.999537037037037 0.08828125 0.999537037037037 0.08515625 0.9708333333333333 0.08645833333333333 0.9324074074074075 0.09479166666666666 0.9111111111111111 0.09869791666666666 0.9069444444444444 0.11041666666666666 0.9092592592592592 0.13072916666666667 0.9064814814814814
1 0.5125 0.5462962962962963 0.5151041666666667 0.5476851851851852 0.5174479166666667 0.5541666666666667 0.5177083333333333 0.5606481481481481 0.515625 0.5634259259259259 0.5033854166666667 0.5601851851851852 0.5041666666666667 0.549537037037037 0.5122395833333333 0.5462962962962963
1 0.4669270833333333 0.5087962962962963 0.4705729166666667 0.5120370370370371 0.4703125 0.524074074074074 0.4661458333333333 0.5254629629629629 0.4625 0.5226851851851851 0.4630208333333333 0.5115740740740741 0.4666666666666667 0.5092592592592593
1 0.4546875 0.4986111111111111 0.45755208333333336 0.5046296296296297 0.4549479166666667 0.5106481481481482 0.45 0.5101851851851852 0.44869791666666664 0.5060185185185185 0.45026041666666666 0.49953703703703706 0.4544270833333333 0.4986111111111111
1 0.4427083333333333 0.4912037037037037 0.4453125 0.5018518518518519 0.44244791666666666 0.5050925925925925 0.4375 0.5023148148148148 0.4390625 0.49166666666666664 0.44244791666666666 0.4912037037037037
1 0.44609375 0.4675925925925926 0.44869791666666664 0.4703703703703704 0.44973958333333336 0.48009259259259257 0.4427083333333333 0.48055555555555557 0.4427083333333333 0.4699074074074074 0.44583333333333336 0.46805555555555556
1 0.46770833333333334 0.49583333333333335 0.47109375 0.5009259259259259 0.46901041666666665 0.5087962962962963 0.46432291666666664 0.5087962962962963 0.4625 0.5055555555555555 0.4627604166666667 0.4981481481481482 0.4674479166666667 0.49583333333333335