4 0.43333333333333335 0.6421296296296296 0.43671875 0.6472222222222223 0.43723958333333335 0.6578703703703703 0.4354166666666667 0.6620370370370371 0.42864583333333334 0.6648148148148149 0.42526041666666664 0.662962962962963 0.425 0.6467592592592593 0.428125 0.6421296296296296 0.43307291666666664 0.6421296296296296
4 0.4510416666666667 0.649074074074074 0.008333333333333333 0.013888888888888888
4 0.05416666666666667 0.7851851851851852 0.058854166666666666 0.8263888888888888 0.057291666666666664 0.8592592592592593 0.040364583333333336 0.8662037037037037 0.0359375 0.8634259259259259 0.023697916666666666 0.8717592592592592 0.01875 0.8694444444444445 0.019270833333333334 0.8537037037037037 0.025260416666666667 0.8384259259259259 0.025 0.8287037037037037 0.031510416666666666 0.8194444444444444 0.03177083333333333 0.812962962962963 0.030208333333333334 0.8087962962962963 0.016927083333333332 0.7972222222222223 0.008854166666666666 0.7930555555555555 0.009114583333333334 0.7898148148148149 0.01953125 0.7856481481481481 0.05390625 0.7851851851851852
4 0.39479166666666665 0.8134259259259259 0.40963541666666664 0.8175925925925925 0.4119791666666667 0.825462962962963 0.41119791666666666 0.8592592592592593 0.40182291666666664 0.8777777777777778 0.390625 0.8902777777777777 0.38359375 0.8870370370370371 0.37994791666666666 0.8888888888888888 0.37161458333333336 0.8810185185185185 0.3731770833333333 0.8342592592592593 0.38359375 0.8157407407407408 0.39453125 0.8134259259259259
4 0.3645833333333333 0.7722222222222223 0.36770833333333336 0.774074074074074 0.3697916666666667 0.7800925925925926 0.3697916666666667 0.799074074074074 0.36302083333333335 0.8078703703703703 0.3455729166666667 0.8092592592592592 0.34296875 0.8 0.34427083333333336 0.7865740740740741 0.35234375 0.7731481481481481 0.36432291666666666 0.7722222222222223
4 0.27838541666666666 0.8037037037037037 0.2875 0.8055555555555556 0.290625 0.8101851851851852 0.28984375 0.8435185185185186 0.2872395833333333 0.8486111111111111 0.2799479166666667 0.8537037037037037 0.2760416666666667 0.8495370370370371 0.26536458333333335 0.8513888888888889 0.26067708333333334 0.8421296296296297 0.26197916666666665 0.8356481481481481 0.26848958333333334 0.8245370370370371 0.26536458333333335 0.8143518518518519 0.26614583333333336 0.8106481481481481 0.2713541666666667 0.8050925925925926 0.278125 0.8037037037037037
4 0.33541666666666664 0.8 0.33958333333333335 0.8069444444444445 0.34088541666666666 0.8347222222222223 0.3385416666666667 0.8407407407407408 0.33307291666666666 0.8449074074074074 0.33151041666666664 0.8523148148148149 0.32447916666666665 0.85 0.30703125 0.8513888888888889 0.3059895833333333 0.8384259259259259 0.31015625 0.8175925925925925 0.3171875 0.8041666666666667 0.32369791666666664 0.8 0.33515625 0.8
4 0.12057291666666667 0.7842592592592592 0.13541666666666666 0.7865740740740741 0.134375 0.8180555555555555 0.11276041666666667 0.8291666666666667 0.109375 0.8152777777777778 0.10442708333333334 0.8162037037037037 0.10338541666666666 0.8175925925925925 0.10598958333333333 0.8245370370370371 0.10625 0.8351851851851851 0.10234375 0.8351851851851851 0.10182291666666667 0.8314814814814815 0.10130208333333333 0.8069444444444445 0.10338541666666666 0.799074074074074 0.10572916666666667 0.7962962962962963 0.11276041666666667 0.8083333333333333 0.11484375 0.8 0.109375 0.7861111111111111 0.1203125 0.7842592592592592
4 0.46770833333333334 0.6425925925925926 0.471875 0.6532407407407408 0.4705729166666667 0.6611111111111111 0.46041666666666664 0.6574074074074074 0.46145833333333336 0.6444444444444445 0.4674479166666667 0.6425925925925926
4 0.45026041666666666 0.6819444444444445 0.4549479166666667 0.6884259259259259 0.45546875 0.6986111111111111 0.453125 0.7041666666666667 0.44453125 0.7032407407407407 0.44192708333333336 0.6995370370370371 0.44453125 0.6851851851851852 0.45 0.6819444444444445
4 0.45677083333333335 0.6643518518518519 0.4622395833333333 0.6694444444444444 0.46015625 0.6842592592592592 0.453125 0.6833333333333333 0.44869791666666664 0.6787037037037037 0.4515625 0.6675925925925926 0.45651041666666664 0.6643518518518519
4 0.47239583333333335 0.663425925925926 0.47708333333333336 0.6712962962962963 0.47708333333333336 0.675 0.4739583333333333 0.6777777777777778 0.4671875 0.6763888888888889 0.46484375 0.6699074074074074 0.46640625 0.663425925925926 0.47213541666666664 0.663425925925926
3 0.42109375 0.7078703703703704 0.42578125 0.7097222222222223 0.42682291666666666 0.7134259259259259 0.4276041666666667 0.7652777777777777 0.41822916666666665 0.787962962962963 0.39296875 0.7856481481481481 0.38958333333333334 0.7754629629629629 0.3893229166666667 0.7527777777777778 0.39088541666666665 0.7472222222222222 0.40286458333333336 0.7310185185185185 0.40625 0.7092592592592593 0.42083333333333334 0.7078703703703704
1 0.19635416666666666 0.9439814814814815 0.20989583333333334 0.9486111111111111 0.2125 0.9527777777777777 0.21328125 0.9731481481481481 0.21041666666666667 0.999537037037037 0.15729166666666666 0.999537037037037 0.15442708333333333 0.9944444444444445 0.15130208333333334 0.999537037037037 0.1390625 0.999537037037037 0.13880208333333333 0.9944444444444445 0.14296875 0.9819444444444444 0.15390625 0.9634259259259259 0.16640625 0.9486111111111111 0.17421875 0.9444444444444444 0.19609375 0.9439814814814815
1 0.36953125 0.7412037037037037 0.3734375 0.7490740740740741 0.37421875 0.7611111111111111 0.3731770833333333 0.7662037037037037 0.36666666666666664 0.7717592592592593 0.35260416666666666 0.7712962962962963 0.35208333333333336 0.762962962962963 0.3572916666666667 0.7439814814814815 0.3692708333333333 0.7412037037037037
1 0.43645833333333334 0.6671296296296296 0.4453125 0.6754629629629629 0.44453125 0.6805555555555556 0.43984375 0.6824074074074075 0.425 0.6824074074074075 0.42291666666666666 0.6787037037037037 0.42291666666666666 0.675 0.42682291666666666 0.6694444444444444 0.4361979166666667 0.6671296296296296
1 0.44036458333333334 0.7050925925925926 0.4434895833333333 0.7134259259259259 0.4427083333333333 0.7236111111111111 0.43255208333333334 0.7245370370370371 0.42942708333333335 0.7236111111111111 0.42864583333333334 0.7203703703703703 0.43046875 0.7083333333333334 0.4356770833333333 0.7032407407407407 0.4401041666666667 0.7050925925925926
1 0.45703125 0.6643518518518519 0.46197916666666666 0.6694444444444444 0.45989583333333334 0.6837962962962963 0.45260416666666664 0.6824074074074075 0.44895833333333335 0.6782407407407407 0.4513020833333333 0.6680555555555555 0.45677083333333335 0.6643518518518519