0 0.42734375 0.5444444444444444 0.42890625 0.549537037037037 0.42864583333333334 0.5685185185185185 0.421875 0.5722222222222222 0.41796875 0.5717592592592593 0.415625 0.5671296296296297 0.4158854166666667 0.55 0.41875 0.5449074074074074 0.4270833333333333 0.5444444444444444
4 0.453125 0.6865740740740741 0.4557291666666667 0.6921296296296297 0.45598958333333334 0.700925925925926 0.453125 0.7143518518518519 0.45026041666666666 0.7152777777777778 0.4471354166666667 0.6907407407407408 0.44947916666666665 0.6865740740740741 0.45286458333333335 0.6865740740740741
4 0.45338541666666665 0.5226851851851851 0.4588541666666667 0.5291666666666667 0.45677083333333335 0.5347222222222222 0.44973958333333336 0.5333333333333333 0.44973958333333336 0.5263888888888889 0.453125 0.5226851851851851
4 0.05416666666666667 0.7337962962962963 0.05807291666666667 0.737037037037037 0.059895833333333336 0.7527777777777778 0.058854166666666666 0.7763888888888889 0.05520833333333333 0.7907407407407407 0.04140625 0.8074074074074075 0.027864583333333335 0.8111111111111111 0.0203125 0.8226851851851852 0.015885416666666666 0.825462962962963 0 0.8217592592592593 0 0.737037037037037 0.014322916666666666 0.736574074074074 0.019010416666666665 0.7416666666666667 0.029166666666666667 0.7361111111111112 0.05390625 0.7337962962962963
4 0.45338541666666665 0.5694444444444444 0.45703125 0.5777777777777777 0.45651041666666664 0.587037037037037 0.45390625 0.5879629629629629 0.44817708333333334 0.5875 0.44557291666666665 0.5828703703703704 0.44765625 0.5726851851851852 0.453125 0.5694444444444444
4 0.40911458333333334 0.712037037037037 0.41848958333333336 0.7189814814814814 0.41796875 0.7439814814814815 0.4119791666666667 0.7532407407407408 0.39401041666666664 0.7550925925925925 0.3919270833333333 0.7490740740740741 0.39166666666666666 0.7375 0.39739583333333334 0.7166666666666667 0.40130208333333334 0.7125 0.4088541666666667 0.712037037037037
4 0.12473958333333333 0.7782407407407408 0.14114583333333333 0.7782407407407408 0.14375 0.7810185185185186 0.14453125 0.8222222222222222 0.14192708333333334 0.8277777777777777 0.12838541666666667 0.8300925925925926 0.11953125 0.8402777777777778 0.11458333333333333 0.8388888888888889 0.11171875 0.8314814814814815 0.11067708333333333 0.7962962962962963 0.11432291666666666 0.7791666666666667 0.12447916666666667 0.7782407407407408
4 0.061197916666666664 0.8074074074074075 0.065625 0.8092592592592592 0.07604166666666666 0.8314814814814815 0.0765625 0.8458333333333333 0.07291666666666667 0.8601851851851852 0.0515625 0.8810185185185185 0.022916666666666665 0.8972222222222223 0.01640625 0.8976851851851851 0.01484375 0.8865740740740741 0.0109375 0.8763888888888889 0.011197916666666667 0.8453703703703703 0.01484375 0.8342592592592593 0.025520833333333333 0.8138888888888889 0.029427083333333333 0.8111111111111111 0.04401041666666667 0.812037037037037 0.0609375 0.8074074074074075
4 0.42994791666666665 0.5092592592592593 0.43359375 0.5120370370370371 0.434375 0.5212962962962963 0.42890625 0.524537037037037 0.42552083333333335 0.5222222222222223 0.42526041666666664 0.5166666666666667 0.4296875 0.5092592592592593
4 0.4578125 0.5541666666666667 0.46015625 0.5601851851851852 0.45989583333333334 0.5675925925925925 0.45651041666666664 0.5740740740740741 0.45 0.5703703703703704 0.44921875 0.5643518518518519 0.45 0.5569444444444445 0.45286458333333335 0.5527777777777778 0.45755208333333336 0.5541666666666667
4 0.44036458333333334 0.5449074074074074 0.4427083333333333 0.5467592592592593 0.4440104166666667 0.5532407407407407 0.44427083333333334 0.562962962962963 0.4427083333333333 0.5657407407407408 0.434375 0.5634259259259259 0.4356770833333333 0.55 0.4401041666666667 0.5449074074074074
4 0.44453125 0.5837962962962963 0.45 0.5949074074074074 0.44973958333333336 0.6083333333333333 0.44479166666666664 0.6402777777777777 0.4390625 0.6444444444444445 0.42526041666666664 0.6416666666666667 0.42421875 0.6231481481481481 0.4315104166666667 0.5861111111111111 0.4354166666666667 0.5833333333333334 0.44427083333333334 0.5837962962962963
4 0.45807291666666666 0.6300925925925925 0.46328125 0.6328703703703704 0.46510416666666665 0.6449074074074074 0.4630208333333333 0.6611111111111111 0.46067708333333335 0.6657407407407407 0.45677083333333335 0.6671296296296296 0.44921875 0.6666666666666666 0.44635416666666666 0.6601851851851852 0.44921875 0.6328703703703704 0.4578125 0.6300925925925925
4 0.16171875 0.8277777777777777 0.14791666666666667 0.8486111111111111 0.12578125 0.8699074074074075 0.12421875 0.8587962962962963 0.11875 0.8458333333333333 0.12161458333333333 0.8379629629629629 0.134375 0.8277777777777777 0.16145833333333334 0.8273148148148148
4 0.42526041666666664 0.7680555555555556 0.42265625 0.7481481481481481 0.42526041666666664 0.737037037037037 0.42864583333333334 0.737037037037037 0.43072916666666666 0.7472222222222222 0.42864583333333334 0.7657407407407407 0.42552083333333335 0.7680555555555556
4 0.38958333333333334 0.9527777777777777 0.4 0.9634259259259259 0.39921875 0.999537037037037 0.35598958333333336 0.999537037037037 0.3609375 0.9601851851851851 0.36953125 0.9532407407407407 0.3893229166666667 0.9527777777777777
3 0.06276041666666667 0.8078703703703703 0.065625 0.8092592592592592 0.07630208333333334 0.8314814814814815 0.07760416666666667 0.8449074074074074 0.0765625 0.8560185185185185 0.06484375 0.8717592592592592 0.0640625 0.8782407407407408 0.06067708333333333 0.875 0.05703125 0.8837962962962963 0.046614583333333334 0.8837962962962963 0.02109375 0.899537037037037 0.015625 0.899074074074074 0.01484375 0.8888888888888888 0.0109375 0.8787037037037037 0.011458333333333333 0.8453703703703703 0.015104166666666667 0.8342592592592593 0.02578125 0.8138888888888889 0.029427083333333333 0.8111111111111111 0.045572916666666664 0.8115740740740741 0.0625 0.8078703703703703
1 0.45286458333333335 0.5689814814814815 0.45651041666666664 0.5731481481481482 0.45677083333333335 0.586574074074074 0.44895833333333335 0.5875 0.44635416666666666 0.5847222222222223 0.44817708333333334 0.5722222222222222 0.45260416666666664 0.5694444444444444
1 0.45677083333333335 0.5537037037037037 0.45989583333333334 0.5597222222222222 0.45989583333333334 0.5675925925925925 0.45651041666666664 0.5731481481481482 0.45 0.5712962962962963 0.44921875 0.5680555555555555 0.45026041666666666 0.5569444444444445 0.453125 0.5527777777777778 0.45651041666666664 0.5537037037037037
1 0.36171875 0.8597222222222223 0.37083333333333335 0.8629629629629629 0.3736979166666667 0.8671296296296296 0.3736979166666667 0.8902777777777777 0.36614583333333334 0.9185185185185185 0.3419270833333333 0.9166666666666666 0.3385416666666667 0.9208333333333333 0.33489583333333334 0.9189814814814815 0.334375 0.9018518518518519 0.34140625 0.8657407407407407 0.34791666666666665 0.8601851851851852 0.3614583333333333 0.8597222222222223
2 0.32786458333333335 0.6976851851851852 0.328125 0.7106481481481481 0.32447916666666665 0.7162037037037037 0.32109375 0.7162037037037037 0.321875 0.7032407407407407 0.32421875 0.6967592592592593 0.32760416666666664 0.6976851851851852
2 0.47109375 0.5666666666666667 0.4739583333333333 0.5708333333333333 0.4734375 0.5777777777777777 0.47109375 0.5805555555555556 0.46875 0.575925925925926 0.4708333333333333 0.5666666666666667
2 0.45338541666666665 0.6875 0.4557291666666667 0.6935185185185185 0.4557291666666667 0.7027777777777777 0.453125 0.7143518518518519 0.45078125 0.7152777777777778 0.44921875 0.7138888888888889 0.4471354166666667 0.6921296296296297 0.44947916666666665 0.687037037037037 0.453125 0.6875
2 0.4231770833333333 0.7444444444444445 0.42864583333333334 0.7421296296296296 0.43046875 0.7481481481481481 0.42864583333333334 0.7657407407407407 0.42526041666666664 0.7680555555555556 0.4231770833333333 0.7449074074074075