4 0.43333333333333335 0.44722222222222224 0.43723958333333335 0.44907407407407407 0.44036458333333334 0.45925925925925926 0.44088541666666664 0.48009259259259257 0.4393229166666667 0.48333333333333334 0.42916666666666664 0.48333333333333334 0.428125 0.48055555555555557 0.42734375 0.4597222222222222 0.4296875 0.44907407407407407 0.43307291666666664 0.44722222222222224
4 0.44973958333333336 0.45231481481481484 0.45208333333333334 0.4587962962962963 0.45208333333333334 0.4634259259259259 0.45 0.46620370370370373 0.44505208333333335 0.4652777777777778 0.4434895833333333 0.46111111111111114 0.44557291666666665 0.4527777777777778 0.44947916666666665 0.45231481481481484
4 0.40716145833333334 0.517824074074074 0.00546875 0.01712962962962963
4 0.019010416666666665 0.7092592592592593 0.021354166666666667 0.7134259259259259 0.02421875 0.7333333333333333 0.022135416666666668 0.7620370370370371 0.016666666666666666 0.7768518518518519 0.0026041666666666665 0.7875 0 0.7875 0 0.7097222222222223 0.01875 0.7092592592592593
4 0.35572916666666665 0.625 0.35989583333333336 0.6370370370370371 0.35833333333333334 0.6472222222222223 0.35234375 0.6537037037037037 0.3515625 0.6513888888888889 0.35130208333333335 0.6333333333333333 0.35546875 0.625462962962963
4 0.46119791666666665 0.4787037037037037 0.46432291666666664 0.4875 0.46328125 0.4962962962962963 0.4549479166666667 0.49444444444444446 0.4557291666666667 0.48055555555555557 0.4609375 0.4787037037037037
4 0.38359375 0.6171296296296296 0.38697916666666665 0.6199074074074075 0.38828125 0.6273148148148148 0.38697916666666665 0.6388888888888888 0.38359375 0.6425925925925926 0.38255208333333335 0.6407407407407407 0.3809895833333333 0.6231481481481481 0.38359375 0.6175925925925926
4 0.11041666666666666 0.7597222222222222 0.11276041666666667 0.7648148148148148 0.1125 0.8138888888888889 0.09583333333333334 0.8194444444444444 0.08307291666666666 0.8291666666666667 0.07786458333333333 0.8282407407407407 0.07161458333333333 0.8217592592592593 0.06354166666666666 0.8208333333333333 0.05807291666666667 0.8300925925925926 0.054427083333333334 0.8319444444444445 0.051041666666666666 0.8287037037037037 0.05078125 0.7828703703703703 0.054947916666666666 0.7726851851851851 0.058333333333333334 0.7722222222222223 0.06067708333333333 0.7814814814814814 0.06380208333333333 0.7652777777777777 0.07109375 0.7606481481481482 0.11015625 0.7597222222222222
4 0.01953125 0.8055555555555556 0.03125 0.8208333333333333 0.03515625 0.8541666666666666 0.0484375 0.8495370370370371 0.05677083333333333 0.8532407407407407 0.05572916666666667 0.8629629629629629 0.059375 0.8726851851851852 0.057291666666666664 0.8828703703703704 0.038802083333333334 0.899074074074074 0.035416666666666666 0.8976851851851851 0.03229166666666667 0.8837962962962963 0.028645833333333332 0.8777777777777778 0.020572916666666666 0.8768518518518519 0 0.8828703703703704 0 0.8101851851851852 0.019270833333333334 0.8055555555555556
4 0.4127604166666667 0.638425925925926 0.4158854166666667 0.6439814814814815 0.415625 0.6574074074074074 0.41171875 0.6754629629629629 0.4078125 0.6777777777777778 0.3924479166666667 0.6763888888888889 0.39166666666666666 0.6550925925925926 0.39401041666666664 0.6425925925925926 0.39739583333333334 0.637962962962963 0.4125 0.638425925925926
4 0.11692708333333333 0.8194444444444444 0.12421875 0.8236111111111111 0.12265625 0.8347222222222223 0.09557291666666666 0.8671296296296296 0.08255208333333333 0.8787037037037037 0.07864583333333333 0.8731481481481481 0.078125 0.8671296296296296 0.08020833333333334 0.8490740740740741 0.08619791666666667 0.8300925925925926 0.096875 0.8203703703703704 0.11666666666666667 0.8194444444444444
1 0.42734375 0.43287037037037035 0.43072916666666666 0.4398148148148148 0.42630208333333336 0.44537037037037036 0.4234375 0.4425925925925926 0.42265625 0.4356481481481482 0.42473958333333334 0.43194444444444446 0.4270833333333333 0.43287037037037035
1 0.3502604166666667 0.5935185185185186 0.36041666666666666 0.6018518518518519 0.35963541666666665 0.6101851851851852 0.353125 0.6148148148148148 0.3411458333333333 0.6129629629629629 0.3372395833333333 0.5990740740740741 0.3385416666666667 0.5935185185185186 0.35 0.5935185185185186
1 0.45 0.4532407407407407 0.45208333333333334 0.4597222222222222 0.4505208333333333 0.46574074074074073 0.44375 0.46296296296296297 0.44453125 0.4546296296296296 0.44973958333333336 0.4532407407407407
1 0.4153645833333333 0.412962962962963 0.4171875 0.41759259259259257 0.4153645833333333 0.42314814814814816 0.41041666666666665 0.4212962962962963 0.41119791666666666 0.41435185185185186 0.41510416666666666 0.412962962962963
1 0.3854166666666667 0.7981481481481482 0.3919270833333333 0.8018518518518518 0.39348958333333334 0.8083333333333333 0.38697916666666665 0.85 0.38359375 0.8518518518518519 0.3614583333333333 0.8513888888888889 0.359375 0.8495370370370371 0.35885416666666664 0.8379629629629629 0.3645833333333333 0.8023148148148148 0.3697916666666667 0.7986111111111112 0.38515625 0.7981481481481482
2 0.3703125 0.6134259259259259 0.3731770833333333 0.6148148148148148 0.37395833333333334 0.6231481481481481 0.3731770833333333 0.6305555555555555 0.3697916666666667 0.6337962962962963 0.36822916666666666 0.6185185185185185 0.37005208333333334 0.6134259259259259
2 0.3567708333333333 0.6324074074074074 0.35963541666666665 0.6361111111111111 0.35911458333333335 0.6453703703703704 0.35234375 0.6537037037037037 0.35234375 0.6342592592592593 0.35651041666666666 0.6324074074074074
2 0.4354166666666667 0.6148148148148148 0.4356770833333333 0.6305555555555555 0.43333333333333335 0.6319444444444444 0.42994791666666665 0.6185185185185185 0.4317708333333333 0.6138888888888889 0.43515625 0.6148148148148148
2 0.40716145833333334 0.518287037037037 0.00546875 0.016203703703703703
2 0.41510416666666666 0.49583333333333335 0.4171875 0.49953703703703706 0.4171875 0.5083333333333333 0.415625 0.5097222222222222 0.41328125 0.5083333333333333 0.41328125 0.4981481481481482 0.41484375 0.49583333333333335
2 0.38502604166666665 0.6324074074074074 0.00703125 0.021296296296296296
2 0.46875 0.5365740740740741 0.47109375 0.5412037037037037 0.46953125 0.5504629629629629 0.4671875 0.5532407407407407 0.46510416666666665 0.5504629629629629 0.46484375 0.5430555555555555 0.4661458333333333 0.5375 0.46848958333333335 0.5365740740740741