4 0.41484375 0.5555555555555556 0.41796875 0.5652777777777778 0.4158854166666667 0.575925925925926 0.41458333333333336 0.5773148148148148 0.41171875 0.5717592592592593 0.41458333333333336 0.5560185185185185
4 0.46510416666666665 0.5166666666666667 0.4671875 0.5222222222222223 0.465625 0.5324074074074074 0.4635416666666667 0.5333333333333333 0.46041666666666664 0.5324074074074074 0.459375 0.5282407407407408 0.46171875 0.5171296296296296 0.46484375 0.5166666666666667
4 0.4328125 0.45555555555555555 0.43671875 0.4634259259259259 0.43020833333333336 0.46620370370370373 0.4276041666666667 0.46435185185185185 0.4278645833333333 0.45925925925925926 0.43255208333333334 0.45555555555555555
4 0.39427083333333335 0.5375 0.3963541666666667 0.5513888888888889 0.39401041666666664 0.5574074074074075 0.39140625 0.5550925925925926 0.39088541666666665 0.5504629629629629 0.39114583333333336 0.5407407407407407 0.39401041666666664 0.5375
4 0.10078125 0.7444444444444445 0.115625 0.7453703703703703 0.1171875 0.7476851851851852 0.115625 0.7513888888888889 0.07447916666666667 0.7856481481481481 0.07317708333333334 0.7685185185185185 0.0765625 0.7574074074074074 0.08619791666666667 0.7472222222222222 0.10052083333333334 0.7444444444444445
4 0.013802083333333333 0.6467592592592593 0.015885416666666666 0.65 0.018229166666666668 0.6717592592592593 0.017447916666666667 0.6888888888888889 0.013541666666666667 0.7064814814814815 0.0015625 0.7152777777777778 0 0.7152777777777778 0 0.649537037037037 0.013541666666666667 0.6467592592592593
4 0.4356770833333333 0.525 0.4390625 0.5263888888888889 0.44114583333333335 0.5328703703703703 0.43854166666666666 0.549074074074074 0.4356770833333333 0.5504629629629629 0.428125 0.5504629629629629 0.42604166666666665 0.5449074074074074 0.428125 0.5282407407407408 0.4354166666666667 0.525
4 0.40078125 0.5120370370370371 0.40234375 0.5291666666666667 0.39739583333333334 0.5296296296296297 0.3966145833333333 0.5231481481481481 0.39739583333333334 0.5148148148148148 0.4005208333333333 0.5125
4 0.30807291666666664 0.6143518518518518 0.3111979166666667 0.6157407407407407 0.31171875 0.6263888888888889 0.3104166666666667 0.6361111111111111 0.30703125 0.6388888888888888 0.30364583333333334 0.637962962962963 0.303125 0.6273148148148148 0.30442708333333335 0.6194444444444445 0.3078125 0.6143518518518518
4 0.10572916666666667 0.6935185185185185 0.10729166666666666 0.6986111111111111 0.10703125 0.7430555555555556 0.08776041666666666 0.7462962962962963 0.07447916666666667 0.7601851851851852 0.07135416666666666 0.7564814814814815 0.0671875 0.7569444444444444 0.06510416666666667 0.7509259259259259 0.06067708333333333 0.75 0.05859375 0.7458333333333333 0.059895833333333336 0.7152777777777778 0.0578125 0.7027777777777777 0.06302083333333333 0.6958333333333333 0.07109375 0.6944444444444444 0.07395833333333333 0.6962962962962963 0.07239583333333334 0.6995370370370371 0.06328125 0.7064814814814815 0.07135416666666666 0.7074074074074074 0.10546875 0.6935185185185185
4 0.41770833333333335 0.44513888888888886 0.008854166666666666 0.013425925925925926
4 0.4354166666666667 0.46435185185185185 0.43723958333333335 0.487962962962963 0.43333333333333335 0.5078703703703704 0.42890625 0.5148148148148148 0.41796875 0.5143518518518518 0.4140625 0.4898148148148148 0.41822916666666665 0.475 0.42942708333333335 0.46574074074074073 0.43515625 0.4648148148148148
4 0.4200520833333333 0.638425925925926 0.42682291666666666 0.6435185185185185 0.42526041666666664 0.6763888888888889 0.42161458333333335 0.6884259259259259 0.415625 0.6962962962962963 0.4046875 0.6972222222222222 0.39895833333333336 0.6888888888888889 0.3997395833333333 0.6546296296296297 0.40677083333333336 0.6388888888888888 0.4197916666666667 0.638425925925926
1 0.43255208333333334 0.4550925925925926 0.43645833333333334 0.46296296296296297 0.43307291666666664 0.46574074074074073 0.42734375 0.4634259259259259 0.42890625 0.4564814814814815 0.4322916666666667 0.4550925925925926
1 0.446875 0.4425925925925926 0.4510416666666667 0.44675925925925924 0.4515625 0.4527777777777778 0.44973958333333336 0.4550925925925926 0.4434895833333333 0.4527777777777778 0.4434895833333333 0.44583333333333336 0.4466145833333333 0.4425925925925926
1 0.4296875 0.5694444444444444 0.43411458333333336 0.5745370370370371 0.43307291666666664 0.5916666666666667 0.4309895833333333 0.5944444444444444 0.4197916666666667 0.5944444444444444 0.41770833333333335 0.5907407407407408 0.41901041666666666 0.5712962962962963 0.42942708333333335 0.5694444444444444
1 0.36276041666666664 0.5675925925925925 0.37994791666666666 0.5745370370370371 0.3815104166666667 0.5782407407407407 0.3807291666666667 0.586574074074074 0.375 0.5898148148148148 0.35572916666666665 0.5893518518518519 0.3528645833333333 0.5916666666666667 0.3463541666666667 0.5884259259259259 0.34453125 0.5851851851851851 0.3450520833333333 0.5777777777777777 0.35598958333333336 0.5685185185185185 0.3625 0.5675925925925925
1 0.45390625 0.4532407407407407 0.4583333333333333 0.45925925925925926 0.4583333333333333 0.46296296296296297 0.45546875 0.4652777777777778 0.45 0.4634259259259259 0.4510416666666667 0.4550925925925926 0.45364583333333336 0.4532407407407407
1 0.42083333333333334 0.4388888888888889 0.42161458333333335 0.4486111111111111 0.41848958333333336 0.4513888888888889 0.4140625 0.45 0.41328125 0.44537037037037036 0.4153645833333333 0.44074074074074077 0.4205729166666667 0.4388888888888889
2 0.44609375 0.5125 0.44947916666666665 0.5120370370370371 0.45026041666666666 0.5217592592592593 0.44947916666666665 0.5277777777777778 0.44609375 0.5277777777777778 0.44609375 0.512962962962963
2 0.19296875 0.8194444444444444 0.19635416666666666 0.8212962962962963 0.20182291666666666 0.8388888888888889 0.19947916666666668 0.8486111111111111 0.1890625 0.8611111111111112 0.18567708333333333 0.8597222222222223 0.18515625 0.8328703703703704 0.18723958333333332 0.8222222222222222 0.19270833333333334 0.8194444444444444
2 0.39453125 0.5388888888888889 0.3963541666666667 0.5509259259259259 0.39401041666666664 0.5574074074074075 0.39140625 0.5550925925925926 0.39088541666666665 0.5430555555555555 0.39427083333333335 0.5388888888888889
2 0.40078125 0.513425925925926 0.40234375 0.5287037037037037 0.4010416666666667 0.5310185185185186 0.39739583333333334 0.5296296296296297 0.39739583333333334 0.5157407407407407 0.4005208333333333 0.5138888888888888
2 0.19088541666666667 0.8958333333333334 0.1921875 0.9009259259259259 0.1890625 0.9148148148148149 0.19088541666666667 0.9342592592592592 0.1890625 0.9476851851851852 0.175 0.9675925925925926 0.17161458333333332 0.9782407407407407 0.16822916666666668 0.9777777777777777 0.16640625 0.9708333333333333 0.16744791666666667 0.9189814814814815 0.171875 0.912962962962963 0.17942708333333332 0.9231481481481482 0.18802083333333333 0.9203703703703704 0.18880208333333334 0.9148148148148149 0.1828125 0.8972222222222223 0.190625 0.8958333333333334
2 0.25859375 0.7560185185185185 0.26536458333333335 0.7615740740740741 0.26588541666666665 0.7759259259259259 0.2638020833333333 0.7851851851851852 0.25833333333333336 0.7944444444444444 0.25494791666666666 0.7944444444444444 0.2546875 0.7620370370370371 0.25833333333333336 0.7564814814814815
2 0.4640625 0.5166666666666667 0.4669270833333333 0.5222222222222223 0.46484375 0.5328703703703703 0.4596354166666667 0.5300925925925926 0.46067708333333335 0.5217592592592593 0.46380208333333334 0.5166666666666667
2 0.3078125 0.6148148148148148 0.3109375 0.6162037037037037 0.31171875 0.6263888888888889 0.3106770833333333 0.6351851851851852 0.3072916666666667 0.6388888888888888 0.30364583333333334 0.637962962962963 0.303125 0.6310185185185185 0.30364583333333334 0.6231481481481481 0.30755208333333334 0.6148148148148148
2 0.41484375 0.5583333333333333 0.41744791666666664 0.5634259259259259 0.41640625 0.5745370370370371 0.41458333333333336 0.5773148148148148 0.41171875 0.5717592592592593 0.41458333333333336 0.5587962962962963