4 0.43385416666666665 0.4444444444444444 0.4390625 0.44907407407407407 0.44088541666666664 0.4601851851851852 0.440625 0.4777777777777778 0.4356770833333333 0.4810185185185185 0.42916666666666664 0.48055555555555557 0.42734375 0.4671296296296296 0.42890625 0.449537037037037 0.43072916666666666 0.4449074074074074 0.43359375 0.4444444444444444
4 0.45026041666666666 0.45555555555555555 0.453125 0.4615740740740741 0.453125 0.4666666666666667 0.4510416666666667 0.4689814814814815 0.44453125 0.4666666666666667 0.44557291666666665 0.4564814814814815 0.45 0.45555555555555555
4 0.019010416666666665 0.7157407407407408 0.021354166666666667 0.7180555555555556 0.0234375 0.7305555555555555 0.024479166666666666 0.7564814814814815 0.02265625 0.7675925925925926 0.01640625 0.7833333333333333 0.0015625 0.7972222222222223 0 0.7972222222222223 0 0.7180555555555556 0.01875 0.7157407407407408
4 0.36328125 0.6175925925925926 0.36666666666666664 0.6296296296296297 0.36614583333333334 0.6388888888888888 0.36276041666666664 0.6453703703703704 0.35963541666666665 0.6439814814814815 0.35859375 0.625462962962963 0.36302083333333335 0.6175925925925926
4 0.42578125 0.4300925925925926 0.42942708333333335 0.4356481481481482 0.42916666666666664 0.44166666666666665 0.42604166666666665 0.44537037037037036 0.42161458333333335 0.44027777777777777 0.421875 0.43287037037037035 0.42552083333333335 0.4300925925925926
4 0.109375 0.7666666666666667 0.11302083333333333 0.775 0.11276041666666667 0.8217592592592593 0.109375 0.825925925925926 0.09322916666666667 0.8291666666666667 0.08229166666666667 0.8402777777777778 0.07447916666666667 0.8347222222222223 0.08177083333333333 0.8199074074074074 0.078125 0.8208333333333333 0.06822916666666666 0.8324074074074074 0.06354166666666666 0.8291666666666667 0.0578125 0.8379629629629629 0.053385416666666664 0.8388888888888889 0.05130208333333333 0.8347222222222223 0.05182291666666667 0.7861111111111111 0.057291666666666664 0.7796296296296297 0.06015625 0.7837962962962963 0.06067708333333333 0.7930555555555555 0.06328125 0.7754629629629629 0.07161458333333333 0.7680555555555556 0.07916666666666666 0.7662037037037037 0.10234375 0.7694444444444445 0.10911458333333333 0.7666666666666667
4 0.46015625 0.4615740740740741 0.46484375 0.4675925925925926 0.46510416666666665 0.47685185185185186 0.46328125 0.47824074074074074 0.45729166666666665 0.4777777777777778 0.4557291666666667 0.47453703703703703 0.4557291666666667 0.4703703703703704 0.45989583333333334 0.4615740740740741
4 0.43203125 0.6236111111111111 0.434375 0.6305555555555555 0.4322916666666667 0.6481481481481481 0.42916666666666664 0.6462962962962963 0.42734375 0.6342592592592593 0.42864583333333334 0.625 0.4317708333333333 0.6236111111111111
4 0.40260416666666665 0.6569444444444444 0.4114583333333333 0.6648148148148149 0.41067708333333336 0.6819444444444445 0.4044270833333333 0.700462962962963 0.40130208333333334 0.6976851851851852 0.38671875 0.700462962962963 0.3854166666666667 0.6958333333333333 0.3854166666666667 0.6828703703703703 0.38828125 0.6648148148148149 0.39375 0.6578703703703703 0.40234375 0.6569444444444444
4 0.11901041666666666 0.8282407407407407 0.12473958333333333 0.8333333333333334 0.12317708333333334 0.8430555555555556 0.09609375 0.8763888888888889 0.08229166666666667 0.887962962962963 0.0765625 0.8791666666666667 0.07890625 0.874537037037037 0.08411458333333334 0.8412037037037037 0.09140625 0.8310185185185185 0.09765625 0.8277777777777777 0.11875 0.8282407407407407
1 0.42552083333333335 0.4300925925925926 0.42942708333333335 0.4356481481481482 0.42864583333333334 0.4425925925925926 0.42604166666666665 0.4444444444444444 0.42239583333333336 0.44166666666666665 0.42161458333333335 0.4361111111111111 0.42526041666666664 0.4300925925925926
1 0.34661458333333334 0.5944444444444444 0.35859375 0.6023148148148149 0.36041666666666666 0.6078703703703704 0.35833333333333334 0.6152777777777778 0.3489583333333333 0.6175925925925926 0.3416666666666667 0.6157407407407407 0.3372395833333333 0.6027777777777777 0.3411458333333333 0.5953703703703703 0.3463541666666667 0.5944444444444444
1 0.41484375 0.4101851851851852 0.41770833333333335 0.41805555555555557 0.41484375 0.4217592592592593 0.41041666666666665 0.4185185185185185 0.41119791666666666 0.41203703703703703 0.41458333333333336 0.4101851851851852
1 0.45078125 0.4564814814814815 0.45286458333333335 0.4597222222222222 0.453125 0.4666666666666667 0.4505208333333333 0.4689814814814815 0.44609375 0.4685185185185185 0.44453125 0.4648148148148148 0.44609375 0.45601851851851855 0.4505208333333333 0.4564814814814815
1 0.46015625 0.48518518518518516 0.46328125 0.487962962962963 0.4640625 0.49398148148148147 0.46328125 0.5018518518518519 0.46041666666666664 0.5027777777777778 0.4557291666666667 0.5023148148148148 0.4544270833333333 0.4981481481481482 0.45546875 0.4875 0.45989583333333334 0.48518518518518516
1 0.37265625 0.8472222222222222 0.3841145833333333 0.8555555555555555 0.38203125 0.8805555555555555 0.3802083333333333 0.8842592592592593 0.36822916666666666 0.8814814814814815 0.3619791666666667 0.8837962962962963 0.36484375 0.8888888888888888 0.37734375 0.8935185185185185 0.3768229166666667 0.9078703703703703 0.3502604166666667 0.9097222222222222 0.34609375 0.9074074074074074 0.3453125 0.8953703703703704 0.35078125 0.8689814814814815 0.35208333333333336 0.8523148148148149 0.35989583333333336 0.8476851851851852 0.3723958333333333 0.8472222222222222
2 0.36302083333333335 0.6185185185185185 0.36640625 0.6319444444444444 0.36614583333333334 0.638425925925926 0.36276041666666664 0.6453703703703704 0.35989583333333336 0.6439814814814815 0.35885416666666664 0.6310185185185185 0.35963541666666665 0.6231481481481481 0.36276041666666664 0.6185185185185185
2 0.4640625 0.5412037037037037 0.4669270833333333 0.5430555555555555 0.4671875 0.5476851851851852 0.4635416666666667 0.5601851851851852 0.46197916666666666 0.55 0.46380208333333334 0.5412037037037037
2 0.42864583333333334 0.6263888888888889 0.43203125 0.625 0.434375 0.6333333333333333 0.4328125 0.6472222222222223 0.42994791666666665 0.6476851851851851 0.42734375 0.6337962962962963 0.42864583333333334 0.6268518518518519
2 0.39114583333333336 0.6097222222222223 0.39375 0.6157407407407407 0.39401041666666664 0.6231481481481481 0.390625 0.6333333333333333 0.38671875 0.6180555555555556 0.39088541666666665 0.6097222222222223
2 0.31223958333333335 0.6518518518518519 0.3143229166666667 0.6546296296296297 0.3140625 0.6685185185185185 0.3078125 0.6773148148148148 0.30546875 0.675 0.30703125 0.6574074074074074 0.31197916666666664 0.6518518518518519