4 0.45364583333333336 0.48148148148148145 0.45703125 0.487962962962963 0.45625 0.4935185185185185 0.44765625 0.4912037037037037 0.4484375 0.4828703703703704 0.45338541666666665 0.48148148148148145
4 0.05625 0.7337962962962963 0.06197916666666667 0.7384259259259259 0.06458333333333334 0.7606481481481482 0.06432291666666666 0.7712962962962963 0.06041666666666667 0.7861111111111111 0.05703125 0.7939814814814815 0.03854166666666667 0.8180555555555555 0.03125 0.8222222222222222 0.02265625 0.8342592592592593 0 0.8324074074074074 0 0.763425925925926 0.00546875 0.7583333333333333 0.005989583333333334 0.7546296296296297 0.004166666666666667 0.7518518518518519 0.005208333333333333 0.7412037037037037 0.01640625 0.737037037037037 0.022395833333333334 0.7416666666666667 0.04088541666666667 0.7337962962962963 0.055989583333333336 0.7337962962962963
4 0.43671875 0.46620370370370373 0.4390625 0.4703703703703704 0.43828125 0.4787037037037037 0.4359375 0.48148148148148145 0.43203125 0.4810185185185185 0.4309895833333333 0.47453703703703703 0.4322916666666667 0.46574074074074073 0.43645833333333334 0.46620370370370373
4 0.09192708333333334 0.787962962962963 0.10260416666666666 0.7898148148148149 0.0953125 0.7939814814814815 0.09270833333333334 0.8 0.0921875 0.8356481481481481 0.0984375 0.8453703703703703 0.09921875 0.8550925925925926 0.09114583333333333 0.8634259259259259 0.09869791666666666 0.8648148148148148 0.10598958333333333 0.8518518518518519 0.11067708333333333 0.8523148148148149 0.1125 0.8587962962962963 0.11197916666666667 0.8828703703703704 0.09583333333333334 0.9 0.09036458333333333 0.8972222222222223 0.08854166666666667 0.8842592592592593 0.09036458333333333 0.8699074074074075 0.08489583333333334 0.8680555555555556 0.08151041666666667 0.8625 0.0796875 0.8384259259259259 0.06901041666666667 0.8212962962962963 0.04609375 0.8222222222222222 0.041666666666666664 0.8208333333333333 0.04114583333333333 0.8175925925925925 0.05390625 0.8013888888888889 0.07135416666666666 0.7958333333333333 0.08072916666666667 0.7888888888888889 0.09166666666666666 0.787962962962963
4 0.41875 0.6569444444444444 0.42526041666666664 0.6578703703703703 0.4278645833333333 0.6615740740740741 0.428125 0.6893518518518519 0.42526041666666664 0.6935185185185185 0.41302083333333334 0.6939814814814815 0.40911458333333334 0.6893518518518519 0.40989583333333335 0.6722222222222223 0.41328125 0.6601851851851852 0.41848958333333336 0.6569444444444444
4 0.1453125 0.7791666666666667 0.14817708333333332 0.7847222222222222 0.14739583333333334 0.8314814814814815 0.1359375 0.8328703703703704 0.12682291666666667 0.8416666666666667 0.11953125 0.8430555555555556 0.12057291666666667 0.8347222222222223 0.12473958333333333 0.8314814814814815 0.12265625 0.8273148148148148 0.11588541666666667 0.8305555555555556 0.109375 0.8421296296296297 0.09921875 0.8476851851851852 0.09427083333333333 0.8462962962962963 0.09166666666666666 0.8407407407407408 0.09270833333333334 0.8 0.09427083333333333 0.7953703703703704 0.10885416666666667 0.7814814814814814 0.14505208333333333 0.7791666666666667
4 0.42213541666666665 0.5263888888888889 0.42421875 0.5291666666666667 0.4244791666666667 0.55 0.421875 0.5564814814814815 0.4114583333333333 0.5560185185185185 0.40963541666666664 0.5462962962962963 0.4114583333333333 0.5310185185185186 0.421875 0.5263888888888889
4 0.37994791666666666 0.48842592592592593 0.38229166666666664 0.49212962962962964 0.38177083333333334 0.5013888888888889 0.37604166666666666 0.5037037037037037 0.37421875 0.5009259259259259 0.37421875 0.4912037037037037 0.3796875 0.4888888888888889
4 0.4390625 0.525 0.44140625 0.5296296296296297 0.44166666666666665 0.5393518518518519 0.4401041666666667 0.5444444444444444 0.43645833333333334 0.5458333333333333 0.4309895833333333 0.5430555555555555 0.43125 0.5310185185185186 0.43385416666666665 0.5254629629629629 0.4388020833333333 0.525
4 0.06770833333333333 0.8199074074074074 0.07942708333333333 0.8388888888888889 0.08098958333333334 0.8625 0.08307291666666666 0.8689814814814815 0.08229166666666667 0.8759259259259259 0.07109375 0.8819444444444444 0.037760416666666664 0.9152777777777777 0.022395833333333334 0.9231481481481482 0.017708333333333333 0.9171296296296296 0.016927083333333332 0.8851851851851852 0.019010416666666665 0.8694444444444445 0.01875 0.8537037037037037 0.021875 0.8421296296296297 0.0328125 0.8212962962962963 0.05520833333333333 0.8231481481481482 0.06744791666666666 0.8199074074074074
4 0.3216145833333333 0.6958333333333333 0.32369791666666664 0.6814814814814815 0.328125 0.6787037037037037 0.3302083333333333 0.6856481481481481 0.32916666666666666 0.6962962962962963 0.32447916666666665 0.7018518518518518 0.321875 0.6995370370370371 0.321875 0.6962962962962963
4 0.4328125 0.48148148148148145 0.43515625 0.4837962962962963 0.43645833333333334 0.49074074074074076 0.43645833333333334 0.49537037037037035 0.434375 0.4981481481481482 0.42864583333333334 0.4981481481481482 0.42734375 0.4949074074074074 0.428125 0.4842592592592593 0.43255208333333334 0.48148148148148145
4 0.45989583333333334 0.5106481481481482 0.46197916666666666 0.5189814814814815 0.45989583333333334 0.5268518518518519 0.453125 0.524537037037037 0.45260416666666664 0.5199074074074074 0.45364583333333336 0.5120370370370371 0.4596354166666667 0.5106481481481482
4 0.45390625 0.5324074074074074 0.4596354166666667 0.5365740740740741 0.45989583333333334 0.5472222222222223 0.45703125 0.5513888888888889 0.4505208333333333 0.5509259259259259 0.44817708333333334 0.5472222222222223 0.45078125 0.5351851851851852 0.45364583333333336 0.5324074074074074
4 0.44427083333333334 0.5481481481481482 0.44973958333333336 0.5513888888888889 0.45286458333333335 0.562962962962963 0.4484375 0.6023148148148149 0.44609375 0.6074074074074074 0.4317708333333333 0.6060185185185185 0.42864583333333334 0.5972222222222222 0.42890625 0.5847222222222223 0.4356770833333333 0.5513888888888889 0.43854166666666666 0.5481481481481482 0.4440104166666667 0.5481481481481482
4 0.42552083333333335 0.8083333333333333 0.4309895833333333 0.8138888888888889 0.42994791666666665 0.8393518518518519 0.4270833333333333 0.8597222222222223 0.4205729166666667 0.8662037037037037 0.40859375 0.8662037037037037 0.40234375 0.8629629629629629 0.40078125 0.8476851851851852 0.40572916666666664 0.825925925925926 0.40546875 0.8148148148148148 0.40703125 0.8101851851851852 0.42526041666666664 0.8083333333333333
4 0.4671875 0.5800925925925926 0.46953125 0.5851851851851851 0.46927083333333336 0.5990740740740741 0.46848958333333335 0.6083333333333333 0.46588541666666666 0.611574074074074 0.45625 0.6111111111111112 0.4546875 0.6023148148148149 0.45625 0.5824074074074074 0.4669270833333333 0.5800925925925926
4 0.15598958333333332 0.8342592592592593 0.16067708333333333 0.8379629629629629 0.16041666666666668 0.8481481481481481 0.140625 0.8740740740740741 0.13072916666666667 0.8805555555555555 0.12109375 0.8699074074074075 0.1203125 0.8597222222222223 0.12239583333333333 0.850925925925926 0.13541666666666666 0.8347222222222223 0.15572916666666667 0.8342592592592593
4 0.45677083333333335 0.5120370370370371 0.45989583333333334 0.513425925925926 0.46119791666666665 0.5180555555555556 0.45989583333333334 0.5314814814814814 0.4515625 0.5282407407407408 0.45286458333333335 0.5152777777777777 0.45651041666666664 0.5120370370370371
4 0.38697916666666665 0.7726851851851851 0.39739583333333334 0.7773148148148148 0.4 0.7828703703703703 0.3984375 0.8046296296296296 0.39401041666666664 0.8199074074074074 0.37265625 0.8212962962962963 0.37083333333333335 0.8171296296296297 0.37083333333333335 0.8009259259259259 0.37578125 0.7791666666666667 0.3802083333333333 0.774074074074074 0.38671875 0.7731481481481481
4 0.42213541666666665 0.4587962962962963 0.4236979166666667 0.4634259259259259 0.421875 0.4685185185185185 0.41848958333333336 0.4671296296296296 0.41875 0.4601851851851852 0.421875 0.4587962962962963
1 0.42239583333333336 0.45925925925925926 0.4236979166666667 0.46435185185185185 0.421875 0.4685185185185185 0.41848958333333336 0.46435185185185185 0.4192708333333333 0.4597222222222222 0.42213541666666665 0.45925925925925926
1 0.45625 0.5333333333333333 0.4596354166666667 0.5398148148148149 0.4596354166666667 0.5472222222222223 0.45677083333333335 0.5513888888888889 0.4505208333333333 0.5504629629629629 0.4484375 0.5467592592592593 0.4510416666666667 0.5351851851851852 0.45598958333333334 0.5333333333333333
1 0.4322916666666667 0.48148148148148145 0.4356770833333333 0.4842592592592593 0.4359375 0.4976851851851852 0.42864583333333334 0.4976851851851852 0.42734375 0.49444444444444446 0.428125 0.4847222222222222 0.43203125 0.48194444444444445
2 0.3260416666666667 0.6912037037037037 0.008333333333333333 0.022222222222222223
2 0.4322916666666667 0.7342592592592593 0.4393229166666667 0.736574074074074 0.43854166666666666 0.7481481481481481 0.4348958333333333 0.7518518518518519 0.4322916666666667 0.7453703703703703 0.4322916666666667 0.7347222222222223
2 0.44244791666666666 0.6712962962962963 0.44453125 0.6787037037037037 0.4434895833333333 0.6935185185185185 0.4390625 0.6921296296296297 0.4388020833333333 0.674537037037037 0.4421875 0.6717592592592593