4 0.5338541666666666 0.6041666666666666 0.5359375 0.6162037037037037 0.53515625 0.6194444444444445 0.5307291666666667 0.6212962962962963 0.525 0.6208333333333333 0.5231770833333333 0.6092592592592593 0.5255208333333333 0.6046296296296296 0.53359375 0.6041666666666666
4 0.4359375 0.4708333333333333 0.4390625 0.4740740740740741 0.43984375 0.47962962962962963 0.4393229166666667 0.4842592592592593 0.43671875 0.4861111111111111 0.4322916666666667 0.48564814814814816 0.43125 0.4828703703703704 0.4317708333333333 0.4736111111111111 0.4356770833333333 0.4708333333333333
4 0.075 0.95 0.078125 0.950462962962963 0.0859375 0.962037037037037 0.0890625 0.9935185185185185 0.08828125 0.9976851851851852 0.07786458333333333 0.9967592592592592 0.075 0.999537037037037 0.039322916666666666 0.999537037037037 0.03854166666666667 0.9953703703703703 0.039322916666666666 0.9689814814814814 0.04296875 0.9555555555555556 0.07473958333333333 0.95
4 0.21380208333333334 0.9226851851851852 0.2203125 0.9287037037037037 0.221875 0.9421296296296297 0.2171875 0.9587962962962963 0.20651041666666667 0.9782407407407407 0.203125 0.9800925925925926 0.19947916666666668 0.975 0.19088541666666667 0.9800925925925926 0.1875 0.9773148148148149 0.18802083333333333 0.9439814814814815 0.19895833333333332 0.924537037037037 0.21354166666666666 0.9226851851851852
4 0.14453125 0.9203703703703704 0.15338541666666666 0.9356481481481481 0.15546875 0.9495370370370371 0.15416666666666667 0.9597222222222223 0.1578125 0.9657407407407408 0.16484375 0.9634259259259259 0.16640625 0.9699074074074074 0.16510416666666666 0.9810185185185185 0.15182291666666667 0.999537037037037 0.12890625 0.999537037037037 0.1265625 0.9972222222222222 0.10911458333333333 0.999537037037037 0.10286458333333333 0.9949074074074075 0.10442708333333334 0.9495370370370371 0.11276041666666667 0.924537037037037 0.11588541666666667 0.9212962962962963 0.13177083333333334 0.9236111111111112 0.14427083333333332 0.9203703703703704
4 0.19817708333333334 0.8703703703703703 0.20338541666666668 0.8708333333333333 0.2046875 0.874537037037037 0.20520833333333333 0.9125 0.20234375 0.9199074074074074 0.1859375 0.9398148148148148 0.159375 0.9347222222222222 0.1578125 0.8962962962962963 0.171875 0.8722222222222222 0.19791666666666666 0.8703703703703703
4 0.5338541666666666 0.5944444444444444 0.53671875 0.5986111111111111 0.5359375 0.6023148148148149 0.5223958333333333 0.6074074074074074 0.515625 0.6055555555555555 0.515625 0.600925925925926 0.5184895833333333 0.5962962962962963 0.5260416666666666 0.5916666666666667 0.53359375 0.5944444444444444
4 0.4669270833333333 0.5837962962962963 0.4713541666666667 0.5884259259259259 0.471875 0.5967592592592592 0.46640625 0.5986111111111111 0.46458333333333335 0.5962962962962963 0.46432291666666664 0.5856481481481481 0.4666666666666667 0.5842592592592593
4 0.45651041666666664 0.4708333333333333 0.45807291666666666 0.4736111111111111 0.45755208333333336 0.4810185185185185 0.453125 0.4847222222222222 0.45078125 0.4824074074074074 0.45078125 0.47685185185185186 0.453125 0.47175925925925927 0.45625 0.4708333333333333
4 0.44947916666666665 0.8013888888888889 0.4552083333333333 0.8097222222222222 0.45260416666666664 0.8412037037037037 0.44947916666666665 0.8481481481481481 0.4354166666666667 0.8472222222222222 0.43307291666666664 0.8416666666666667 0.43776041666666665 0.8037037037037037 0.44921875 0.8013888888888889
3 0.07578125 0.95 0.08645833333333333 0.9629629629629629 0.08828125 0.9912037037037037 0.09088541666666666 0.9967592592592592 0.09609375 0.999537037037037 0.039322916666666666 0.999537037037037 0.038802083333333334 0.9703703703703703 0.04296875 0.9550925925925926 0.07552083333333333 0.95
1 0.4354166666666667 0.6337962962962963 0.43802083333333336 0.6393518518518518 0.43776041666666665 0.6583333333333333 0.42734375 0.6606481481481481 0.425 0.6578703703703703 0.42526041666666664 0.6476851851851851 0.4283854166666667 0.638425925925926 0.43515625 0.6342592592592593
1 0.44427083333333334 0.5263888888888889 0.4471354166666667 0.5351851851851852 0.4466145833333333 0.5407407407407407 0.44479166666666664 0.5421296296296296 0.4390625 0.5416666666666666 0.43802083333333336 0.5370370370370371 0.4390625 0.5282407407407408 0.4440104166666667 0.5263888888888889
1 0.41171875 0.6606481481481481 0.41484375 0.6671296296296296 0.41484375 0.6800925925925926 0.41354166666666664 0.6837962962962963 0.4088541666666667 0.6856481481481481 0.4015625 0.6847222222222222 0.4005208333333333 0.6759259259259259 0.4046875 0.6615740740740741 0.4114583333333333 0.6606481481481481
1 0.453125 0.5666666666666667 0.45546875 0.5699074074074074 0.45651041666666664 0.5787037037037037 0.4544270833333333 0.5847222222222223 0.45078125 0.5856481481481481 0.44609375 0.5851851851851851 0.4453125 0.575 0.44765625 0.5675925925925925 0.45286458333333335 0.5666666666666667
1 0.41770833333333335 0.7101851851851851 0.421875 0.7171296296296297 0.42265625 0.7319444444444444 0.41875 0.7476851851851852 0.4158854166666667 0.75 0.4044270833333333 0.75 0.40338541666666666 0.7319444444444444 0.40911458333333334 0.7129629629629629 0.41744791666666664 0.7101851851851851