4 0.42864583333333334 0.5689814814814815 0.4315104166666667 0.575 0.42864583333333334 0.5893518518518519 0.42526041666666664 0.5884259259259259 0.4234375 0.575 0.4239583333333333 0.5699074074074074 0.4283854166666667 0.5689814814814815
4 0.5309895833333333 0.5949074074074074 0.5325520833333334 0.6023148148148149 0.5296875 0.6055555555555555 0.521875 0.6018518518518519 0.52578125 0.5939814814814814 0.5307291666666667 0.5949074074074074
4 0.44609375 0.6175925925925926 0.44817708333333334 0.6231481481481481 0.4473958333333333 0.6439814814814815 0.44583333333333336 0.6476851851851851 0.44114583333333335 0.649074074074074 0.4315104166666667 0.6472222222222223 0.43072916666666666 0.6259259259259259 0.4328125 0.6194444444444445 0.4356770833333333 0.6175925925925926 0.44583333333333336 0.6175925925925926
4 0.0578125 0.7194444444444444 0.09583333333333334 0.7194444444444444 0.0984375 0.7263888888888889 0.09791666666666667 0.7527777777777778 0.09609375 0.7611111111111111 0.07786458333333333 0.763425925925926 0.06067708333333333 0.7800925925925926 0.05546875 0.7726851851851851 0.054427083333333334 0.7643518518518518 0.04765625 0.7638888888888888 0.04583333333333333 0.7578703703703704 0.05 0.7407407407407407 0.046875 0.7342592592592593 0.04739583333333333 0.7273148148148149 0.05 0.7226851851851852 0.05755208333333333 0.7194444444444444
4 0.42291666666666666 0.5310185185185186 0.42526041666666664 0.537962962962963 0.42265625 0.5412037037037037 0.41744791666666664 0.537962962962963 0.41796875 0.5319444444444444 0.42265625 0.5310185185185186
4 0.41744791666666664 0.5736111111111111 0.42109375 0.575925925925926 0.42421875 0.5851851851851851 0.4239583333333333 0.6097222222222223 0.41744791666666664 0.6199074074074075 0.40598958333333335 0.6208333333333333 0.40234375 0.6203703703703703 0.40078125 0.6166666666666667 0.4005208333333333 0.5851851851851851 0.40546875 0.5768518518518518 0.4171875 0.5736111111111111
4 0.42291666666666666 0.5578703703703703 0.42578125 0.5587962962962963 0.42734375 0.5638888888888889 0.4270833333333333 0.5675925925925925 0.4231770833333333 0.5699074074074074 0.41796875 0.5648148148148148 0.41848958333333336 0.5601851851851852 0.42265625 0.5578703703703703
4 0.44973958333333336 0.5712962962962963 0.4513020833333333 0.5745370370370371 0.4510416666666667 0.5861111111111111 0.44375 0.5893518518518519 0.440625 0.5861111111111111 0.44036458333333334 0.5745370370370371 0.4427083333333333 0.5712962962962963 0.44947916666666665 0.5712962962962963
4 0.43984375 0.5939814814814814 0.44557291666666665 0.5990740740740741 0.44635416666666666 0.6092592592592593 0.43723958333333335 0.611574074074074 0.43411458333333336 0.6097222222222223 0.434375 0.600925925925926 0.4395833333333333 0.5939814814814814
4 0.4401041666666667 0.537962962962963 0.4427083333333333 0.5407407407407407 0.44192708333333336 0.5486111111111112 0.43671875 0.5467592592592593 0.43697916666666664 0.5398148148148149 0.43984375 0.537962962962963
1 0.42239583333333336 0.5310185185185186 0.42526041666666664 0.5356481481481481 0.42473958333333334 0.5398148148148149 0.42239583333333336 0.5412037037037037 0.41848958333333336 0.5402777777777777 0.41744791666666664 0.5370370370370371 0.41822916666666665 0.5319444444444444 0.42213541666666665 0.5310185185185186
1 0.38723958333333336 0.6351851851851852 0.4010416666666667 0.6402777777777777 0.40651041666666665 0.6458333333333334 0.40546875 0.6532407407407408 0.39791666666666664 0.6564814814814814 0.37265625 0.6532407407407408 0.3692708333333333 0.649537037037037 0.3697916666666667 0.6435185185185185 0.37864583333333335 0.6365740740740741 0.38697916666666665 0.6351851851851852
1 0.42265625 0.5643518518518519 0.009375 0.012037037037037037