0 0.43307291666666664 0.725462962962963 0.4354166666666667 0.7324074074074074 0.43385416666666665 0.7731481481481481 0.4278645833333333 0.8189814814814815 0.42526041666666664 0.8226851851851852 0.40182291666666664 0.8199074074074074 0.40182291666666664 0.7782407407407408 0.41171875 0.7268518518518519 0.4166666666666667 0.7240740740740741 0.4328125 0.725462962962963
0 0.40989583333333335 0.5069444444444444 0.41484375 0.5078703703703704 0.4161458333333333 0.5111111111111111 0.4153645833333333 0.5398148148148149 0.41171875 0.5481481481481482 0.4010416666666667 0.5481481481481482 0.39869791666666665 0.5435185185185185 0.4002604166666667 0.5125 0.403125 0.5083333333333333 0.40963541666666664 0.5069444444444444
4 0.43203125 0.6037037037037037 0.428125 0.6027777777777777 0.4270833333333333 0.5990740740740741 0.43020833333333336 0.575 0.44192708333333336 0.5745370370370371 0.4440104166666667 0.5837962962962963 0.44375 0.5949074074074074 0.44140625 0.6023148148148149 0.4322916666666667 0.6032407407407407
4 0.41875 0.6550925925925926 0.4239583333333333 0.6578703703703703 0.42578125 0.6620370370370371 0.42526041666666664 0.6782407407407407 0.42213541666666665 0.6907407407407408 0.40703125 0.6902777777777778 0.40520833333333334 0.687037037037037 0.40859375 0.6601851851851852 0.41119791666666666 0.6560185185185186 0.41848958333333336 0.6550925925925926
4 0.4510416666666667 0.4847222222222222 0.4549479166666667 0.4875 0.45651041666666664 0.5027777777777778 0.45338541666666665 0.5361111111111111 0.4505208333333333 0.5398148148148149 0.43828125 0.537962962962963 0.43697916666666664 0.5226851851851851 0.44088541666666664 0.4912037037037037 0.4440104166666667 0.48657407407407405 0.45078125 0.4847222222222222
4 0.45390625 0.4537037037037037 0.45989583333333334 0.449537037037037 0.4630208333333333 0.46064814814814814 0.46119791666666665 0.4703703703703704 0.4546875 0.4689814814814815 0.45286458333333335 0.4652777777777778 0.45390625 0.45416666666666666
4 0.06927083333333334 0.7273148148148149 0.07161458333333333 0.7310185185185185 0.0734375 0.7523148148148148 0.06848958333333334 0.7842592592592592 0.05677083333333333 0.8009259259259259 0.04401041666666667 0.825925925925926 0.028385416666666666 0.8402777777777778 0 0.8398148148148148 0 0.7768518518518519 0.043229166666666666 0.7305555555555555 0.05390625 0.7268518518518519 0.06901041666666667 0.7273148148148149
4 0.43333333333333335 0.5041666666666667 0.43515625 0.5189814814814815 0.43255208333333334 0.5263888888888889 0.4239583333333333 0.5259259259259259 0.42239583333333336 0.5217592592592593 0.42526041666666664 0.5050925925925925 0.43307291666666664 0.5041666666666667
4 0.026302083333333334 0.725925925925926 0.03125 0.7287037037037037 0.03307291666666667 0.7416666666666667 0.0015625 0.775 0 0.775 0 0.7337962962962963 0.026041666666666668 0.725925925925926
4 0.19322916666666667 0.8152777777777778 0.1953125 0.8185185185185185 0.19270833333333334 0.825 0.17213541666666668 0.8532407407407407 0.15104166666666666 0.8902777777777777 0.14114583333333333 0.9 0.13723958333333333 0.8972222222222223 0.13177083333333334 0.8870370370370371 0.13098958333333333 0.8787037037037037 0.13255208333333332 0.8657407407407407 0.14322916666666666 0.8462962962962963 0.15130208333333334 0.8379629629629629 0.16796875 0.8282407407407407 0.17369791666666667 0.8189814814814815 0.19296875 0.8152777777777778
4 0.4505208333333333 0.6523148148148148 0.453125 0.6541666666666667 0.4513020833333333 0.6657407407407407 0.45338541666666665 0.6805555555555556 0.44973958333333336 0.6884259259259259 0.4356770833333333 0.6884259259259259 0.43463541666666666 0.674537037037037 0.4375 0.6537037037037037 0.44192708333333336 0.6509259259259259 0.45026041666666666 0.6523148148148148
4 0.1015625 0.7787037037037037 0.11953125 0.7796296296296297 0.10442708333333334 0.7967592592592593 0.10234375 0.8421296296296297 0.09479166666666666 0.8439814814814814 0.09427083333333333 0.8495370370370371 0.0953125 0.8518518518518519 0.11015625 0.8518518518518519 0.11640625 0.8481481481481481 0.12083333333333333 0.8523148148148149 0.12083333333333333 0.8625 0.11848958333333333 0.8657407407407407 0.11744791666666667 0.8759259259259259 0.10963541666666667 0.8856481481481482 0.10598958333333333 0.8976851851851851 0.09036458333333333 0.9125 0.07786458333333333 0.9300925925925926 0.0640625 0.9254629629629629 0.03515625 0.9254629629629629 0.032552083333333336 0.9148148148148149 0.03333333333333333 0.8625 0.0390625 0.8393518518518519 0.05286458333333333 0.8152777777777778 0.08177083333333333 0.7861111111111111 0.09140625 0.7791666666666667 0.10130208333333333 0.7787037037037037
4 0.4361979166666667 0.43842592592592594 0.43802083333333336 0.4425925925925926 0.43828125 0.4532407407407407 0.4359375 0.4583333333333333 0.42864583333333334 0.4583333333333333 0.4276041666666667 0.45416666666666666 0.42864583333333334 0.4412037037037037 0.4359375 0.43842592592592594
4 0.47317708333333336 0.49675925925925923 0.475 0.500462962962963 0.47552083333333334 0.5180555555555556 0.47421875 0.5231481481481481 0.4713541666666667 0.524074074074074 0.46328125 0.5217592592592593 0.46328125 0.5009259259259259 0.4661458333333333 0.4962962962962963 0.47291666666666665 0.49675925925925923
4 0.45989583333333334 0.46805555555555556 0.46197916666666666 0.47314814814814815 0.46197916666666666 0.4810185185185185 0.45703125 0.48564814814814816 0.45234375 0.48333333333333334 0.4515625 0.4773148148148148 0.4544270833333333 0.4689814814814815 0.4596354166666667 0.46805555555555556
4 0.153125 0.774074074074074 0.15572916666666667 0.7754629629629629 0.15833333333333333 0.7828703703703703 0.15833333333333333 0.8175925925925925 0.1546875 0.8273148148148148 0.140625 0.8416666666666667 0.13203125 0.8444444444444444 0.12786458333333334 0.8384259259259259 0.1265625 0.825462962962963 0.12317708333333334 0.8462962962962963 0.10989583333333333 0.8481481481481481 0.10494791666666667 0.8472222222222222 0.10234375 0.8384259259259259 0.10260416666666666 0.8027777777777778 0.10494791666666667 0.7944444444444444 0.11588541666666667 0.7796296296296297 0.12265625 0.7759259259259259 0.15286458333333333 0.774074074074074
4 0.06744791666666666 0.9282407407407407 0.07395833333333333 0.9314814814814815 0.075 0.9356481481481481 0.046875 0.975 0.04010416666666667 0.9791666666666666 0.03125 0.9773148148148149 0.0375 0.9550925925925926 0.04635416666666667 0.9462962962962963 0.054947916666666666 0.9314814814814815 0.0671875 0.9282407407407407
4 0.4390625 0.4152777777777778 0.4427083333333333 0.4212962962962963 0.4434895833333333 0.4310185185185185 0.4356770833333333 0.4310185185185185 0.43463541666666666 0.4185185185185185 0.4388020833333333 0.41574074074074074
3 0.1796875 0.8106481481481481 0.1875 0.8106481481481481 0.1890625 0.8138888888888889 0.19557291666666668 0.8115740740740741 0.196875 0.8138888888888889 0.19505208333333332 0.8208333333333333 0.1671875 0.8611111111111112 0.14557291666666666 0.8976851851851851 0.14036458333333332 0.9 0.1359375 0.8953703703703704 0.13125 0.8837962962962963 0.13255208333333332 0.8671296296296296 0.13567708333333334 0.8601851851851852 0.15026041666666667 0.8384259259259259 0.16692708333333334 0.8287037037037037 0.17135416666666667 0.8208333333333333 0.18098958333333334 0.8143518518518519 0.17994791666666668 0.8111111111111111
3 0.11354166666666667 0.7787037037037037 0.11536458333333334 0.7791666666666667 0.11380208333333333 0.7824074074074074 0.10364583333333334 0.7972222222222223 0.10052083333333334 0.8412037037037037 0.0953125 0.8421296296296297 0.09348958333333333 0.8458333333333333 0.09557291666666666 0.8703703703703703 0.10625 0.8662037037037037 0.1125 0.8708333333333333 0.11614583333333334 0.8694444444444445 0.1171875 0.8731481481481481 0.11197916666666667 0.8763888888888889 0.11328125 0.8800925925925925 0.109375 0.8851851851851852 0.10598958333333333 0.8972222222222223 0.09036458333333333 0.9125 0.07786458333333333 0.9300925925925926 0.06640625 0.9263888888888889 0.040625 0.9277777777777778 0.03515625 0.9254629629629629 0.0328125 0.9185185185185185 0.03203125 0.8976851851851851 0.033854166666666664 0.8592592592592593 0.03802083333333333 0.8421296296296297 0.05078125 0.8185185185185185 0.07760416666666667 0.7898148148148149 0.09166666666666666 0.7791666666666667 0.11328125 0.7787037037037037
3 0.13723958333333333 0.7754629629629629 0.14609375 0.7759259259259259 0.140625 0.7773148148148148 0.14010416666666667 0.7847222222222222 0.15442708333333333 0.7810185185185186 0.15651041666666668 0.7856481481481481 0.15572916666666667 0.7962962962962963 0.1578125 0.8134259259259259 0.15598958333333332 0.8240740740740741 0.14036458333333332 0.8430555555555556 0.13072916666666667 0.8467592592592592 0.1265625 0.8310185185185185 0.12317708333333334 0.8375 0.12057291666666667 0.8314814814814815 0.12291666666666666 0.8069444444444445 0.12109375 0.8032407407407407 0.11614583333333334 0.8004629629629629 0.11276041666666667 0.8041666666666667 0.109375 0.799537037037037 0.10677083333333333 0.8004629629629629 0.10416666666666667 0.8134259259259259 0.10546875 0.8300925925925926 0.10416666666666667 0.8453703703703703 0.10963541666666667 0.8453703703703703 0.10755208333333334 0.8314814814814815 0.11276041666666667 0.8268518518518518 0.11458333333333333 0.8347222222222223 0.11796875 0.8384259259259259 0.11744791666666667 0.8421296296296297 0.11979166666666667 0.8435185185185186 0.1234375 0.8393518518518519 0.12395833333333334 0.8662037037037037 0.11614583333333334 0.8800925925925925 0.11041666666666666 0.8856481481481482 0.10598958333333333 0.8976851851851851 0.09010416666666667 0.9125 0.078125 0.9300925925925926 0.06432291666666666 0.9263888888888889 0.041666666666666664 0.9282407407407407 0.03411458333333333 0.9236111111111112 0.03203125 0.8981481481481481 0.03359375 0.8837962962962963 0.0328125 0.8629629629629629 0.03697916666666667 0.8416666666666667 0.05755208333333333 0.8087962962962963 0.09166666666666666 0.7787037037037037 0.12213541666666666 0.7787037037037037 0.12526041666666668 0.7819444444444444 0.1234375 0.7861111111111111 0.1265625 0.8009259259259259 0.128125 0.788425925925926 0.13333333333333333 0.7782407407407408 0.13697916666666668 0.7759259259259259
1 0.42890625 0.37824074074074077 0.43020833333333336 0.38657407407407407 0.4265625 0.38842592592592595 0.42265625 0.38657407407407407 0.4231770833333333 0.38101851851851853 0.425 0.37777777777777777 0.42864583333333334 0.37824074074074077
1 0.42526041666666664 0.4115740740740741 0.42864583333333334 0.4115740740740741 0.43046875 0.41805555555555557 0.42890625 0.42407407407407405 0.42421875 0.42314814814814816 0.42526041666666664 0.41203703703703703
1 0.45859375 0.46805555555555556 0.46197916666666666 0.4736111111111111 0.46197916666666666 0.4810185185185185 0.46015625 0.4847222222222222 0.45364583333333336 0.4842592592592593 0.4513020833333333 0.4810185185185185 0.45286458333333335 0.4722222222222222 0.4583333333333333 0.46805555555555556