4 0.26848958333333334 0.8148148148148148 0.27578125 0.8166666666666667 0.2828125 0.825925925925926 0.2828125 0.8518518518518519 0.28046875 0.8574074074074074 0.27057291666666666 0.8611111111111112 0.26536458333333335 0.8708333333333333 0.2520833333333333 0.8680555555555556 0.23515625 0.8726851851851852 0.23072916666666668 0.8694444444444445 0.2296875 0.8606481481481482 0.23072916666666668 0.8476851851851852 0.23776041666666667 0.8314814814814815 0.24947916666666667 0.8175925925925925 0.2682291666666667 0.8148148148148148
4 0.45989583333333334 0.6912037037037037 0.46041666666666664 0.7097222222222223 0.45651041666666664 0.7111111111111111 0.45078125 0.7060185185185185 0.4505208333333333 0.6958333333333333 0.45286458333333335 0.6907407407407408 0.4596354166666667 0.6912037037037037
4 0.09557291666666666 0.7587962962962963 0.09765625 0.7643518518518518 0.09765625 0.7712962962962963 0.09557291666666666 0.7759259259259259 0.08072916666666667 0.7800925925925926 0.07473958333333333 0.7796296296296297 0.07291666666666667 0.7759259259259259 0.07760416666666667 0.7615740740740741 0.0953125 0.7587962962962963
4 0.7588541666666667 0.7648148148148148 0.77265625 0.7680555555555556 0.7794270833333333 0.7796296296296297 0.7901041666666667 0.7819444444444444 0.7958333333333333 0.7935185185185185 0.8046875 0.7967592592592593 0.8059895833333334 0.8018518518518518 0.80390625 0.8134259259259259 0.7989583333333333 0.8166666666666667 0.7736979166666667 0.8143518518518519 0.7703125 0.8106481481481481 0.7700520833333333 0.8018518518518518 0.7653645833333333 0.7976851851851852 0.7536458333333333 0.7981481481481482 0.7481770833333333 0.8018518518518518 0.74609375 0.799537037037037 0.7442708333333333 0.7949074074074074 0.74609375 0.7712962962962963 0.7481770833333333 0.7680555555555556 0.75859375 0.7648148148148148
4 0.023697916666666666 0.9319444444444445 0.04453125 0.9425925925925925 0.04869791666666667 0.9486111111111111 0.051041666666666666 0.9768518518518519 0.048177083333333336 0.9930555555555556 0.0421875 0.999537037037037 0.0171875 0.999537037037037 0.009375 0.9967592592592592 0.004166666666666667 0.999537037037037 0 0.9972222222222222 0 0.9356481481481481 0.0234375 0.9319444444444445
4 0.44244791666666666 0.7527777777777778 0.44635416666666666 0.7532407407407408 0.44947916666666665 0.7689814814814815 0.4479166666666667 0.7800925925925926 0.44635416666666666 0.7828703703703703 0.44244791666666666 0.7824074074074074 0.44244791666666666 0.7532407407407408
4 0.359375 0.7462962962962963 0.3611979166666667 0.75 0.35963541666666665 0.7587962962962963 0.3419270833333333 0.7703703703703704 0.33958333333333335 0.7689814814814815 0.33958333333333335 0.7652777777777777 0.34296875 0.7583333333333333 0.34375 0.7472222222222222 0.35911458333333335 0.7462962962962963
4 0.4080729166666667 0.7175925925925926 0.41041666666666665 0.7203703703703703 0.4114583333333333 0.7273148148148149 0.4114583333333333 0.7347222222222223 0.4080729166666667 0.7398148148148148 0.39817708333333335 0.7319444444444444 0.3966145833333333 0.7277777777777777 0.3997395833333333 0.7203703703703703 0.4078125 0.7175925925925926
4 0.46927083333333336 0.7013888888888888 0.4713541666666667 0.7074074074074074 0.4703125 0.7185185185185186 0.46510416666666665 0.7180555555555556 0.4630208333333333 0.7134259259259259 0.46458333333333335 0.7032407407407407 0.46901041666666665 0.7013888888888888
4 0.42109375 0.7060185185185185 0.011979166666666667 0.01574074074074074
4 0.44947916666666665 0.7060185185185185 0.4552083333333333 0.7097222222222223 0.4557291666666667 0.7203703703703703 0.45234375 0.7240740740740741 0.44453125 0.7226851851851852 0.44375 0.7101851851851851 0.44921875 0.7064814814814815
4 0.33489583333333334 0.7814814814814814 0.33489583333333334 0.8069444444444445 0.3302083333333333 0.8074074074074075 0.32890625 0.8023148148148148 0.3296875 0.7898148148148149 0.33151041666666664 0.7837962962962963 0.3346354166666667 0.7819444444444444
4 0.4078125 0.7513888888888889 0.41510416666666666 0.7555555555555555 0.41875 0.7652777777777777 0.41822916666666665 0.7736111111111111 0.41510416666666666 0.7773148148148148 0.39947916666666666 0.775 0.39817708333333335 0.7671296296296296 0.39921875 0.7587962962962963 0.40286458333333336 0.7532407407407408 0.4075520833333333 0.7518518518518519
4 0.42526041666666664 0.7356481481481482 0.42604166666666665 0.7532407407407408 0.4236979166666667 0.7583333333333333 0.41640625 0.7569444444444444 0.4153645833333333 0.7518518518518519 0.4197916666666667 0.7375 0.425 0.7356481481481482
4 0.25755208333333335 0.9083333333333333 0.2794270833333333 0.9092592592592592 0.28359375 0.9111111111111111 0.28828125 0.9185185185185185 0.29348958333333336 0.9333333333333333 0.29244791666666664 0.9564814814814815 0.2986979166666667 0.9625 0.2981770833333333 0.999537037037037 0.25390625 0.999537037037037 0.2515625 0.9967592592592592 0.16927083333333334 0.999537037037037 0.1609375 0.9962962962962963 0.16119791666666666 0.9666666666666667 0.17421875 0.9527777777777777 0.20989583333333334 0.924074074074074 0.23046875 0.9111111111111111 0.25729166666666664 0.9083333333333333
3 0.3880208333333333 0.7273148148148149 0.3953125 0.7296296296296296 0.396875 0.7333333333333333 0.39765625 0.8009259259259259 0.39427083333333335 0.8138888888888889 0.3776041666666667 0.8347222222222223 0.36354166666666665 0.8291666666666667 0.3419270833333333 0.8337962962962963 0.3359375 0.8208333333333333 0.33541666666666664 0.8032407407407407 0.3333333333333333 0.7967592592592593 0.33359375 0.7814814814814814 0.33828125 0.7731481481481481 0.35989583333333336 0.7592592592592593 0.36328125 0.7509259259259259 0.36640625 0.7296296296296296 0.38776041666666666 0.7273148148148149
1 0.46770833333333334 0.7013888888888888 0.47109375 0.7060185185185185 0.4700520833333333 0.7185185185185186 0.46510416666666665 0.7180555555555556 0.46328125 0.7138888888888889 0.46380208333333334 0.7060185185185185 0.4674479166666667 0.7013888888888888
1 0.45026041666666666 0.7060185185185185 0.45390625 0.7083333333333334 0.4557291666666667 0.7157407407407408 0.4544270833333333 0.7222222222222222 0.45078125 0.7240740740740741 0.44583333333333336 0.7240740740740741 0.4432291666666667 0.7171296296296297 0.44427083333333334 0.7087962962962963 0.45 0.7060185185185185
1 0.33489583333333334 0.7824074074074074 0.33541666666666664 0.8041666666666667 0.3338541666666667 0.8078703703703703 0.3296875 0.8064814814814815 0.32916666666666666 0.7962962962962963 0.33151041666666664 0.7837962962962963 0.3346354166666667 0.7824074074074074