0 0.40208333333333335 0.8777777777777778 0.4046875 0.8837962962962963 0.4046875 0.8935185185185185 0.40208333333333335 0.899537037037037 0.4046875 0.9106481481481481 0.4049479166666667 0.9356481481481481 0.39791666666666664 0.9875 0.3932291666666667 0.999537037037037 0.38229166666666664 0.9967592592592592 0.35234375 0.9972222222222222 0.35052083333333334 0.9949074074074075 0.35130208333333335 0.9629629629629629 0.36770833333333336 0.8939814814814815 0.3729166666666667 0.8787037037037037 0.38046875 0.8763888888888889 0.40182291666666664 0.8777777777777778
4 0.061197916666666664 0.7337962962962963 0.06510416666666667 0.7375 0.06692708333333333 0.7611111111111111 0.06015625 0.7925925925925926 0.030989583333333334 0.8351851851851851 0.023177083333333334 0.8398148148148148 0 0.8388888888888889 0 0.7703703703703704 0.010416666666666666 0.7583333333333333 0.008333333333333333 0.7550925925925925 0.01015625 0.7513888888888889 0.008333333333333333 0.7481481481481481 0.015625 0.7407407407407407 0.019791666666666666 0.7412037037037037 0.017447916666666667 0.7481481481481481 0.012760416666666666 0.7509259259259259 0.015885416666666666 0.7532407407407408 0.03984375 0.7347222222222223 0.0609375 0.7337962962962963
4 0.43671875 0.4462962962962963 0.4395833333333333 0.449537037037037 0.440625 0.4564814814814815 0.4395833333333333 0.4601851851851852 0.4359375 0.4615740740740741 0.43203125 0.45694444444444443 0.43203125 0.45092592592592595 0.43307291666666664 0.44722222222222224 0.43645833333333334 0.4462962962962963
4 0.4192708333333333 0.5152777777777777 0.42213541666666665 0.5189814814814815 0.42239583333333336 0.5370370370370371 0.42161458333333335 0.5462962962962963 0.41848958333333336 0.5518518518518518 0.40703125 0.55 0.40625 0.5328703703703703 0.40859375 0.5180555555555556 0.41901041666666666 0.5152777777777777
4 0.45390625 0.4583333333333333 0.45598958333333334 0.46620370370370373 0.4544270833333333 0.4689814814814815 0.4471354166666667 0.4666666666666667 0.44817708333333334 0.45787037037037037 0.45364583333333336 0.4583333333333333
4 0.4328125 0.6259259259259259 0.4356770833333333 0.6282407407407408 0.43697916666666664 0.6342592592592593 0.43411458333333336 0.6574074074074074 0.41875 0.6597222222222222 0.4166666666666667 0.6439814814814815 0.42135416666666664 0.6263888888888889 0.43255208333333334 0.6259259259259259
4 0.40520833333333334 0.7277777777777777 0.4114583333333333 0.7333333333333333 0.40911458333333334 0.7615740740740741 0.4078125 0.7675925925925926 0.40520833333333334 0.7685185185185185 0.38723958333333336 0.7685185185185185 0.38619791666666664 0.7611111111111111 0.390625 0.7310185185185185 0.39427083333333335 0.7273148148148149 0.4049479166666667 0.7277777777777777
4 0.42213541666666665 0.4388888888888889 0.42604166666666665 0.44305555555555554 0.42526041666666664 0.4513888888888889 0.41953125 0.449537037037037 0.4197916666666667 0.44166666666666665 0.421875 0.4388888888888889
4 0.4359375 0.513425925925926 0.4390625 0.5203703703703704 0.43828125 0.5324074074074074 0.42994791666666665 0.5356481481481481 0.42734375 0.5324074074074074 0.4296875 0.5152777777777777 0.4356770833333333 0.513425925925926
4 0.13515625 0.7814814814814814 0.15052083333333333 0.7824074074074074 0.15 0.8310185185185185 0.146875 0.8351851851851851 0.134375 0.8356481481481481 0.12578125 0.8444444444444444 0.11953125 0.8416666666666667 0.11328125 0.8518518518518519 0.10729166666666666 0.8546296296296296 0.09765625 0.8495370370370371 0.0953125 0.8453703703703703 0.096875 0.799074074074074 0.10911458333333333 0.7847222222222222 0.11510416666666666 0.7833333333333333 0.11953125 0.7865740740740741 0.12265625 0.7814814814814814 0.13489583333333333 0.7814814814814814
4 0.4356770833333333 0.4648148148148148 0.4375 0.4791666666666667 0.4359375 0.48333333333333334 0.42916666666666664 0.4828703703703704 0.4278645833333333 0.4791666666666667 0.4283854166666667 0.4666666666666667 0.4354166666666667 0.4648148148148148
4 0.04192708333333333 0.8277777777777777 0.07161458333333333 0.8277777777777777 0.07421875 0.8300925925925926 0.08307291666666666 0.8462962962962963 0.08463541666666667 0.8574074074074074 0.08463541666666667 0.888425925925926 0.07447916666666667 0.9041666666666667 0.05364583333333333 0.924074074074074 0.030729166666666665 0.9277777777777778 0.021875 0.9199074074074074 0.023958333333333335 0.8583333333333333 0.035416666666666666 0.8300925925925926 0.041666666666666664 0.8277777777777777
4 0.45651041666666664 0.5106481481481482 0.45989583333333334 0.5148148148148148 0.46041666666666664 0.5263888888888889 0.45625 0.5300925925925926 0.45260416666666664 0.5300925925925926 0.44947916666666665 0.5259259259259259 0.4510416666666667 0.5138888888888888 0.45625 0.5106481481481482
4 0.44427083333333334 0.5296296296296297 0.4515625 0.5310185185185186 0.45390625 0.5388888888888889 0.45364583333333336 0.5550925925925926 0.44973958333333336 0.5810185185185185 0.44609375 0.5837962962962963 0.43255208333333334 0.5814814814814815 0.4315104166666667 0.5763888888888888 0.4322916666666667 0.5569444444444445 0.4375 0.5361111111111111 0.4393229166666667 0.5310185185185186 0.4440104166666667 0.5296296296296297
4 0.4703125 0.549074074074074 0.47239583333333335 0.5537037037037037 0.47161458333333334 0.5708333333333333 0.4705729166666667 0.5763888888888888 0.4671875 0.5787037037037037 0.4591145833333333 0.5768518518518518 0.45859375 0.5560185185185185 0.46145833333333336 0.549537037037037 0.4700520833333333 0.549074074074074
4 0.15494791666666666 0.8375 0.1640625 0.8416666666666667 0.16276041666666666 0.8560185185185185 0.14713541666666666 0.8805555555555555 0.13697916666666668 0.8921296296296296 0.12916666666666668 0.888425925925926 0.12447916666666667 0.8796296296296297 0.12369791666666667 0.8657407407407407 0.12630208333333334 0.8564814814814815 0.14036458333333332 0.8379629629629629 0.1546875 0.8375
4 0.45989583333333334 0.49583333333333335 0.46145833333333336 0.500462962962963 0.45989583333333334 0.5120370370370371 0.4513020833333333 0.5087962962962963 0.45338541666666665 0.4962962962962963 0.45625 0.49398148148148147 0.4596354166666667 0.49583333333333335
4 0.43046875 0.7407407407407407 0.4393229166666667 0.7430555555555556 0.4421875 0.7476851851851852 0.4401041666666667 0.7828703703703703 0.4390625 0.7865740740740741 0.4359375 0.7875 0.42135416666666664 0.7870370370370371 0.41822916666666665 0.7833333333333333 0.4203125 0.7472222222222222 0.425 0.7412037037037037 0.43020833333333336 0.7407407407407407
1 0.4356770833333333 0.513425925925926 0.4388020833333333 0.5189814814814815 0.43828125 0.5324074074074074 0.42864583333333334 0.5351851851851852 0.42734375 0.5319444444444444 0.43020833333333336 0.5157407407407407 0.4354166666666667 0.5138888888888888
2 0.4635416666666667 0.5986111111111111 0.46510416666666665 0.6078703703703704 0.4635416666666667 0.6203703703703703 0.46015625 0.6180555555555556 0.4596354166666667 0.6106481481481482 0.45989583333333334 0.5986111111111111 0.46328125 0.5986111111111111
2 0.32838541666666665 0.6699074074074074 0.33098958333333334 0.675 0.33098958333333334 0.6824074074074075 0.3296875 0.6888888888888889 0.32526041666666666 0.6925925925925925 0.32317708333333334 0.6898148148148148 0.32317708333333334 0.6819444444444445 0.32473958333333336 0.6731481481481482 0.328125 0.6699074074074074