4 0.3890625 0.7763888888888889 0.3997395833333333 0.7861111111111111 0.39765625 0.8111111111111111 0.39010416666666664 0.825462962962963 0.3731770833333333 0.8287037037037037 0.3658854166666667 0.825462962962963 0.36380208333333336 0.8069444444444445 0.37421875 0.7791666666666667 0.37890625 0.7759259259259259 0.3888020833333333 0.7763888888888889
4 0.44088541666666664 0.7462962962962963 0.4432291666666667 0.7486111111111111 0.44453125 0.7652777777777777 0.44192708333333336 0.7800925925925926 0.4395833333333333 0.7819444444444444 0.43697916666666664 0.7763888888888889 0.43515625 0.75 0.440625 0.7462962962962963
4 0.4239583333333333 0.5268518518518519 0.42630208333333336 0.5324074074074074 0.42291666666666666 0.5365740740740741 0.4203125 0.5361111111111111 0.4192708333333333 0.5319444444444444 0.42083333333333334 0.5273148148148148 0.4236979166666667 0.5268518518518519
4 0.3731770833333333 0.9449074074074074 0.37135416666666665 0.9527777777777777 0.3765625 0.9625 0.38385416666666666 0.9601851851851851 0.3841145833333333 0.9768518518518519 0.3815104166666667 0.9925925925925926 0.37213541666666666 0.9949074074074075 0.3703125 0.9912037037037037 0.3697916666666667 0.9467592592592593 0.3729166666666667 0.9453703703703704
4 0.43020833333333336 0.5680555555555555 0.4328125 0.5800925925925926 0.43203125 0.5912037037037037 0.42994791666666665 0.5944444444444444 0.42135416666666664 0.5939814814814814 0.41953125 0.5796296296296296 0.421875 0.5689814814814815 0.42994791666666665 0.5680555555555555
4 0.45026041666666666 0.5837962962962963 0.45729166666666665 0.5916666666666667 0.45286458333333335 0.5925925925925926 0.446875 0.5995370370370371 0.4421875 0.5990740740740741 0.43828125 0.5916666666666667 0.4427083333333333 0.5851851851851851 0.45 0.5837962962962963
4 0.05078125 0.7347222222222223 0.05390625 0.7379629629629629 0.055989583333333336 0.7527777777777778 0.055989583333333336 0.7680555555555556 0.053125 0.7828703703703703 0.042708333333333334 0.7972222222222223 0.022135416666666668 0.7986111111111112 0.012239583333333333 0.8189814814814815 0 0.8097222222222222 0 0.7842592592592592 0.00234375 0.7828703703703703 0 0.7805555555555556 0 0.7375 0.019791666666666666 0.7388888888888889 0.050520833333333334 0.7347222222222223
4 0.45026041666666666 0.6078703703703704 0.45338541666666665 0.612037037037037 0.4546875 0.6212962962962963 0.45364583333333336 0.625462962962963 0.45026041666666666 0.6263888888888889 0.44583333333333336 0.6263888888888889 0.44166666666666665 0.6194444444444445 0.4453125 0.6083333333333333 0.45 0.6078703703703704
4 0.4479166666666667 0.6810185185185185 0.45364583333333336 0.6828703703703703 0.4549479166666667 0.6916666666666667 0.45338541666666665 0.712037037037037 0.44947916666666665 0.7222222222222222 0.44609375 0.7245370370370371 0.4354166666666667 0.7217592592592592 0.43385416666666665 0.7092592592592593 0.43515625 0.6916666666666667 0.4375 0.6847222222222222 0.44765625 0.6810185185185185
4 0.061197916666666664 0.7981481481481482 0.0625 0.8 0.06197916666666667 0.8111111111111111 0.053125 0.8171296296296297 0.052083333333333336 0.8208333333333333 0.05390625 0.8226851851851852 0.06354166666666666 0.8162037037037037 0.06822916666666666 0.8162037037037037 0.06979166666666667 0.8268518518518518 0.06822916666666666 0.8328703703703704 0.05364583333333333 0.8402777777777778 0.04869791666666667 0.8462962962962963 0.019270833333333334 0.8657407407407407 0.009375 0.8273148148148148 0.021354166666666667 0.8 0.0609375 0.7981481481481482
4 0.42526041666666664 0.538425925925926 0.43020833333333336 0.5412037037037037 0.4309895833333333 0.5532407407407407 0.42265625 0.5532407407407407 0.42291666666666666 0.5430555555555555 0.425 0.5388888888888889
4 0.44244791666666666 0.5773148148148148 0.44427083333333334 0.5851851851851851 0.4401041666666667 0.5930555555555556 0.43515625 0.5930555555555556 0.43411458333333336 0.5856481481481481 0.4361979166666667 0.5787037037037037 0.4421875 0.5773148148148148
4 0.45390625 0.5888888888888889 0.45755208333333336 0.5916666666666667 0.4588541666666667 0.6046296296296296 0.45286458333333335 0.6125 0.44817708333333334 0.6087962962962963 0.4479166666666667 0.5981481481481481 0.45364583333333336 0.5888888888888889
4 0.103125 0.7782407407407408 0.10234375 0.7935185185185185 0.10416666666666667 0.8027777777777778 0.1046875 0.8384259259259259 0.09661458333333334 0.8425925925925926 0.084375 0.8421296296296297 0.08255208333333333 0.8314814814814815 0.08489583333333334 0.8078703703703703 0.08958333333333333 0.799537037037037 0.09635416666666667 0.7967592592592593 0.09817708333333333 0.7930555555555555 0.08802083333333334 0.7949074074074074 0.08489583333333334 0.7925925925925926 0.08880208333333334 0.7861111111111111 0.10286458333333333 0.7782407407407408
4 0.4010416666666667 0.8185185185185185 0.4049479166666667 0.8273148148148148 0.4041666666666667 0.8458333333333333 0.4010416666666667 0.8587962962962963 0.3984375 0.8597222222222223 0.39505208333333336 0.8310185185185185 0.3971354166666667 0.8208333333333333 0.40078125 0.8185185185185185
4 0.440625 0.6199074074074075 0.44427083333333334 0.6263888888888889 0.44583333333333336 0.6444444444444445 0.44036458333333334 0.6787037037037037 0.4359375 0.6833333333333333 0.41848958333333336 0.6805555555555556 0.41770833333333335 0.6574074074074074 0.42291666666666666 0.6421296296296296 0.42578125 0.6222222222222222 0.44036458333333334 0.6199074074074075
4 0.4375 0.5319444444444444 0.4401041666666667 0.5393518518518519 0.4393229166666667 0.5430555555555555 0.4361979166666667 0.5439814814814815 0.43307291666666664 0.5412037037037037 0.4322916666666667 0.5361111111111111 0.4348958333333333 0.5310185185185186 0.43723958333333335 0.5319444444444444
4 0.47161458333333334 0.6041666666666666 0.47317708333333336 0.6125 0.4708333333333333 0.6217592592592592 0.46848958333333335 0.6236111111111111 0.4666666666666667 0.6231481481481481 0.46640625 0.6101851851851852 0.4703125 0.6027777777777777 0.4713541666666667 0.6041666666666666
4 0.4466145833333333 0.5407407407407407 0.44947916666666665 0.5509259259259259 0.44635416666666666 0.5550925925925926 0.4427083333333333 0.5541666666666667 0.44192708333333336 0.5509259259259259 0.4427083333333333 0.5430555555555555 0.44635416666666666 0.5407407407407407
4 0.23828125 0.8925925925925926 0.24270833333333333 0.8976851851851851 0.24661458333333333 0.9111111111111111 0.24765625 0.9263888888888889 0.24635416666666668 0.9384259259259259 0.23359375 0.9532407407407407 0.22760416666666666 0.9699074074074074 0.20052083333333334 0.9731481481481481 0.19348958333333333 0.9703703703703703 0.19244791666666666 0.9550925925925926 0.20104166666666667 0.9254629629629629 0.209375 0.9064814814814814 0.2203125 0.8939814814814815 0.23802083333333332 0.8925925925925926
4 0.45755208333333336 0.5625 0.46171875 0.5717592592592593 0.45989583333333334 0.5787037037037037 0.45286458333333335 0.5782407407407407 0.4513020833333333 0.575462962962963 0.4515625 0.5652777777777778 0.45729166666666665 0.5625
1 0.4471354166666667 0.5416666666666666 0.44921875 0.5486111111111112 0.4473958333333333 0.5546296296296296 0.4421875 0.5523148148148148 0.44296875 0.5430555555555555 0.446875 0.5416666666666666
1 0.4354166666666667 0.5800925925925926 0.44244791666666666 0.5763888888888888 0.4440104166666667 0.5837962962962963 0.4427083333333333 0.5916666666666667 0.44609375 0.5953703703703703 0.4427083333333333 0.5976851851851852 0.440625 0.5935185185185186 0.43515625 0.5930555555555556 0.4354166666666667 0.5805555555555556
1 0.46536458333333336 0.5564814814814815 0.46875 0.5643518518518519 0.46770833333333334 0.5680555555555555 0.4635416666666667 0.5694444444444444 0.4609375 0.5671296296296297 0.46015625 0.5606481481481481 0.4625 0.5560185185185185 0.46510416666666665 0.5564814814814815
1 0.45651041666666664 0.5902777777777778 0.4588541666666667 0.600925925925926 0.45651041666666664 0.6092592592592593 0.44947916666666665 0.6083333333333333 0.44817708333333334 0.6032407407407407 0.44869791666666664 0.5958333333333333 0.45286458333333335 0.5884259259259259 0.45625 0.5902777777777778
1 0.4513020833333333 0.6074074074074074 0.45390625 0.6129629629629629 0.4544270833333333 0.6236111111111111 0.453125 0.6259259259259259 0.44557291666666665 0.6259259259259259 0.4421875 0.6194444444444445 0.44505208333333335 0.6087962962962963 0.4510416666666667 0.6074074074074074
1 0.44973958333333336 0.5837962962962963 0.45546875 0.5879629629629629 0.45703125 0.5925925925925926 0.45286458333333335 0.5925925925925926 0.4471354166666667 0.5990740740740741 0.44244791666666666 0.5990740740740741 0.4390625 0.5921296296296297 0.4356770833333333 0.5912037037037037 0.44947916666666665 0.5837962962962963
1 0.31302083333333336 0.9694444444444444 0.3302083333333333 0.9736111111111111 0.3294270833333333 0.9842592592592593 0.33098958333333334 0.9949074074074075 0.3296875 0.999537037037037 0.2791666666666667 0.999537037037037 0.2825520833333333 0.9837962962962963 0.28984375 0.9736111111111111 0.29765625 0.9689814814814814 0.31276041666666665 0.9694444444444444
2 0.4036458333333333 0.8282407407407407 0.40338541666666666 0.8495370370370371 0.40078125 0.8592592592592593 0.39817708333333335 0.8597222222222223 0.3953125 0.8305555555555556 0.39739583333333334 0.8263888888888888 0.40338541666666666 0.8282407407407407
2 0.4705729166666667 0.6050925925925926 0.47265625 0.6125 0.46875 0.6236111111111111 0.4666666666666667 0.6226851851851852 0.46640625 0.611574074074074 0.4703125 0.6050925925925926
2 0.32473958333333336 0.7101851851851851 0.3268229166666667 0.7138888888888889 0.32734375 0.7231481481481481 0.32447916666666665 0.7305555555555555 0.32109375 0.7324074074074074 0.3203125 0.7162037037037037 0.32447916666666665 0.7101851851851851
2 0.43984375 0.7472222222222222 0.44244791666666666 0.7481481481481481 0.44453125 0.763425925925926 0.44244791666666666 0.7782407407407408 0.4395833333333333 0.7819444444444444 0.43723958333333335 0.7787037037037037 0.4354166666666667 0.7523148148148148 0.43645833333333334 0.7481481481481481 0.4395833333333333 0.7472222222222222
2 0.3697916666666667 0.9606481481481481 0.3731770833333333 0.9606481481481481 0.3765625 0.9675925925925926 0.3802083333333333 0.9643518518518519 0.38385416666666666 0.9717592592592592 0.3815104166666667 0.9925925925925926 0.37135416666666665 0.9944444444444445 0.3697916666666667 0.9611111111111111