0 0.47734375 0.5148148148148148 0.47942708333333334 0.5185185185185185 0.4796875 0.5430555555555555 0.4791666666666667 0.549537037037037 0.47734375 0.5513888888888889 0.46770833333333334 0.5504629629629629 0.4661458333333333 0.5430555555555555 0.46822916666666664 0.5175925925925926 0.4703125 0.5148148148148148 0.47708333333333336 0.5148148148148148
4 0.4674479166666667 0.36203703703703705 0.46927083333333336 0.36944444444444446 0.4671875 0.3731481481481482 0.4630208333333333 0.3726851851851852 0.46145833333333336 0.36944444444444446 0.4630208333333333 0.3625 0.4671875 0.36203703703703705
4 0.4153645833333333 0.5569444444444445 0.41875 0.5601851851851852 0.41692708333333334 0.5847222222222223 0.41484375 0.5893518518518519 0.4088541666666667 0.5907407407407408 0.4044270833333333 0.5902777777777778 0.40260416666666665 0.5847222222222223 0.4044270833333333 0.5643518518518519 0.4075520833333333 0.5574074074074075 0.41510416666666666 0.5569444444444445
4 0.16145833333333334 0.8245370370370371 0.16666666666666666 0.8273148148148148 0.16927083333333334 0.8342592592592593 0.16848958333333333 0.8796296296296297 0.14401041666666667 0.9106481481481481 0.1390625 0.9046296296296297 0.1234375 0.9050925925925926 0.11588541666666667 0.9013888888888889 0.11536458333333334 0.8587962962962963 0.13333333333333333 0.8337962962962963 0.14765625 0.8319444444444445 0.153125 0.8245370370370371 0.16119791666666666 0.8245370370370371
4 0.012760416666666666 0.9324074074074075 0.024479166666666666 0.9421296296296297 0.029427083333333333 0.961574074074074 0.043229166666666666 0.962037037037037 0.045572916666666664 0.9652777777777778 0.047135416666666666 0.9916666666666667 0.04348958333333333 0.999537037037037 0 0.9976851851851852 0 0.9365740740740741 0.0125 0.9324074074074075
4 0.04088541666666667 0.7800925925925926 0.04479166666666667 0.7824074074074074 0.047135416666666666 0.787962962962963 0.046875 0.7962962962962963 0.0015625 0.8527777777777777 0 0.8527777777777777 0 0.8 0.022135416666666668 0.7814814814814814 0.040625 0.7800925925925926
4 0.45807291666666666 0.5226851851851851 0.46119791666666665 0.524537037037037 0.4627604166666667 0.5310185185185186 0.4622395833333333 0.5398148148148149 0.45989583333333334 0.5430555555555555 0.4518229166666667 0.5421296296296296 0.45 0.538425925925926 0.45234375 0.524537037037037 0.4578125 0.5226851851851851
4 0.359375 0.7078703703703704 0.3625 0.7134259259259259 0.36276041666666664 0.7203703703703703 0.3611979166666667 0.7268518518518519 0.35703125 0.7305555555555555 0.35572916666666665 0.7305555555555555 0.35546875 0.7129629629629629 0.35911458333333335 0.7078703703703704
4 0.06067708333333333 0.8967592592592593 0.0671875 0.9 0.09453125 0.8976851851851851 0.09765625 0.9037037037037037 0.1046875 0.9087962962962963 0.10546875 0.9236111111111112 0.1078125 0.9254629629629629 0.1265625 0.9208333333333333 0.12994791666666666 0.9189814814814815 0.13072916666666667 0.9152777777777777 0.13411458333333334 0.9152777777777777 0.13515625 0.9319444444444445 0.13359375 0.9347222222222222 0.12630208333333334 0.9337962962962963 0.12630208333333334 0.9384259259259259 0.12942708333333333 0.9421296296296297 0.12083333333333333 0.9601851851851851 0.11067708333333333 0.975925925925926 0.10494791666666667 0.9800925925925926 0.09973958333333334 0.9949074074074075 0.09322916666666667 0.999537037037037 0.07291666666666667 0.999537037037037 0.07161458333333333 0.9972222222222222 0.05078125 0.999537037037037 0.0484375 0.9953703703703703 0.04895833333333333 0.9782407407407407 0.047135416666666666 0.9601851851851851 0.048177083333333336 0.9287037037037037 0.05364583333333333 0.9157407407407407 0.057291666666666664 0.9 0.06041666666666667 0.8972222222222223
4 0.45026041666666666 0.4393518518518518 0.453125 0.45 0.44973958333333336 0.4527777777777778 0.44635416666666666 0.45185185185185184 0.44557291666666665 0.4476851851851852 0.44609375 0.4425925925925926 0.45 0.4393518518518518
4 0.44244791666666666 0.3736111111111111 0.44427083333333334 0.3800925925925926 0.440625 0.38472222222222224 0.43776041666666665 0.3837962962962963 0.43697916666666664 0.3800925925925926 0.4390625 0.3731481481481482 0.4421875 0.3736111111111111
4 0.45390625 0.3888888888888889 0.45651041666666664 0.3962962962962963 0.453125 0.4009259259259259 0.45 0.399537037037037 0.44973958333333336 0.3939814814814815 0.45078125 0.38981481481481484 0.45364583333333336 0.3888888888888889
4 0.07578125 0.7800925925925926 0.08411458333333334 0.7837962962962963 0.08619791666666667 0.7953703703703704 0.0859375 0.8111111111111111 0.08046875 0.8384259259259259 0.06640625 0.862037037037037 0.061197916666666664 0.8763888888888889 0.05416666666666667 0.8875 0.03958333333333333 0.9018518518518519 0.03046875 0.9055555555555556 0.005208333333333333 0.9069444444444444 0 0.9046296296296297 0 0.8527777777777777 0.02265625 0.8226851851851852 0.04088541666666667 0.8055555555555556 0.050520833333333334 0.7865740740740741 0.06067708333333333 0.7810185185185186 0.07552083333333333 0.7800925925925926
4 0.46510416666666665 0.4930555555555556 0.46770833333333334 0.4981481481481482 0.4669270833333333 0.5125 0.459375 0.5125 0.45651041666666664 0.5087962962962963 0.45755208333333336 0.4949074074074074 0.46484375 0.4930555555555556
4 0.44609375 0.5 0.44765625 0.5046296296296297 0.4479166666666667 0.5212962962962963 0.44036458333333334 0.525 0.4359375 0.5226851851851851 0.43671875 0.5018518518518519 0.4393229166666667 0.49907407407407406 0.44583333333333336 0.5
4 0.4309895833333333 0.3972222222222222 0.4322916666666667 0.3907407407407407 0.43697916666666664 0.3902777777777778 0.43854166666666666 0.39537037037037037 0.43776041666666665 0.4009259259259259 0.4322916666666667 0.4013888888888889 0.43125 0.3976851851851852
4 0.36796875 0.7893518518518519 0.36875 0.8004629629629629 0.36614583333333334 0.8111111111111111 0.36302083333333335 0.8157407407407408 0.3609375 0.8138888888888889 0.359375 0.7935185185185185 0.36302083333333335 0.7888888888888889 0.36770833333333336 0.7893518518518519
4 0.4703125 0.44212962962962965 0.47213541666666664 0.44537037037037036 0.47265625 0.4736111111111111 0.4703125 0.48148148148148145 0.46041666666666664 0.4810185185185185 0.459375 0.47638888888888886 0.45989583333333334 0.44583333333333336 0.46328125 0.44212962962962965 0.4700520833333333 0.44212962962962965
4 0.20963541666666666 0.8657407407407407 0.21145833333333333 0.8694444444444445 0.21015625 0.875 0.16484375 0.9578703703703704 0.15833333333333333 0.9643518518518519 0.15234375 0.9611111111111111 0.14375 0.9462962962962963 0.14427083333333332 0.9254629629629629 0.14973958333333334 0.9069444444444444 0.15807291666666667 0.8962962962962963 0.17838541666666666 0.8851851851851852 0.18411458333333333 0.8763888888888889 0.19583333333333333 0.8662037037037037 0.209375 0.8657407407407407
4 0.33541666666666664 0.8958333333333334 0.33932291666666664 0.9078703703703703 0.33984375 0.9291666666666667 0.328125 0.9773148148148149 0.32447916666666665 0.9819444444444444 0.30390625 0.9837962962962963 0.30026041666666664 0.9833333333333333 0.2984375 0.975462962962963 0.2984375 0.9662037037037037 0.3026041666666667 0.9458333333333333 0.3020833333333333 0.9388888888888889 0.31927083333333334 0.8967592592592593 0.33515625 0.8958333333333334
3 0.020833333333333332 0.9074074074074074 0.03984375 0.9078703703703703 0.04479166666666667 0.9111111111111111 0.046875 0.9342592592592592 0.045572916666666664 0.9574074074074074 0.04739583333333333 0.9824074074074074 0.04635416666666667 0.9944444444444445 0.04244791666666667 0.999537037037037 0.016666666666666666 0.999537037037037 0.015625 0.9972222222222222 0.0140625 0.999537037037037 0 0.999537037037037 0 0.9361111111111111 0.0018229166666666667 0.9356481481481481 0 0.9347222222222222 0 0.9143518518518519 0.01015625 0.9078703703703703 0.020572916666666666 0.9074074074074074
3 0.09244791666666667 0.8962962962962963 0.10598958333333333 0.9115740740740741 0.1109375 0.9115740740740741 0.1125 0.9157407407407407 0.11588541666666667 0.9078703703703703 0.13359375 0.9101851851851852 0.13723958333333333 0.9148148148148149 0.1359375 0.925 0.13697916666666668 0.9333333333333333 0.13463541666666667 0.9388888888888889 0.1234375 0.9541666666666667 0.1125 0.9736111111111111 0.11223958333333334 0.9782407407407407 0.10572916666666667 0.9819444444444444 0.1 0.9949074074074075 0.09479166666666666 0.999537037037037 0.051041666666666666 0.999537037037037 0.048177083333333336 0.9953703703703703 0.04739583333333333 0.9657407407407408 0.04791666666666667 0.9282407407407407 0.0578125 0.8986111111111111 0.06067708333333333 0.8967592592592593 0.07786458333333333 0.9 0.0921875 0.8962962962962963
1 0.44427083333333334 0.41435185185185186 0.4466145833333333 0.425 0.44375 0.4273148148148148 0.4393229166666667 0.4263888888888889 0.43854166666666666 0.4212962962962963 0.43984375 0.4148148148148148 0.4440104166666667 0.41435185185185186
1 0.4239583333333333 0.5877314814814815 0.014583333333333334 0.02638888888888889
1 0.4786458333333333 0.4930555555555556 0.48125 0.49444444444444446 0.4828125 0.5069444444444444 0.48125 0.5111111111111111 0.478125 0.5120370370370371 0.4739583333333333 0.5111111111111111 0.47265625 0.5078703703703704 0.4739583333333333 0.4949074074074074 0.4783854166666667 0.4930555555555556
1 0.44583333333333336 0.7314814814814815 0.4484375 0.7351851851851852 0.44869791666666664 0.7462962962962963 0.44609375 0.7680555555555556 0.4434895833333333 0.7708333333333334 0.4390625 0.7680555555555556 0.42526041666666664 0.7694444444444445 0.425 0.7546296296296297 0.42942708333333335 0.7319444444444444 0.4356770833333333 0.7291666666666666 0.44557291666666665 0.7314814814814815
1 0.4361979166666667 0.4027777777777778 0.4390625 0.4074074074074074 0.4388020833333333 0.4115740740740741 0.4361979166666667 0.41388888888888886 0.4317708333333333 0.4111111111111111 0.4322916666666667 0.40555555555555556 0.4359375 0.4027777777777778
1 0.5143229166666666 0.5013888888888889 0.5174479166666667 0.5074074074074074 0.5174479166666667 0.5157407407407407 0.515625 0.5185185185185185 0.4947916666666667 0.5162037037037037 0.4921875 0.5120370370370371 0.49453125 0.5037037037037037 0.5140625 0.5013888888888889
1 0.45416666666666666 0.38935185185185184 0.45651041666666664 0.3939814814814815 0.45390625 0.40046296296296297 0.45 0.3990740740740741 0.4505208333333333 0.3907407407407407 0.45390625 0.38935185185185184
2 0.36744791666666665 0.7902777777777777 0.36822916666666666 0.8009259259259259 0.36614583333333334 0.8111111111111111 0.36328125 0.8152777777777778 0.3611979166666667 0.8138888888888889 0.359375 0.7958333333333333 0.3625 0.7907407407407407 0.3671875 0.7902777777777777
2 0.35989583333333336 0.7106481481481481 0.3619791666666667 0.7134259259259259 0.36171875 0.725 0.35911458333333335 0.7300925925925926 0.35598958333333336 0.7305555555555555 0.35598958333333336 0.7129629629629629 0.35963541666666665 0.7106481481481481
2 0.33880208333333334 0.6856481481481481 0.3419270833333333 0.6888888888888889 0.3421875 0.7 0.340625 0.7064814814814815 0.33515625 0.711574074074074 0.3346354166666667 0.6958333333333333 0.3385416666666667 0.6856481481481481
2 0.31588541666666664 0.8106481481481481 0.32109375 0.8087962962962963 0.321875 0.812037037037037 0.32109375 0.8222222222222222 0.31744791666666666 0.8342592592592593 0.31536458333333334 0.8314814814814815 0.31588541666666664 0.8111111111111111
2 0.383203125 0.8960648148148148 0.008072916666666667 0.02824074074074074