4 0.27708333333333335 0.924074074074074 0.2830729166666667 0.924074074074074 0.28411458333333334 0.9287037037037037 0.2828125 0.9402777777777778 0.2794270833333333 0.9481481481481482 0.27708333333333335 0.9486111111111111 0.2734375 0.9319444444444445 0.27447916666666666 0.9254629629629629 0.27682291666666664 0.924074074074074
4 0.1515625 0.8717592592592592 0.15755208333333334 0.8740740740740741 0.15963541666666667 0.8796296296296297 0.15989583333333332 0.925 0.14088541666666668 0.9532407407407407 0.13385416666666666 0.9560185185185185 0.12682291666666667 0.95 0.12369791666666667 0.9541666666666667 0.11875 0.9541666666666667 0.10572916666666667 0.9495370370370371 0.10546875 0.9041666666666667 0.12473958333333333 0.8819444444444444 0.15130208333333334 0.8717592592592592
4 0.07213541666666666 0.8245370370370371 0.0765625 0.8430555555555556 0.07604166666666666 0.8560185185185185 0.06848958333333334 0.8833333333333333 0.046875 0.9291666666666667 0.02890625 0.950925925925926 0.005729166666666666 0.9564814814814815 0 0.9564814814814815 0 0.8828703703703704 0.04453125 0.8291666666666667 0.05677083333333333 0.8240740740740741 0.071875 0.8245370370370371
4 0.046875 0.9467592592592593 0.06536458333333334 0.9495370370370371 0.08151041666666667 0.9458333333333333 0.09322916666666667 0.9560185185185185 0.09479166666666666 0.9629629629629629 0.09348958333333333 0.9944444444444445 0.08515625 0.9972222222222222 0.07083333333333333 0.9958333333333333 0.06484375 0.999537037037037 0.03828125 0.999537037037037 0.0359375 0.9939814814814815 0.034375 0.9773148148148149 0.04140625 0.9564814814814815 0.046614583333333334 0.9472222222222222
4 0.46119791666666665 0.65 0.46458333333333335 0.6578703703703703 0.46328125 0.6819444444444445 0.46119791666666665 0.6837962962962963 0.44947916666666665 0.6828703703703703 0.4484375 0.6754629629629629 0.4510416666666667 0.6518518518518519 0.4609375 0.65
4 0.4322916666666667 0.5078703703703704 0.4390625 0.5069444444444444 0.44140625 0.5222222222222223 0.4395833333333333 0.5263888888888889 0.43125 0.5259259259259259 0.42994791666666665 0.5171296296296296 0.4322916666666667 0.5083333333333333
4 0.165625 0.9435185185185185 0.171875 0.9481481481481482 0.1734375 0.9527777777777777 0.17447916666666666 0.9657407407407408 0.17291666666666666 0.9740740740740741 0.16171875 0.9949074074074075 0.15182291666666667 0.999537037037037 0.1328125 0.9958333333333333 0.13411458333333334 0.9703703703703703 0.13932291666666666 0.9574074074074074 0.14739583333333334 0.9453703703703704 0.16536458333333334 0.9435185185185185
3 0.43020833333333336 0.41898148148148145 0.43385416666666665 0.4203703703703704 0.4361979166666667 0.42777777777777776 0.4361979166666667 0.4412037037037037 0.4322916666666667 0.4439814814814815 0.4283854166666667 0.4439814814814815 0.42682291666666666 0.4393518518518518 0.4265625 0.42314814814814816 0.42994791666666665 0.41898148148148145
1 0.4356770833333333 0.5634259259259259 0.4395833333333333 0.5768518518518518 0.4390625 0.5851851851851851 0.4356770833333333 0.5884259259259259 0.4278645833333333 0.5884259259259259 0.42604166666666665 0.5814814814814815 0.42864583333333334 0.5675925925925925 0.4354166666666667 0.5634259259259259
1 0.4348958333333333 0.8245370370370371 0.4401041666666667 0.8263888888888888 0.44296875 0.8319444444444445 0.4427083333333333 0.8495370370370371 0.43854166666666666 0.8680555555555556 0.41953125 0.8657407407407407 0.42213541666666665 0.8314814814814815 0.42578125 0.825462962962963 0.43463541666666666 0.8245370370370371
1 0.40859375 0.6648148148148149 0.41328125 0.6675925925925926 0.41484375 0.6726851851851852 0.41302083333333334 0.700462962962963 0.41119791666666666 0.7037037037037037 0.39817708333333335 0.7041666666666667 0.3958333333333333 0.700462962962963 0.396875 0.6856481481481481 0.40182291666666664 0.6689814814814815 0.4041666666666667 0.6652777777777777 0.4083333333333333 0.6648148148148149
1 0.3809895833333333 0.7148148148148148 0.3854166666666667 0.7203703703703703 0.3859375 0.7347222222222223 0.38385416666666666 0.7486111111111111 0.37890625 0.7523148148148148 0.36744791666666665 0.7513888888888889 0.36640625 0.7351851851851852 0.37213541666666666 0.7185185185185186 0.3807291666666667 0.7148148148148148
1 0.33932291666666664 0.8870370370370371 0.346875 0.8893518518518518 0.35 0.9 0.35078125 0.9152777777777777 0.34921875 0.9324074074074075 0.34140625 0.9560185185185185 0.33958333333333335 0.9680555555555556 0.32473958333333336 0.9731481481481481 0.3140625 0.9717592592592592 0.31171875 0.9671296296296297 0.3145833333333333 0.9287037037037037 0.31953125 0.9217592592592593 0.32109375 0.9120370370370371 0.3299479166666667 0.8902777777777777 0.3390625 0.8870370370370371
2 0.38359375 0.6680555555555555 0.38697916666666665 0.6675925925925926 0.38828125 0.6759259259259259 0.38697916666666665 0.6893518518518519 0.38359375 0.6907407407407408 0.38203125 0.6833333333333333 0.38359375 0.6685185185185185
2 0.2760416666666667 0.924537037037037 0.2828125 0.925 0.2838541666666667 0.9277777777777778 0.2828125 0.9393518518518519 0.2794270833333333 0.9481481481481482 0.2755208333333333 0.9458333333333333 0.27369791666666665 0.9305555555555556 0.27578125 0.925