4 0.3841145833333333 0.5805555555555556 0.38645833333333335 0.5949074074074074 0.38359375 0.6037037037037037 0.3809895833333333 0.6023148148148149 0.37994791666666666 0.5875 0.3809895833333333 0.5819444444444445 0.38385416666666666 0.5805555555555556
4 0.020572916666666666 0.7319444444444444 0.024739583333333332 0.7347222222222223 0.027864583333333335 0.7574074074074074 0.024739583333333332 0.7847222222222222 0.020572916666666666 0.8 0.007291666666666667 0.8125 0.0018229166666666667 0.8212962962962963 0 0.8212962962962963 0 0.7337962962962963 0.0203125 0.7319444444444444
4 0.4356770833333333 0.425462962962963 0.4393229166666667 0.42962962962962964 0.44088541666666664 0.4361111111111111 0.44088541666666664 0.4583333333333333 0.43255208333333334 0.4615740740740741 0.42994791666666665 0.4527777777777778 0.42890625 0.43194444444444446 0.43072916666666666 0.42685185185185187 0.4354166666666667 0.425462962962963
4 0.453125 0.5907407407407408 0.45234375 0.5745370370370371 0.453125 0.5708333333333333 0.45598958333333334 0.5703703703703704 0.45755208333333336 0.5847222222222223 0.45625 0.5912037037037037 0.45338541666666665 0.5907407407407408
4 0.40078125 0.5601851851851852 0.40260416666666665 0.5671296296296297 0.4010416666666667 0.5819444444444445 0.39791666666666664 0.5800925925925926 0.3971354166666667 0.5708333333333333 0.4005208333333333 0.5606481481481481
4 0.46458333333333335 0.4736111111111111 0.4661458333333333 0.4861111111111111 0.46432291666666664 0.49027777777777776 0.45625 0.48842592592592593 0.4578125 0.4740740740740741 0.46432291666666664 0.4736111111111111
4 0.11354166666666667 0.7842592592592592 0.11614583333333334 0.7861111111111111 0.11666666666666667 0.8041666666666667 0.11640625 0.8333333333333334 0.11328125 0.8407407407407408 0.10911458333333333 0.8453703703703703 0.09895833333333333 0.8472222222222222 0.09479166666666666 0.8435185185185186 0.08177083333333333 0.8555555555555555 0.07265625 0.8597222222222223 0.06770833333333333 0.8574074074074074 0.06067708333333333 0.8592592592592593 0.05572916666666667 0.8555555555555555 0.0546875 0.8092592592592592 0.05651041666666667 0.799537037037037 0.06354166666666666 0.8 0.06354166666666666 0.8138888888888889 0.06744791666666666 0.837037037037037 0.06901041666666667 0.8212962962962963 0.06822916666666666 0.7981481481481482 0.0703125 0.7898148148148149 0.08489583333333334 0.7847222222222222 0.11328125 0.7842592592592592
4 0.026822916666666665 0.8407407407407408 0.029427083333333333 0.8481481481481481 0.03723958333333333 0.8574074074074074 0.03984375 0.8828703703703704 0.04348958333333333 0.8837962962962963 0.04505208333333333 0.8800925925925925 0.05416666666666667 0.8777777777777778 0.058854166666666666 0.8796296296296297 0.057291666666666664 0.9120370370370371 0.054427083333333334 0.9185185185185185 0.04348958333333333 0.9291666666666667 0.03984375 0.9287037037037037 0.039322916666666666 0.9171296296296296 0.03619791666666667 0.9125 0.0265625 0.925 0.0018229166666666667 0.9462962962962963 0 0.9462962962962963 0 0.8439814814814814 0.0265625 0.8407407407407408
4 0.4513020833333333 0.44212962962962965 0.45338541666666665 0.4527777777777778 0.45 0.4564814814814815 0.44505208333333335 0.45555555555555555 0.4432291666666667 0.44537037037037036 0.44583333333333336 0.44074074074074077 0.4510416666666667 0.44212962962962965
4 0.41484375 0.7356481481481482 0.4114583333333333 0.7171296296296297 0.41484375 0.7027777777777777 0.41822916666666665 0.7037037037037037 0.4205729166666667 0.7138888888888889 0.4197916666666667 0.7305555555555555 0.41822916666666665 0.7361111111111112 0.41510416666666666 0.7356481481481482
3 0.134375 0.8300925925925926 0.15130208333333334 0.8305555555555556 0.15234375 0.8347222222222223 0.12838541666666667 0.8634259259259259 0.0953125 0.9106481481481481 0.08828125 0.9162037037037037 0.08229166666666667 0.9078703703703703 0.08333333333333333 0.8870370370370371 0.08802083333333334 0.8648148148148148 0.10104166666666667 0.8481481481481481 0.11432291666666666 0.8467592592592592 0.1265625 0.8319444444444445 0.13411458333333334 0.8300925925925926
1 0.45390625 0.46296296296296297 0.4557291666666667 0.4699074074074074 0.45416666666666666 0.47824074074074074 0.4484375 0.47824074074074074 0.4466145833333333 0.475462962962963 0.4479166666666667 0.4638888888888889 0.45364583333333336 0.46296296296296297
1 0.3502604166666667 0.5958333333333333 0.359375 0.6027777777777777 0.3611979166666667 0.6078703703703704 0.35911458333333335 0.6157407407407407 0.3528645833333333 0.6194444444444445 0.3419270833333333 0.6171296296296296 0.3390625 0.6064814814814815 0.33984375 0.5986111111111111 0.35 0.5958333333333333
1 0.45703125 0.5060185185185185 0.46119791666666665 0.5115740740740741 0.46067708333333335 0.524074074074074 0.45390625 0.5263888888888889 0.44973958333333336 0.524537037037037 0.45026041666666666 0.5106481481481482 0.45234375 0.5064814814814815 0.45677083333333335 0.5060185185185185
1 0.44973958333333336 0.4412037037037037 0.453125 0.44907407407407407 0.45286458333333335 0.45416666666666666 0.4505208333333333 0.45601851851851855 0.44583333333333336 0.45555555555555555 0.44375 0.4513888888888889 0.44427083333333334 0.44305555555555554 0.44947916666666665 0.4412037037037037
1 0.37890625 0.7810185185185186 0.38229166666666664 0.7865740740740741 0.38229166666666664 0.8069444444444445 0.37447916666666664 0.8421296296296297 0.3731770833333333 0.8444444444444444 0.3653645833333333 0.8421296296296297 0.353125 0.8453703703703703 0.346875 0.8439814814814814 0.34479166666666666 0.8351851851851851 0.3450520833333333 0.8199074074074074 0.35 0.8023148148148148 0.35182291666666665 0.7865740740740741 0.35911458333333335 0.7805555555555556 0.37864583333333335 0.7810185185185186
2 0.40078125 0.5638888888888889 0.40234375 0.5699074074074074 0.4010416666666667 0.5819444444444445 0.39791666666666664 0.5810185185185185 0.3971354166666667 0.5717592592592593 0.39739583333333334 0.5671296296296297 0.4005208333333333 0.5643518518518519
2 0.41822916666666665 0.7097222222222223 0.4203125 0.7222222222222222 0.41822916666666665 0.7361111111111112 0.41484375 0.7356481481481482 0.4125 0.7240740740740741 0.41328125 0.7138888888888889 0.41796875 0.7097222222222223
2 0.31484375 0.6527777777777778 0.31692708333333336 0.6578703703703703 0.3151041666666667 0.674074074074074 0.3104166666666667 0.6819444444444445 0.3072916666666667 0.6819444444444445 0.30755208333333334 0.6675925925925926 0.31015625 0.6555555555555556 0.3145833333333333 0.6527777777777778
2 0.3834635416666667 0.5928240740740741 0.006510416666666667 0.022685185185185187
2 0.453125 0.5722222222222222 0.45625 0.5726851851851852 0.4578125 0.5805555555555556 0.45651041666666664 0.5912037037037037 0.45338541666666665 0.5912037037037037 0.45208333333333334 0.5810185185185185 0.453125 0.5726851851851852
2 0.39114583333333336 0.5699074074074074 0.3927083333333333 0.5745370370370371 0.39036458333333335 0.5888888888888889 0.38828125 0.5875 0.38697916666666665 0.5773148148148148 0.39088541666666665 0.5699074074074074