0 0.47630208333333335 0.5324074074074074 0.47760416666666666 0.5347222222222222 0.47760416666666666 0.5611111111111111 0.47682291666666665 0.5708333333333333 0.47421875 0.5726851851851852 0.4635416666666667 0.5694444444444444 0.4635416666666667 0.5513888888888889 0.4669270833333333 0.5324074074074074 0.47604166666666664 0.5324074074074074
4 0.46432291666666664 0.44583333333333336 0.4713541666666667 0.45231481481481484 0.47265625 0.45925925925925926 0.47265625 0.4842592592592593 0.4703125 0.49074074074074076 0.46796875 0.4912037037037037 0.46015625 0.49027777777777776 0.4583333333333333 0.4861111111111111 0.45859375 0.45601851851851855 0.4640625 0.44583333333333336
4 0.46380208333333334 0.5032407407407408 0.4661458333333333 0.5083333333333333 0.46640625 0.5171296296296296 0.46536458333333336 0.5222222222222223 0.4622395833333333 0.524537037037037 0.4557291666666667 0.5236111111111111 0.4544270833333333 0.5152777777777777 0.45598958333333334 0.5046296296296297 0.4635416666666667 0.5032407407407408
4 0.1578125 0.8236111111111111 0.16432291666666668 0.825 0.16875 0.8319444444444445 0.16848958333333333 0.8800925925925925 0.14739583333333334 0.9064814814814814 0.14401041666666667 0.9074074074074074 0.140625 0.8981481481481481 0.1296875 0.9050925925925926 0.12005208333333334 0.9050925925925926 0.115625 0.9009259259259259 0.11614583333333334 0.8560185185185185 0.13333333333333333 0.8333333333333334 0.14869791666666668 0.8319444444444445 0.15182291666666667 0.825 0.15755208333333334 0.8240740740740741
4 0.43776041666666665 0.5328703703703703 0.4395833333333333 0.5537037037037037 0.4328125 0.5555555555555556 0.42890625 0.5527777777777778 0.43046875 0.5356481481481481 0.4375 0.5328703703703703
4 0.015625 0.9319444444444445 0.025 0.9425925925925925 0.029427083333333333 0.9634259259259259 0.04010416666666667 0.962037037037037 0.045572916666666664 0.9675925925925926 0.047135416666666666 0.9916666666666667 0.04296875 0.999537037037037 0 0.999537037037037 0 0.9361111111111111 0.015364583333333333 0.9319444444444445
4 0.04114583333333333 0.7796296296296297 0.04765625 0.7888888888888889 0.046614583333333334 0.7962962962962963 0.0015625 0.8532407407407407 0 0.8532407407407407 0 0.8004629629629629 0.021614583333333333 0.7819444444444444 0.04088541666666667 0.7796296296296297
4 0.3703125 0.7796296296296297 0.3731770833333333 0.7888888888888889 0.3729166666666667 0.8143518518518519 0.36744791666666665 0.8388888888888889 0.36328125 0.8425925925925926 0.3450520833333333 0.8421296296296297 0.34375 0.8287037037037037 0.3463541666666667 0.8171296296296297 0.3453125 0.8097222222222222 0.3572916666666667 0.7814814814814814 0.37005208333333334 0.7796296296296297
4 0.09348958333333333 0.8958333333333334 0.09817708333333333 0.9032407407407408 0.10442708333333334 0.9069444444444444 0.10807291666666667 0.9125 0.10833333333333334 0.9180555555555555 0.1125 0.9226851851851852 0.1203125 0.9180555555555555 0.11822916666666666 0.9115740740740741 0.11927083333333334 0.9101851851851852 0.13333333333333333 0.9115740740740741 0.13541666666666666 0.9166666666666666 0.1359375 0.9319444444444445 0.11822916666666666 0.9643518518518519 0.11041666666666666 0.975 0.10651041666666666 0.9763888888888889 0.09817708333333333 0.9953703703703703 0.09296875 0.999537037037037 0.08697916666666666 0.9972222222222222 0.07447916666666667 0.999537037037037 0.07109375 0.9967592592592592 0.05260416666666667 0.999537037037037 0.049479166666666664 0.9972222222222222 0.046875 0.9597222222222223 0.04765625 0.9287037037037037 0.0578125 0.8981481481481481 0.06067708333333333 0.8958333333333334 0.0828125 0.899074074074074 0.09322916666666667 0.8958333333333334
4 0.31197916666666664 0.8407407407407408 0.31536458333333334 0.8449074074074074 0.31692708333333336 0.8847222222222222 0.3109375 0.9217592592592593 0.29296875 0.9699074074074074 0.278125 0.9726851851851852 0.26197916666666665 0.9722222222222222 0.2598958333333333 0.9675925925925926 0.25729166666666664 0.9282407407407407 0.26067708333333334 0.9185185185185185 0.26171875 0.9037037037037037 0.2833333333333333 0.8453703703703703 0.28854166666666664 0.8412037037037037 0.31171875 0.8407407407407408
4 0.45 0.4356481481481482 0.4510416666666667 0.44351851851851853 0.44895833333333335 0.44675925925925924 0.44479166666666664 0.4462962962962963 0.44375 0.44212962962962965 0.44609375 0.4361111111111111 0.44973958333333336 0.4356481481481482
4 0.4783854166666667 0.5078703703703704 0.48098958333333336 0.5087962962962963 0.4822916666666667 0.513425925925926 0.48098958333333336 0.5282407407407408 0.47109375 0.5254629629629629 0.47317708333333336 0.5101851851851852 0.478125 0.5078703703703704
4 0.37994791666666666 0.6513888888888889 0.38229166666666664 0.6638888888888889 0.37994791666666666 0.6768518518518518 0.3765625 0.6773148148148148 0.37552083333333336 0.6675925925925926 0.3765625 0.6541666666666667 0.3796875 0.6518518518518519
4 0.515625 0.500462962962963 0.5190104166666667 0.5050925925925925 0.5190104166666667 0.5166666666666667 0.5166666666666667 0.5194444444444445 0.49453125 0.512962962962963 0.4947916666666667 0.5050925925925925 0.5153645833333333 0.500462962962963
4 0.07994791666666666 0.7796296296296297 0.08411458333333334 0.7828703703703703 0.08619791666666667 0.7953703703703704 0.08385416666666666 0.8277777777777777 0.07890625 0.8421296296296297 0.06640625 0.8625 0.06067708333333333 0.8768518518518519 0.04348958333333333 0.8986111111111111 0.03046875 0.9041666666666667 0.005729166666666666 0.9060185185185186 0 0.9027777777777778 0 0.8541666666666666 0.020833333333333332 0.8236111111111111 0.040364583333333336 0.8046296296296296 0.04765625 0.7935185185185185 0.04895833333333333 0.7861111111111111 0.06328125 0.7791666666666667 0.0796875 0.7796296296296297
4 0.440625 0.40555555555555556 0.4427083333333333 0.4078703703703704 0.44375 0.4166666666666667 0.4393229166666667 0.41944444444444445 0.43671875 0.41805555555555557 0.4361979166666667 0.41064814814814815 0.43723958333333335 0.4064814814814815 0.44036458333333334 0.40555555555555556
4 0.44947916666666665 0.48148148148148145 0.4505208333333333 0.5018518518518519 0.4432291666666667 0.5050925925925925 0.43984375 0.5018518518518519 0.44036458333333334 0.4847222222222222 0.44244791666666666 0.48148148148148145 0.44921875 0.48148148148148145
4 0.43671875 0.387037037037037 0.43984375 0.3902777777777778 0.43984375 0.3939814814814815 0.4356770833333333 0.40185185185185185 0.43255208333333334 0.39351851851851855 0.43645833333333334 0.387037037037037
4 0.45703125 0.5388888888888889 0.46015625 0.5537037037037037 0.4578125 0.5587962962962963 0.45260416666666664 0.5597222222222222 0.4473958333333333 0.5569444444444445 0.44817708333333334 0.5435185185185185 0.45026041666666666 0.5388888888888889 0.45677083333333335 0.5388888888888889
4 0.20703125 0.8648148148148148 0.21067708333333332 0.8666666666666667 0.21041666666666667 0.8731481481481481 0.19348958333333333 0.9078703703703703 0.18463541666666666 0.9189814814814815 0.16458333333333333 0.9574074074074074 0.1578125 0.9643518518518519 0.1453125 0.9537037037037037 0.14348958333333334 0.9467592592592593 0.14322916666666666 0.9217592592592593 0.14947916666666666 0.9074074074074074 0.1578125 0.8958333333333334 0.17890625 0.8851851851851852 0.19713541666666667 0.8662037037037037 0.20677083333333332 0.8648148148148148
4 0.4236979166666667 0.5347222222222222 0.42552083333333335 0.5541666666666667 0.421875 0.5638888888888889 0.41119791666666666 0.562962962962963 0.41015625 0.5537037037037037 0.4114583333333333 0.5421296296296296 0.41458333333333336 0.5347222222222222 0.4234375 0.5347222222222222
1 0.4317708333333333 0.8097222222222222 0.4361979166666667 0.8148148148148148 0.43671875 0.8287037037037037 0.4328125 0.8592592592592593 0.43072916666666666 0.862037037037037 0.40911458333333334 0.8601851851851852 0.4078125 0.8444444444444444 0.4122395833333333 0.8143518518518519 0.4192708333333333 0.8092592592592592 0.4315104166666667 0.8097222222222222
1 0.44973958333333336 0.4356481481481482 0.4510416666666667 0.44305555555555554 0.4473958333333333 0.44675925925925924 0.44427083333333334 0.44583333333333336 0.44427083333333334 0.4393518518518518 0.44947916666666665 0.4356481481481482
1 0.5158854166666667 0.5009259259259259 0.5190104166666667 0.5074074074074074 0.5190104166666667 0.5157407407407407 0.51640625 0.5180555555555556 0.50859375 0.5166666666666667 0.5033854166666667 0.5050925925925925 0.5083333333333333 0.500462962962963 0.515625 0.5009259259259259
2 0.3765625 0.6773148148148148 0.37578125 0.6606481481481481 0.3765625 0.6560185185185186 0.3796875 0.6532407407407408 0.38203125 0.6611111111111111 0.38177083333333334 0.6694444444444444 0.37994791666666666 0.6768518518518518 0.3768229166666667 0.6773148148148148
2 0.3419270833333333 0.6837962962962963 0.34322916666666664 0.6875 0.3421875 0.6995370370370371 0.33828125 0.7097222222222223 0.33489583333333334 0.7097222222222223 0.33489583333333334 0.6898148148148148 0.3372395833333333 0.6847222222222222 0.3416666666666667 0.6837962962962963
2 0.44869791666666664 0.7046296296296296 0.44947916666666665 0.7134259259259259 0.44609375 0.7208333333333333 0.4440104166666667 0.7171296296296297 0.44427083333333334 0.7078703703703704 0.4484375 0.7046296296296296
2 0.38723958333333336 0.7097222222222223 0.39036458333333335 0.7129629629629629 0.390625 0.7171296296296297 0.38697916666666665 0.7324074074074074 0.384375 0.7310185185185185 0.38307291666666665 0.7203703703703703 0.38359375 0.712037037037037 0.38697916666666665 0.7097222222222223