4 0.42864583333333334 0.43287037037037035 0.4322916666666667 0.4324074074074074 0.4356770833333333 0.4361111111111111 0.43828125 0.4449074074074074 0.4375 0.45694444444444443 0.42864583333333334 0.4583333333333333 0.4265625 0.4462962962962963 0.42864583333333334 0.43333333333333335
4 0.4635416666666667 0.4671296296296296 0.46588541666666666 0.4703703703703704 0.4669270833333333 0.4791666666666667 0.4669270833333333 0.4875 0.46432291666666664 0.4898148148148148 0.4596354166666667 0.4888888888888889 0.45755208333333336 0.4847222222222222 0.4583333333333333 0.4726851851851852 0.46328125 0.4671296296296296
4 0.0265625 0.8046296296296296 0.033854166666666664 0.8069444444444445 0.036458333333333336 0.8171296296296297 0.0375 0.836574074074074 0.03411458333333333 0.8583333333333333 0.031510416666666666 0.8662037037037037 0.015625 0.8893518518518518 0.0018229166666666667 0.9171296296296296 0 0.9171296296296296 0 0.8097222222222222 0.026302083333333334 0.8046296296296296
4 0.4088541666666667 0.5402777777777777 0.41119791666666666 0.5509259259259259 0.4083333333333333 0.5574074074074075 0.40572916666666664 0.5537037037037037 0.40546875 0.5458333333333333 0.40859375 0.5402777777777777
4 0.3453125 0.7236111111111111 0.34869791666666666 0.7282407407407407 0.35052083333333334 0.7449074074074075 0.34921875 0.7592592592592593 0.3450520833333333 0.7722222222222223 0.3421875 0.7773148148148148 0.32578125 0.7796296296296297 0.32135416666666666 0.7791666666666667 0.32005208333333335 0.775 0.32421875 0.7467592592592592 0.3341145833333333 0.725 0.3450520833333333 0.7236111111111111
4 0.12317708333333334 0.8583333333333333 0.12604166666666666 0.8625 0.12473958333333333 0.8703703703703703 0.12578125 0.9013888888888889 0.12395833333333334 0.9125 0.11328125 0.9268518518518518 0.09505208333333333 0.9439814814814815 0.08489583333333334 0.9462962962962963 0.06536458333333334 0.9356481481481481 0.06458333333333334 0.8972222222222223 0.06614583333333333 0.8851851851851852 0.08177083333333333 0.8643518518518518 0.12291666666666666 0.8587962962962963
4 0.03619791666666667 0.9296296296296296 0.04088541666666667 0.937037037037037 0.0484375 0.9425925925925925 0.04869791666666667 0.9638888888888889 0.05234375 0.9884259259259259 0.050520833333333334 0.999537037037037 0.031510416666666666 0.999537037037037 0.0296875 0.9972222222222222 0.00390625 0.999537037037037 0 0.9972222222222222 0 0.9347222222222222 0.0359375 0.9300925925925926
4 0.13229166666666667 0.9324074074074075 0.13828125 0.9393518518518519 0.13697916666666668 0.9574074074074074 0.109375 0.9976851851851852 0.09635416666666667 0.9958333333333333 0.09270833333333334 0.9912037037037037 0.09505208333333333 0.9662037037037037 0.09869791666666666 0.9564814814814815 0.10104166666666667 0.9416666666666667 0.10911458333333333 0.9310185185185185 0.13203125 0.9324074074074075
3 0.165625 0.9041666666666667 0.16640625 0.9078703703703703 0.16458333333333333 0.9115740740740741 0.13958333333333334 0.95 0.13697916666666668 0.9574074074074074 0.10963541666666667 0.9972222222222222 0.09661458333333334 0.9953703703703703 0.09244791666666667 0.9893518518518518 0.09817708333333333 0.95 0.10572916666666667 0.9337962962962963 0.12578125 0.9291666666666667 0.14713541666666666 0.9027777777777778 0.16536458333333334 0.9041666666666667
3 0.03671875 0.9305555555555556 0.0484375 0.9425925925925925 0.04921875 0.9680555555555556 0.05546875 0.9944444444444445 0.054427083333333334 0.999537037037037 0.030989583333333334 0.999537037037037 0.0296875 0.9972222222222222 0.0265625 0.999537037037037 0.002864583333333333 0.999537037037037 0 0.9972222222222222 0 0.9347222222222222 0.036458333333333336 0.9305555555555556
1 0.4361979166666667 0.6916666666666667 0.44557291666666665 0.6962962962962963 0.4427083333333333 0.725925925925926 0.4401041666666667 0.7287037037037037 0.42578125 0.7263888888888889 0.42734375 0.6962962962962963 0.4359375 0.6916666666666667
1 0.44036458333333334 0.5740740740740741 0.4427083333333333 0.5763888888888888 0.4434895833333333 0.5847222222222223 0.44192708333333336 0.5949074074074074 0.43984375 0.5967592592592592 0.42994791666666665 0.5958333333333333 0.42864583333333334 0.5907407407407408 0.4309895833333333 0.575462962962963 0.4401041666666667 0.5740740740740741
1 0.4427083333333333 0.5273148148148148 0.44895833333333335 0.5310185185185186 0.44895833333333335 0.5462962962962963 0.43776041666666665 0.5462962962962963 0.43802083333333336 0.5333333333333333 0.44244791666666666 0.5277777777777778
1 0.4505208333333333 0.6041666666666666 0.4583333333333333 0.6087962962962963 0.45625 0.6319444444444444 0.4432291666666667 0.6296296296296297 0.4432291666666667 0.6097222222222223 0.44583333333333336 0.6046296296296296 0.45026041666666666 0.6041666666666666
1 0.4635416666666667 0.5194444444444445 0.4674479166666667 0.5231481481481481 0.46770833333333334 0.5337962962962963 0.4661458333333333 0.5370370370370371 0.45703125 0.5361111111111111 0.4583333333333333 0.5222222222222223 0.46328125 0.5194444444444445
2 0.41822916666666665 0.5268518518518519 0.4205729166666667 0.5324074074074074 0.4200520833333333 0.5430555555555555 0.41770833333333335 0.5439814814814815 0.4161458333333333 0.5402777777777777 0.41796875 0.5273148148148148
2 0.40911458333333334 0.5412037037037037 0.41119791666666666 0.55 0.4080729166666667 0.5574074074074075 0.40598958333333335 0.5546296296296296 0.40572916666666664 0.5467592592592593 0.4088541666666667 0.5412037037037037
2 0.41822916666666665 0.8643518518518518 0.421875 0.8722222222222222 0.42161458333333335 0.8944444444444445 0.41822916666666665 0.9060185185185186 0.4153645833333333 0.9074074074074074 0.4114583333333333 0.8902777777777777 0.4119791666666667 0.8731481481481481 0.41510416666666666 0.8643518518518518 0.41796875 0.8643518518518518