4 0.46380208333333334 0.4083333333333333 0.46588541666666666 0.4148148148148148 0.46119791666666665 0.41805555555555557 0.4588541666666667 0.41712962962962963 0.4591145833333333 0.4115740740740741 0.4635416666666667 0.4083333333333333
4 0.04453125 0.850462962962963 0.04895833333333333 0.8587962962962963 0.05078125 0.8768518518518519 0.04479166666666667 0.8976851851851851 0.04296875 0.9125 0.027864583333333335 0.937962962962963 0.019010416666666665 0.9592592592592593 0.0018229166666666667 0.9800925925925926 0 0.9800925925925926 0 0.8518518518518519 0.005208333333333333 0.8523148148148149 0.008854166666666666 0.862037037037037 0.022135416666666668 0.8513888888888889 0.044270833333333336 0.850462962962963
4 0.11979166666666667 0.9060185185185186 0.1265625 0.9087962962962963 0.13411458333333334 0.9060185185185186 0.13671875 0.9106481481481481 0.1375 0.9291666666666667 0.13411458333333334 0.9319444444444445 0.13723958333333333 0.9342592592592592 0.1375 0.950925925925926 0.134375 0.9634259259259259 0.11041666666666666 0.9949074074074075 0.09921875 0.9944444444444445 0.09192708333333334 0.9893518518518518 0.08880208333333334 0.9921296296296296 0.08072916666666667 0.9912037037037037 0.07786458333333333 0.9875 0.07734375 0.9453703703703704 0.07864583333333333 0.9361111111111111 0.0953125 0.9143518518518519 0.10442708333333334 0.9101851851851852 0.11640625 0.9097222222222222 0.11953125 0.9064814814814814
4 0.36302083333333335 0.7212962962962963 0.36614583333333334 0.725462962962963 0.36614583333333334 0.7430555555555556 0.36171875 0.7550925925925925 0.35911458333333335 0.7550925925925925 0.35859375 0.7523148148148148 0.35833333333333334 0.7337962962962963 0.36276041666666664 0.7212962962962963
4 0.4296875 0.4236111111111111 0.43359375 0.42685185185185187 0.43671875 0.4351851851851852 0.4356770833333333 0.44814814814814813 0.43333333333333335 0.45 0.4276041666666667 0.449537037037037 0.42526041666666664 0.4444444444444444 0.42526041666666664 0.425462962962963 0.42942708333333335 0.4236111111111111
1 0.39088541666666665 0.7231481481481481 0.39557291666666666 0.7268518518518519 0.39739583333333334 0.7328703703703704 0.39557291666666666 0.7615740740740741 0.39166666666666666 0.7699074074074074 0.37734375 0.7708333333333334 0.37526041666666665 0.7680555555555556 0.37447916666666664 0.7555555555555555 0.37604166666666666 0.7444444444444445 0.38385416666666666 0.725 0.390625 0.7231481481481481
1 0.42552083333333335 0.5962962962962963 0.42864583333333334 0.600462962962963 0.42942708333333335 0.6152777777777778 0.4276041666666667 0.6231481481481481 0.4239583333333333 0.624537037037037 0.41484375 0.6236111111111111 0.41458333333333336 0.612037037037037 0.41875 0.5981481481481481 0.42526041666666664 0.5962962962962963
1 0.44635416666666666 0.7680555555555556 0.44973958333333336 0.7712962962962963 0.44635416666666666 0.8032407407407407 0.43255208333333334 0.8041666666666667 0.42890625 0.8027777777777778 0.4309895833333333 0.7712962962962963 0.4356770833333333 0.7662037037037037 0.44609375 0.7680555555555556
1 0.46015625 0.6180555555555556 0.46484375 0.6231481481481481 0.46432291666666664 0.6444444444444445 0.46328125 0.6481481481481481 0.46067708333333335 0.6486111111111111 0.45260416666666664 0.6481481481481481 0.45078125 0.6444444444444445 0.4510416666666667 0.6300925925925925 0.453125 0.6212962962962963 0.45989583333333334 0.6180555555555556
1 0.43255208333333334 0.5273148148148148 0.43515625 0.5398148148148149 0.4328125 0.5486111111111112 0.42291666666666666 0.5462962962962963 0.42291666666666666 0.5365740740740741 0.42526041666666664 0.5282407407407408 0.4322916666666667 0.5273148148148148
1 0.36354166666666665 0.7935185185185185 0.3645833333333333 0.8175925925925925 0.3606770833333333 0.8282407407407407 0.35859375 0.8416666666666667 0.34609375 0.8444444444444444 0.34088541666666666 0.8435185185185186 0.3385416666666667 0.8379629629629629 0.33958333333333335 0.8185185185185185 0.3419270833333333 0.8087962962962963 0.34817708333333336 0.7981481481481482 0.36328125 0.7935185185185185
1 0.5283854166666667 0.562037037037037 0.53515625 0.5666666666666667 0.5380208333333333 0.5740740740740741 0.5377604166666666 0.5800925925925926 0.5338541666666666 0.5824074074074074 0.521875 0.5782407407407407 0.5192708333333333 0.5740740740740741 0.51953125 0.5643518518518519 0.528125 0.562037037037037
1 0.39010416666666664 0.962037037037037 0.3919270833333333 0.9736111111111111 0.39140625 0.9893518518518518 0.390625 0.9958333333333333 0.38776041666666666 0.999537037037037 0.3575520833333333 0.999537037037037 0.3575520833333333 0.9944444444444445 0.36171875 0.9717592592592592 0.36614583333333334 0.962037037037037 0.37135416666666665 0.9592592592592593 0.38984375 0.962037037037037
2 0.36354166666666665 0.7263888888888889 0.36614583333333334 0.7319444444444444 0.36614583333333334 0.7412037037037037 0.3625 0.7550925925925925 0.35911458333333335 0.7550925925925925 0.35833333333333334 0.7412037037037037 0.359375 0.7314814814814815 0.36328125 0.7263888888888889
2 0.328125 0.7393518518518518 0.3296875 0.7439814814814815 0.32916666666666666 0.7569444444444444 0.32447916666666665 0.7666666666666667 0.32109375 0.7652777777777777 0.32109375 0.7541666666666667 0.32369791666666664 0.7407407407407407 0.32786458333333335 0.7393518518518518