0 0.35598958333333336 0.6921296296296297 0.36640625 0.6921296296296297 0.3697916666666667 0.6949074074074074 0.37135416666666665 0.7236111111111111 0.36770833333333336 0.7476851851851852 0.3578125 0.7722222222222223 0.35260416666666666 0.774074074074074 0.33515625 0.7722222222222223 0.3338541666666667 0.7476851851851852 0.33645833333333336 0.7240740740740741 0.34661458333333334 0.6953703703703704 0.35572916666666665 0.6921296296296297
0 0.47213541666666664 0.5662037037037037 0.4744791666666667 0.5703703703703704 0.47317708333333336 0.6078703703703704 0.4703125 0.6134259259259259 0.45859375 0.6101851851851852 0.45807291666666666 0.5898148148148148 0.46197916666666666 0.5671296296296297 0.471875 0.5662037037037037
4 0.43072916666666666 0.5018518518518519 0.434375 0.5050925925925925 0.4348958333333333 0.5189814814814815 0.4322916666666667 0.5282407407407408 0.42161458333333335 0.5263888888888889 0.4234375 0.5055555555555555 0.43046875 0.5018518518518519
4 0.4390625 0.39675925925925926 0.44114583333333335 0.4041666666666667 0.4390625 0.40925925925925927 0.4354166666666667 0.40879629629629627 0.43385416666666665 0.4046296296296296 0.434375 0.3976851851851852 0.4388020833333333 0.39675925925925926
4 0.015885416666666666 0.9296296296296296 0.027604166666666666 0.9416666666666667 0.030989583333333334 0.9546296296296296 0.047135416666666666 0.9578703703703704 0.04973958333333333 0.9875 0.04765625 0.999537037037037 0 0.9976851851851852 0 0.9361111111111111 0.015625 0.9296296296296296
4 0.04453125 0.7800925925925926 0.04973958333333333 0.7902777777777777 0.04791666666666667 0.7972222222222223 0.013541666666666667 0.8379629629629629 0.0018229166666666667 0.8555555555555555 0 0.8555555555555555 0 0.8018518518518518 0.022135416666666668 0.7824074074074074 0.032552083333333336 0.7791666666666667 0.044270833333333336 0.7800925925925926
4 0.45078125 0.5694444444444444 0.45416666666666666 0.5708333333333333 0.45625 0.5773148148148148 0.45625 0.5879629629629629 0.45338541666666665 0.5935185185185186 0.4427083333333333 0.5916666666666667 0.4440104166666667 0.5731481481481482 0.4505208333333333 0.5694444444444444
4 0.09583333333333334 0.8953703703703704 0.1078125 0.9083333333333333 0.10729166666666666 0.9185185185185185 0.109375 0.9310185185185185 0.11953125 0.9324074074074075 0.12395833333333334 0.9361111111111111 0.12526041666666668 0.9421296296296297 0.12395833333333334 0.9560185185185185 0.09765625 0.9967592592592592 0.0671875 0.9967592592592592 0.0609375 0.999537037037037 0.050520833333333334 0.9949074074074075 0.04869791666666667 0.9666666666666667 0.05078125 0.937037037037037 0.05 0.924537037037037 0.06067708333333333 0.8953703703703704 0.07838541666666667 0.899074074074074 0.09557291666666666 0.8953703703703704
4 0.4513020833333333 0.45925925925925926 0.45416666666666666 0.4615740740740741 0.4549479166666667 0.4689814814814815 0.45390625 0.4787037037037037 0.45026041666666666 0.4810185185185185 0.4453125 0.4787037037037037 0.4453125 0.46296296296296297 0.4510416666666667 0.45925925925925926
4 0.5260416666666666 0.5023148148148148 0.5333333333333333 0.5050925925925925 0.5361979166666667 0.5087962962962963 0.5364583333333334 0.5138888888888888 0.53046875 0.5199074074074074 0.5223958333333333 0.5208333333333334 0.5119791666666667 0.5199074074074074 0.5096354166666667 0.5152777777777777 0.5127604166666667 0.5069444444444444 0.52578125 0.5023148148148148
4 0.165625 0.8240740740740741 0.16927083333333334 0.8277777777777777 0.17109375 0.836574074074074 0.1703125 0.8796296296296297 0.14765625 0.9083333333333333 0.14401041666666667 0.9083333333333333 0.140625 0.899537037037037 0.13385416666666666 0.9037037037037037 0.11848958333333333 0.9009259259259259 0.1171875 0.8893518518518518 0.11796875 0.8564814814814815 0.13541666666666666 0.8324074074074074 0.14895833333333333 0.8319444444444445 0.1546875 0.8240740740740741 0.16536458333333334 0.8240740740740741
4 0.447265625 0.4321759259259259 0.007552083333333333 0.0125
4 0.4046875 0.6638888888888889 0.4078125 0.6685185185185185 0.4088541666666667 0.6856481481481481 0.4049479166666667 0.7041666666666667 0.40234375 0.7064814814814815 0.38958333333333334 0.7064814814814815 0.38697916666666665 0.7032407407407407 0.38671875 0.6962962962962963 0.39401041666666664 0.6675925925925926 0.39739583333333334 0.6638888888888889 0.4044270833333333 0.6638888888888889
4 0.07994791666666666 0.7787037037037037 0.08541666666666667 0.7819444444444444 0.08880208333333334 0.7976851851851852 0.08854166666666667 0.8064814814814815 0.08307291666666666 0.8208333333333333 0.08203125 0.8356481481481481 0.06927083333333334 0.8592592592592593 0.06458333333333334 0.8726851851851852 0.0578125 0.8842592592592593 0.04453125 0.8976851851851851 0.01640625 0.9050925925925926 0.0049479166666666664 0.9046296296296297 0 0.8986111111111111 0 0.8560185185185185 0.005989583333333334 0.85 0.0109375 0.8398148148148148 0.04401041666666667 0.8023148148148148 0.05286458333333333 0.7861111111111111 0.06354166666666666 0.7791666666666667 0.0796875 0.7787037037037037
4 0.46041666666666664 0.5236111111111111 0.46328125 0.5254629629629629 0.46484375 0.5328703703703703 0.46432291666666664 0.5439814814814815 0.46067708333333335 0.5476851851851852 0.45416666666666666 0.5467592592592593 0.45208333333333334 0.5425925925925926 0.45416666666666666 0.5259259259259259 0.46015625 0.5236111111111111
4 0.475 0.5412037037037037 0.4786458333333333 0.5430555555555555 0.48125 0.5486111111111112 0.48072916666666665 0.5601851851851852 0.47760416666666666 0.5634259259259259 0.4703125 0.562962962962963 0.46796875 0.5574074074074075 0.4703125 0.5430555555555555 0.4747395833333333 0.5412037037037037
4 0.4635416666666667 0.44305555555555554 0.46432291666666664 0.449537037037037 0.4703125 0.45787037037037037 0.4703125 0.46944444444444444 0.45989583333333334 0.4634259259259259 0.46328125 0.44351851851851853
4 0.20390625 0.8643518518518518 0.2125 0.8662037037037037 0.21015625 0.8787037037037037 0.19296875 0.9115740740740741 0.18489583333333334 0.9222222222222223 0.16588541666666667 0.9578703703703704 0.16145833333333334 0.962037037037037 0.15442708333333333 0.9606481481481481 0.14635416666666667 0.95 0.14505208333333333 0.9287037037037037 0.15 0.9097222222222222 0.15807291666666667 0.8967592592592593 0.17395833333333333 0.8912037037037037 0.18151041666666667 0.8763888888888889 0.19296875 0.8662037037037037 0.20364583333333333 0.8643518518518518
3 0.4674479166666667 0.46574074074074073 0.4703125 0.4689814814814815 0.4708333333333333 0.4740740740740741 0.4703125 0.49953703703703706 0.4674479166666667 0.5060185185185185 0.45755208333333336 0.5050925925925925 0.45598958333333334 0.4930555555555556 0.459375 0.4689814814814815 0.4671875 0.46574074074074073
1 0.44114583333333335 0.48564814814814816 0.4440104166666667 0.4875 0.44453125 0.4912037037037037 0.44427083333333334 0.5013888888888889 0.4427083333333333 0.5032407407407408 0.4348958333333333 0.5009259259259259 0.4361979166666667 0.4875 0.44088541666666664 0.48564814814814816
1 0.434375 0.4078703703703704 0.43515625 0.3972222222222222 0.4390625 0.3972222222222222 0.44088541666666664 0.4074074074074074 0.43463541666666666 0.4078703703703704
1 0.4434895833333333 0.4351851851851852 0.44609375 0.4263888888888889 0.44921875 0.42685185185185187 0.45 0.43703703703703706 0.44375 0.4356481481481482
1 0.4674479166666667 0.4532407407407407 0.4703125 0.45740740740740743 0.4703125 0.46805555555555556 0.45989583333333334 0.4652777777777778 0.46145833333333336 0.45416666666666666 0.4671875 0.4532407407407407