4 0.7880208333333333 0.44212962962962965 0.7903645833333334 0.4449074074074074 0.7903645833333334 0.44907407407407407 0.78671875 0.45092592592592595 0.7794270833333333 0.449537037037037 0.7786458333333334 0.44537037037037036 0.7877604166666666 0.44212962962962965
4 0.40325520833333334 0.7148148148148148 0.02109375 0.044444444444444446
4 0.4427083333333333 0.48564814814814816 0.44583333333333336 0.49074074074074076 0.4466145833333333 0.500462962962963 0.44088541666666664 0.5027777777777778 0.4375 0.5013888888888889 0.43697916666666664 0.49444444444444446 0.4390625 0.48657407407407405 0.44244791666666666 0.48564814814814816
4 0.06796875 0.9152777777777777 0.07708333333333334 0.9296296296296296 0.08072916666666667 0.9666666666666667 0.06484375 0.975925925925926 0.05026041666666667 0.975925925925926 0.046614583333333334 0.9731481481481481 0.04296875 0.9777777777777777 0.038802083333333334 0.9949074074074075 0.0328125 0.999537037037037 0.02265625 0.9939814814814815 0.020572916666666666 0.9787037037037037 0.026822916666666665 0.9291666666666667 0.0359375 0.9199074074074074 0.06770833333333333 0.9152777777777777
4 0.453125 0.7300925925925926 0.45677083333333335 0.7412037037037037 0.45651041666666664 0.7615740740740741 0.45338541666666665 0.7712962962962963 0.4390625 0.7708333333333334 0.43723958333333335 0.7657407407407407 0.44088541666666664 0.7333333333333333 0.44505208333333335 0.7291666666666666 0.45286458333333335 0.7300925925925926
4 0.13802083333333334 0.8856481481481482 0.14583333333333334 0.9004629629629629 0.14713541666666666 0.9212962962962963 0.1578125 0.9226851851851852 0.159375 0.9435185185185185 0.13359375 0.9805555555555555 0.13020833333333334 0.9805555555555555 0.1234375 0.9722222222222222 0.09869791666666666 0.9768518518518519 0.09505208333333333 0.9703703703703703 0.09401041666666667 0.9518518518518518 0.09583333333333334 0.9148148148148149 0.10494791666666667 0.887962962962963 0.13776041666666666 0.8856481481481482
4 0.19817708333333334 0.888425925925926 0.21302083333333333 0.8888888888888888 0.21536458333333333 0.9046296296296297 0.21380208333333334 0.9157407407407407 0.19609375 0.9467592592592593 0.18463541666666666 0.9388888888888889 0.18125 0.9263888888888889 0.18125 0.9162037037037037 0.18489583333333334 0.9 0.18932291666666667 0.8902777777777777 0.19791666666666666 0.888425925925926
4 0.5270833333333333 0.549537037037037 0.5325520833333334 0.5527777777777778 0.5330729166666667 0.5597222222222222 0.5296875 0.5638888888888889 0.52578125 0.562037037037037 0.5190104166666667 0.5657407407407408 0.5138020833333333 0.5638888888888889 0.5143229166666666 0.5574074074074075 0.5216145833333333 0.55 0.5268229166666667 0.549537037037037
4 0.19453125 0.8347222222222223 0.19817708333333334 0.8384259259259259 0.19869791666666667 0.8435185185185186 0.19765625 0.8796296296296297 0.19348958333333333 0.8870370370370371 0.18776041666666668 0.8907407407407407 0.18489583333333334 0.8981481481481481 0.17239583333333333 0.9018518518518519 0.16276041666666666 0.9018518518518519 0.15130208333333334 0.8972222222222223 0.15052083333333333 0.8625 0.15286458333333333 0.8518518518518519 0.16380208333333332 0.8361111111111111 0.16822916666666668 0.8333333333333334 0.19427083333333334 0.8347222222222223
4 0.08177083333333333 0.9694444444444444 0.0921875 0.9837962962962963 0.09296875 0.999537037037037 0.04348958333333333 0.999537037037037 0.03828125 0.9944444444444445 0.04088541666666667 0.9805555555555555 0.04635416666666667 0.9731481481481481 0.06458333333333334 0.975 0.08151041666666667 0.9694444444444444
4 0.4361979166666667 0.4212962962962963 0.43802083333333336 0.425 0.43802083333333336 0.4388888888888889 0.43307291666666664 0.4425925925925926 0.42942708333333335 0.4398148148148148 0.42916666666666664 0.4287037037037037 0.4317708333333333 0.4217592592592593 0.4359375 0.4212962962962963
4 0.4674479166666667 0.5333333333333333 0.47161458333333334 0.5388888888888889 0.47239583333333335 0.5462962962962963 0.4705729166666667 0.5486111111111112 0.4640625 0.5458333333333333 0.46458333333333335 0.5361111111111111 0.4671875 0.5333333333333333
4 0.4203125 0.975925925925926 0.4265625 0.9837962962962963 0.4265625 0.999537037037037 0.3966145833333333 0.999537037037037 0.39895833333333336 0.9907407407407407 0.39739583333333334 0.9847222222222223 0.39895833333333336 0.9805555555555555 0.4088541666666667 0.975462962962963 0.4200520833333333 0.975925925925926
3 0.06848958333333334 0.9157407407407407 0.07708333333333334 0.9287037037037037 0.08125 0.9634259259259259 0.08489583333333334 0.9555555555555556 0.09010416666666667 0.9560185185185185 0.09192708333333334 0.9597222222222223 0.090625 0.9699074074074074 0.08489583333333334 0.9740740740740741 0.08046875 0.9685185185185186 0.06432291666666666 0.975462962962963 0.04635416666666667 0.9736111111111111 0.04296875 0.9773148148148149 0.038802083333333334 0.9949074074074075 0.033854166666666664 0.999537037037037 0.022135416666666668 0.9912037037037037 0.020572916666666666 0.9740740740740741 0.026302083333333334 0.9296296296296296 0.03567708333333333 0.9199074074074074 0.06822916666666666 0.9157407407407407
1 0.42994791666666665 0.6013888888888889 0.43411458333333336 0.6055555555555555 0.4356770833333333 0.6125 0.434375 0.6263888888888889 0.42994791666666665 0.6296296296296297 0.421875 0.6296296296296297 0.42083333333333334 0.624537037037037 0.4236979166666667 0.6078703703703704 0.4265625 0.6023148148148149 0.4296875 0.6013888888888889
1 0.45 0.5314814814814814 0.45338541666666665 0.5435185185185185 0.45260416666666664 0.5476851851851852 0.44947916666666665 0.549074074074074 0.4427083333333333 0.5486111111111112 0.44192708333333336 0.5425925925925926 0.44453125 0.5328703703703703 0.44973958333333336 0.5314814814814814
1 0.4078125 0.6305555555555555 0.41067708333333336 0.6509259259259259 0.4083333333333333 0.6564814814814814 0.40234375 0.6574074074074074 0.39739583333333334 0.6569444444444444 0.39609375 0.6537037037037037 0.39739583333333334 0.638425925925926 0.40078125 0.6310185185185185 0.4075520833333333 0.6305555555555555
2 0.4119791666666667 0.6199074074074075 0.4114583333333333 0.6078703703703704 0.41458333333333336 0.6027777777777777 0.41640625 0.6064814814814815 0.41640625 0.6162037037037037 0.41484375 0.6217592592592592 0.4122395833333333 0.6199074074074075