0 0.45703125 0.5990740740740741 0.46171875 0.6041666666666666 0.459375 0.6481481481481481 0.45703125 0.6532407407407408 0.4453125 0.6532407407407408 0.44244791666666666 0.6476851851851851 0.4432291666666667 0.6166666666666667 0.44609375 0.6037037037037037 0.45 0.5986111111111111 0.45677083333333335 0.5990740740740741
4 0.44973958333333336 0.5407407407407407 0.45234375 0.5435185185185185 0.453125 0.5537037037037037 0.45286458333333335 0.5625 0.45 0.5657407407407408 0.44192708333333336 0.5652777777777778 0.4401041666666667 0.5615740740740741 0.4421875 0.5421296296296296 0.44947916666666665 0.5407407407407407
4 0.43645833333333334 0.5958333333333333 0.44166666666666665 0.5986111111111111 0.4434895833333333 0.6060185185185185 0.44140625 0.6194444444444445 0.4359375 0.6226851851851852 0.4283854166666667 0.6208333333333333 0.4278645833333333 0.6069444444444444 0.43046875 0.5972222222222222 0.4361979166666667 0.5958333333333333
4 0.4609375 0.46111111111111114 0.4635416666666667 0.4703703703703704 0.46041666666666664 0.475 0.45390625 0.4708333333333333 0.45338541666666665 0.46620370370370373 0.45598958333333334 0.46064814814814814 0.46067708333333335 0.46111111111111114
4 0.06588541666666667 0.7791666666666667 0.07473958333333333 0.7847222222222222 0.07786458333333333 0.8009259259259259 0.07734375 0.8074074074074075 0.07291666666666667 0.8185185185185185 0.07083333333333333 0.8375 0.06276041666666667 0.8490740740740741 0.050520833333333334 0.8782407407407408 0.03333333333333333 0.899074074074074 0.0203125 0.9046296296296297 0.005208333333333333 0.9064814814814814 0 0.9060185185185186 0 0.7930555555555555 0.009895833333333333 0.7828703703703703 0.015885416666666666 0.7805555555555556 0.04010416666666667 0.7828703703703703 0.065625 0.7791666666666667
4 0.4440104166666667 0.44814814814814813 0.446875 0.4532407407407407 0.4473958333333333 0.46064814814814814 0.44296875 0.4671296296296296 0.43854166666666666 0.46620370370370373 0.43697916666666664 0.4597222222222222 0.4388020833333333 0.4486111111111111 0.44375 0.44814814814814813
4 0.42864583333333334 0.48518518518518516 0.43072916666666666 0.4875 0.43046875 0.5050925925925925 0.42578125 0.5087962962962963 0.4203125 0.5078703703703704 0.41953125 0.4981481481481482 0.421875 0.4861111111111111 0.4283854166666667 0.48518518518518516
4 0.43333333333333335 0.46435185185185185 0.43515625 0.4671296296296296 0.4356770833333333 0.4759259259259259 0.43203125 0.4787037037037037 0.42630208333333336 0.4777777777777778 0.42604166666666665 0.47175925925925927 0.4283854166666667 0.4638888888888889 0.43307291666666664 0.46435185185185185
4 0.15208333333333332 0.8245370370370371 0.1578125 0.8268518518518518 0.15989583333333332 0.8319444444444445 0.1609375 0.8759259259259259 0.15130208333333334 0.8921296296296296 0.13723958333333333 0.9074074074074074 0.13255208333333332 0.9055555555555556 0.13020833333333334 0.9004629629629629 0.12578125 0.9060185185185186 0.11614583333333334 0.9060185185185186 0.10807291666666667 0.9018518518518519 0.10703125 0.8569444444444444 0.12317708333333334 0.8347222222222223 0.14010416666666667 0.8310185185185185 0.146875 0.8245370370370371 0.15182291666666667 0.8245370370370371
4 0.4578125 0.4736111111111111 0.46067708333333335 0.4773148148148148 0.46119791666666665 0.49027777777777776 0.46015625 0.5115740740740741 0.45703125 0.5199074074074074 0.44609375 0.5194444444444445 0.44479166666666664 0.5037037037037037 0.44921875 0.4759259259259259 0.45755208333333336 0.4736111111111111
4 0.20026041666666666 0.8657407407407407 0.20182291666666666 0.8694444444444445 0.19296875 0.8921296296296296 0.16744791666666667 0.9337962962962963 0.15442708333333333 0.9601851851851851 0.14765625 0.9675925925925926 0.140625 0.9601851851851851 0.13645833333333332 0.95 0.134375 0.9282407407407407 0.1375 0.9148148148148149 0.14817708333333332 0.8976851851851851 0.16848958333333333 0.8944444444444445 0.18411458333333333 0.8703703703703703 0.18932291666666667 0.8699074074074075 0.19192708333333333 0.8657407407407407 0.2 0.8657407407407407
4 0.4635416666666667 0.5699074074074074 0.4674479166666667 0.5745370370370371 0.46848958333333335 0.5912037037037037 0.4674479166666667 0.5949074074074074 0.4622395833333333 0.5967592592592592 0.45598958333333334 0.5953703703703703 0.4549479166666667 0.5851851851851851 0.45729166666666665 0.5726851851851852 0.46328125 0.5699074074074074
4 0.05286458333333333 0.8972222222222223 0.07109375 0.899537037037037 0.08567708333333333 0.8967592592592593 0.09713541666666667 0.9097222222222222 0.09869791666666666 0.9384259259259259 0.10234375 0.9398148148148148 0.10416666666666667 0.9356481481481481 0.11302083333333333 0.9351851851851852 0.11484375 0.95 0.11145833333333334 0.9592592592592593 0.10104166666666667 0.9745370370370371 0.09609375 0.9879629629629629 0.08984375 0.9949074074074075 0.08177083333333333 0.9976851851851852 0.05 0.9972222222222222 0.04791666666666667 0.999537037037037 0.03984375 0.9953703703703703 0.03828125 0.9884259259259259 0.03828125 0.9282407407407407 0.0484375 0.8986111111111111 0.05260416666666667 0.8972222222222223
4 0.40989583333333335 0.6092592592592593 0.41328125 0.6152777777777778 0.41380208333333335 0.6310185185185185 0.41171875 0.6439814814814815 0.39895833333333336 0.6458333333333334 0.39609375 0.6421296296296296 0.39739583333333334 0.6259259259259259 0.40234375 0.612037037037037 0.40963541666666664 0.6092592592592593
4 0.3828125 0.6277777777777778 0.38515625 0.6300925925925925 0.3859375 0.6527777777777778 0.38177083333333334 0.6763888888888889 0.37786458333333334 0.6888888888888889 0.37447916666666664 0.6916666666666667 0.359375 0.6916666666666667 0.35703125 0.6888888888888889 0.3578125 0.6527777777777778 0.3671875 0.6291666666666667 0.38255208333333335 0.6277777777777778
4 0.005208333333333333 0.9314814814814815 0.015625 0.9444444444444444 0.02265625 0.9782407407407407 0.029427083333333333 0.9824074074074074 0.03177083333333333 0.9689814814814814 0.03619791666666667 0.9712962962962963 0.03671875 0.9847222222222223 0.034895833333333334 0.9944444444444445 0.02734375 0.999537037037037 0.004166666666666667 0.999537037037037 0 0.9967592592592592 0 0.9319444444444445 0.0049479166666666664 0.9314814814814815
4 0.42604166666666665 0.3902777777777778 0.43020833333333336 0.39351851851851855 0.42916666666666664 0.40324074074074073 0.4231770833333333 0.4009259259259259 0.4231770833333333 0.39351851851851855 0.42578125 0.3902777777777778
4 0.45729166666666665 0.44305555555555554 0.45989583333333334 0.4444444444444444 0.46171875 0.45092592592592595 0.46171875 0.4564814814814815 0.45859375 0.45925925925925926 0.4544270833333333 0.4587962962962963 0.45260416666666664 0.4546296296296296 0.45286458333333335 0.4449074074074074 0.45703125 0.44305555555555554
3 0 0.9314814814814815 0.006510416666666667 0.9319444444444445 0.014583333333333334 0.9425925925925925 0.02265625 0.975925925925926 0.02734375 0.9740740740740741 0.024479166666666666 0.9703703703703703 0.03229166666666667 0.9657407407407408 0.03619791666666667 0.9675925925925926 0.03671875 0.9722222222222222 0.03619791666666667 0.9939814814814815 0.030208333333333334 0.999537037037037 0.003125 0.999537037037037 0 0.9972222222222222 0 0.9319444444444445
3 0.12135416666666667 0.8282407407407407 0.12447916666666667 0.8328703703703704 0.10677083333333333 0.8550925925925926 0.10208333333333333 0.8800925925925925 0.0953125 0.9 0.09166666666666666 0.9013888888888889 0.08255208333333333 0.8967592592592593 0.06588541666666667 0.899074074074074 0.053125 0.8967592592592593 0.04869791666666667 0.9004629629629629 0.0390625 0.9277777777777778 0.038802083333333334 0.9842592592592593 0.0359375 0.9875 0.035416666666666666 0.9944444444444445 0.029427083333333333 0.9972222222222222 0.023697916666666666 0.9949074074074075 0.02890625 0.987037037037037 0.0203125 0.9819444444444444 0.015625 0.9495370370370371 0.00546875 0.9337962962962963 0 0.9324074074074075 0 0.9074074074074074 0.03567708333333333 0.9046296296296297 0.03958333333333333 0.8962962962962963 0.04869791666666667 0.8861111111111111 0.05416666666666667 0.8763888888888889 0.05963541666666667 0.8592592592592593 0.07109375 0.8425925925925926 0.08203125 0.8412037037037037 0.0953125 0.8305555555555556 0.12109375 0.8282407407407407
3 0.20182291666666666 0.8657407407407407 0.20286458333333332 0.8694444444444445 0.19348958333333333 0.8912037037037037 0.16744791666666667 0.9342592592592592 0.15442708333333333 0.9601851851851851 0.14765625 0.9675925925925926 0.14348958333333334 0.9648148148148148 0.13697916666666668 0.950462962962963 0.13489583333333333 0.9319444444444445 0.13828125 0.9148148148148149 0.14296875 0.9046296296296297 0.1484375 0.8972222222222223 0.1609375 0.8939814814814815 0.16770833333333332 0.8791666666666667 0.17630208333333333 0.8726851851851852 0.18828125 0.8657407407407407 0.2015625 0.8657407407407407
1 0.46197916666666666 0.4625 0.46328125 0.4708333333333333 0.45989583333333334 0.4740740740740741 0.45364583333333336 0.4708333333333333 0.45338541666666665 0.4671296296296296 0.45651041666666664 0.46111111111111114 0.46171875 0.4625