4 0.4703125 0.4875 0.47109375 0.4912037037037037 0.46901041666666665 0.49444444444444446 0.46328125 0.49444444444444446 0.4627604166666667 0.49074074074074076 0.46484375 0.4875 0.4700520833333333 0.4875
4 0.37109375 0.8925925925925926 0.375 0.8967592592592593 0.37526041666666665 0.9287037037037037 0.36770833333333336 0.9601851851851851 0.36276041666666664 0.9643518518518519 0.3450520833333333 0.9638888888888889 0.34375 0.9597222222222223 0.34479166666666666 0.9384259259259259 0.3489583333333333 0.9125 0.35546875 0.8935185185185185 0.37083333333333335 0.8925925925925926
4 0.5119791666666667 0.6074074074074074 0.5158854166666667 0.6134259259259259 0.5169270833333334 0.6194444444444445 0.5153645833333333 0.6222222222222222 0.5026041666666666 0.6194444444444445 0.503125 0.6092592592592593 0.51171875 0.6074074074074074
4 0.45677083333333335 0.5634259259259259 0.4583333333333333 0.5745370370370371 0.4549479166666667 0.5782407407407407 0.45 0.575925925925926 0.45 0.5675925925925925 0.45208333333333334 0.5634259259259259 0.45651041666666664 0.5634259259259259
4 0.23229166666666667 0.9444444444444444 0.23411458333333332 0.9490740740740741 0.21510416666666668 0.9819444444444444 0.20807291666666666 0.999537037037037 0.17916666666666667 0.999537037037037 0.18723958333333332 0.9671296296296297 0.19192708333333333 0.961574074074074 0.203125 0.9597222222222223 0.20989583333333334 0.9462962962962963 0.23203125 0.9444444444444444
4 0.4393229166666667 0.5842592592592593 0.44192708333333336 0.5884259259259259 0.4421875 0.5990740740740741 0.44088541666666664 0.6032407407407407 0.43671875 0.6046296296296296 0.43255208333333334 0.6023148148148149 0.43255208333333334 0.5939814814814814 0.4356770833333333 0.5851851851851851 0.4390625 0.5842592592592593
4 0.4747395833333333 0.6162037037037037 0.47890625 0.6208333333333333 0.4791666666666667 0.6337962962962963 0.47760416666666666 0.6361111111111111 0.46796875 0.6337962962962963 0.46875 0.6194444444444445 0.4744791666666667 0.6162037037037037
4 0.175390625 0.9421296296296297 0.04921875 0.07314814814814814
4 0.48125 0.5546296296296296 0.484375 0.5638888888888889 0.484375 0.5699074074074074 0.4825520833333333 0.5717592592592593 0.47708333333333336 0.5712962962962963 0.475 0.5675925925925925 0.47734375 0.5574074074074075 0.48098958333333336 0.5546296296296296
4 0.4671875 0.5662037037037037 0.4713541666666667 0.5712962962962963 0.4705729166666667 0.5800925925925926 0.4674479166666667 0.5814814814814815 0.4625 0.5777777777777777 0.4627604166666667 0.5694444444444444 0.4669270833333333 0.5662037037037037
4 0.4513020833333333 0.5361111111111111 0.4518229166666667 0.5453703703703704 0.45 0.5476851851851852 0.44557291666666665 0.5472222222222223 0.44453125 0.5398148148148149 0.44635416666666666 0.5337962962962963 0.4510416666666667 0.5361111111111111
4 0.4552083333333333 0.5856481481481481 0.45807291666666666 0.5884259259259259 0.45677083333333335 0.600462962962963 0.44973958333333336 0.5981481481481481 0.4505208333333333 0.5879629629629629 0.4549479166666667 0.5856481481481481
4 0.13697916666666668 0.9560185185185185 0.14583333333333334 0.9703703703703703 0.14661458333333333 0.9949074074074075 0.14375 0.999537037037037 0.13828125 0.9972222222222222 0.13411458333333334 0.999537037037037 0.10078125 0.999537037037037 0.09583333333333334 0.9944444444444445 0.09635416666666667 0.9824074074074074 0.10546875 0.9583333333333334 0.13671875 0.9564814814814815
4 0.4669270833333333 0.5537037037037037 0.4705729166666667 0.5578703703703703 0.4703125 0.5671296296296297 0.46328125 0.5680555555555555 0.4622395833333333 0.5657407407407408 0.4627604166666667 0.5564814814814815 0.4666666666666667 0.5541666666666667
1 0.4432291666666667 0.5546296296296296 0.44609375 0.5569444444444445 0.4471354166666667 0.5625 0.446875 0.5675925925925925 0.4440104166666667 0.5689814814814815 0.43854166666666666 0.5675925925925925 0.4393229166666667 0.5569444444444445 0.44296875 0.5546296296296296
1 0.4669270833333333 0.5537037037037037 0.4705729166666667 0.5574074074074075 0.4703125 0.5666666666666667 0.46328125 0.5675925925925925 0.4622395833333333 0.5648148148148148 0.4627604166666667 0.5569444444444445 0.4666666666666667 0.5541666666666667