4 0.4315104166666667 0.42685185185185187 0.434375 0.4287037037037037 0.43697916666666664 0.4356481481481482 0.4359375 0.45185185185185184 0.4283854166666667 0.4513888888888889 0.42682291666666666 0.4476851851851852 0.42682291666666666 0.4287037037037037 0.43125 0.42685185185185187
4 0.044270833333333336 0.8513888888888889 0.0484375 0.8625 0.049479166666666664 0.8777777777777778 0.041666666666666664 0.9157407407407407 0.02734375 0.937962962962963 0.0171875 0.961574074074074 0.0015625 0.9796296296296296 0 0.9796296296296296 0 0.8541666666666666 0.005208333333333333 0.8587962962962963 0.0049479166666666664 0.8634259259259259 0.00859375 0.8634259259259259 0.01484375 0.8555555555555555 0.022135416666666668 0.8523148148148149 0.04401041666666667 0.8513888888888889
4 0.12994791666666666 0.9069444444444444 0.134375 0.9092592592592592 0.1359375 0.9143518518518519 0.13671875 0.9564814814814815 0.13463541666666667 0.9629629629629629 0.1125 0.9944444444444445 0.08541666666666667 0.9930555555555556 0.07786458333333333 0.9884259259259259 0.07682291666666667 0.9810185185185185 0.07734375 0.9384259259259259 0.08854166666666667 0.9203703703703704 0.0953125 0.913425925925926 0.11432291666666666 0.9111111111111111 0.11953125 0.9074074074074074 0.12447916666666667 0.9115740740740741 0.1296875 0.9074074074074074
4 0.3494791666666667 0.7615740740740741 0.35234375 0.7671296296296296 0.35234375 0.787962962962963 0.3489583333333333 0.7986111111111112 0.3458333333333333 0.8 0.34401041666666665 0.7754629629629629 0.346875 0.763425925925926 0.34921875 0.7615740740740741
4 0.4625 0.5949074074074074 0.46640625 0.6018518518518519 0.4661458333333333 0.6203703703703703 0.46380208333333334 0.6226851851851852 0.45598958333333334 0.6226851851851852 0.45364583333333336 0.6194444444444445 0.4549479166666667 0.5986111111111111 0.45703125 0.5953703703703703 0.4622395833333333 0.5949074074074074
1 0.4015625 0.8662037037037037 0.4078125 0.8694444444444445 0.409375 0.8768518518518519 0.403125 0.925 0.4010416666666667 0.9273148148148148 0.39036458333333335 0.9236111111111112 0.37942708333333336 0.9259259259259259 0.37734375 0.9217592592592593 0.37734375 0.9111111111111111 0.38567708333333334 0.8703703703703703 0.390625 0.8662037037037037 0.40130208333333334 0.8662037037037037
1 0.44635416666666666 0.7236111111111111 0.4513020833333333 0.725 0.45364583333333336 0.7291666666666666 0.45364583333333336 0.7550925925925925 0.4513020833333333 0.7574074074074074 0.4388020833333333 0.7574074074074074 0.43723958333333335 0.7550925925925925 0.4390625 0.7324074074074074 0.44166666666666665 0.725462962962963 0.44609375 0.7236111111111111
1 0.41627604166666665 0.6337962962962963 0.016927083333333332 0.03148148148148148
1 0.38046875 0.762962962962963 0.38567708333333334 0.7685185185185185 0.38697916666666665 0.7759259259259259 0.3859375 0.7939814814814815 0.38125 0.8143518518518519 0.36354166666666665 0.8171296296296297 0.36041666666666666 0.8143518518518519 0.36302083333333335 0.7875 0.37135416666666665 0.7652777777777777 0.3802083333333333 0.762962962962963
1 0.428125 0.5393518518518519 0.43046875 0.5435185185185185 0.43072916666666666 0.5592592592592592 0.42890625 0.5634259259259259 0.42552083333333335 0.5643518518518519 0.41822916666666665 0.5634259259259259 0.41770833333333335 0.5546296296296296 0.42213541666666665 0.5402777777777777 0.4278645833333333 0.5393518518518519
1 0.34296875 0.8537037037037037 0.34739583333333335 0.8592592592592593 0.3489583333333333 0.8805555555555555 0.34348958333333335 0.8958333333333334 0.3419270833333333 0.9078703703703703 0.3375 0.9125 0.3260416666666667 0.9148148148148149 0.3182291666666667 0.9115740740740741 0.31744791666666666 0.8967592592592593 0.3190104166666667 0.8800925925925925 0.3294270833333333 0.8583333333333333 0.34270833333333334 0.8537037037037037
1 0.5338541666666666 0.5648148148148148 0.5450520833333333 0.5745370370370371 0.5432291666666667 0.5851851851851851 0.5260416666666666 0.5777777777777777 0.5265625 0.5671296296296297 0.53359375 0.5648148148148148
2 0.3497395833333333 0.7643518518518518 0.35234375 0.7708333333333334 0.35208333333333336 0.787962962962963 0.34921875 0.7981481481481482 0.34609375 0.799537037037037 0.34453125 0.7754629629629629 0.3494791666666667 0.7643518518518518