4 0.453125 0.475462962962963 0.4578125 0.4842592592592593 0.45651041666666664 0.48842592592592593 0.44947916666666665 0.487962962962963 0.4473958333333333 0.4847222222222222 0.4484375 0.4787037037037037 0.45286458333333335 0.475462962962963
4 0.05651041666666667 0.7333333333333333 0.062239583333333334 0.7375 0.06510416666666667 0.7574074074074074 0.06484375 0.7685185185185185 0.06067708333333333 0.7847222222222222 0.05703125 0.7935185185185185 0.0390625 0.8189814814814815 0.03229166666666667 0.8231481481481482 0.026822916666666665 0.8328703703703704 0.022395833333333334 0.8361111111111111 0 0.8328703703703704 0 0.7638888888888888 0.00625 0.7583333333333333 0.00390625 0.7518518518518519 0.0049479166666666664 0.7412037037037037 0.015885416666666666 0.737037037037037 0.022395833333333334 0.7444444444444445 0.040625 0.7342592592592593 0.05625 0.7333333333333333
4 0.4356770833333333 0.4601851851851852 0.43828125 0.4625 0.4395833333333333 0.4703703703703704 0.4393229166666667 0.4740740740740741 0.4356770833333333 0.47685185185185186 0.4315104166666667 0.475462962962963 0.43046875 0.4703703703703704 0.4315104166666667 0.46111111111111114 0.4354166666666667 0.4601851851851852
4 0.42161458333333335 0.4532407407407407 0.4236979166666667 0.4564814814814815 0.4234375 0.46296296296296297 0.41822916666666665 0.4625 0.41848958333333336 0.45601851851851855 0.42135416666666664 0.4537037037037037
4 0.42161458333333335 0.5231481481481481 0.4236979166666667 0.5273148148148148 0.4239583333333333 0.5375 0.4239583333333333 0.549537037037037 0.42161458333333335 0.5550925925925926 0.4109375 0.5550925925925926 0.409375 0.5504629629629629 0.4109375 0.5282407407407408 0.42135416666666664 0.5231481481481481
4 0.42916666666666664 0.6518518518518519 0.43203125 0.6578703703703703 0.43255208333333334 0.6648148148148149 0.42864583333333334 0.6851851851851852 0.4192708333333333 0.6837962962962963 0.415625 0.6861111111111111 0.4114583333333333 0.6847222222222222 0.40989583333333335 0.675 0.41458333333333336 0.6518518518518519 0.42890625 0.6518518518518519
4 0.12005208333333334 0.7796296296296297 0.14739583333333334 0.7805555555555556 0.14895833333333333 0.7888888888888889 0.14921875 0.8282407407407407 0.14713541666666666 0.8324074074074074 0.13723958333333333 0.8337962962962963 0.121875 0.8425925925925926 0.11927083333333334 0.8421296296296297 0.12057291666666667 0.8342592592592593 0.11614583333333334 0.8328703703703704 0.10989583333333333 0.8449074074074074 0.10286458333333333 0.8476851851851852 0.0953125 0.8472222222222222 0.09244791666666667 0.8412037037037037 0.09348958333333333 0.7967592592592593 0.10885416666666667 0.7814814814814814 0.11302083333333333 0.7800925925925926 0.11614583333333334 0.7837962962962963 0.11979166666666667 0.7796296296296297
4 0.3809895833333333 0.48564814814814816 0.38255208333333335 0.49166666666666664 0.37994791666666666 0.4986111111111111 0.37526041666666665 0.4976851851851852 0.37421875 0.49027777777777776 0.3763020833333333 0.4847222222222222 0.3807291666666667 0.48564814814814816
4 0.4375 0.5236111111111111 0.4401041666666667 0.5259259259259259 0.440625 0.5388888888888889 0.4356770833333333 0.5439814814814815 0.43125 0.5421296296296296 0.43046875 0.5342592592592592 0.4322916666666667 0.5259259259259259 0.43723958333333335 0.5236111111111111
4 0.390625 0.7625 0.39895833333333336 0.7652777777777777 0.40260416666666665 0.7717592592592593 0.4010416666666667 0.7939814814814815 0.39739583333333334 0.8083333333333333 0.39427083333333335 0.8097222222222222 0.38515625 0.8074074074074075 0.3765625 0.8092592592592592 0.37395833333333334 0.8041666666666667 0.37421875 0.7935185185185185 0.37994791666666666 0.7666666666666667 0.39036458333333335 0.7625
4 0.06796875 0.8212962962962963 0.07994791666666666 0.8384259259259259 0.08177083333333333 0.8759259259259259 0.045572916666666664 0.9143518518518519 0.029947916666666668 0.9226851851851852 0.02109375 0.9194444444444444 0.0203125 0.9037037037037037 0.017708333333333333 0.8962962962962963 0.020052083333333335 0.8523148148148149 0.022135416666666668 0.8439814814814814 0.03307291666666667 0.8231481481481482 0.05546875 0.8240740740740741 0.06770833333333333 0.8212962962962963
4 0.43255208333333334 0.47824074074074074 0.4356770833333333 0.47962962962962963 0.43671875 0.49166666666666664 0.4356770833333333 0.4949074074074074 0.42994791666666665 0.49537037037037035 0.4265625 0.4912037037037037 0.4270833333333333 0.4837962962962963 0.42864583333333334 0.47962962962962963 0.4322916666666667 0.47824074074074074
4 0.46041666666666664 0.5055555555555555 0.4625 0.512962962962963 0.45989583333333334 0.5203703703703704 0.4578125 0.5148148148148148 0.453125 0.5143518518518518 0.45260416666666664 0.5101851851851852 0.4544270833333333 0.5060185185185185 0.46015625 0.5055555555555555
4 0.45416666666666666 0.5282407407407408 0.45703125 0.5296296296296297 0.4591145833333333 0.5361111111111111 0.4596354166666667 0.5435185185185185 0.45677083333333335 0.5462962962962963 0.44869791666666664 0.5439814814814815 0.45 0.5324074074074074 0.45390625 0.5282407407407408
4 0.4427083333333333 0.5430555555555555 0.45 0.5453703703703704 0.45338541666666665 0.5564814814814815 0.4518229166666667 0.5768518518518518 0.4484375 0.5986111111111111 0.44635416666666666 0.6023148148148149 0.4315104166666667 0.6 0.42942708333333335 0.5962962962962963 0.42994791666666665 0.5777777777777777 0.434375 0.5601851851851852 0.43515625 0.549074074074074 0.43802083333333336 0.5439814814814815 0.44244791666666666 0.5430555555555555
4 0.428125 0.7921296296296296 0.4348958333333333 0.8 0.43307291666666664 0.8064814814814815 0.43203125 0.8351851851851851 0.42864583333333334 0.8458333333333333 0.4197916666666667 0.8467592592592592 0.4080729166666667 0.8462962962962963 0.40572916666666664 0.8421296296296297 0.40963541666666664 0.7967592592592593 0.41458333333333336 0.7912037037037037 0.4278645833333333 0.7921296296296296
4 0.46848958333333335 0.5736111111111111 0.4703125 0.5884259259259259 0.46848958333333335 0.600462962962963 0.46536458333333336 0.6037037037037037 0.45625 0.6023148148148149 0.45598958333333334 0.5773148148148148 0.45989583333333334 0.5731481481481482 0.46822916666666664 0.5736111111111111
4 0.15520833333333334 0.8342592592592593 0.16145833333333334 0.8393518518518519 0.16145833333333334 0.8481481481481481 0.1515625 0.8643518518518518 0.13385416666666666 0.8824074074074074 0.13020833333333334 0.8824074074074074 0.12239583333333333 0.8731481481481481 0.12057291666666667 0.8662037037037037 0.12161458333333333 0.8546296296296296 0.13385416666666666 0.837037037037037 0.15494791666666666 0.8342592592592593
4 0.4583333333333333 0.5111111111111111 0.4609375 0.5148148148148148 0.45989583333333334 0.5319444444444444 0.45260416666666664 0.5287037037037037 0.4510416666666667 0.525 0.45234375 0.5138888888888888 0.45807291666666666 0.5111111111111111
4 0.37161458333333336 0.9763888888888889 0.3807291666666667 0.9800925925925926 0.38333333333333336 0.9875 0.38359375 0.9958333333333333 0.38385416666666666 0.9875 0.3885416666666667 0.987037037037037 0.3893229166666667 0.999537037037037 0.33645833333333336 0.999537037037037 0.3385416666666667 0.9884259259259259 0.34427083333333336 0.9777777777777777 0.37135416666666665 0.9763888888888889
3 0.11979166666666667 0.7796296296296297 0.14765625 0.7814814814814814 0.14869791666666668 0.8287037037037037 0.14635416666666667 0.8328703703703704 0.13307291666666668 0.8361111111111111 0.12317708333333334 0.8481481481481481 0.11875 0.8416666666666667 0.12083333333333333 0.8347222222222223 0.11614583333333334 0.8296296296296296 0.11171875 0.8430555555555556 0.10286458333333333 0.8481481481481481 0.09270833333333334 0.8657407407407407 0.09895833333333333 0.8675925925925926 0.10572916666666667 0.8592592592592593 0.11119791666666666 0.8592592592592593 0.11276041666666667 0.8606481481481482 0.1140625 0.8768518518518519 0.11197916666666667 0.8833333333333333 0.09869791666666666 0.899074074074074 0.09192708333333334 0.9009259259259259 0.08958333333333333 0.8972222222222223 0.08854166666666667 0.8717592592592592 0.08515625 0.8703703703703703 0.07213541666666666 0.8875 0.04348958333333333 0.9157407407407407 0.03125 0.9222222222222223 0.022135416666666668 0.9222222222222223 0.01796875 0.8949074074074074 0.01796875 0.8759259259259259 0.019791666666666666 0.8699074074074075 0.019270833333333334 0.8532407407407407 0.0234375 0.8388888888888889 0.0328125 0.8245370370370371 0.039322916666666666 0.8217592592592593 0.05364583333333333 0.8018518518518518 0.07395833333333333 0.7949074074074074 0.08125 0.7893518518518519 0.1 0.787962962962963 0.11276041666666667 0.7800925925925926 0.11510416666666666 0.7828703703703703 0.11458333333333333 0.8069444444444445 0.11614583333333334 0.8087962962962963 0.11666666666666667 0.7828703703703703 0.11953125 0.7800925925925926
1 0.45390625 0.47685185185185186 0.45755208333333336 0.4837962962962963 0.45651041666666664 0.48842592592592593 0.44947916666666665 0.487962962962963 0.44765625 0.48518518518518516 0.4479166666666667 0.47962962962962963 0.45364583333333336 0.47685185185185186
1 0.45286458333333335 0.512962962962963 0.45989583333333334 0.512962962962963 0.46119791666666665 0.525 0.45989583333333334 0.5314814814814814 0.4518229166666667 0.5277777777777778 0.45078125 0.5217592592592593 0.45286458333333335 0.513425925925926
2 0.45989583333333334 0.6268518518518519 0.46328125 0.6333333333333333 0.46197916666666666 0.6467592592592593 0.4588541666666667 0.6476851851851851 0.45755208333333336 0.6333333333333333 0.45989583333333334 0.6273148148148148
2 0.4395833333333333 0.7208333333333333 0.44114583333333335 0.7236111111111111 0.440625 0.7333333333333333 0.4356770833333333 0.7402777777777778 0.43385416666666665 0.7240740740740741 0.4356770833333333 0.7203703703703703 0.4393229166666667 0.7208333333333333
2 0.328125 0.6782407407407407 0.3302083333333333 0.6847222222222222 0.3296875 0.6925925925925925 0.32447916666666665 0.700462962962963 0.321875 0.6958333333333333 0.32265625 0.6856481481481481 0.32473958333333336 0.6796296296296296 0.32786458333333335 0.6782407407407407
2 0.4427083333333333 0.6583333333333333 0.44557291666666665 0.6638888888888889 0.44505208333333335 0.6819444444444445 0.44244791666666666 0.6842592592592592 0.44088541666666664 0.6810185185185185 0.44036458333333334 0.6648148148148149 0.44244791666666666 0.6587962962962963