4 0.434375 0.43194444444444446 0.4390625 0.43657407407407406 0.4401041666666667 0.44212962962962965 0.4395833333333333 0.4564814814814815 0.4359375 0.45925925925925926 0.42890625 0.45787037037037037 0.42734375 0.45046296296296295 0.4276041666666667 0.43194444444444446 0.4315104166666667 0.4287037037037037 0.43411458333333336 0.43194444444444446
4 0.022916666666666665 0.7865740740740741 0.03229166666666667 0.7888888888888889 0.034375 0.7939814814814815 0.03671875 0.8175925925925925 0.03411458333333333 0.8416666666666667 0.030208333333333334 0.8513888888888889 0.015625 0.8689814814814815 0.0018229166666666667 0.8953703703703704 0 0.8953703703703704 0 0.7930555555555555 0.011458333333333333 0.7875 0.02265625 0.7865740740740741
4 0.4010416666666667 0.5472222222222223 0.4046875 0.5467592592592593 0.4041666666666667 0.5611111111111111 0.40182291666666664 0.5652777777777778 0.39869791666666665 0.5606481481481481 0.4010416666666667 0.5476851851851852
4 0.42526041666666664 0.4115740740740741 0.4270833333333333 0.42407407407407405 0.42552083333333335 0.4310185185185185 0.42161458333333335 0.4310185185185185 0.41953125 0.4263888888888889 0.4205729166666667 0.41388888888888886 0.425 0.4115740740740741
4 0.42942708333333335 0.39490740740740743 0.4328125 0.4009259259259259 0.43255208333333334 0.4050925925925926 0.42942708333333335 0.4083333333333333 0.42552083333333335 0.4078703703703704 0.4239583333333333 0.4041666666666667 0.42578125 0.3972222222222222 0.42916666666666664 0.39490740740740743
4 0.12369791666666667 0.8342592592592593 0.125 0.8800925925925925 0.12291666666666666 0.8958333333333334 0.0953125 0.9263888888888889 0.08203125 0.9231481481481482 0.078125 0.9180555555555555 0.071875 0.9203703703703704 0.065625 0.9171296296296296 0.06380208333333333 0.9046296296296297 0.06354166666666666 0.8759259259259259 0.06510416666666667 0.8648148148148148 0.08125 0.8449074074074074 0.10260416666666666 0.8425925925925926 0.1234375 0.8342592592592593
4 0.03619791666666667 0.9069444444444444 0.039322916666666666 0.9148148148148149 0.048177083333333336 0.9231481481481482 0.05026041666666667 0.9490740740740741 0.0640625 0.9393518518518519 0.06979166666666667 0.9435185185185185 0.06901041666666667 0.9648148148148148 0.06510416666666667 0.9768518518518519 0.05078125 0.9967592592592592 0.043229166666666666 0.9962962962962963 0.038802083333333334 0.999537037037037 0 0.9958333333333333 0 0.9101851851851852 0.02578125 0.9101851851851852 0.0359375 0.9069444444444444
4 0.12994791666666666 0.9101851851851852 0.13645833333333332 0.9143518518518519 0.13697916666666668 0.9328703703703703 0.11276041666666667 0.9712962962962963 0.103125 0.9810185185185185 0.09505208333333333 0.9773148148148149 0.09166666666666666 0.9671296296296297 0.09401041666666667 0.9444444444444444 0.09765625 0.9319444444444445 0.11276041666666667 0.9120370370370371 0.1296875 0.9101851851851852
3 0.14791666666666667 0.8768518518518519 0.16822916666666668 0.8777777777777778 0.16979166666666667 0.8796296296296297 0.16875 0.8833333333333333 0.11015625 0.975 0.09921875 0.9819444444444444 0.090625 0.9773148148148149 0.090625 0.9634259259259259 0.09791666666666667 0.9310185185185185 0.10911458333333333 0.9148148148148149 0.12265625 0.9074074074074074 0.13020833333333334 0.8930555555555556 0.14765625 0.8768518518518519
1 0.44375 0.5402777777777777 0.446875 0.5430555555555555 0.44765625 0.549537037037037 0.446875 0.5583333333333333 0.44479166666666664 0.5611111111111111 0.43671875 0.5611111111111111 0.4348958333333333 0.5583333333333333 0.4359375 0.5435185185185185 0.4434895833333333 0.5402777777777777
1 0.35052083333333334 0.6337962962962963 0.35520833333333335 0.6375 0.35625 0.6449074074074074 0.353125 0.6509259259259259 0.3489583333333333 0.6527777777777778 0.3450520833333333 0.6509259259259259 0.34348958333333335 0.6370370370370371 0.3453125 0.6337962962962963 0.3502604166666667 0.6337962962962963
1 0.44869791666666664 0.5027777777777778 0.4513020833333333 0.5050925925925925 0.4513020833333333 0.5171296296296296 0.44947916666666665 0.5208333333333334 0.4421875 0.5208333333333334 0.440625 0.5171296296296296 0.44192708333333336 0.5050925925925925 0.4484375 0.5027777777777778
1 0.44296875 0.6342592592592593 0.45 0.6370370370370371 0.45 0.6601851851851852 0.44765625 0.6657407407407407 0.4361979166666667 0.6648148148148149 0.4348958333333333 0.6620370370370371 0.43697916666666664 0.637962962962963 0.4427083333333333 0.6342592592592593
1 0.45859375 0.5666666666666667 0.45989583333333334 0.587037037037037 0.44973958333333336 0.5888888888888889 0.446875 0.5847222222222223 0.44817708333333334 0.5680555555555555 0.45234375 0.5648148148148148 0.4583333333333333 0.5666666666666667
1 0.32135416666666666 0.7699074074074074 0.32447916666666665 0.774074074074074 0.3260416666666667 0.7828703703703703 0.3263020833333333 0.8050925925925926 0.3143229166666667 0.836574074074074 0.29270833333333335 0.836574074074074 0.28984375 0.8314814814814815 0.28958333333333336 0.8194444444444444 0.29635416666666664 0.7953703703703704 0.3072916666666667 0.7717592592592593 0.32109375 0.7699074074074074
1 0.4661458333333333 0.49953703703703706 0.46822916666666664 0.5018518518518519 0.46875 0.5120370370370371 0.46380208333333334 0.5157407407407407 0.4596354166666667 0.5148148148148148 0.4591145833333333 0.5050925925925925 0.46119791666666665 0.5 0.46588541666666666 0.49953703703703706
2 0.40208333333333335 0.5486111111111112 0.4041666666666667 0.5574074074074075 0.4036458333333333 0.5638888888888889 0.40182291666666664 0.5652777777777778 0.39921875 0.5643518518518519 0.39869791666666665 0.5606481481481481 0.39921875 0.5532407407407407 0.40182291666666664 0.5486111111111112
2 0.43255208333333334 0.7722222222222223 0.434375 0.7754629629629629 0.434375 0.7828703703703703 0.43203125 0.7930555555555555 0.42864583333333334 0.7930555555555555 0.42682291666666666 0.774537037037037 0.428125 0.7717592592592593 0.4322916666666667 0.7722222222222223
2 0.31875 0.6967592592592593 0.32083333333333336 0.7 0.32083333333333336 0.7092592592592593 0.3140625 0.7212962962962963 0.31276041666666665 0.7175925925925926 0.3140625 0.6995370370370371 0.3184895833333333 0.6967592592592593