4 0.44114583333333335 0.6416666666666667 0.44375 0.6453703703703704 0.44427083333333334 0.6537037037037037 0.4401041666666667 0.6569444444444444 0.4354166666666667 0.6541666666666667 0.43515625 0.6472222222222223 0.43671875 0.6421296296296296 0.44088541666666664 0.6416666666666667
4 0.43671875 0.6810185185185185 0.4432291666666667 0.6865740740740741 0.4440104166666667 0.6981481481481482 0.4309895833333333 0.7018518518518518 0.4265625 0.6990740740740741 0.42682291666666666 0.687962962962963 0.43125 0.6814814814814815 0.43645833333333334 0.6810185185185185
4 0.26197916666666665 0.7412037037037037 0.26614583333333336 0.7412037037037037 0.2708333333333333 0.7583333333333333 0.26588541666666665 0.7615740740740741 0.26119791666666664 0.7597222222222222 0.26015625 0.7541666666666667 0.26197916666666665 0.7416666666666667
4 0.425 0.6606481481481481 0.4270833333333333 0.6689814814814815 0.42578125 0.6754629629629629 0.421875 0.6796296296296296 0.41875 0.675 0.41822916666666665 0.6648148148148149 0.4197916666666667 0.6606481481481481 0.42473958333333334 0.6606481481481481
4 0.33541666666666664 0.7212962962962963 0.3385416666666667 0.725925925925926 0.33828125 0.7444444444444445 0.33151041666666664 0.7490740740740741 0.33098958333333334 0.7277777777777777 0.33515625 0.7212962962962963
4 0.39375 0.6564814814814814 0.39296875 0.7064814814814815 0.39140625 0.7101851851851851 0.38359375 0.712037037037037 0.38125 0.7064814814814815 0.3796875 0.6791666666666667 0.3807291666666667 0.6712962962962963 0.38359375 0.6643518518518519 0.390625 0.6564814814814814 0.39348958333333334 0.6564814814814814
1 0.4393229166666667 0.6412037037037037 0.4440104166666667 0.6467592592592593 0.44375 0.6546296296296297 0.44114583333333335 0.6564814814814814 0.43697916666666664 0.6555555555555556 0.43515625 0.6518518518518519 0.43645833333333334 0.6430555555555556 0.4390625 0.6412037037037037
1 0.38515625 0.7462962962962963 0.39114583333333336 0.75 0.39036458333333335 0.7851851851851852 0.37473958333333335 0.7875 0.37005208333333334 0.7912037037037037 0.365625 0.7902777777777777 0.3645833333333333 0.7805555555555556 0.3653645833333333 0.7652777777777777 0.3690104166666667 0.7527777777777778 0.3734375 0.7476851851851852 0.3848958333333333 0.7462962962962963
2 0.33645833333333336 0.725 0.3385416666666667 0.7282407407407407 0.33828125 0.7435185185185185 0.3346354166666667 0.7486111111111111 0.33151041666666664 0.7486111111111111 0.3307291666666667 0.7305555555555555 0.33151041666666664 0.7268518518518519 0.33619791666666665 0.725
2 0.35572916666666665 0.7226851851851852 0.35963541666666665 0.7273148148148149 0.35911458333333335 0.7421296296296296 0.35572916666666665 0.7449074074074075 0.353125 0.7416666666666667 0.3528645833333333 0.725925925925926 0.35546875 0.7231481481481481
2 0.26536458333333335 0.7407407407407407 0.26927083333333335 0.7481481481481481 0.2713541666666667 0.7583333333333333 0.26640625 0.7615740740740741 0.26197916666666665 0.7615740740740741 0.26067708333333334 0.7583333333333333 0.26119791666666664 0.7449074074074075 0.26510416666666664 0.7412037037037037
2 0.29661458333333335 0.7412037037037037 0.29713541666666665 0.7268518518518519 0.30026041666666664 0.7194444444444444 0.30416666666666664 0.7222222222222222 0.30416666666666664 0.7337962962962963 0.30130208333333336 0.7407407407407407 0.296875 0.7412037037037037
2 0.31640625 0.7300925925925926 0.31796875 0.7337962962962963 0.3177083333333333 0.7449074074074075 0.31328125 0.7513888888888889 0.309375 0.7490740740740741 0.30963541666666666 0.7328703703703704 0.3106770833333333 0.7296296296296296 0.31614583333333335 0.7300925925925926