4 0.15442708333333333 0.837037037037037 0.15625 0.8384259259259259 0.15572916666666667 0.8416666666666667 0.14453125 0.8592592592592593 0.14140625 0.8837962962962963 0.13880208333333333 0.888425925925926 0.13125 0.8949074074074074 0.0953125 0.8953703703703704 0.09296875 0.8976851851851851 0.08932291666666667 0.9120370370370371 0.08515625 0.9185185185185185 0.08151041666666667 0.962037037037037 0.078125 0.9629629629629629 0.075 0.9597222222222223 0.07109375 0.9625 0.06744791666666666 0.9527777777777777 0.06484375 0.9356481481481481 0.05677083333333333 0.9254629629629629 0.03984375 0.9231481481481482 0.04140625 0.9074074074074074 0.046875 0.9037037037037037 0.07682291666666667 0.9023148148148148 0.0890625 0.8888888888888888 0.10442708333333334 0.8638888888888889 0.12239583333333333 0.8444444444444444 0.13072916666666667 0.8388888888888889 0.15416666666666667 0.837037037037037
4 0.3111979166666667 0.9078703703703703 0.31536458333333334 0.9115740740740741 0.31484375 0.9458333333333333 0.3104166666666667 0.9675925925925926 0.30442708333333335 0.9814814814814815 0.30364583333333334 0.9944444444444445 0.30104166666666665 0.999537037037037 0.2721354166666667 0.999537037037037 0.27239583333333334 0.9736111111111111 0.27890625 0.9495370370370371 0.2799479166666667 0.9388888888888889 0.290625 0.9101851851851852 0.3109375 0.9078703703703703
4 0.11015625 0.7907407407407407 0.11223958333333334 0.7935185185185185 0.11432291666666666 0.8092592592592592 0.1109375 0.8416666666666667 0.09869791666666666 0.8629629629629629 0.09166666666666666 0.8800925925925925 0.07682291666666667 0.8986111111111111 0.04348958333333333 0.9046296296296297 0.03828125 0.9009259259259259 0.03958333333333333 0.8939814814814815 0.049479166666666664 0.8865740740740741 0.04765625 0.8810185185185185 0.04140625 0.8763888888888889 0.03984375 0.8550925925925926 0.029427083333333333 0.8708333333333333 0.02578125 0.8703703703703703 0.019010416666666665 0.8777777777777778 0.015625 0.8717592592592592 0.011979166666666667 0.875 0.009375 0.8625 0.004166666666666667 0.8592592592592593 0.003125 0.8555555555555555 0.003125 0.8458333333333333 0.005208333333333333 0.8398148148148148 0.011979166666666667 0.8337962962962963 0.024479166666666666 0.8319444444444445 0.02578125 0.8240740740740741 0.027864583333333335 0.8245370370370371 0.03046875 0.8319444444444445 0.03697916666666667 0.8337962962962963 0.06067708333333333 0.8287037037037037 0.06302083333333333 0.8199074074074074 0.05963541666666667 0.8106481481481481 0.05703125 0.8101851851851852 0.050520833333333334 0.8180555555555555 0.039322916666666666 0.8171296296296297 0.0390625 0.8111111111111111 0.04140625 0.8037037037037037 0.05026041666666667 0.7958333333333333 0.07213541666666666 0.7925925925925926 0.078125 0.7967592592592593 0.10989583333333333 0.7907407407407407
4 0.5145833333333333 0.5342592592592592 0.5182291666666666 0.5453703703703704 0.5153645833333333 0.5504629629629629 0.50234375 0.5462962962962963 0.503125 0.5365740740740741 0.5049479166666667 0.5337962962962963 0.5143229166666666 0.5342592592592592
4 0.46770833333333334 0.4828703703703704 0.4708333333333333 0.48657407407407405 0.46979166666666666 0.4962962962962963 0.4622395833333333 0.49444444444444446 0.4627604166666667 0.48518518518518516 0.4674479166666667 0.4828703703703704
4 0.4393229166666667 0.4986111111111111 0.4432291666666667 0.5027777777777778 0.44244791666666666 0.5189814814814815 0.4354166666666667 0.5189814814814815 0.43385416666666665 0.5157407407407407 0.4356770833333333 0.5018518518518519 0.4390625 0.4986111111111111
4 0.16484375 0.8347222222222223 0.17682291666666666 0.8384259259259259 0.18932291666666667 0.8379629629629629 0.19244791666666666 0.8453703703703703 0.19244791666666666 0.8805555555555555 0.19088541666666667 0.8870370370370371 0.17213541666666668 0.9111111111111111 0.16484375 0.9069444444444444 0.15104166666666666 0.9078703703703703 0.14296875 0.9009259259259259 0.14401041666666667 0.862037037037037 0.15807291666666667 0.8379629629629629 0.16458333333333333 0.8347222222222223
4 0.06614583333333333 0.9819444444444444 0.07760416666666667 0.9930555555555556 0.07864583333333333 0.999537037037037 0.02578125 0.999537037037037 0.026041666666666668 0.9939814814814815 0.03046875 0.987037037037037 0.053125 0.9875 0.06588541666666667 0.9819444444444444
4 0.48072916666666665 0.48518518518518516 0.484375 0.48935185185185187 0.48463541666666665 0.5009259259259259 0.4817708333333333 0.5032407407407408 0.47630208333333335 0.5009259259259259 0.47682291666666665 0.487962962962963 0.48046875 0.48564814814814816
4 0.39036458333333335 0.7550925925925925 0.3919270833333333 0.7828703703703703 0.38697916666666665 0.8078703703703703 0.38385416666666666 0.8138888888888889 0.37473958333333335 0.8143518518518519 0.36796875 0.8138888888888889 0.3658854166666667 0.8087962962962963 0.36953125 0.7680555555555556 0.37552083333333336 0.7550925925925925 0.39010416666666664 0.7550925925925925
4 0.45416666666666666 0.5074074074074074 0.45755208333333336 0.513425925925926 0.45755208333333336 0.5185185185185185 0.45416666666666666 0.5208333333333334 0.44869791666666664 0.5189814814814815 0.44947916666666665 0.5111111111111111 0.45390625 0.5074074074074074
4 0.4671875 0.49537037037037035 0.4705729166666667 0.5009259259259259 0.4703125 0.5101851851851852 0.46796875 0.5120370370370371 0.4635416666666667 0.5120370370370371 0.46171875 0.5074074074074074 0.46197916666666666 0.4986111111111111 0.4669270833333333 0.49537037037037035
3 0.05416666666666667 0.925 0.06484375 0.9361111111111111 0.06796875 0.9564814814814815 0.07421875 0.9601851851851851 0.07786458333333333 0.9578703703703704 0.08125 0.961574074074074 0.08151041666666667 0.9810185185185185 0.0796875 0.986574074074074 0.07708333333333334 0.9893518518518518 0.0640625 0.9828703703703704 0.050520833333333334 0.9893518518518518 0.0328125 0.987037037037037 0.025520833333333333 0.999537037037037 0.007291666666666667 0.999537037037037 0.00625 0.9944444444444445 0.008333333333333333 0.9611111111111111 0.015104166666666667 0.9393518518518519 0.0203125 0.9305555555555556 0.025520833333333333 0.9268518518518518 0.05390625 0.925
3 0.20651041666666667 0.8736111111111111 0.21171875 0.8763888888888889 0.22734375 0.874537037037037 0.228125 0.8805555555555555 0.19609375 0.9444444444444444 0.18567708333333333 0.9583333333333334 0.17526041666666667 0.9495370370370371 0.17265625 0.9324074074074075 0.17317708333333334 0.9143518518518519 0.18151041666666667 0.899537037037037 0.19140625 0.8925925925925926 0.20625 0.8740740740740741
3 0.12760416666666666 0.8953703703703704 0.13645833333333332 0.9078703703703703 0.14010416666666667 0.9254629629629629 0.14401041666666667 0.9226851851851852 0.15 0.924074074074074 0.1515625 0.9328703703703703 0.14817708333333332 0.9574074074074074 0.14036458333333332 0.9666666666666667 0.13489583333333333 0.9810185185185185 0.12395833333333334 0.9916666666666667 0.11328125 0.9851851851851852 0.08854166666666667 0.9893518518518518 0.08385416666666666 0.9796296296296296 0.08307291666666666 0.9652777777777778 0.08463541666666667 0.9226851851851852 0.09322916666666667 0.8976851851851851 0.12734375 0.8953703703703704
1 0.5125 0.5333333333333333 0.5174479166666667 0.5398148148148149 0.51796875 0.5467592592592593 0.515625 0.55 0.5028645833333333 0.5462962962962963 0.50390625 0.5356481481481481 0.5122395833333333 0.5333333333333333
1 0.45338541666666665 0.48194444444444445 0.45677083333333335 0.4875 0.4546875 0.49537037037037035 0.45 0.4949074074074074 0.4484375 0.4912037037037037 0.44921875 0.4847222222222222 0.453125 0.48194444444444445
1 0.4393229166666667 0.49907407407407406 0.44296875 0.5023148148148148 0.44244791666666666 0.5189814814814815 0.4356770833333333 0.5189814814814815 0.43411458333333336 0.5162037037037037 0.4356770833333333 0.5027777777777778 0.4390625 0.49907407407407406
1 0.46796875 0.4962962962962963 0.4700520833333333 0.4981481481481482 0.4705729166666667 0.5050925925925925 0.4703125 0.5101851851851852 0.4674479166666667 0.5120370370370371 0.4625 0.5101851851851852 0.46171875 0.5009259259259259 0.46328125 0.49675925925925923 0.46770833333333334 0.4962962962962963
1 0.44609375 0.4527777777777778 0.44947916666666665 0.4601851851851852 0.44895833333333335 0.4652777777777778 0.44635416666666666 0.4671296296296296 0.44166666666666665 0.4634259259259259 0.44244791666666666 0.4546296296296296 0.44583333333333336 0.4527777777777778
1 0.4752604166666667 0.5597222222222222 0.47760416666666666 0.5736111111111111 0.4752604166666667 0.5777777777777777 0.4666666666666667 0.5777777777777777 0.46484375 0.5745370370370371 0.4666666666666667 0.5597222222222222 0.475 0.5597222222222222
1 0.44244791666666666 0.47638888888888886 0.4453125 0.48657407407407405 0.44296875 0.49074074074074076 0.43723958333333335 0.48842592592592593 0.43854166666666666 0.4777777777777778 0.4421875 0.47638888888888886