4 0.44088541666666664 0.5935185185185186 0.4432291666666667 0.5953703703703703 0.44479166666666664 0.6023148148148149 0.4432291666666667 0.6138888888888889 0.4322916666666667 0.6111111111111112 0.43307291666666664 0.5981481481481481 0.4359375 0.5935185185185186 0.440625 0.5935185185185186
4 0.44114583333333335 0.6208333333333333 0.44609375 0.625462962962963 0.44609375 0.6472222222222223 0.44505208333333335 0.6509259259259259 0.4390625 0.6546296296296297 0.42864583333333334 0.6518518518518519 0.428125 0.6296296296296297 0.4322916666666667 0.6217592592592592 0.44088541666666664 0.6208333333333333
4 0.06510416666666667 0.7240740740740741 0.09765625 0.7263888888888889 0.09765625 0.7662037037037037 0.09557291666666666 0.7689814814814815 0.07734375 0.7703703703703704 0.06979166666666667 0.7768518518518519 0.0640625 0.788425925925926 0.057291666666666664 0.7870370370370371 0.05390625 0.774537037037037 0.04765625 0.7754629629629629 0.046875 0.7814814814814814 0.043229166666666666 0.774537037037037 0.03984375 0.7912037037037037 0.033854166666666664 0.7902777777777777 0.03229166666666667 0.7870370370370371 0.03515625 0.7379629629629629 0.03723958333333333 0.7337962962962963 0.04088541666666667 0.7333333333333333 0.04296875 0.749537037037037 0.048177083333333336 0.7467592592592592 0.0484375 0.7550925925925925 0.057291666666666664 0.7675925925925926 0.05859375 0.7615740740740741 0.04791666666666667 0.7430555555555556 0.04635416666666667 0.7342592592592593 0.053385416666666664 0.7263888888888889 0.06484375 0.7240740740740741
4 0.421875 0.5236111111111111 0.42578125 0.5263888888888889 0.42578125 0.5351851851851852 0.41953125 0.5337962962962963 0.4192708333333333 0.5282407407407408 0.42161458333333335 0.524074074074074
4 0.41770833333333335 0.5680555555555555 0.42265625 0.5745370370370371 0.42421875 0.5814814814814815 0.42421875 0.6050925925925926 0.41822916666666665 0.6138888888888889 0.4049479166666667 0.6152777777777778 0.403125 0.6125 0.40182291666666664 0.5893518518518519 0.40338541666666666 0.5791666666666667 0.4078125 0.5708333333333333 0.41744791666666664 0.5680555555555555
4 0.42265625 0.5472222222222223 0.42578125 0.55 0.42630208333333336 0.5541666666666667 0.42578125 0.5601851851851852 0.42291666666666666 0.5625 0.41770833333333335 0.5606481481481481 0.41822916666666665 0.55 0.42239583333333336 0.5472222222222223
4 0.44296875 0.5685185185185185 0.4505208333333333 0.5740740740740741 0.45078125 0.5837962962962963 0.4471354166666667 0.586574074074074 0.4390625 0.5819444444444445 0.4390625 0.5740740740740741 0.4427083333333333 0.5685185185185185
4 0.46067708333333335 0.5953703703703703 0.46119791666666665 0.6092592592592593 0.45651041666666664 0.6138888888888889 0.45338541666666665 0.6101851851851852 0.4546875 0.5981481481481481 0.45651041666666664 0.5935185185185186 0.46041666666666664 0.5953703703703703
4 0.42473958333333334 0.5634259259259259 0.42994791666666665 0.5625 0.43255208333333334 0.5675925925925925 0.4322916666666667 0.5810185185185185 0.42526041666666664 0.5847222222222223 0.4236979166666667 0.5782407407407407 0.42473958333333334 0.5638888888888889
4 0.09166666666666666 0.7685185185185185 0.0953125 0.7689814814814815 0.0953125 0.7726851851851851 0.06796875 0.7875 0.06666666666666667 0.7865740740740741 0.06744791666666666 0.7796296296296297 0.07473958333333333 0.7717592592592593 0.09140625 0.7685185185185185
1 0.42291666666666666 0.5303240740740741 0.007291666666666667 0.011574074074074073
1 0.38385416666666666 0.6347222222222222 0.39869791666666665 0.6416666666666667 0.40078125 0.6449074074074074 0.4010416666666667 0.6541666666666667 0.37109375 0.6578703703703703 0.3645833333333333 0.6546296296296297 0.3640625 0.6439814814814815 0.371875 0.6365740740740741 0.38359375 0.6347222222222222
1 0.4231770833333333 0.5476851851851852 0.42526041666666664 0.55 0.42604166666666665 0.5578703703703703 0.42265625 0.5625 0.41770833333333335 0.5606481481481481 0.41770833333333335 0.5532407407407407 0.4192708333333333 0.5486111111111112 0.42291666666666666 0.5476851851851852