0 0.415625 0.5111111111111111 0.41770833333333335 0.5148148148148148 0.41796875 0.5226851851851851 0.41692708333333334 0.5453703703703704 0.41484375 0.549074074074074 0.40286458333333336 0.5481481481481482 0.4015625 0.5351851851851852 0.4044270833333333 0.513425925925926 0.4153645833333333 0.5111111111111111
0 0.41171875 0.775 0.42473958333333334 0.7773148148148148 0.428125 0.7861111111111111 0.4236979166666667 0.8421296296296297 0.4171875 0.8875 0.41510416666666666 0.8916666666666667 0.39088541666666665 0.8902777777777777 0.38697916666666665 0.8875 0.38828125 0.8347222222222223 0.3997395833333333 0.7791666666666667 0.4044270833333333 0.775 0.4114583333333333 0.775
4 0.06692708333333333 0.7328703703703704 0.06927083333333334 0.7388888888888889 0.07083333333333333 0.7615740740740741 0.06536458333333334 0.7870370370370371 0.0421875 0.8282407407407407 0.026302083333333334 0.8430555555555556 0 0.8412037037037037 0 0.7759259259259259 0.00390625 0.7726851851851851 0.0067708333333333336 0.7652777777777777 0.00390625 0.7615740740740741 0.00234375 0.7523148148148148 0 0.7509259259259259 0 0.7430555555555556 0.0033854166666666668 0.7375 0.0109375 0.7337962962962963 0.025 0.7342592592592593 0.0265625 0.7435185185185185 0.029427083333333333 0.7449074074074075 0.043229166666666666 0.7333333333333333 0.06666666666666667 0.7328703703703704
4 0.4393229166666667 0.42685185185185187 0.4421875 0.4351851851851852 0.44166666666666665 0.44166666666666665 0.4393229166666667 0.44351851851851853 0.4348958333333333 0.4425925925925926 0.43359375 0.43657407407407406 0.434375 0.42916666666666664 0.4390625 0.42685185185185187
4 0.457421875 0.4740740740740741 0.010677083333333334 0.024074074074074074
4 0.1515625 0.7796296296296297 0.15494791666666666 0.7837962962962963 0.1546875 0.8245370370370371 0.14557291666666666 0.8384259259259259 0.13072916666666667 0.8537037037037037 0.12786458333333334 0.8518518518518519 0.12317708333333334 0.8361111111111111 0.12005208333333334 0.850462962962963 0.11067708333333333 0.8523148148148149 0.1015625 0.8495370370370371 0.10026041666666667 0.8439814814814814 0.10052083333333334 0.8027777777777778 0.11796875 0.7828703703703703 0.12135416666666667 0.7828703703703703 0.12317708333333334 0.7935185185185185 0.12916666666666668 0.7824074074074074 0.15130208333333334 0.7796296296296297
4 0.4244791666666667 0.39490740740740743 0.42916666666666664 0.3939814814814815 0.4309895833333333 0.399537037037037 0.42916666666666664 0.40324074074074073 0.4239583333333333 0.40324074074074073 0.42291666666666666 0.399537037037037 0.4244791666666667 0.39537037037037037
4 0.10130208333333333 0.8537037037037037 0.10572916666666667 0.8587962962962963 0.1015625 0.8625 0.10598958333333333 0.8638888888888889 0.109375 0.8726851851851852 0.103125 0.8981481481481481 0.09895833333333333 0.9041666666666667 0.08697916666666666 0.9115740740740741 0.078125 0.925 0.07109375 0.9305555555555556 0.049479166666666664 0.9296296296296296 0.03828125 0.9324074074074075 0.03307291666666667 0.9282407407407407 0.028125 0.9175925925925926 0.028385416666666666 0.8935185185185185 0.03046875 0.8819444444444444 0.029166666666666667 0.8625 0.03828125 0.8379629629629629 0.04401041666666667 0.8319444444444445 0.050520833333333334 0.8189814814814815 0.08802083333333334 0.7861111111111111 0.12057291666666667 0.7828703703703703 0.11953125 0.7935185185185185 0.10911458333333333 0.7958333333333333 0.103125 0.8041666666666667 0.10208333333333333 0.8143518518518519 0.10390625 0.8217592592592593 0.10052083333333334 0.8347222222222223 0.1015625 0.8449074074074074 0.09661458333333334 0.8486111111111111 0.10104166666666667 0.8537037037037037
4 0.4354166666666667 0.5050925925925925 0.43697916666666664 0.5083333333333333 0.43671875 0.5222222222222223 0.4356770833333333 0.5277777777777778 0.43307291666666664 0.5300925925925926 0.42526041666666664 0.5296296296296297 0.42473958333333334 0.5194444444444445 0.4278645833333333 0.5069444444444444 0.43515625 0.5050925925925925
4 0.43645833333333334 0.5939814814814814 0.4390625 0.5953703703703703 0.44140625 0.6023148148148149 0.4395833333333333 0.6226851851851852 0.42890625 0.6263888888888889 0.4239583333333333 0.6231481481481481 0.42526041666666664 0.6023148148148149 0.42864583333333334 0.5944444444444444 0.4361979166666667 0.5939814814814814
4 0.47291666666666665 0.5185185185185185 0.4739583333333333 0.5393518518518519 0.4708333333333333 0.5449074074074074 0.46197916666666666 0.5430555555555555 0.46197916666666666 0.5254629629629629 0.46328125 0.5189814814814815 0.47265625 0.5185185185185185
4 0.43385416666666665 0.44814814814814813 0.43697916666666664 0.449537037037037 0.43802083333333336 0.4537037037037037 0.43828125 0.46435185185185185 0.43645833333333334 0.4675925925925926 0.42916666666666664 0.4675925925925926 0.4276041666666667 0.4634259259259259 0.42916666666666664 0.45 0.43359375 0.44814814814814813
4 0.44609375 0.6842592592592592 0.45078125 0.6893518518518519 0.44765625 0.6958333333333333 0.44895833333333335 0.7171296296296297 0.44479166666666664 0.7236111111111111 0.43203125 0.7226851851851852 0.42916666666666664 0.7157407407407408 0.4315104166666667 0.6861111111111111 0.4361979166666667 0.6833333333333333 0.44583333333333336 0.6842592592592592
4 0.4518229166666667 0.5023148148148148 0.4557291666666667 0.5083333333333333 0.45651041666666664 0.5157407407407407 0.4552083333333333 0.5328703703703703 0.44973958333333336 0.5578703703703703 0.4356770833333333 0.5560185185185185 0.43463541666666666 0.538425925925926 0.44036458333333334 0.5055555555555555 0.44557291666666665 0.5013888888888889 0.4515625 0.5023148148148148
4 0.15 0.8393518518518519 0.16588541666666667 0.8412037037037037 0.16927083333333334 0.8453703703703703 0.16927083333333334 0.8555555555555555 0.14739583333333334 0.8930555555555556 0.13958333333333334 0.9009259259259259 0.13359375 0.8972222222222223 0.12942708333333333 0.887962962962963 0.12994791666666666 0.8680555555555556 0.13125 0.862037037037037 0.14088541666666668 0.8453703703703703 0.14973958333333334 0.8393518518518519
4 0.4596354166666667 0.48564814814814816 0.46145833333333336 0.4912037037037037 0.4609375 0.500462962962963 0.45677083333333335 0.5032407407407408 0.4513020833333333 0.5013888888888889 0.45 0.49583333333333335 0.453125 0.48703703703703705 0.459375 0.48564814814814816
3 0.17786458333333333 0.8226851851851852 0.18932291666666667 0.8245370370370371 0.19010416666666666 0.8282407407407407 0.17526041666666667 0.8523148148148149 0.1640625 0.8648148148148148 0.15130208333333334 0.8888888888888888 0.13776041666666666 0.9009259259259259 0.13411458333333334 0.8976851851851851 0.12942708333333333 0.8861111111111111 0.12890625 0.8763888888888889 0.13151041666666666 0.8611111111111112 0.14479166666666668 0.8407407407407408 0.15885416666666666 0.8388888888888889 0.15989583333333332 0.8347222222222223 0.17161458333333332 0.8231481481481482 0.17760416666666667 0.8226851851851852
3 0.11276041666666667 0.7856481481481481 0.11432291666666666 0.7861111111111111 0.1125 0.7930555555555555 0.109375 0.7939814814814815 0.1015625 0.8055555555555556 0.09973958333333334 0.8486111111111111 0.10208333333333333 0.8541666666666666 0.10833333333333334 0.8592592592592593 0.10755208333333334 0.8625 0.11015625 0.8689814814814815 0.10260416666666666 0.8986111111111111 0.08645833333333333 0.9115740740740741 0.07786458333333333 0.925 0.07109375 0.9305555555555556 0.040625 0.9319444444444445 0.03567708333333333 0.9314814814814815 0.028385416666666666 0.9180555555555555 0.028125 0.899074074074074 0.03046875 0.8810185185185185 0.029166666666666667 0.8625 0.03177083333333333 0.8453703703703703 0.03567708333333333 0.8430555555555556 0.05390625 0.8138888888888889 0.08203125 0.7898148148148149 0.09036458333333333 0.7856481481481481 0.1125 0.7856481481481481
1 0.42682291666666666 0.42314814814814816 0.42916666666666664 0.425462962962963 0.4296875 0.4324074074074074 0.42578125 0.4356481481481482 0.4231770833333333 0.4337962962962963 0.42265625 0.4273148148148148 0.4265625 0.42314814814814816
1 0.41380208333333335 0.6819444444444445 0.42161458333333335 0.6884259259259259 0.42161458333333335 0.7060185185185185 0.41901041666666666 0.7180555555555556 0.4015625 0.7203703703703703 0.3997395833333333 0.7180555555555556 0.39895833333333336 0.7097222222222223 0.40286458333333336 0.6856481481481481 0.41354166666666664 0.6819444444444445
2 0.4471354166666667 0.6342592592592593 0.45 0.6444444444444445 0.4466145833333333 0.6564814814814814 0.44427083333333334 0.6532407407407408 0.4432291666666667 0.6435185185185185 0.446875 0.6342592592592593
2 0.453125 0.5888888888888889 0.4557291666666667 0.5930555555555556 0.4552083333333333 0.6074074074074074 0.45260416666666664 0.6092592592592593 0.4515625 0.6069444444444444 0.45078125 0.5953703703703703 0.45286458333333335 0.5893518518518519
2 0.4661458333333333 0.562962962962963 0.4669270833333333 0.5791666666666667 0.4640625 0.5824074074074074 0.46145833333333336 0.5643518518518519 0.46328125 0.5615740740740741 0.46588541666666666 0.562962962962963