4 0.42330729166666664 0.756712962962963 0.01015625 0.02546296296296296
4 0.3768229166666667 0.8569444444444444 0.3807291666666667 0.8592592592592593 0.3841145833333333 0.8694444444444445 0.38255208333333335 0.8824074074074074 0.38385416666666666 0.9162037037037037 0.3770833333333333 0.9236111111111112 0.36953125 0.9425925925925925 0.35572916666666665 0.9560185185185185 0.35 0.95 0.3380208333333333 0.9523148148148148 0.328125 0.9486111111111111 0.32760416666666664 0.9384259259259259 0.33046875 0.924074074074074 0.3307291666666667 0.8800925925925925 0.34401041666666665 0.862037037037037 0.35078125 0.8574074074074074 0.3765625 0.8569444444444444
4 0.45651041666666664 0.6907407407407408 0.46041666666666664 0.7013888888888888 0.45989583333333334 0.7055555555555556 0.45677083333333335 0.7083333333333334 0.44947916666666665 0.7046296296296296 0.44817708333333334 0.6995370370370371 0.4505208333333333 0.6930555555555555 0.45625 0.6907407407407408
4 0.765625 0.7768518518518519 0.7739583333333333 0.7810185185185186 0.7770833333333333 0.7893518518518519 0.7888020833333333 0.7935185185185185 0.7924479166666667 0.8055555555555556 0.8046875 0.8106481481481481 0.8033854166666666 0.825462962962963 0.7942708333333334 0.8287037037037037 0.7791666666666667 0.8282407407407407 0.7729166666666667 0.8217592592592593 0.7572916666666667 0.8226851851851852 0.7463541666666667 0.812037037037037 0.74453125 0.8037037037037037 0.74609375 0.7967592592592593 0.7549479166666667 0.7814814814814814 0.7653645833333333 0.7768518518518519
4 0.0203125 0.8 0.026041666666666668 0.7949074074074074 0.036458333333333336 0.7949074074074074 0.04453125 0.7888888888888889 0.05364583333333333 0.7888888888888889 0.05755208333333333 0.8097222222222222 0.05546875 0.8398148148148148 0.05364583333333333 0.8458333333333333 0.019010416666666665 0.850462962962963 0.0171875 0.8467592592592592 0.0171875 0.8337962962962963 0.018229166666666668 0.8050925925925926 0.0203125 0.8004629629629629
4 0.4359375 0.7268518518518519 0.4393229166666667 0.7337962962962963 0.4393229166666667 0.7472222222222222 0.4315104166666667 0.7490740740740741 0.4278645833333333 0.7486111111111111 0.42578125 0.7402777777777778 0.42890625 0.7300925925925926 0.4356770833333333 0.7268518518518519
4 0.2890625 0.8495370370370371 0.2947916666666667 0.8592592592592593 0.2953125 0.8787037037037037 0.29348958333333336 0.887962962962963 0.28229166666666666 0.8916666666666667 0.2794270833333333 0.9027777777777778 0.24895833333333334 0.9069444444444444 0.24505208333333334 0.9023148148148148 0.24505208333333334 0.8893518518518518 0.24713541666666666 0.8791666666666667 0.25494791666666666 0.8606481481481482 0.26875 0.8486111111111111 0.28880208333333335 0.8495370370370371
4 0.39114583333333336 0.7361111111111112 0.3921875 0.7462962962962963 0.39088541666666665 0.7541666666666667 0.38671875 0.7597222222222222 0.37916666666666665 0.7615740740740741 0.3729166666666667 0.7592592592592593 0.3729166666666667 0.7518518518518519 0.37604166666666666 0.7412037037037037 0.38046875 0.7375 0.39088541666666665 0.7361111111111112
4 0.3619791666666667 0.7717592592592593 0.3658854166666667 0.7828703703703703 0.3645833333333333 0.8023148148148148 0.35989583333333336 0.8074074074074075 0.3458333333333333 0.8087962962962963 0.3419270833333333 0.8078703703703703 0.3419270833333333 0.7935185185185185 0.3450520833333333 0.7796296296296297 0.35078125 0.7717592592592593 0.36171875 0.7717592592592593
4 0.31927083333333334 0.7810185185185186 0.32473958333333336 0.7851851851851852 0.3255208333333333 0.8046296296296296 0.32265625 0.8171296296296297 0.3177083333333333 0.8212962962962963 0.30364583333333334 0.8203703703703704 0.30078125 0.8092592592592592 0.30442708333333335 0.7856481481481481 0.3098958333333333 0.7814814814814814 0.3190104166666667 0.7810185185185186
4 0.4703125 0.6842592592592592 0.47369791666666666 0.6884259259259259 0.47421875 0.7023148148148148 0.46640625 0.7032407407407407 0.46484375 0.700925925925926 0.465625 0.6884259259259259 0.4700520833333333 0.6847222222222222
4 0.13125 0.7861111111111111 0.134375 0.7907407407407407 0.13359375 0.8111111111111111 0.11276041666666667 0.8199074074074074 0.10911458333333333 0.7981481481481482 0.10546875 0.8101851851851852 0.10729166666666666 0.8199074074074074 0.10546875 0.8231481481481482 0.09921875 0.8208333333333333 0.10182291666666667 0.7861111111111111 0.10625 0.7893518518518519 0.10911458333333333 0.7962962962962963 0.11276041666666667 0.7953703703703704 0.11640625 0.7875 0.13098958333333333 0.7861111111111111
4 0.44973958333333336 0.7092592592592593 0.45234375 0.7236111111111111 0.44973958333333336 0.7310185185185185 0.4427083333333333 0.7305555555555555 0.440625 0.725 0.4421875 0.7097222222222223 0.44557291666666665 0.7074074074074074 0.44947916666666665 0.7092592592592593
4 0.43723958333333335 0.6912037037037037 0.44036458333333334 0.6949074074074074 0.44114583333333335 0.7013888888888888 0.43697916666666664 0.7055555555555556 0.42161458333333335 0.7032407407407407 0.42161458333333335 0.6986111111111111 0.4276041666666667 0.6912037037037037 0.43697916666666664 0.6912037037037037
3 0.41041666666666665 0.7291666666666666 0.4161458333333333 0.7305555555555555 0.4192708333333333 0.7375 0.41901041666666666 0.7810185185185186 0.4153645833333333 0.8013888888888889 0.4046875 0.8194444444444444 0.3997395833333333 0.8166666666666667 0.3763020833333333 0.8166666666666667 0.3731770833333333 0.8083333333333333 0.37161458333333336 0.7759259259259259 0.3731770833333333 0.7708333333333334 0.37786458333333334 0.7703703703703704 0.39140625 0.7532407407407408 0.39348958333333334 0.7379629629629629 0.3966145833333333 0.7310185185185185 0.41015625 0.7291666666666666
1 0.42526041666666664 0.7444444444444445 0.4276041666666667 0.7509259259259259 0.4276041666666667 0.7652777777777777 0.42526041666666664 0.7685185185185185 0.41848958333333336 0.7694444444444445 0.41953125 0.7513888888888889 0.421875 0.7449074074074075 0.425 0.7444444444444445
1 0.45729166666666665 0.6921296296296297 0.46015625 0.700462962962963 0.45703125 0.7074074074074074 0.45 0.7046296296296296 0.4484375 0.6995370370370371 0.45208333333333334 0.6921296296296297 0.45703125 0.6921296296296297
1 0.4666666666666667 0.6875 0.47213541666666664 0.687962962962963 0.4747395833333333 0.6981481481481482 0.47317708333333336 0.7032407407407407 0.46588541666666666 0.7027777777777777 0.46484375 0.6949074074074074 0.4666666666666667 0.687962962962963