4 0.39166666666666666 0.6342592592592593 0.4119791666666667 0.6407407407407407 0.41510416666666666 0.6444444444444445 0.4153645833333333 0.6504629629629629 0.38776041666666666 0.6569444444444444 0.38203125 0.6560185185185186 0.38046875 0.6453703703703704 0.38645833333333335 0.6361111111111111 0.39140625 0.6342592592592593
4 0.5119791666666667 0.5879629629629629 0.51796875 0.6018518518518519 0.5161458333333333 0.6069444444444444 0.5088541666666667 0.6064814814814815 0.5067708333333333 0.6027777777777777 0.5072916666666667 0.5902777777777778 0.51171875 0.5879629629629629
4 0.44635416666666666 0.611574074074074 0.44895833333333335 0.6222222222222222 0.44817708333333334 0.6375 0.44635416666666666 0.6421296296296296 0.4354166666666667 0.6421296296296296 0.43385416666666665 0.6370370370370371 0.4354166666666667 0.6157407407407407 0.44609375 0.611574074074074
4 0.0875 0.7092592592592593 0.0953125 0.7097222222222223 0.09817708333333333 0.7138888888888889 0.09765625 0.7444444444444445 0.09609375 0.7481481481481481 0.07890625 0.7537037037037037 0.06067708333333333 0.7643518518518518 0.055989583333333336 0.7583333333333333 0.05416666666666667 0.7476851851851852 0.05 0.7453703703703703 0.048177083333333336 0.7486111111111111 0.050520833333333334 0.7666666666666667 0.04609375 0.7652777777777777 0.046614583333333334 0.7231481481481481 0.050520833333333334 0.725925925925926 0.0515625 0.7310185185185185 0.05703125 0.7375 0.061197916666666664 0.7375 0.057291666666666664 0.7287037037037037 0.04765625 0.7175925925925926 0.04921875 0.7134259259259259 0.08723958333333333 0.7092592592592593
4 0.42083333333333334 0.5365740740740741 0.42291666666666666 0.5430555555555555 0.42161458333333335 0.5476851851851852 0.4158854166666667 0.5467592592592593 0.41510416666666666 0.5439814814814815 0.41692708333333334 0.5365740740740741 0.4205729166666667 0.5365740740740741
4 0.36614583333333334 0.6370370370370371 0.37109375 0.6439814814814815 0.37083333333333335 0.6504629629629629 0.36744791666666665 0.6574074074074074 0.36354166666666665 0.6583333333333333 0.36276041666666664 0.6532407407407408 0.36276041666666664 0.6458333333333334 0.3658854166666667 0.6375
4 0.44947916666666665 0.5708333333333333 0.4515625 0.5851851851851851 0.44973958333333336 0.5888888888888889 0.44609375 0.5893518518518519 0.44114583333333335 0.5847222222222223 0.44140625 0.5745370370370371 0.4432291666666667 0.5712962962962963 0.44921875 0.5708333333333333
4 0.42552083333333335 0.5745370370370371 0.42890625 0.5787037037037037 0.42994791666666665 0.5847222222222223 0.42864583333333334 0.5953703703703703 0.42552083333333335 0.5981481481481481 0.42135416666666664 0.5921296296296297 0.4205729166666667 0.5796296296296296 0.42161458333333335 0.575925925925926 0.42526041666666664 0.5745370370370371
4 0.44453125 0.5925925925925926 0.44765625 0.5953703703703703 0.4473958333333333 0.6046296296296296 0.44583333333333336 0.6069444444444444 0.4361979166666667 0.6046296296296296 0.4361979166666667 0.5981481481481481 0.4388020833333333 0.5907407407407408 0.44427083333333334 0.5925925925925926
4 0.4390625 0.5416666666666666 0.44114583333333335 0.549537037037037 0.4393229166666667 0.5532407407407407 0.43411458333333336 0.55 0.43515625 0.5430555555555555 0.4388020833333333 0.5416666666666666
3 0.4119791666666667 0.5763888888888888 0.41848958333333336 0.5810185185185185 0.42291666666666666 0.5953703703703703 0.421875 0.612037037037037 0.41875 0.6217592592592592 0.41484375 0.6259259259259259 0.40078125 0.6259259259259259 0.3984375 0.6175925925925926 0.4 0.5875 0.40651041666666665 0.5777777777777777 0.41171875 0.5763888888888888
1 0.41822916666666665 0.5370370370370371 0.42239583333333336 0.5412037037037037 0.42239583333333336 0.5467592592592593 0.415625 0.5458333333333333 0.4153645833333333 0.5398148148148149 0.41796875 0.5375
1 0.4390625 0.5421296296296296 0.44114583333333335 0.55 0.4390625 0.5532407407407407 0.43411458333333336 0.55 0.4354166666666667 0.5430555555555555 0.4388020833333333 0.5421296296296296
2 0.3671875 0.6388888888888888 0.37109375 0.6435185185185185 0.37109375 0.6486111111111111 0.36614583333333334 0.6592592592592592 0.36328125 0.6578703703703703 0.36276041666666664 0.6462962962962963 0.36692708333333335 0.6388888888888888
2 0.3046875 0.6731481481481482 0.30755208333333334 0.6787037037037037 0.3072916666666667 0.6888888888888889 0.30026041666666664 0.6972222222222222 0.2986979166666667 0.6944444444444444 0.3 0.6768518518518518 0.30442708333333335 0.6731481481481482