4 0.4395833333333333 0.600462962962963 0.44296875 0.6037037037037037 0.4434895833333333 0.6231481481481481 0.4328125 0.6259259259259259 0.42864583333333334 0.6212962962962963 0.43020833333333336 0.6050925925925926 0.4322916666666667 0.600462962962963 0.4393229166666667 0.600462962962963
4 0.46341145833333336 0.517824074074074 0.009635416666666667 0.02175925925925926
4 0.42239583333333336 0.899537037037037 0.42578125 0.9041666666666667 0.42578125 0.9087962962962963 0.42083333333333334 0.9402777777777778 0.4203125 0.9564814814814815 0.41822916666666665 0.9606481481481481 0.39765625 0.9592592592592593 0.39609375 0.9421296296296297 0.39947916666666666 0.9185185185185185 0.39869791666666665 0.9041666666666667 0.40598958333333335 0.8986111111111111 0.42213541666666665 0.899537037037037
4 0.036458333333333336 0.8402777777777778 0.03854166666666667 0.8425925925925926 0.041666666666666664 0.8675925925925926 0.035416666666666666 0.8898148148148148 0.034375 0.9046296296296297 0.024479166666666666 0.9166666666666666 0.012239583333333333 0.9444444444444444 0.0015625 0.961574074074074 0 0.961574074074074 0 0.8546296296296296 0.013020833333333334 0.8421296296296297 0.03619791666666667 0.8402777777777778
4 0.1234375 0.8888888888888888 0.1265625 0.8912037037037037 0.13046875 0.9143518518518519 0.12838541666666667 0.9495370370370371 0.10598958333333333 0.9810185185185185 0.0953125 0.9833333333333333 0.08515625 0.9916666666666667 0.08177083333333333 0.9842592592592593 0.06979166666666667 0.975462962962963 0.06979166666666667 0.924537037037037 0.08463541666666667 0.9046296296296297 0.09192708333333334 0.899537037037037 0.109375 0.8981481481481481 0.11276041666666667 0.8902777777777777 0.12317708333333334 0.8888888888888888
4 0.3854166666666667 0.65 0.38828125 0.6611111111111111 0.38619791666666664 0.6824074074074075 0.38359375 0.687962962962963 0.37213541666666666 0.6888888888888889 0.3684895833333333 0.687962962962963 0.36692708333333335 0.6837962962962963 0.36875 0.6648148148148149 0.37604166666666666 0.649537037037037 0.38515625 0.65
4 0 0.975 0.011979166666666667 0.9796296296296296 0.04088541666666667 0.975 0.05390625 0.9875 0.052083333333333336 0.999537037037037 0.0033854166666666668 0.999537037037037 0 0.9972222222222222 0 0.975462962962963
4 0.12317708333333334 0.9708333333333333 0.140625 0.9740740740740741 0.14505208333333333 0.9837962962962963 0.14505208333333333 0.9912037037037037 0.1421875 0.999537037037037 0.10234375 0.999537037037037 0.1015625 0.9944444444444445 0.10911458333333333 0.9773148148148149 0.11302083333333333 0.9726851851851852 0.12291666666666666 0.9708333333333333
3 0.42864583333333334 0.4310185185185185 0.434375 0.43796296296296294 0.43671875 0.4597222222222222 0.42682291666666666 0.4597222222222222 0.4244791666666667 0.43796296296296294 0.42526041666666664 0.4337962962962963 0.4283854166666667 0.43148148148148147
1 0.5846354166666666 0.5712962962962963 0.58984375 0.5810185185185185 0.5859375 0.5875 0.5778645833333333 0.5851851851851851 0.5765625 0.5814814814814815 0.5778645833333333 0.5722222222222222 0.584375 0.5712962962962963
1 0.45989583333333334 0.575462962962963 0.465625 0.5814814814814815 0.46588541666666666 0.5939814814814814 0.4544270833333333 0.5944444444444444 0.4546875 0.5791666666666667 0.4596354166666667 0.575925925925926
1 0.4244791666666667 0.674074074074074 0.42890625 0.6763888888888889 0.43046875 0.6819444444444445 0.42994791666666665 0.6921296296296297 0.42526041666666664 0.7064814814814815 0.41328125 0.7060185185185185 0.41119791666666666 0.6995370370370371 0.41380208333333335 0.6773148148148148 0.42421875 0.674074074074074
1 0.44140625 0.7305555555555555 0.4505208333333333 0.736574074074074 0.4479166666666667 0.7462962962962963 0.44921875 0.7583333333333333 0.44609375 0.7708333333333334 0.43203125 0.7703703703703704 0.42916666666666664 0.7666666666666667 0.43072916666666666 0.7342592592592593 0.44114583333333335 0.7305555555555555
1 0.35260416666666666 0.8175925925925925 0.3575520833333333 0.8245370370370371 0.359375 0.850462962962963 0.35208333333333336 0.8763888888888889 0.33255208333333336 0.8810185185185185 0.328125 0.8805555555555555 0.32708333333333334 0.8763888888888889 0.32916666666666666 0.8453703703703703 0.3390625 0.8212962962962963 0.35234375 0.8175925925925925
2 0.42265625 0.5254629629629629 0.4236979166666667 0.5351851851851852 0.42161458333333335 0.5412037037037037 0.4197916666666667 0.5393518518518519 0.41901041666666666 0.5310185185185186 0.4200520833333333 0.5259259259259259 0.42239583333333336 0.5254629629629629