4 0.48046875 0.4847222222222222 0.48151041666666666 0.5125 0.4739583333333333 0.5148148148148148 0.4700520833333333 0.5106481481481482 0.47109375 0.48842592592592593 0.4739583333333333 0.4837962962962963 0.48020833333333335 0.4847222222222222
4 0.44609375 0.4310185185185185 0.45 0.4388888888888889 0.44947916666666665 0.4462962962962963 0.4479166666666667 0.44722222222222224 0.44140625 0.44537037037037036 0.44192708333333336 0.4324074074074074 0.44583333333333336 0.4310185185185185
4 0.4669270833333333 0.44907407407407407 0.47109375 0.4532407407407407 0.471875 0.4634259259259259 0.4703125 0.4685185185185185 0.4625 0.46805555555555556 0.45989583333333334 0.4638888888888889 0.46015625 0.45231481481481484 0.4666666666666667 0.44907407407407407
4 0.43697916666666664 0.40046296296296297 0.4393229166666667 0.4060185185185185 0.4390625 0.4111111111111111 0.43697916666666664 0.41203703703703703 0.4322916666666667 0.4111111111111111 0.43203125 0.4046296296296296 0.43255208333333334 0.4009259259259259 0.43671875 0.40046296296296297
4 0.43333333333333335 0.5546296296296296 0.4356770833333333 0.5564814814814815 0.4356770833333333 0.5773148148148148 0.43463541666666666 0.5842592592592593 0.43203125 0.587037037037037 0.42213541666666665 0.5861111111111111 0.42109375 0.5768518518518518 0.4236979166666667 0.5574074074074075 0.43307291666666664 0.5546296296296296
4 0.022916666666666665 0.9268518518518518 0.03307291666666667 0.9365740740740741 0.03984375 0.9703703703703703 0.043229166666666666 0.9657407407407408 0.046875 0.9685185185185186 0.05078125 0.9634259259259259 0.053385416666666664 0.9703703703703703 0.05364583333333333 0.9875 0.05026041666666667 0.9935185185185185 0.04453125 0.9912037037037037 0.047135416666666666 0.9875 0.04375 0.9842592592592593 0.04765625 0.9805555555555555 0.03984375 0.9745370370370371 0.042708333333333334 0.9875 0.029947916666666668 0.9907407407407407 0.029947916666666668 0.9944444444444445 0.02421875 0.9967592592592592 0.00625 0.999537037037037 0 0.9962962962962963 0 0.9319444444444445 0.02265625 0.9268518518518518
4 0.046875 0.7768518518518519 0.05234375 0.7791666666666667 0.054427083333333334 0.7875 0.05260416666666667 0.7962962962962963 0.021614583333333333 0.8319444444444445 0.015104166666666667 0.8462962962962963 0.0015625 0.8611111111111112 0 0.8611111111111112 0 0.8467592592592592 0.0033854166666666668 0.8407407407407408 0.002864583333333333 0.8319444444444445 0 0.8287037037037037 0 0.8060185185185185 0.027864583333333335 0.7810185185185186 0.046614583333333334 0.7773148148148148
4 0.30026041666666664 0.8611111111111112 0.30364583333333334 0.8671296296296296 0.30494791666666665 0.8777777777777778 0.30364583333333334 0.8916666666666667 0.30026041666666664 0.899074074074074 0.29661458333333335 0.9041666666666667 0.2953125 0.8949074074074074 0.2955729166666667 0.8726851851851852 0.3 0.861574074074074
4 0.46171875 0.49398148148148147 0.46588541666666666 0.4981481481481482 0.4661458333333333 0.5101851851851852 0.4640625 0.513425925925926 0.4557291666666667 0.5120370370370371 0.45651041666666664 0.4976851851851852 0.46145833333333336 0.49398148148148147
4 0.10286458333333333 0.8925925925925926 0.11171875 0.9050925925925926 0.11276041666666667 0.9361111111111111 0.10833333333333334 0.9662037037037037 0.10911458333333333 0.9708333333333333 0.10625 0.9810185185185185 0.10208333333333333 0.9912037037037037 0.09583333333333334 0.9944444444444445 0.08489583333333334 0.987037037037037 0.065625 0.9902777777777778 0.05703125 0.9879629629629629 0.05520833333333333 0.9643518518518519 0.05625 0.9217592592592593 0.061197916666666664 0.9120370370370371 0.06380208333333333 0.9 0.06770833333333333 0.8949074074074074 0.10260416666666666 0.8925925925925926
4 0.4354166666666667 0.4236111111111111 0.43854166666666666 0.43148148148148147 0.43671875 0.4361111111111111 0.4322916666666667 0.4356481481481482 0.4309895833333333 0.43194444444444446 0.4309895833333333 0.425462962962963 0.43515625 0.4236111111111111
4 0.3958333333333333 0.6287037037037037 0.39739583333333334 0.6319444444444444 0.39817708333333335 0.6513888888888889 0.39479166666666665 0.6648148148148149 0.39036458333333335 0.6699074074074074 0.3802083333333333 0.6703703703703704 0.3765625 0.6680555555555555 0.37604166666666666 0.6578703703703703 0.38125 0.6333333333333333 0.3848958333333333 0.6282407407407408 0.39557291666666666 0.6287037037037037
4 0.5135416666666667 0.5018518518518519 0.5174479166666667 0.5078703703703704 0.51796875 0.5152777777777777 0.5153645833333333 0.5194444444444445 0.4947916666666667 0.5175925925925926 0.49244791666666665 0.513425925925926 0.49453125 0.5046296296296297 0.51328125 0.5018518518518519
4 0.16875 0.8231481481481482 0.17265625 0.8277777777777777 0.17421875 0.8379629629629629 0.17447916666666666 0.8731481481481481 0.17317708333333334 0.8782407407407408 0.1578125 0.8976851851851851 0.15078125 0.899537037037037 0.14791666666666667 0.8967592592592593 0.14739583333333334 0.8921296296296296 0.14609375 0.8972222222222223 0.13802083333333334 0.9013888888888889 0.12213541666666666 0.8981481481481481 0.12161458333333333 0.8523148148148149 0.13723958333333333 0.8296296296296296 0.15208333333333332 0.8287037037037037 0.16041666666666668 0.8222222222222222 0.16848958333333333 0.8231481481481482
4 0.08645833333333333 0.7787037037037037 0.09036458333333333 0.7842592592592592 0.09270833333333334 0.8055555555555556 0.08671875 0.8208333333333333 0.08489583333333334 0.8375 0.07682291666666667 0.8490740740740741 0.06875 0.8708333333333333 0.06171875 0.8814814814814815 0.046614583333333334 0.8976851851851851 0.03333333333333333 0.9 0.008854166666666666 0.8986111111111111 0.005989583333333334 0.8847222222222222 0 0.8833333333333333 0 0.8662037037037037 0.015625 0.8430555555555556 0.022395833333333334 0.8268518518518518 0.0296875 0.8226851851851852 0.043229166666666666 0.8074074074074075 0.059895833333333336 0.7828703703703703 0.06901041666666667 0.7782407407407408 0.08619791666666667 0.7787037037037037
4 0.4669270833333333 0.47453703703703703 0.46927083333333336 0.4773148148148148 0.4700520833333333 0.4837962962962963 0.46927083333333336 0.4912037037037037 0.4671875 0.4930555555555556 0.46171875 0.4925925925925926 0.4596354166666667 0.48935185185185187 0.4609375 0.4759259259259259 0.4666666666666667 0.47453703703703703
4 0.45091145833333335 0.4601851851851852 0.008072916666666667 0.012962962962962963
4 0.8916666666666667 0.4027777777777778 0.8963541666666667 0.40694444444444444 0.8940104166666667 0.4115740740740741 0.8872395833333333 0.4097222222222222 0.8877604166666667 0.4041666666666667 0.89140625 0.4027777777777778
4 0.17864583333333334 0.8912037037037037 0.18619791666666666 0.8939814814814815 0.190625 0.9041666666666667 0.18984375 0.9148148148148149 0.18567708333333333 0.925 0.16510416666666666 0.9587962962962963 0.16145833333333334 0.9587962962962963 0.1515625 0.9435185185185185 0.15 0.9180555555555555 0.15625 0.9004629629629629 0.1640625 0.8921296296296296 0.17838541666666666 0.8916666666666667
4 0.9361979166666666 0.412962962962963 0.008854166666666666 0.009259259259259259
3 0.20703125 0.8634259259259259 0.21276041666666667 0.8662037037037037 0.21015625 0.8787037037037037 0.16484375 0.9597222222222223 0.1578125 0.9541666666666667 0.15104166666666666 0.9430555555555555 0.15104166666666666 0.9115740740740741 0.16119791666666666 0.8939814814814815 0.175 0.8893518518518518 0.17838541666666666 0.8791666666666667 0.18541666666666667 0.8694444444444445 0.20677083333333332 0.8634259259259259
3 0.022395833333333334 0.9263888888888889 0.033854166666666664 0.9384259259259259 0.03984375 0.9699074074074074 0.043229166666666666 0.9638888888888889 0.046614583333333334 0.9657407407407408 0.05026041666666667 0.961574074074074 0.05234375 0.9638888888888889 0.05416666666666667 0.9699074074074074 0.0546875 0.9875 0.050520833333333334 0.9962962962962963 0.0328125 0.9925925925925926 0.015625 0.999537037037037 0 0.9972222222222222 0 0.9319444444444445 0.022135416666666668 0.9263888888888889
3 0.10286458333333333 0.8925925925925926 0.1125 0.9074074074074074 0.11354166666666667 0.9361111111111111 0.11223958333333334 0.9467592592592593 0.11640625 0.9537037037037037 0.11979166666666667 0.9546296296296296 0.12161458333333333 0.9527777777777777 0.12161458333333333 0.9458333333333333 0.1265625 0.9412037037037037 0.12708333333333333 0.9458333333333333 0.12447916666666667 0.9564814814814815 0.11979166666666667 0.9643518518518519 0.11588541666666667 0.9638888888888889 0.11276041666666667 0.9592592592592593 0.10286458333333333 0.9907407407407407 0.09609375 0.9949074074074075 0.08515625 0.9875 0.06432291666666666 0.9912037037037037 0.05677083333333333 0.9884259259259259 0.054947916666666666 0.9634259259259259 0.05625 0.9212962962962963 0.06666666666666667 0.8953703703703704 0.10260416666666666 0.8925925925925926
1 0.45546875 0.6236111111111111 0.46145833333333336 0.6259259259259259 0.46328125 0.6296296296296297 0.4625 0.649074074074074 0.46041666666666664 0.6537037037037037 0.44609375 0.6523148148148148 0.44609375 0.6398148148148148 0.44869791666666664 0.6268518518518519 0.4552083333333333 0.6236111111111111
1 0.3802083333333333 0.7212962962962963 0.3859375 0.7240740740740741 0.3880208333333333 0.7384259259259259 0.3875 0.7513888888888889 0.38385416666666666 0.7615740740740741 0.3807291666666667 0.7657407407407407 0.3765625 0.7662037037037037 0.36614583333333334 0.7662037037037037 0.3645833333333333 0.763425925925926 0.365625 0.7467592592592592 0.3697916666666667 0.7310185185185185 0.3731770833333333 0.7231481481481481 0.37994791666666666 0.7217592592592592
1 0.44505208333333335 0.4203703703703704 0.4479166666666667 0.4287037037037037 0.44453125 0.4305555555555556 0.440625 0.42962962962962964 0.4395833333333333 0.42407407407407405 0.44140625 0.4203703703703704 0.44479166666666664 0.4203703703703704
1 0.5130208333333334 0.5018518518518519 0.5174479166666667 0.5083333333333333 0.5177083333333333 0.5152777777777777 0.515625 0.5185185185185185 0.5026041666666666 0.5157407407407407 0.5015625 0.5064814814814815 0.50078125 0.5152777777777777 0.4947916666666667 0.5175925925925926 0.49270833333333336 0.5148148148148148 0.49453125 0.5046296296296297 0.5127604166666667 0.5018518518518519
1 0.43671875 0.40046296296296297 0.4393229166666667 0.4083333333333333 0.4356770833333333 0.41203703703703703 0.4328125 0.4111111111111111 0.4322916666666667 0.40324074074074073 0.43645833333333334 0.40046296296296297
1 0.4359375 0.42453703703703705 0.43828125 0.43148148148148147 0.43802083333333336 0.4351851851851852 0.4359375 0.4361111111111111 0.43203125 0.4351851851851852 0.43072916666666666 0.4287037037037037 0.43203125 0.42407407407407405 0.4356770833333333 0.42453703703703705
2 0.3419270833333333 0.6824074074074075 0.3453125 0.6851851851851852 0.3424479166666667 0.7055555555555556 0.33828125 0.7111111111111111 0.33567708333333335 0.7083333333333334 0.33489583333333334 0.7027777777777777 0.3359375 0.6893518518518519 0.3416666666666667 0.6828703703703703
2 0.29921875 0.8731481481481481 0.30364583333333334 0.874537037037037 0.3046875 0.8842592592592593 0.30364583333333334 0.8916666666666667 0.296875 0.9041666666666667 0.2953125 0.8935185185185185 0.29583333333333334 0.8763888888888889 0.296875 0.8726851851851852 0.2989583333333333 0.8731481481481481