4 0.36328125 0.8495370370370371 0.36666666666666664 0.8513888888888889 0.3684895833333333 0.8574074074074074 0.36770833333333336 0.8810185185185185 0.35833333333333334 0.925 0.35598958333333336 0.9282407407407407 0.32786458333333335 0.9263888888888889 0.32421875 0.9208333333333333 0.32447916666666665 0.9023148148148148 0.33307291666666666 0.8629629629629629 0.33828125 0.8523148148148149 0.34661458333333334 0.8486111111111111 0.36302083333333335 0.8495370370370371
4 0.38359375 0.5986111111111111 0.38307291666666665 0.5814814814814815 0.3859375 0.5768518518518518 0.3888020833333333 0.5810185185185185 0.3890625 0.5893518518518519 0.38776041666666666 0.5962962962962963 0.38385416666666666 0.5986111111111111
4 0.020052083333333335 0.7430555555555556 0.02578125 0.7467592592592592 0.027864583333333335 0.7620370370370371 0.0265625 0.8 0.022395833333333334 0.8097222222222222 0.0015625 0.8324074074074074 0 0.8324074074074074 0 0.7453703703703703 0.019791666666666666 0.7430555555555556
4 0.028385416666666666 0.8555555555555555 0.029947916666666668 0.8611111111111112 0.03802083333333333 0.8694444444444445 0.039322916666666666 0.8939814814814815 0.04296875 0.912962962962963 0.04973958333333333 0.9060185185185186 0.057291666666666664 0.9050925925925926 0.05911458333333333 0.9078703703703703 0.05963541666666667 0.9217592592592593 0.05078125 0.9361111111111111 0.04348958333333333 0.9425925925925925 0.041666666666666664 0.9421296296296297 0.04114583333333333 0.9287037037037037 0.03567708333333333 0.9273148148148148 0.01328125 0.9578703703703704 0.0020833333333333333 0.9675925925925926 0 0.9675925925925926 0 0.8574074074074074 0.021614583333333333 0.8537037037037037 0.028125 0.8555555555555555
4 0.3145833333333333 0.6638888888888889 0.315625 0.6796296296296296 0.3109375 0.6888888888888889 0.3072916666666667 0.6888888888888889 0.30755208333333334 0.6768518518518518 0.3098958333333333 0.6666666666666666 0.3143229166666667 0.6638888888888889
4 0.11328125 0.7949074074074074 0.11666666666666667 0.8 0.11614583333333334 0.8513888888888889 0.09192708333333334 0.862037037037037 0.08697916666666666 0.8680555555555556 0.07552083333333333 0.8740740740740741 0.06953125 0.8699074074074075 0.06770833333333333 0.8421296296296297 0.06510416666666667 0.8717592592592592 0.055989583333333336 0.8699074074074075 0.054427083333333334 0.8560185185185185 0.057291666666666664 0.8152777777777778 0.06458333333333334 0.812962962962963 0.06744791666666666 0.8231481481481482 0.06979166666666667 0.8078703703703703 0.07473958333333333 0.8004629629629629 0.08489583333333334 0.7958333333333333 0.11302083333333333 0.7949074074074074
4 0.45338541666666665 0.5916666666666667 0.4552083333333333 0.6 0.45286458333333335 0.6138888888888889 0.44973958333333336 0.6125 0.44921875 0.5958333333333333 0.453125 0.5916666666666667
4 0.4356770833333333 0.4273148148148148 0.44036458333333334 0.4351851851851852 0.440625 0.45787037037037037 0.43333333333333335 0.4615740740740741 0.43046875 0.4587962962962963 0.4283854166666667 0.4356481481481482 0.4309895833333333 0.42824074074074076 0.4354166666666667 0.4273148148148148
4 0.109375 0.8601851851851852 0.12682291666666667 0.862037037037037 0.13098958333333333 0.8731481481481481 0.10911458333333333 0.9064814814814814 0.0921875 0.9273148148148148 0.08489583333333334 0.9268518518518518 0.08125 0.9217592592592593 0.08776041666666666 0.8810185185185185 0.10130208333333333 0.8625 0.10911458333333333 0.8601851851851852
4 0.40963541666666664 0.7490740740740741 0.41302083333333334 0.7550925925925925 0.41328125 0.7736111111111111 0.41119791666666666 0.7828703703703703 0.4083333333333333 0.7861111111111111 0.4044270833333333 0.7754629629629629 0.40390625 0.7606481481481482 0.40520833333333334 0.7518518518518519 0.409375 0.7490740740740741
4 0.4747395833333333 0.5226851851851851 0.4765625 0.5347222222222222 0.4744791666666667 0.5402777777777777 0.471875 0.5393518518518519 0.4708333333333333 0.5342592592592592 0.47109375 0.5254629629629629 0.4744791666666667 0.5226851851851851
1 0.45755208333333336 0.5231481481481481 0.4596354166666667 0.5412037037037037 0.45729166666666665 0.5439814814814815 0.44765625 0.5412037037037037 0.44921875 0.524537037037037 0.45729166666666665 0.5231481481481481
1 0.35078125 0.6032407407407407 0.35989583333333336 0.6087962962962963 0.3614583333333333 0.6129629629629629 0.359375 0.6222222222222222 0.353125 0.625 0.34427083333333336 0.6236111111111111 0.33828125 0.6092592592592593 0.3411458333333333 0.6032407407407407 0.35052083333333334 0.6032407407407407
1 0.4609375 0.4837962962962963 0.465625 0.49074074074074076 0.465625 0.4981481481481482 0.46328125 0.5023148148148148 0.45651041666666664 0.5018518518518519 0.4552083333333333 0.4981481481481482 0.45546875 0.48657407407407405 0.46067708333333335 0.4837962962962963
1 0.4505208333333333 0.48148148148148145 0.010416666666666666 0.017592592592592594
1 0.4505208333333333 0.45092592592592595 0.45286458333333335 0.4564814814814815 0.45286458333333335 0.46296296296296297 0.4510416666666667 0.4648148148148148 0.44375 0.46296296296296297 0.44427083333333334 0.4527777777777778 0.45026041666666666 0.45092592592592595
2 0.40078125 0.5550925925925926 0.40234375 0.5652777777777778 0.40078125 0.5787037037037037 0.39765625 0.5745370370370371 0.39739583333333334 0.5648148148148148 0.39791666666666664 0.5578703703703703 0.4005208333333333 0.5555555555555556
2 0.40859375 0.7490740740740741 0.4114583333333333 0.7513888888888889 0.41328125 0.7652777777777777 0.41302083333333334 0.7759259259259259 0.40859375 0.7856481481481481 0.4044270833333333 0.774537037037037 0.40390625 0.763425925925926 0.4044270833333333 0.7555555555555555 0.4083333333333333 0.7490740740740741
2 0.3145833333333333 0.6652777777777777 0.31536458333333334 0.6810185185185185 0.3109375 0.6888888888888889 0.3072916666666667 0.6888888888888889 0.30807291666666664 0.674074074074074 0.3106770833333333 0.6662037037037037 0.3143229166666667 0.6652777777777777
2 0.38697916666666665 0.5777777777777777 0.3890625 0.5842592592592593 0.38776041666666666 0.5962962962962963 0.38359375 0.5981481481481481 0.38307291666666665 0.5898148148148148 0.38359375 0.5791666666666667 0.38671875 0.5782407407407407
2 0.45 0.6125 0.44947916666666665 0.5949074074074074 0.45260416666666664 0.5921296296296297 0.4549479166666667 0.5981481481481481 0.45416666666666666 0.6097222222222223 0.45286458333333335 0.6143518518518518 0.45026041666666666 0.6125
2 0.475 0.5236111111111111 0.4765625 0.5337962962962963 0.4744791666666667 0.5402777777777777 0.47161458333333334 0.5393518518518519 0.4708333333333333 0.5291666666666667 0.471875 0.524537037037037 0.4747395833333333 0.5236111111111111
2 0.3921875 0.5638888888888889 0.39427083333333335 0.562962962962963 0.39557291666666666 0.5745370370370371 0.39401041666666664 0.5833333333333334 0.390625 0.5814814814814815 0.38984375 0.575 0.3921875 0.5643518518518519