4 0.46484375 0.5064814814814815 0.46875 0.5152777777777777 0.4671875 0.5203703703703704 0.46067708333333335 0.5185185185185185 0.46067708333333335 0.5074074074074074 0.46458333333333335 0.5064814814814815
4 0.04244791666666667 0.8458333333333333 0.05130208333333333 0.8467592592592592 0.05416666666666667 0.8587962962962963 0.057291666666666664 0.8634259259259259 0.05703125 0.8731481481481481 0.0515625 0.8907407407407407 0.05026041666666667 0.9078703703703703 0.037760416666666664 0.9254629629629629 0.026041666666666668 0.9527777777777777 0.0015625 0.9819444444444444 0 0.9819444444444444 0 0.8777777777777778 0.005989583333333334 0.8694444444444445 0 0.8643518518518518 0 0.8601851851851852 0.0020833333333333333 0.8592592592592593 0 0.8583333333333333 0 0.8481481481481481 0.008072916666666667 0.8518518518518519 0.011979166666666667 0.850462962962963 0.015364583333333333 0.8564814814814815 0.025520833333333333 0.8472222222222222 0.0421875 0.8458333333333333
4 0.13776041666666666 0.899074074074074 0.14166666666666666 0.9037037037037037 0.14322916666666666 0.9212962962962963 0.140625 0.9527777777777777 0.12005208333333334 0.9851851851851852 0.109375 0.9902777777777778 0.08411458333333334 0.9805555555555555 0.08359375 0.9393518518518519 0.08515625 0.9291666666666667 0.1015625 0.9064814814814814 0.10911458333333333 0.9037037037037037 0.12682291666666667 0.9046296296296297 0.13020833333333334 0.9004629629629629 0.1375 0.899074074074074
4 0.43020833333333336 0.42314814814814816 0.43333333333333335 0.425 0.43645833333333334 0.43287037037037035 0.4356770833333333 0.44675925925925924 0.43411458333333336 0.44814814814814813 0.4278645833333333 0.44814814814814813 0.425 0.4439814814814815 0.42526041666666664 0.425462962962963 0.42994791666666665 0.42314814814814816
4 0.43411458333333336 0.5199074074074074 0.43697916666666664 0.5277777777777778 0.4354166666666667 0.5412037037037037 0.4270833333333333 0.5412037037037037 0.425 0.537962962962963 0.42682291666666666 0.5231481481481481 0.43385416666666665 0.5199074074074074
1 0.39921875 0.7041666666666667 0.40260416666666665 0.7097222222222223 0.40390625 0.7185185185185186 0.4002604166666667 0.7449074074074075 0.39791666666666664 0.7481481481481481 0.3875 0.7486111111111111 0.3815104166666667 0.7444444444444445 0.3828125 0.725462962962963 0.39010416666666664 0.7055555555555556 0.39895833333333336 0.7041666666666667
1 0.42890625 0.5856481481481481 0.4322916666666667 0.5939814814814814 0.4317708333333333 0.6087962962962963 0.42916666666666664 0.612037037037037 0.42213541666666665 0.6129629629629629 0.41822916666666665 0.6111111111111112 0.4192708333333333 0.5953703703703703 0.42239583333333336 0.5875 0.42864583333333334 0.5856481481481481
1 0.4401041666666667 0.7870370370370371 0.4473958333333333 0.7930555555555555 0.44453125 0.8240740740740741 0.4427083333333333 0.8268518518518518 0.42734375 0.825925925925926 0.42526041666666664 0.8212962962962963 0.428125 0.7898148148148149 0.43984375 0.7870370370370371
1 0.36666666666666664 0.7662037037037037 0.37135416666666665 0.7717592592592593 0.37135416666666665 0.7925925925925926 0.36614583333333334 0.8101851851851852 0.36015625 0.8115740740740741 0.3489583333333333 0.8087962962962963 0.3489583333333333 0.7912037037037037 0.35182291666666665 0.7787037037037037 0.35572916666666665 0.7717592592592593 0.36640625 0.7662037037037037
1 0.4591145833333333 0.6287037037037037 0.46458333333333335 0.6337962962962963 0.4635416666666667 0.6592592592592592 0.46145833333333336 0.6615740740740741 0.4515625 0.6611111111111111 0.45 0.6574074074074074 0.4515625 0.6314814814814815 0.4588541666666667 0.6287037037037037
1 0.52578125 0.5597222222222222 0.5328125 0.5699074074074074 0.5330729166666667 0.5787037037037037 0.53125 0.5800925925925926 0.5216145833333333 0.5777777777777777 0.5169270833333334 0.5712962962962963 0.5158854166666667 0.5638888888888889 0.5174479166666667 0.5611111111111111 0.5255208333333333 0.5597222222222222
2 0.4640625 0.5064814814814815 0.46796875 0.5115740740740741 0.46875 0.5185185185185185 0.4674479166666667 0.5203703703703704 0.4609375 0.5185185185185185 0.4609375 0.5083333333333333 0.46380208333333334 0.5064814814814815
2 0.3697916666666667 0.7069444444444445 0.3731770833333333 0.7097222222222223 0.37161458333333336 0.7305555555555555 0.3697916666666667 0.7337962962962963 0.36666666666666664 0.7319444444444444 0.36640625 0.7162037037037037 0.36953125 0.7074074074074074
2 0.25859375 0.9578703703703704 0.26276041666666666 0.9708333333333333 0.26197916666666665 0.9907407407407407 0.2598958333333333 0.999537037037037 0.25286458333333334 0.999537037037037 0.2513020833333333 0.9847222222222223 0.2515625 0.9726851851851852 0.25546875 0.9592592592592593 0.25833333333333336 0.9578703703703704
2 0.32890625 0.7398148148148148 0.33098958333333334 0.7532407407407408 0.325 0.7638888888888888 0.3229166666666667 0.7587962962962963 0.32447916666666665 0.7421296296296296 0.32864583333333336 0.7398148148148148