4 0.42864583333333334 0.42962962962962964 0.4375 0.4425925925925926 0.4375 0.45787037037037037 0.43020833333333336 0.4601851851851852 0.42682291666666666 0.4564814814814815 0.42630208333333336 0.43472222222222223 0.4283854166666667 0.4300925925925926
4 0.4078125 0.5398148148148149 0.41119791666666666 0.5398148148148149 0.4122395833333333 0.5453703703703704 0.4114583333333333 0.5537037037037037 0.4078125 0.5555555555555556 0.4078125 0.5402777777777777
4 0.4635416666666667 0.47129629629629627 0.4669270833333333 0.47962962962962963 0.4669270833333333 0.4888888888888889 0.46432291666666664 0.4925925925925926 0.45989583333333334 0.4925925925925926 0.45807291666666666 0.48657407407407405 0.4588541666666667 0.4759259259259259 0.46328125 0.47129629629629627
4 0.0296875 0.8087962962962963 0.03359375 0.8106481481481481 0.0375 0.8291666666666667 0.033854166666666664 0.8625 0.030989583333333334 0.8717592592592592 0.0018229166666666667 0.9212962962962963 0 0.9212962962962963 0 0.8143518518518519 0.009635416666666667 0.8101851851851852 0.029427083333333333 0.8087962962962963
4 0.3463541666666667 0.7143518518518519 0.3515625 0.7162037037037037 0.35390625 0.7208333333333333 0.35546875 0.7347222222222223 0.35390625 0.7472222222222222 0.34661458333333334 0.7657407407407407 0.33229166666666665 0.7689814814814815 0.32786458333333335 0.7685185185185185 0.32578125 0.7625 0.328125 0.7444444444444445 0.33489583333333334 0.7222222222222222 0.33932291666666664 0.7162037037037037 0.34609375 0.7143518518518519
4 0.15104166666666666 0.9083333333333333 0.16536458333333334 0.9097222222222222 0.16692708333333334 0.9111111111111111 0.16640625 0.9148148148148149 0.1125 0.999537037037037 0.09817708333333333 0.999537037037037 0.09375 0.9949074074074075 0.0953125 0.9675925925925926 0.10182291666666667 0.9458333333333333 0.11197916666666667 0.9351851851851852 0.128125 0.9361111111111111 0.14010416666666667 0.9143518518518519 0.15078125 0.9087962962962963
4 0.1234375 0.8634259259259259 0.12578125 0.8694444444444445 0.12395833333333334 0.9166666666666666 0.11927083333333334 0.925 0.10572916666666667 0.9375 0.09869791666666666 0.95 0.09192708333333334 0.9550925925925926 0.08151041666666667 0.9495370370370371 0.078125 0.9430555555555555 0.06770833333333333 0.9430555555555555 0.06536458333333334 0.9398148148148148 0.06484375 0.8976851851851851 0.06614583333333333 0.8907407407407407 0.08359375 0.8689814814814815 0.12317708333333334 0.8634259259259259
4 0.03697916666666667 0.9365740740740741 0.03984375 0.9439814814814815 0.04791666666666667 0.9495370370370371 0.04869791666666667 0.9736111111111111 0.05260416666666667 0.9939814814814815 0.04088541666666667 0.999537037037037 0.0109375 0.999537037037037 0.008854166666666666 0.9972222222222222 0.0046875 0.999537037037037 0 0.9967592592592592 0 0.9398148148148148 0.025 0.9398148148148148 0.03671875 0.9365740740740741
4 0.11614583333333334 0.9351851851851852 0.13515625 0.9393518518518519 0.13802083333333334 0.9481481481481482 0.13697916666666668 0.962037037037037 0.11380208333333333 0.999537037037037 0.09791666666666667 0.999537037037037 0.09453125 0.9967592592592592 0.09401041666666667 0.9796296296296296 0.09869791666666666 0.9532407407407407 0.10572916666666667 0.9398148148148148 0.11588541666666667 0.9356481481481481
4 0.2838541666666667 0.9888888888888889 0.28828125 0.9912037037037037 0.28932291666666665 0.999537037037037 0.2638020833333333 0.999537037037037 0.26484375 0.9944444444444445 0.26927083333333335 0.9902777777777778 0.28359375 0.9888888888888889
3 0.03619791666666667 0.9351851851851852 0.03984375 0.9435185185185185 0.048177083333333336 0.9495370370370371 0.05026041666666667 0.9796296296296296 0.06458333333333334 0.9796296296296296 0.06770833333333333 0.9828703703703704 0.06822916666666666 0.9925925925925926 0.06588541666666667 0.999537037037037 0.04583333333333333 0.999537037037037 0.04453125 0.9972222222222222 0.04192708333333333 0.999537037037037 0.004166666666666667 0.999537037037037 0 0.9972222222222222 0 0.9393518518518519 0.022916666666666665 0.9393518518518519 0.0359375 0.9356481481481481
3 0.16536458333333334 0.9032407407407408 0.16901041666666666 0.9041666666666667 0.16588541666666667 0.9148148148148149 0.11302083333333333 0.999537037037037 0.0984375 0.999537037037037 0.09375 0.9949074074074075 0.0953125 0.9685185185185186 0.10130208333333333 0.9462962962962963 0.10598958333333333 0.9388888888888889 0.11223958333333334 0.9347222222222222 0.12682291666666667 0.9351851851851852 0.12890625 0.9282407407407407 0.14401041666666667 0.9092592592592592 0.14947916666666666 0.9083333333333333 0.15364583333333334 0.9037037037037037 0.15598958333333332 0.9046296296296297 0.15260416666666668 0.9078703703703703 0.16171875 0.9087962962962963 0.16510416666666666 0.9032407407407408
1 0.4390625 0.7078703703703704 0.4432291666666667 0.7129629629629629 0.44140625 0.7407407407407407 0.4390625 0.7458333333333333 0.42526041666666664 0.7453703703703703 0.4231770833333333 0.7398148148148148 0.42526041666666664 0.7101851851851851 0.4388020833333333 0.7078703703703704
1 0.45260416666666664 0.6148148148148148 0.45677083333333335 0.6194444444444445 0.45729166666666665 0.6370370370370371 0.4544270833333333 0.6435185185185185 0.4432291666666667 0.6435185185185185 0.44166666666666665 0.6388888888888888 0.44244791666666666 0.6157407407407407 0.45234375 0.6148148148148148
1 0.4356770833333333 0.5819444444444445 0.44114583333333335 0.5847222222222223 0.44244791666666666 0.5884259259259259 0.44114583333333335 0.6023148148148149 0.4375 0.6064814814814815 0.42864583333333334 0.6060185185185185 0.4276041666666667 0.6027777777777777 0.42864583333333334 0.586574074074074 0.43203125 0.5819444444444445 0.4354166666666667 0.5819444444444445
1 0.4453125 0.5351851851851852 0.4479166666666667 0.5365740740740741 0.44895833333333335 0.5416666666666666 0.44869791666666664 0.5509259259259259 0.4466145833333333 0.5550925925925926 0.4388020833333333 0.5546296296296296 0.43671875 0.5504629629629629 0.43828125 0.5370370370370371 0.44505208333333335 0.5351851851851852
1 0.4635416666666667 0.524537037037037 0.4669270833333333 0.5277777777777778 0.46770833333333334 0.5328703703703703 0.4674479166666667 0.5412037037037037 0.4640625 0.5425925925925926 0.45651041666666664 0.5398148148148149 0.4578125 0.5282407407407408 0.46328125 0.524537037037037
2 0.4122395833333333 0.8944444444444445 0.41744791666666664 0.9 0.41796875 0.912962962962963 0.41640625 0.9324074074074075 0.41484375 0.9402777777777778 0.4125 0.9416666666666667 0.40729166666666666 0.9222222222222223 0.4075520833333333 0.9004629629629629 0.4119791666666667 0.8944444444444445
2 0.41067708333333336 0.5402777777777777 0.4122395833333333 0.5504629629629629 0.40963541666666664 0.5555555555555556 0.40677083333333336 0.5537037037037037 0.40677083333333336 0.5481481481481482 0.4078125 0.5407407407407407 0.41041666666666665 0.5402777777777777