4 0.40598958333333335 0.6671296296296296 0.4075520833333333 0.6712962962962963 0.4078125 0.6935185185185185 0.4041666666666667 0.7106481481481481 0.40130208333333334 0.7143518518518519 0.39166666666666666 0.7148148148148148 0.38723958333333336 0.7143518518518519 0.38645833333333335 0.7087962962962963 0.38671875 0.6953703703703704 0.390625 0.6712962962962963 0.39375 0.6671296296296296 0.40572916666666664 0.6671296296296296
4 0.46770833333333334 0.4587962962962963 0.4705729166666667 0.4625 0.4703125 0.47453703703703703 0.46328125 0.4736111111111111 0.4625 0.4708333333333333 0.4630208333333333 0.46111111111111114 0.4674479166666667 0.4587962962962963
4 0.17265625 0.8175925925925925 0.18177083333333333 0.8245370370370371 0.18255208333333334 0.8652777777777778 0.17890625 0.874537037037037 0.16145833333333334 0.8953703703703704 0.15807291666666667 0.8925925925925926 0.13255208333333332 0.8902777777777777 0.13125 0.8513888888888889 0.13385416666666666 0.8421296296296297 0.14739583333333334 0.8231481481481482 0.17239583333333333 0.8175925925925925
4 0.453125 0.4722222222222222 0.45625 0.48009259259259257 0.45598958333333334 0.4842592592592593 0.45364583333333336 0.48657407407407405 0.44765625 0.4837962962962963 0.44869791666666664 0.47453703703703703 0.45286458333333335 0.4722222222222222
4 0.05963541666666667 0.7754629629629629 0.06432291666666666 0.7847222222222222 0.06380208333333333 0.7898148148148149 0.022135416666666668 0.8425925925925926 0.013541666666666667 0.8601851851851852 0.008854166666666666 0.8782407407407408 0.0020833333333333333 0.8523148148148149 0.00234375 0.8379629629629629 0.011458333333333333 0.8319444444444445 0.022135416666666668 0.8356481481481481 0.02734375 0.8324074074074074 0.029427083333333333 0.8282407407407407 0.028645833333333332 0.8106481481481481 0.025 0.8060185185185185 0.015885416666666666 0.8166666666666667 0.015364583333333333 0.8208333333333333 0.01171875 0.8226851851851852 0.008333333333333333 0.8208333333333333 0.010677083333333334 0.8171296296296297 0.00390625 0.8134259259259259 0.004166666666666667 0.8074074074074075 0.0375 0.7782407407407408 0.059375 0.7754629629629629
4 0.33515625 0.7865740740740741 0.3455729166666667 0.7888888888888889 0.3453125 0.8212962962962963 0.33567708333333335 0.8574074074074074 0.3328125 0.8597222222222223 0.3140625 0.8587962962962963 0.31197916666666664 0.8550925925925926 0.31171875 0.8462962962962963 0.3140625 0.8263888888888888 0.32421875 0.7902777777777777 0.32838541666666665 0.7865740740740741 0.33489583333333334 0.7865740740740741
4 0.4674479166666667 0.5513888888888889 0.47109375 0.5523148148148148 0.47317708333333336 0.5564814814814815 0.4739583333333333 0.5675925925925925 0.47109375 0.5731481481481482 0.46015625 0.5708333333333333 0.4622395833333333 0.5541666666666667 0.4671875 0.5513888888888889
4 0.036458333333333336 0.9143518518518519 0.04791666666666667 0.9277777777777778 0.0515625 0.9652777777777778 0.04921875 0.9745370370370371 0.03463541666666667 0.9833333333333333 0 0.9810185185185185 0 0.9185185185185185 0.020572916666666666 0.9199074074074074 0.03619791666666667 0.9143518518518519
4 0.19635416666666666 0.8611111111111112 0.21692708333333333 0.861574074074074 0.21901041666666668 0.8662037037037037 0.20520833333333333 0.8972222222222223 0.175 0.9472222222222222 0.16901041666666666 0.9462962962962963 0.16302083333333334 0.9375 0.16041666666666668 0.9231481481481482 0.1609375 0.9023148148148148 0.17005208333333333 0.8856481481481482 0.1890625 0.8694444444444445 0.19244791666666666 0.8712962962962963 0.19270833333333334 0.8629629629629629 0.19609375 0.8611111111111112
4 0.44375 0.45925925925925926 0.44557291666666665 0.47175925925925927 0.44296875 0.47685185185185186 0.43697916666666664 0.47685185185185186 0.4359375 0.47314814814814815 0.43723958333333335 0.462037037037037 0.4434895833333333 0.45925925925925926
4 0.5135416666666667 0.5050925925925925 0.5182291666666666 0.5115740740740741 0.5184895833333333 0.5189814814814815 0.515625 0.5226851851851851 0.4942708333333333 0.5194444444444445 0.49270833333333336 0.5162037037037037 0.4947916666666667 0.5078703703703704 0.51328125 0.5050925925925925
4 0.09713541666666667 0.7736111111111111 0.1 0.7768518518518519 0.10208333333333333 0.8 0.09765625 0.8115740740740741 0.09557291666666666 0.8273148148148148 0.08411458333333334 0.8495370370370371 0.07916666666666666 0.8638888888888889 0.07161458333333333 0.875462962962963 0.05703125 0.8902777777777777 0.04505208333333333 0.8916666666666667 0.035416666666666666 0.8902777777777777 0.03333333333333333 0.8722222222222222 0.030989583333333334 0.8662037037037037 0.01953125 0.8810185185185185 0.01328125 0.8787037037037037 0.011979166666666667 0.8689814814814815 0.020572916666666666 0.8453703703703703 0.04140625 0.8162037037037037 0.06145833333333333 0.7935185185185185 0.0671875 0.7805555555555556 0.078125 0.774537037037037 0.096875 0.7736111111111111
4 0.049479166666666664 0.9773148148148149 0.05260416666666667 0.9842592592592593 0.06171875 0.9916666666666667 0.061197916666666664 0.999537037037037 0.0033854166666666668 0.999537037037037 0.0036458333333333334 0.987037037037037 0.008333333333333333 0.9810185185185185 0.03333333333333333 0.9842592592592593 0.04921875 0.9773148148148149
4 0.4674479166666667 0.47453703703703703 0.46927083333333336 0.47962962962962963 0.46927083333333336 0.48842592592592593 0.46770833333333334 0.49074074074074076 0.46041666666666664 0.49074074074074076 0.4596354166666667 0.487962962962963 0.46171875 0.4759259259259259 0.4671875 0.47453703703703703
4 0.45364583333333336 0.38564814814814813 0.45625 0.387037037037037 0.45677083333333335 0.3912037037037037 0.4557291666666667 0.39675925925925926 0.45338541666666665 0.39861111111111114 0.44947916666666665 0.39444444444444443 0.4505208333333333 0.3875 0.45338541666666665 0.38564814814814813
4 0.11276041666666667 0.8828703703703704 0.12369791666666667 0.8976851851851851 0.12526041666666668 0.9180555555555555 0.12734375 0.9203703703703704 0.13385416666666666 0.9175925925925926 0.13776041666666666 0.9231481481481482 0.13828125 0.9296296296296296 0.13723958333333333 0.9421296296296297 0.13411458333333334 0.9490740740740741 0.12994791666666666 0.9560185185185185 0.12291666666666666 0.9611111111111111 0.11614583333333334 0.9773148148148149 0.10989583333333333 0.9824074074074074 0.09583333333333334 0.9768518518518519 0.07161458333333333 0.9787037037037037 0.06796875 0.9699074074074074 0.0671875 0.9467592592592593 0.06927083333333334 0.9277777777777778 0.06875 0.9115740740740741 0.07786458333333333 0.8851851851851852 0.0953125 0.8861111111111111 0.1125 0.8828703703703704
1 0.4395833333333333 0.4412037037037037 0.44296875 0.44212962962962965 0.44453125 0.4462962962962963 0.44479166666666664 0.4527777777777778 0.44296875 0.45555555555555555 0.4356770833333333 0.4532407407407407 0.4361979166666667 0.4449074074074074 0.4393229166666667 0.4412037037037037
1 0.44375 0.4597222222222222 0.44557291666666665 0.4708333333333333 0.4432291666666667 0.47685185185185186 0.43671875 0.47638888888888886 0.4361979166666667 0.47175925925925927 0.43828125 0.46064814814814814 0.4434895833333333 0.4597222222222222
1 0.4674479166666667 0.4587962962962963 0.4703125 0.46111111111111114 0.4703125 0.4736111111111111 0.46380208333333334 0.4722222222222222 0.4627604166666667 0.46944444444444444 0.46328125 0.46111111111111114 0.4671875 0.4587962962962963
1 0.45286458333333335 0.4444444444444444 0.45546875 0.45231481481481484 0.45338541666666665 0.45694444444444443 0.4484375 0.4564814814814815 0.4473958333333333 0.4537037037037037 0.4479166666666667 0.44675925925925924 0.45260416666666664 0.4444444444444444
1 0.4666666666666667 0.47453703703703703 0.46901041666666665 0.4773148148148148 0.46927083333333336 0.487962962962963 0.46770833333333334 0.49074074074074076 0.46171875 0.49074074074074076 0.45989583333333334 0.487962962962963 0.46171875 0.47638888888888886 0.46640625 0.47453703703703703
1 0.4427083333333333 0.4166666666666667 0.44635416666666666 0.42453703703703705 0.44635416666666666 0.4287037037037037 0.44296875 0.4305555555555556 0.43802083333333336 0.42824074074074076 0.4390625 0.41805555555555557 0.44244791666666666 0.4166666666666667