4 0.43255208333333334 0.4300925925925926 0.4390625 0.43472222222222223 0.44036458333333334 0.4388888888888889 0.44036458333333334 0.4550925925925926 0.43697916666666664 0.45925925925925926 0.4278645833333333 0.4564814814814815 0.42682291666666666 0.4388888888888889 0.4322916666666667 0.4300925925925926
4 0.022135416666666668 0.7680555555555556 0.028385416666666666 0.7708333333333334 0.030208333333333334 0.7870370370370371 0.026302083333333334 0.8282407407407407 0.023697916666666666 0.8347222222222223 0.0015625 0.8643518518518518 0 0.8643518518518518 0 0.7712962962962963 0.0109375 0.7675925925925926 0.021875 0.7680555555555556
4 0.43776041666666665 0.39444444444444443 0.4401041666666667 0.39675925925925926 0.44036458333333334 0.40185185185185185 0.43671875 0.4046296296296296 0.43255208333333334 0.40324074074074073 0.4317708333333333 0.4 0.43333333333333335 0.3958333333333333 0.4375 0.39444444444444443
4 0.11692708333333333 0.8194444444444444 0.11848958333333333 0.8236111111111111 0.11979166666666667 0.8583333333333333 0.11770833333333333 0.8685185185185185 0.10729166666666666 0.8837962962962963 0.08619791666666667 0.9050925925925926 0.07447916666666667 0.9050925925925926 0.07109375 0.899537037037037 0.05911458333333333 0.8953703703703704 0.059375 0.8444444444444444 0.06588541666666667 0.8398148148148148 0.07135416666666666 0.8310185185185185 0.08333333333333333 0.8236111111111111 0.11666666666666667 0.8194444444444444
4 0.03046875 0.8837962962962963 0.032552083333333336 0.8912037037037037 0.04114583333333333 0.9 0.043229166666666666 0.9180555555555555 0.05026041666666667 0.9064814814814814 0.06536458333333334 0.9078703703703703 0.06822916666666666 0.9185185185185185 0.06848958333333334 0.9324074074074075 0.0640625 0.9407407407407408 0.0609375 0.9541666666666667 0.05 0.9703703703703703 0.03984375 0.9796296296296296 0.0328125 0.9810185185185185 0.025520833333333333 0.9916666666666667 0.00703125 0.9972222222222222 0 0.9962962962962963 0 0.8861111111111111 0.030208333333333334 0.8837962962962963
4 0.45651041666666664 0.5254629629629629 0.46041666666666664 0.5287037037037037 0.4625 0.5398148148148149 0.46067708333333335 0.5462962962962963 0.44947916666666665 0.5453703703703704 0.4510416666666667 0.5291666666666667 0.45625 0.5259259259259259
4 0.12473958333333333 0.8875 0.13020833333333334 0.8921296296296296 0.13125 0.9041666666666667 0.11015625 0.9393518518518519 0.09583333333333334 0.9564814814814815 0.08880208333333334 0.9541666666666667 0.08385416666666666 0.9476851851851852 0.0875 0.9189814814814815 0.09453125 0.899074074074074 0.10572916666666667 0.8875 0.12447916666666667 0.8875
4 0.4640625 0.48009259259259257 0.46796875 0.4888888888888889 0.46770833333333334 0.49398148148148147 0.46536458333333336 0.49583333333333335 0.4578125 0.49398148148148147 0.4588541666666667 0.4842592592592593 0.46380208333333334 0.48009259259259257
4 0.440625 0.6712962962962963 0.44296875 0.6759259259259259 0.44296875 0.6861111111111111 0.4393229166666667 0.6995370370370371 0.43645833333333334 0.6921296296296297 0.4356770833333333 0.6782407407407407 0.43828125 0.6712962962962963 0.44036458333333334 0.6712962962962963
3 0.06067708333333333 0.8236111111111111 0.07317708333333334 0.8245370370370371 0.06901041666666667 0.8347222222222223 0.06015625 0.8421296296296297 0.0578125 0.8518518518518519 0.05755208333333333 0.8972222222222223 0.06744791666666666 0.9078703703703703 0.06875 0.9268518518518518 0.0671875 0.9444444444444444 0.0640625 0.9458333333333333 0.058333333333333334 0.9597222222222223 0.0515625 0.9675925925925926 0.0421875 0.975 0.0359375 0.975925925925926 0.023958333333333335 0.9912037037037037 0.015885416666666666 0.9958333333333333 0 0.9972222222222222 0 0.8717592592592592 0.008333333333333333 0.8587962962962963 0.015364583333333333 0.8550925925925926 0.020052083333333335 0.8453703703703703 0.02578125 0.8439814814814814 0.05 0.8240740740740741 0.06041666666666667 0.8240740740740741
3 0.13359375 0.8634259259259259 0.13645833333333332 0.8671296296296296 0.15520833333333334 0.8666666666666667 0.15703125 0.8685185185185185 0.15572916666666667 0.8726851851851852 0.13515625 0.899537037037037 0.10598958333333333 0.9458333333333333 0.09895833333333333 0.9546296296296296 0.09166666666666666 0.9569444444444445 0.08489583333333334 0.95 0.08411458333333334 0.9453703703703704 0.0875 0.9185185185185185 0.09505208333333333 0.8976851851851851 0.10234375 0.8888888888888888 0.1171875 0.8865740740740741 0.13333333333333333 0.8638888888888889
1 0.4427083333333333 0.5074074074074074 0.45 0.5101851851851852 0.45 0.525 0.4393229166666667 0.5259259259259259 0.4393229166666667 0.5157407407407407 0.44244791666666666 0.5078703703703704
1 0.44609375 0.47824074074074074 0.4505208333333333 0.48148148148148145 0.4505208333333333 0.4935185185185185 0.44166666666666665 0.49398148148148147 0.44192708333333336 0.4824074074074074 0.44583333333333336 0.4787037037037037
1 0.4510416666666667 0.5810185185185185 0.45416666666666666 0.5884259259259259 0.453125 0.6046296296296296 0.44296875 0.6064814814814815 0.4401041666666667 0.6027777777777777 0.440625 0.5847222222222223 0.44427083333333334 0.5805555555555556 0.45078125 0.5810185185185185
1 0.27291666666666664 0.8472222222222222 0.2786458333333333 0.8513888888888889 0.28177083333333336 0.8629629629629629 0.28125 0.8902777777777777 0.2794270833333333 0.9004629629629629 0.26848958333333334 0.9194444444444444 0.26536458333333335 0.9361111111111111 0.23776041666666667 0.9375 0.23359375 0.9347222222222222 0.23177083333333334 0.925 0.23932291666666666 0.8972222222222223 0.23932291666666666 0.8902777777777777 0.25755208333333335 0.850462962962963 0.27265625 0.8472222222222222
1 0.3484375 0.6175925925925926 0.35989583333333336 0.6263888888888889 0.3572916666666667 0.6375 0.35104166666666664 0.6398148148148148 0.34479166666666666 0.6388888888888888 0.33932291666666664 0.625462962962963 0.34010416666666665 0.6194444444444445 0.34817708333333336 0.6175925925925926
2 0.440625 0.6731481481481482 0.44296875 0.6782407407407407 0.4427083333333333 0.6902777777777778 0.4393229166666667 0.6995370370370371 0.43671875 0.6925925925925925 0.4361979166666667 0.6777777777777778 0.43854166666666666 0.6726851851851852 0.44036458333333334 0.6731481481481482
2 0.3145833333333333 0.6800925925925926 0.31692708333333336 0.6861111111111111 0.31692708333333336 0.6930555555555555 0.3145833333333333 0.7027777777777777 0.3106770833333333 0.7074074074074074 0.30807291666666664 0.7032407407407407 0.30963541666666666 0.6856481481481481 0.3106770833333333 0.6814814814814815 0.3143229166666667 0.6800925925925926
2 0.39401041666666664 0.562037037037037 0.3953125 0.5689814814814815 0.39401041666666664 0.5796296296296296 0.390625 0.5796296296296296 0.38958333333333334 0.5712962962962963 0.390625 0.562962962962963 0.39375 0.562037037037037