0 0.4348958333333333 0.6296296296296297 0.4356770833333333 0.6504629629629629 0.42526041666666664 0.6550925925925926 0.42473958333333334 0.6324074074074074 0.4283854166666667 0.6282407407407408 0.43463541666666666 0.6296296296296297
4 0.45078125 0.625462962962963 0.45338541666666665 0.6273148148148148 0.4544270833333333 0.6370370370370371 0.45 0.6402777777777777 0.44635416666666666 0.6370370370370371 0.44609375 0.6324074074074074 0.4484375 0.6259259259259259 0.4505208333333333 0.625462962962963
4 0.25807291666666665 0.8231481481481482 0.2671875 0.825462962962963 0.26614583333333336 0.8458333333333333 0.2677083333333333 0.8550925925925926 0.26666666666666666 0.8699074074074075 0.25859375 0.875 0.25494791666666666 0.8814814814814815 0.24817708333333333 0.8736111111111111 0.23802083333333332 0.874537037037037 0.23411458333333332 0.8694444444444445 0.23385416666666667 0.8648148148148148 0.23802083333333332 0.8490740740740741 0.23880208333333333 0.8310185185185185 0.24453125 0.8240740740740741 0.2578125 0.8231481481481482
4 0.03984375 0.7856481481481481 0.05364583333333333 0.7856481481481481 0.057291666666666664 0.7893518518518519 0.05859375 0.8208333333333333 0.06067708333333333 0.8310185185185185 0.058854166666666666 0.8587962962962963 0.050520833333333334 0.8694444444444445 0.029427083333333333 0.8791666666666667 0.022135416666666668 0.8805555555555555 0.019791666666666666 0.8763888888888889 0.020052083333333335 0.8523148148148149 0.023958333333333335 0.8449074074074074 0.030208333333333334 0.8407407407407408 0.0328125 0.8236111111111111 0.021354166666666667 0.8115740740740741 0.0046875 0.8111111111111111 0.00390625 0.8069444444444445 0.014583333333333334 0.787962962962963 0.03958333333333333 0.7861111111111111
4 0.32109375 0.7481481481481481 0.3255208333333333 0.7513888888888889 0.32447916666666665 0.7671296296296296 0.3171875 0.7675925925925926 0.3177083333333333 0.7550925925925925 0.32083333333333336 0.7486111111111111
4 0.41484375 0.7898148148148149 0.42161458333333335 0.7967592592592593 0.421875 0.8310185185185185 0.41692708333333334 0.8393518518518519 0.41458333333333336 0.8490740740740741 0.4078125 0.8527777777777777 0.3932291666666667 0.8527777777777777 0.38723958333333336 0.8490740740740741 0.3890625 0.8064814814814815 0.39791666666666664 0.7912037037037037 0.41458333333333336 0.7898148148148149
4 0.30416666666666664 0.8287037037037037 0.30963541666666666 0.8314814814814815 0.3125 0.8384259259259259 0.3140625 0.8717592592592592 0.3028645833333333 0.8842592592592593 0.296875 0.8967592592592593 0.28984375 0.8935185185185185 0.26953125 0.8949074074074074 0.26796875 0.888425925925926 0.26848958333333334 0.875 0.27317708333333335 0.8560185185185185 0.2825520833333333 0.8393518518518519 0.29270833333333335 0.8305555555555556 0.30390625 0.8287037037037037
4 0.43359375 0.6282407407407408 0.4361979166666667 0.6333333333333333 0.43645833333333334 0.6472222222222223 0.43020833333333336 0.6532407407407408 0.42526041666666664 0.6532407407407408 0.42421875 0.6333333333333333 0.42864583333333334 0.6277777777777778 0.43333333333333335 0.6282407407407408
4 0.11979166666666667 0.7824074074074074 0.1359375 0.7847222222222222 0.13489583333333333 0.8212962962962963 0.11588541666666667 0.8305555555555556 0.11171875 0.8268518518518518 0.11041666666666666 0.8134259259259259 0.10520833333333333 0.8166666666666667 0.10208333333333333 0.8115740740740741 0.10182291666666667 0.8185185185185185 0.10729166666666666 0.8208333333333333 0.1078125 0.8361111111111111 0.1 0.836574074074074 0.10026041666666667 0.8277777777777777 0.09895833333333333 0.8268518518518518 0.09869791666666666 0.8384259259259259 0.09661458333333334 0.8416666666666667 0.08177083333333333 0.8458333333333333 0.07526041666666666 0.8430555555555556 0.07760416666666667 0.8004629629629629 0.08020833333333334 0.7916666666666666 0.09713541666666667 0.7837962962962963 0.1 0.7958333333333333 0.1 0.8046296296296296 0.10234375 0.8097222222222222 0.10572916666666667 0.7967592592592593 0.10572916666666667 0.7837962962962963 0.11953125 0.7824074074074074
4 0.45338541666666665 0.6662037037037037 0.45651041666666664 0.6773148148148148 0.45598958333333334 0.6851851851851852 0.45390625 0.687037037037037 0.44609375 0.6865740740740741 0.44427083333333334 0.6824074074074075 0.44583333333333336 0.6685185185185185 0.453125 0.6662037037037037
4 0.45651041666666664 0.6476851851851851 0.4630208333333333 0.6541666666666667 0.4625 0.6643518518518519 0.4591145833333333 0.6666666666666666 0.4515625 0.6625 0.45234375 0.6513888888888889 0.45625 0.6481481481481481
4 0.38385416666666666 0.9060185185185186 0.38697916666666665 0.9078703703703703 0.39036458333333335 0.9180555555555555 0.39036458333333335 0.9282407407407407 0.3885416666666667 0.9319444444444445 0.38984375 0.9398148148148148 0.38671875 0.9564814814814815 0.3802083333333333 0.9717592592592592 0.3768229166666667 0.9680555555555556 0.37526041666666665 0.9606481481481481 0.37578125 0.9444444444444444 0.37213541666666666 0.9138888888888889 0.37421875 0.9074074074074074 0.38359375 0.9060185185185186
4 0.46484375 0.6263888888888889 0.4669270833333333 0.6268518518518519 0.46927083333333336 0.6342592592592593 0.4635416666666667 0.637962962962963 0.4609375 0.6296296296296297 0.46458333333333335 0.6263888888888889
4 0.27630208333333334 0.9657407407407408 0.2869791666666667 0.9666666666666667 0.30364583333333334 0.9763888888888889 0.3065104166666667 0.9884259259259259 0.3065104166666667 0.999537037037037 0.23359375 0.999537037037037 0.23776041666666667 0.9898148148148148 0.2520833333333333 0.9694444444444444 0.2760416666666667 0.9657407407407408
3 0.4236979166666667 0.6921296296296297 0.4309895833333333 0.6953703703703704 0.4317708333333333 0.7138888888888889 0.42890625 0.7199074074074074 0.4317708333333333 0.7291666666666666 0.43020833333333336 0.7513888888888889 0.42421875 0.7685185185185185 0.42161458333333335 0.7708333333333334 0.4153645833333333 0.7675925925925926 0.40078125 0.7694444444444445 0.39817708333333335 0.7671296296296296 0.39609375 0.7379629629629629 0.4078125 0.7134259259259259 0.4276041666666667 0.7175925925925926 0.41328125 0.7111111111111111 0.40989583333333335 0.7064814814814815 0.4109375 0.6958333333333333 0.4234375 0.6921296296296297
1 0.35572916666666665 0.7481481481481481 0.35885416666666664 0.75 0.36276041666666664 0.7601851851851852 0.3606770833333333 0.7759259259259259 0.34270833333333334 0.7805555555555556 0.33880208333333334 0.7768518518518519 0.3419270833333333 0.7541666666666667 0.34791666666666665 0.7486111111111111 0.35546875 0.7481481481481481
1 0.3533854166666667 0.7842592592592592 0.35546875 0.7870370370370371 0.3575520833333333 0.799074074074074 0.35625 0.8143518518518519 0.35234375 0.8162037037037037 0.34869791666666666 0.825462962962963 0.33177083333333335 0.8263888888888888 0.32786458333333335 0.8263888888888888 0.32708333333333334 0.8157407407407408 0.328125 0.8037037037037037 0.3341145833333333 0.7898148148148149 0.34140625 0.7847222222222222 0.353125 0.7842592592592592
1 0.4434895833333333 0.6865740740740741 0.446875 0.6958333333333333 0.44609375 0.7060185185185185 0.4359375 0.7064814814814815 0.4322916666666667 0.7046296296296296 0.4322916666666667 0.6958333333333333 0.43697916666666664 0.6875 0.4432291666666667 0.6865740740740741
1 0.4596354166666667 0.65 0.4635416666666667 0.6574074074074074 0.46041666666666664 0.6662037037037037 0.4515625 0.6620370370370371 0.45286458333333335 0.6504629629629629 0.45598958333333334 0.6481481481481481 0.459375 0.65
1 0.43671875 0.6527777777777778 0.44375 0.6569444444444444 0.44635416666666666 0.6648148148148149 0.42864583333333334 0.6694444444444444 0.42526041666666664 0.6675925925925926 0.42526041666666664 0.6574074074074074 0.43645833333333334 0.6527777777777778