4 0.4635416666666667 0.5217592592592593 0.4669270833333333 0.5236111111111111 0.46796875 0.5291666666666667 0.46770833333333334 0.5407407407407407 0.46510416666666665 0.5439814814814815 0.459375 0.5439814814814815 0.4578125 0.5412037037037037 0.45859375 0.5263888888888889 0.46328125 0.5217592592592593
4 0.03723958333333333 0.8453703703703703 0.041666666666666664 0.850925925925926 0.04348958333333333 0.8717592592592592 0.036458333333333336 0.9115740740740741 0.02421875 0.9287037037037037 0.012239583333333333 0.9564814814814815 0.0020833333333333333 0.9685185185185186 0 0.9685185185185186 0 0.8583333333333333 0.012760416666666666 0.8472222222222222 0.03697916666666667 0.8453703703703703
4 0.125 0.8935185185185185 0.13020833333333334 0.9009259259259259 0.13151041666666666 0.9175925925925926 0.13463541666666667 0.9217592592592593 0.13151041666666666 0.9314814814814815 0.13177083333333334 0.9555555555555556 0.11796875 0.9722222222222222 0.10651041666666666 0.9916666666666667 0.09947916666666666 0.9953703703703703 0.08958333333333333 0.9949074074074075 0.08489583333333334 0.9898148148148148 0.08125 0.9925925925925926 0.0734375 0.9856481481481482 0.07213541666666666 0.9736111111111111 0.07291666666666667 0.9319444444444445 0.09244791666666667 0.9050925925925926 0.10963541666666667 0.9037037037037037 0.11875 0.8939814814814815 0.12473958333333333 0.8935185185185185
4 0.4393229166666667 0.41898148148148145 0.440625 0.425462962962963 0.43802083333333336 0.42916666666666664 0.43307291666666664 0.42824074074074076 0.4328125 0.42407407407407405 0.4354166666666667 0.4185185185185185 0.4390625 0.41898148148148145
3 0.42890625 0.4305555555555556 0.4359375 0.4388888888888889 0.43671875 0.45694444444444443 0.4354166666666667 0.4597222222222222 0.42864583333333334 0.4597222222222222 0.425 0.45555555555555555 0.42421875 0.43333333333333335 0.42864583333333334 0.4305555555555556
1 0.4356770833333333 0.637962962962963 0.43984375 0.6393518518518518 0.44114583333333335 0.6430555555555556 0.43984375 0.6638888888888889 0.43645833333333334 0.6671296296296296 0.42526041666666664 0.6666666666666666 0.4236979166666667 0.6611111111111111 0.42604166666666665 0.6407407407407407 0.4354166666666667 0.637962962962963
1 0.4390625 0.41898148148148145 0.44036458333333334 0.4217592592592593 0.4390625 0.4287037037037037 0.4328125 0.4263888888888889 0.434375 0.4199074074074074 0.4388020833333333 0.41898148148148145
1 0.5768229166666666 0.5694444444444444 0.58828125 0.5791666666666667 0.58984375 0.5856481481481481 0.5880208333333333 0.5888888888888889 0.5640625 0.5847222222222223 0.5638020833333334 0.5745370370370371 0.5653645833333333 0.5717592592592593 0.5765625 0.5694444444444444
1 0.41848958333333336 0.7324074074074074 0.421875 0.7375 0.42161458333333335 0.7509259259259259 0.41822916666666665 0.7662037037037037 0.41484375 0.7689814814814815 0.4010416666666667 0.7671296296296296 0.4002604166666667 0.7513888888888889 0.4044270833333333 0.7328703703703704 0.41822916666666665 0.7324074074074074
1 0.43984375 0.8101851851851852 0.44427083333333334 0.8162037037037037 0.44479166666666664 0.8351851851851851 0.44375 0.8449074074074074 0.4393229166666667 0.8583333333333333 0.4192708333333333 0.8564814814814815 0.41796875 0.8449074074074074 0.42135416666666664 0.8115740740740741 0.4283854166666667 0.8083333333333333 0.4395833333333333 0.8101851851851852
1 0.3770833333333333 0.7560185185185185 0.38125 0.7722222222222223 0.3802083333333333 0.7870370370370371 0.375 0.8037037037037037 0.3684895833333333 0.8055555555555556 0.35859375 0.8050925925925926 0.35520833333333335 0.8018518518518518 0.35598958333333336 0.7800925925925926 0.36380208333333336 0.7578703703703704 0.36953125 0.7546296296296297 0.3768229166666667 0.7560185185185185
1 0.39505208333333336 0.6175925925925926 0.39947916666666666 0.6231481481481481 0.3997395833333333 0.6370370370370371 0.39791666666666664 0.649074074074074 0.39114583333333336 0.6527777777777778 0.3828125 0.6523148148148148 0.3809895833333333 0.6472222222222223 0.3815104166666667 0.6402777777777777 0.3875 0.6208333333333333 0.39479166666666665 0.6175925925925926
1 0.46145833333333336 0.6013888888888889 0.46458333333333335 0.6078703703703704 0.4635416666666667 0.6231481481481481 0.45286458333333335 0.6226851851851852 0.45234375 0.6203703703703703 0.45364583333333336 0.6027777777777777 0.46119791666666665 0.6013888888888889