0 0.42630208333333336 0.5486111111111112 0.42942708333333335 0.5532407407407407 0.4296875 0.5740740740740741 0.4192708333333333 0.5768518518518518 0.41692708333333334 0.5717592592592593 0.41744791666666664 0.5532407407407407 0.41848958333333336 0.55 0.42604166666666665 0.5486111111111112
4 0.4044270833333333 0.8569444444444444 0.4119791666666667 0.8578703703703704 0.41380208333333335 0.862037037037037 0.4125 0.875462962962963 0.4078125 0.8828703703703704 0.4044270833333333 0.8768518518518519 0.4044270833333333 0.8574074074074074
4 0.05546875 0.7342592592592593 0.05755208333333333 0.7384259259259259 0.058854166666666666 0.7555555555555555 0.0578125 0.7768518518518519 0.05416666666666667 0.7925925925925926 0.04088541666666667 0.8060185185185185 0.025520833333333333 0.8083333333333333 0.015364583333333333 0.8282407407407407 0.010416666666666666 0.8273148148148148 0.005208333333333333 0.8125 0 0.8106481481481481 0 0.737037037037037 0.013541666666666667 0.736574074074074 0.019010416666666665 0.7402777777777778 0.034375 0.7347222222222223 0.05520833333333333 0.7342592592592593
4 0.40651041666666665 0.7273148148148149 0.4114583333333333 0.7305555555555555 0.41510416666666666 0.7375 0.41380208333333335 0.7583333333333333 0.4078125 0.7722222222222223 0.4015625 0.7694444444444445 0.38723958333333336 0.7708333333333334 0.38619791666666664 0.7611111111111111 0.38619791666666664 0.7513888888888889 0.3927083333333333 0.7300925925925926 0.396875 0.7268518518518519 0.40625 0.7273148148148149
4 0.13541666666666666 0.7796296296296297 0.13697916666666668 0.7819444444444444 0.14088541666666668 0.7805555555555556 0.14348958333333334 0.7856481481481481 0.14296875 0.8245370370370371 0.1296875 0.8273148148148148 0.11380208333333333 0.8375 0.11041666666666666 0.8347222222222223 0.10963541666666667 0.8277777777777777 0.11171875 0.7824074074074074 0.11458333333333333 0.7787037037037037 0.13515625 0.7796296296296297
4 0.45208333333333334 0.5787037037037037 0.4544270833333333 0.5796296296296296 0.45677083333333335 0.587037037037037 0.45651041666666664 0.5958333333333333 0.4544270833333333 0.5972222222222222 0.4471354166666667 0.5967592592592592 0.44427083333333334 0.5916666666666667 0.44765625 0.5805555555555556 0.4518229166666667 0.5787037037037037
4 0.45390625 0.6421296296296296 0.45989583333333334 0.6435185185185185 0.46197916666666666 0.6472222222222223 0.4609375 0.675 0.4552083333333333 0.6805555555555556 0.44609375 0.6800925925925926 0.4434895833333333 0.6754629629629629 0.44479166666666664 0.6504629629629629 0.4479166666666667 0.6439814814814815 0.45364583333333336 0.6421296296296296
4 0.062239583333333334 0.8046296296296296 0.06536458333333334 0.8074074074074075 0.06640625 0.8138888888888889 0.07213541666666666 0.8226851851851852 0.07630208333333334 0.8347222222222223 0.07708333333333334 0.8421296296296297 0.07552083333333333 0.8476851851851852 0.07135416666666666 0.8541666666666666 0.02265625 0.8898148148148148 0.0140625 0.8865740740740741 0.010677083333333334 0.8643518518518518 0.012239583333333333 0.8379629629629629 0.021875 0.8138888888888889 0.029166666666666667 0.8078703703703703 0.04739583333333333 0.8083333333333333 0.06197916666666667 0.8046296296296296
4 0.42526041666666664 0.5287037037037037 0.42473958333333334 0.5189814814814815 0.428125 0.513425925925926 0.43255208333333334 0.5152777777777777 0.43333333333333335 0.5268518518518519 0.43072916666666666 0.5296296296296297 0.42552083333333335 0.5287037037037037
4 0.45078125 0.7018518518518518 0.453125 0.7138888888888889 0.44947916666666665 0.7314814814814815 0.44609375 0.7305555555555555 0.44479166666666664 0.7050925925925926 0.44609375 0.7013888888888888 0.4505208333333333 0.7018518518518518
4 0.4395833333333333 0.5537037037037037 0.4434895833333333 0.5560185185185185 0.44479166666666664 0.5708333333333333 0.4361979166666667 0.5731481481481482 0.434375 0.5712962962962963 0.43463541666666666 0.5601851851851852 0.4393229166666667 0.5537037037037037
4 0.421875 0.7564814814814815 0.42526041666666664 0.7643518518518518 0.421875 0.788425925925926 0.41822916666666665 0.7870370370370371 0.41692708333333334 0.7671296296296296 0.41770833333333335 0.7601851851851852 0.42161458333333335 0.7564814814814815
4 0.4432291666666667 0.5921296296296297 0.44869791666666664 0.6018518518518519 0.44947916666666665 0.6180555555555556 0.44609375 0.6435185185185185 0.44244791666666666 0.6532407407407408 0.4244791666666667 0.6513888888888889 0.42239583333333336 0.6347222222222222 0.42994791666666665 0.5958333333333333 0.44296875 0.5921296296296297
4 0.45651041666666664 0.5314814814814814 0.459375 0.5393518518518519 0.45651041666666664 0.5458333333333333 0.4518229166666667 0.5453703703703704 0.44973958333333336 0.5402777777777777 0.4518229166666667 0.5324074074074074 0.45625 0.5314814814814814
4 0.16119791666666666 0.8273148148148148 0.15833333333333333 0.8328703703703704 0.1265625 0.8643518518518518 0.12421875 0.8629629629629629 0.12421875 0.8569444444444444 0.1171875 0.8375 0.13020833333333334 0.8273148148148148 0.1609375 0.8273148148148148
4 0.45677083333333335 0.5592592592592592 0.4596354166666667 0.5643518518518519 0.45989583333333334 0.5703703703703704 0.4596354166666667 0.5777777777777777 0.45651041666666664 0.5847222222222223 0.44973958333333336 0.5791666666666667 0.44817708333333334 0.5722222222222222 0.4510416666666667 0.5606481481481481 0.45651041666666664 0.5592592592592592
1 0.4640625 0.5268518518518519 0.4669270833333333 0.5351851851851852 0.4635416666666667 0.5388888888888889 0.45989583333333334 0.5370370370370371 0.45859375 0.5314814814814814 0.45989583333333334 0.5277777777777778 0.46380208333333334 0.5268518518518519
1 0.43984375 0.5541666666666667 0.4432291666666667 0.5560185185185185 0.44505208333333335 0.5680555555555555 0.4432291666666667 0.5722222222222222 0.43854166666666666 0.5726851851851852 0.43463541666666666 0.5717592592592593 0.434375 0.5638888888888889 0.4356770833333333 0.5569444444444445 0.4395833333333333 0.5541666666666667
1 0.35260416666666666 0.8833333333333333 0.3640625 0.8898148148148148 0.3658854166666667 0.9064814814814814 0.3640625 0.9222222222222223 0.3580729166666667 0.9361111111111111 0.35572916666666665 0.9472222222222222 0.35260416666666666 0.9513888888888888 0.34609375 0.9467592592592593 0.32447916666666665 0.950462962962963 0.3216145833333333 0.9407407407407408 0.3229166666666667 0.9212962962962963 0.33098958333333334 0.8902777777777777 0.33880208333333334 0.8837962962962963 0.35234375 0.8833333333333333
2 0.4234375 0.7620370370370371 0.4244791666666667 0.774074074074074 0.42161458333333335 0.788425925925926 0.41822916666666665 0.7861111111111111 0.41692708333333334 0.7652777777777777 0.41822916666666665 0.7611111111111111 0.4231770833333333 0.7620370370370371
2 0.47109375 0.5740740740740741 0.47369791666666666 0.5773148148148148 0.47369791666666666 0.5828703703703704 0.47291666666666665 0.5888888888888889 0.4708333333333333 0.5907407407407408 0.46848958333333335 0.5856481481481481 0.46901041666666665 0.5768518518518518 0.4708333333333333 0.5740740740740741
2 0.44947916666666665 0.7013888888888888 0.45286458333333335 0.7106481481481481 0.44947916666666665 0.7314814814814815 0.44609375 0.7305555555555555 0.44479166666666664 0.7074074074074074 0.44583333333333336 0.7018518518518518 0.44921875 0.7013888888888888
2 0.4044270833333333 0.8569444444444444 0.4119791666666667 0.8592592592592593 0.41380208333333335 0.8648148148148148 0.4125 0.875462962962963 0.4075520833333333 0.8824074074074074 0.4041666666666667 0.874537037037037 0.4044270833333333 0.8574074074074074