4 0.45390625 0.38657407407407407 0.45546875 0.3939814814814815 0.45338541666666665 0.4 0.45 0.3976851851851852 0.44947916666666665 0.3925925925925926 0.45078125 0.38796296296296295 0.45364583333333336 0.38657407407407407
4 0.40963541666666664 0.736574074074074 0.4119791666666667 0.7407407407407407 0.4119791666666667 0.7462962962962963 0.4078125 0.7662037037037037 0.40520833333333334 0.7625 0.4044270833333333 0.7449074074074075 0.4078125 0.7342592592592593 0.409375 0.736574074074074
4 0.44583333333333336 0.4203703703703704 0.44869791666666664 0.4305555555555556 0.4466145833333333 0.4356481481481482 0.44166666666666665 0.4351851851851852 0.4401041666666667 0.43194444444444446 0.44088541666666664 0.4236111111111111 0.44557291666666665 0.4203703703703704
4 0.46640625 0.4837962962962963 0.46927083333333336 0.4986111111111111 0.4640625 0.5023148148148148 0.4596354166666667 0.5013888888888889 0.4588541666666667 0.4875 0.46145833333333336 0.48333333333333334 0.4661458333333333 0.4837962962962963
4 0.44036458333333334 0.5226851851851851 0.4427083333333333 0.524537037037037 0.44244791666666666 0.5449074074074074 0.4390625 0.5509259259259259 0.4309895833333333 0.55 0.43020833333333336 0.5398148148148149 0.4322916666666667 0.524074074074074 0.4401041666666667 0.5226851851851851
4 0.43411458333333336 0.41805555555555557 0.4361979166666667 0.425462962962963 0.43307291666666664 0.4287037037037037 0.42864583333333334 0.42407407407407405 0.4309895833333333 0.41805555555555557 0.43385416666666665 0.41805555555555557
4 0.04609375 0.7824074074074074 0.04973958333333333 0.7916666666666666 0.04739583333333333 0.8004629629629629 0.0015625 0.8537037037037037 0 0.8537037037037037 0 0.8032407407407407 0.022395833333333334 0.7833333333333333 0.04583333333333333 0.7824074074074074
4 0.09583333333333334 0.8967592592592593 0.10703125 0.9111111111111111 0.10833333333333334 0.9328703703703703 0.12135416666666667 0.9365740740740741 0.12421875 0.9425925925925925 0.12421875 0.95 0.1203125 0.9638888888888889 0.11276041666666667 0.9740740740740741 0.10572916666666667 0.975462962962963 0.10234375 0.9810185185185185 0.1 0.9930555555555556 0.09453125 0.999537037037037 0.0734375 0.999537037037037 0.071875 0.9972222222222222 0.05390625 0.999537037037037 0.050520833333333334 0.9944444444444445 0.0484375 0.9629629629629629 0.05 0.9277777777777778 0.06041666666666667 0.8976851851851851 0.08125 0.9 0.09557291666666666 0.8967592592592593
4 0.20859375 0.8657407407407407 0.21197916666666666 0.8703703703703703 0.20703125 0.8833333333333333 0.16796875 0.9541666666666667 0.15885416666666666 0.9625 0.15208333333333332 0.9597222222222223 0.14661458333333333 0.950925925925926 0.1453125 0.9310185185185185 0.15052083333333333 0.9078703703703703 0.15885416666666666 0.8972222222222223 0.17291666666666666 0.8916666666666667 0.19427083333333334 0.8666666666666667 0.20833333333333334 0.8657407407407407
4 0.5122395833333333 0.5013888888888889 0.5158854166666667 0.5032407407407408 0.5177083333333333 0.5083333333333333 0.5177083333333333 0.5157407407407407 0.515625 0.5185185185185185 0.49453125 0.5171296296296296 0.49244791666666665 0.5143518518518518 0.49244791666666665 0.5083333333333333 0.4947916666666667 0.5041666666666667 0.5119791666666667 0.5013888888888889
4 0.478125 0.49953703703703706 0.48046875 0.5041666666666667 0.48046875 0.5291666666666667 0.4786458333333333 0.5328703703703703 0.4700520833333333 0.5324074074074074 0.46848958333333335 0.5291666666666667 0.46953125 0.5023148148148148 0.47369791666666666 0.4981481481481482 0.4778645833333333 0.49953703703703706
4 0.33515625 0.8972222222222223 0.33671875 0.9004629629629629 0.33619791666666665 0.9152777777777777 0.32838541666666665 0.9324074074074075 0.3268229166666667 0.9296296296296296 0.3260416666666667 0.9023148148148148 0.32760416666666664 0.8986111111111111 0.33489583333333334 0.8972222222222223
4 0.16510416666666666 0.825462962962963 0.16979166666666667 0.8337962962962963 0.16953125 0.8800925925925925 0.15078125 0.9050925925925926 0.1453125 0.9087962962962963 0.14375 0.9083333333333333 0.140625 0.8944444444444445 0.13411458333333334 0.9027777777777778 0.11796875 0.9009259259259259 0.11640625 0.8875 0.1171875 0.8587962962962963 0.13385416666666666 0.8342592592592593 0.15026041666666667 0.8328703703703704 0.15546875 0.8245370370370371 0.16484375 0.825462962962963
4 0.07473958333333333 0.7800925925925926 0.08489583333333334 0.7819444444444444 0.08880208333333334 0.7976851851851852 0.08828125 0.8106481481481481 0.08463541666666667 0.8208333333333333 0.08515625 0.825462962962963 0.08177083333333333 0.8384259259259259 0.06979166666666667 0.8587962962962963 0.0609375 0.8800925925925925 0.04739583333333333 0.8962962962962963 0.0296875 0.9050925925925926 0.019270833333333334 0.9060185185185186 0.006510416666666667 0.9055555555555556 0.003125 0.9018518518518519 0.00234375 0.8865740740740741 0 0.8847222222222222 0 0.8550925925925926 0.005729166666666666 0.8495370370370371 0.008854166666666666 0.8421296296296297 0.043229166666666666 0.8050925925925926 0.05520833333333333 0.7856481481481481 0.06067708333333333 0.7814814814814814 0.07447916666666667 0.7800925925925926
4 0.44296875 0.37453703703703706 0.44427083333333334 0.37824074074074077 0.44296875 0.38472222222222224 0.43645833333333334 0.38333333333333336 0.43802083333333336 0.375 0.4427083333333333 0.37453703703703706
4 0.4627604166666667 0.5087962962962963 0.46484375 0.5236111111111111 0.46171875 0.5282407407407408 0.45364583333333336 0.5273148148148148 0.45286458333333335 0.5212962962962963 0.45598958333333334 0.5087962962962963 0.4625 0.5087962962962963
4 0.45338541666666665 0.674537037037037 0.4557291666666667 0.6847222222222222 0.4552083333333333 0.7027777777777777 0.45338541666666665 0.7074074074074074 0.43802083333333336 0.7069444444444445 0.43645833333333334 0.7032407407407407 0.4395833333333333 0.675 0.44505208333333335 0.6726851851851852 0.453125 0.674537037037037
4 0.46796875 0.4388888888888889 0.47109375 0.44305555555555554 0.47239583333333335 0.45787037037037037 0.47239583333333335 0.4722222222222222 0.4705729166666667 0.475462962962963 0.46145833333333336 0.475 0.4596354166666667 0.47129629629629627 0.45859375 0.4425925925925926 0.46770833333333334 0.4388888888888889
4 0.41041666666666665 0.5884259259259259 0.41119791666666666 0.6125 0.40859375 0.6226851851851852 0.39505208333333336 0.624537037037037 0.39296875 0.6222222222222222 0.3921875 0.6111111111111112 0.3963541666666667 0.5912037037037037 0.4002604166666667 0.587037037037037 0.41015625 0.5884259259259259
3 0.015625 0.9314814814814815 0.0265625 0.9416666666666667 0.0328125 0.9611111111111111 0.036458333333333336 0.9578703703703704 0.046875 0.9625 0.04895833333333333 0.975925925925926 0.047135416666666666 0.999537037037037 0 0.999537037037037 0 0.9361111111111111 0.015364583333333333 0.9314814814814815
1 0.5127604166666667 0.5018518518518519 0.5174479166666667 0.5078703703703704 0.5174479166666667 0.5157407407407407 0.5158854166666667 0.5180555555555556 0.5018229166666667 0.5152777777777777 0.5033854166666667 0.5083333333333333 0.5015625 0.5055555555555555 0.5002604166666667 0.5087962962962963 0.5013020833333334 0.5152777777777777 0.49453125 0.5171296296296296 0.49244791666666665 0.5143518518518518 0.4921875 0.5087962962962963 0.4947916666666667 0.5041666666666667 0.5125 0.5018518518518519
1 0.4390625 0.4101851851851852 0.4427083333333333 0.4125 0.4440104166666667 0.41805555555555557 0.43645833333333334 0.41898148148148145 0.4356770833333333 0.41435185185185186 0.4388020833333333 0.41064814814814815
1 0.43255208333333334 0.41712962962962963 0.4361979166666667 0.42453703703703705 0.434375 0.42824074074074076 0.42890625 0.425462962962963 0.4322916666666667 0.41712962962962963
1 0.4359375 0.39351851851851855 0.43828125 0.4013888888888889 0.4356770833333333 0.4060185185185185 0.4309895833333333 0.40324074074074073 0.43203125 0.39444444444444443 0.4356770833333333 0.39351851851851855
1 0.48072916666666665 0.4824074074074074 0.48411458333333335 0.4898148148148148 0.48385416666666664 0.49537037037037035 0.48151041666666666 0.4976851851851852 0.47552083333333334 0.49675925925925923 0.4739583333333333 0.49212962962962964 0.47604166666666664 0.48333333333333334 0.48046875 0.4824074074074074
1 0.4125 0.6314814814814815 0.41380208333333335 0.6504629629629629 0.4125 0.6615740740740741 0.41015625 0.6648148148148149 0.39869791666666665 0.6638888888888889 0.39739583333333334 0.6532407407407408 0.4036458333333333 0.6324074074074074 0.4122395833333333 0.6314814814814815
2 0.33671875 0.6856481481481481 0.34088541666666666 0.6851851851851852 0.3424479166666667 0.6893518518518519 0.34140625 0.7060185185185185 0.3385416666666667 0.7111111111111111 0.33489583333333334 0.712037037037037 0.33515625 0.6893518518518519 0.33671875 0.6861111111111111
2 0.33515625 0.8981481481481481 0.33671875 0.9046296296296297 0.33619791666666665 0.9152777777777777 0.32838541666666665 0.9324074074074075 0.3265625 0.9287037037037037 0.3263020833333333 0.9041666666666667 0.32786458333333335 0.899537037037037 0.33489583333333334 0.8981481481481481
2 0.33932291666666664 0.7754629629629629 0.33984375 0.7898148148148149 0.33515625 0.799537037037037 0.3328125 0.7939814814814815 0.33307291666666666 0.7773148148148148 0.33489583333333334 0.774074074074074 0.3390625 0.7754629629629629
2 0.4109375 0.7449074074074075 0.4109375 0.7550925925925925 0.4078125 0.7662037037037037 0.40520833333333334 0.7625 0.4046875 0.7490740740740741 0.40651041666666665 0.7444444444444445 0.41067708333333336 0.7449074074074075