4 0.42526041666666664 0.5777777777777777 0.42994791666666665 0.5828703703703704 0.42890625 0.5972222222222222 0.42578125 0.6 0.42239583333333336 0.5953703703703703 0.42109375 0.5814814814814815 0.425 0.5777777777777777
4 0.38046875 0.625 0.3828125 0.6273148148148148 0.38333333333333336 0.6328703703703704 0.38333333333333336 0.6402777777777777 0.38125 0.6444444444444445 0.37838541666666664 0.6430555555555556 0.37734375 0.6370370370370371 0.37786458333333334 0.6291666666666667 0.3802083333333333 0.625
4 0.4127604166666667 0.5796296296296296 0.41692708333333334 0.5814814814814815 0.421875 0.5888888888888889 0.4231770833333333 0.6134259259259259 0.4192708333333333 0.6236111111111111 0.4122395833333333 0.6282407407407408 0.4 0.6263888888888889 0.39739583333333334 0.6018518518518519 0.4010416666666667 0.5856481481481481 0.4125 0.5796296296296296
4 0.446875 0.6129629629629629 0.44895833333333335 0.6157407407407407 0.44895833333333335 0.6268518518518519 0.4479166666666667 0.6402777777777777 0.44609375 0.6430555555555556 0.4356770833333333 0.6430555555555556 0.434375 0.6337962962962963 0.43645833333333334 0.6157407407407407 0.4466145833333333 0.6129629629629629
4 0.08515625 0.7087962962962963 0.09765625 0.712037037037037 0.09739583333333333 0.7449074074074075 0.06067708333333333 0.763425925925926 0.05625 0.7564814814814815 0.0546875 0.7481481481481481 0.0578125 0.7412037037037037 0.05807291666666667 0.7305555555555555 0.050520833333333334 0.7185185185185186 0.04869791666666667 0.7226851851851852 0.04973958333333333 0.7282407407407407 0.05572916666666667 0.7319444444444444 0.05677083333333333 0.7375 0.050520833333333334 0.7407407407407407 0.04609375 0.7481481481481481 0.044270833333333336 0.7273148148148149 0.04583333333333333 0.7194444444444444 0.05026041666666667 0.7134259259259259 0.057291666666666664 0.7106481481481481 0.08489583333333334 0.7087962962962963
4 0.3671875 0.6453703703703704 0.3697916666666667 0.6472222222222223 0.3692708333333333 0.6537037037037037 0.36640625 0.6620370370370371 0.36302083333333335 0.662962962962963 0.36223958333333334 0.6476851851851851 0.36692708333333335 0.6453703703703704
4 0.446875 0.5740740740740741 0.45208333333333334 0.5810185185185185 0.44973958333333336 0.5902777777777778 0.44453125 0.5898148148148148 0.44114583333333335 0.5851851851851851 0.44192708333333336 0.575 0.4466145833333333 0.5740740740740741
4 0.44088541666666664 0.5930555555555556 0.44895833333333335 0.5953703703703703 0.44921875 0.6069444444444444 0.44635416666666666 0.6097222222222223 0.43697916666666664 0.6069444444444444 0.43671875 0.5981481481481481 0.440625 0.5930555555555556
4 0.4205729166666667 0.5416666666666666 0.42213541666666665 0.5462962962962963 0.42083333333333334 0.5504629629629629 0.4153645833333333 0.55 0.41432291666666665 0.5472222222222223 0.415625 0.5416666666666666 0.4203125 0.5416666666666666
4 0.4393229166666667 0.5453703703703704 0.44088541666666664 0.5541666666666667 0.4390625 0.5564814814814815 0.43463541666666666 0.5550925925925926 0.43307291666666664 0.5513888888888889 0.43463541666666666 0.5467592592592593 0.4390625 0.5453703703703704
4 0.5114583333333333 0.5921296296296297 0.51484375 0.6055555555555555 0.50859375 0.6092592592592593 0.5052083333333334 0.6064814814814815 0.5052083333333334 0.6023148148148149 0.50859375 0.5916666666666667 0.5111979166666667 0.5921296296296297
1 0.4203125 0.5416666666666666 0.421875 0.549074074074074 0.4197916666666667 0.5504629629629629 0.415625 0.55 0.41432291666666665 0.5462962962962963 0.41640625 0.5412037037037037 0.4200520833333333 0.5416666666666666
1 0.40130208333333334 0.6347222222222222 0.41458333333333336 0.6393518518518518 0.41692708333333334 0.6513888888888889 0.41510416666666666 0.6546296296296297 0.39505208333333336 0.6583333333333333 0.384375 0.6569444444444444 0.38333333333333336 0.6444444444444445 0.39114583333333336 0.6370370370370371 0.4010416666666667 0.6347222222222222
2 0.38046875 0.6356481481481482 0.00625 0.019444444444444445