4 0.434375 0.4305555555555556 0.4393229166666667 0.43425925925925923 0.44088541666666664 0.4537037037037037 0.4393229166666667 0.45925925925925926 0.43307291666666664 0.4601851851851852 0.42864583333333334 0.45694444444444443 0.4270833333333333 0.44305555555555554 0.4283854166666667 0.43333333333333335 0.43411458333333336 0.4305555555555556
4 0.4635416666666667 0.4689814814814815 0.4669270833333333 0.4736111111111111 0.4669270833333333 0.4842592592592593 0.4640625 0.48657407407407405 0.4583333333333333 0.4842592592592593 0.4596354166666667 0.4726851851851852 0.46328125 0.46944444444444444
4 0.020572916666666666 0.7587962962962963 0.026822916666666665 0.7620370370370371 0.029427083333333333 0.7787037037037037 0.027604166666666666 0.8143518518518519 0.0234375 0.825 0.0067708333333333336 0.8439814814814814 0.0018229166666666667 0.8546296296296296 0 0.8546296296296296 0 0.8277777777777777 0.0026041666666666665 0.8245370370370371 0 0.8236111111111111 0 0.762962962962963 0.00546875 0.7597222222222222 0.0203125 0.7587962962962963
4 0.47734375 0.5268518518518519 0.48072916666666665 0.5259259259259259 0.48203125 0.5291666666666667 0.48098958333333336 0.5421296296296296 0.47734375 0.5430555555555555 0.47734375 0.5273148148148148
4 0.39036458333333335 0.5662037037037037 0.39296875 0.5736111111111111 0.3919270833333333 0.5842592592592593 0.3893229166666667 0.586574074074074 0.3875 0.5837962962962963 0.38723958333333336 0.5731481481481482 0.39010416666666664 0.5666666666666667
4 0.026041666666666668 0.8717592592592592 0.0390625 0.8875 0.043229166666666666 0.9050925925925926 0.04895833333333333 0.9009259259259259 0.046875 0.8935185185185185 0.053125 0.8972222222222223 0.051041666666666666 0.9009259259259259 0.053125 0.9046296296296297 0.05859375 0.9013888888888889 0.06067708333333333 0.8939814814814815 0.06171875 0.9023148148148148 0.06744791666666666 0.9111111111111111 0.06744791666666666 0.9388888888888889 0.047135416666666666 0.961574074074074 0.043229166666666666 0.9634259259259259 0.03984375 0.9583333333333334 0.0328125 0.9611111111111111 0.0018229166666666667 0.9967592592592592 0 0.9967592592592592 0 0.8759259259259259 0.02578125 0.8717592592592592
4 0.42682291666666666 0.39814814814814814 0.43020833333333336 0.4023148148148148 0.42890625 0.40879629629629627 0.42135416666666664 0.4064814814814815 0.4239583333333333 0.3990740740740741 0.4265625 0.39814814814814814
4 0.3145833333333333 0.6722222222222223 0.31666666666666665 0.6773148148148148 0.31640625 0.6888888888888889 0.3106770833333333 0.700925925925926 0.3072916666666667 0.6995370370370371 0.30833333333333335 0.6828703703703703 0.3098958333333333 0.675 0.3143229166666667 0.6722222222222223
4 0.11640625 0.8106481481481481 0.11848958333333333 0.8287037037037037 0.11666666666666667 0.8611111111111112 0.11119791666666666 0.8694444444444445 0.08645833333333333 0.8935185185185185 0.07838541666666667 0.8953703703703704 0.06380208333333333 0.8898148148148148 0.0578125 0.8833333333333333 0.05703125 0.8421296296296297 0.058854166666666666 0.8351851851851851 0.06770833333333333 0.8240740740740741 0.07109375 0.8296296296296296 0.07109375 0.8208333333333333 0.08229166666666667 0.8134259259259259 0.11614583333333334 0.8106481481481481
4 0.45989583333333334 0.5097222222222222 0.4627604166666667 0.5138888888888888 0.4627604166666667 0.5263888888888889 0.46067708333333335 0.5310185185185186 0.45286458333333335 0.5305555555555556 0.4513020833333333 0.5268518518518519 0.45286458333333335 0.512962962962963 0.4596354166666667 0.5097222222222222
4 0.3846354166666667 0.8791666666666667 0.3888020833333333 0.8833333333333333 0.38776041666666666 0.8912037037037037 0.38958333333333334 0.9 0.38359375 0.9273148148148148 0.3802083333333333 0.9259259259259259 0.3768229166666667 0.9148148148148149 0.37552083333333336 0.8986111111111111 0.37916666666666665 0.8824074074074074 0.384375 0.8791666666666667
3 0.15494791666666666 0.8569444444444444 0.15625 0.8597222222222223 0.1546875 0.8643518518518518 0.13020833333333334 0.8949074074074074 0.09895833333333333 0.9430555555555555 0.09427083333333333 0.9462962962962963 0.0875 0.9425925925925925 0.084375 0.9356481481481481 0.08385416666666666 0.9282407407407407 0.0859375 0.9111111111111111 0.09583333333333334 0.8842592592592593 0.10546875 0.8763888888888889 0.11744791666666667 0.875462962962963 0.1265625 0.8629629629629629 0.13020833333333334 0.8643518518518518 0.13463541666666667 0.8587962962962963 0.1546875 0.8569444444444444
1 0.44973958333333336 0.49583333333333335 0.4518229166666667 0.4981481481481482 0.45286458333333335 0.5092592592592593 0.44895833333333335 0.513425925925926 0.4427083333333333 0.512962962962963 0.44166666666666665 0.5069444444444444 0.44375 0.49675925925925923 0.44947916666666665 0.49583333333333335
1 0.4484375 0.4685185185185185 0.4518229166666667 0.4736111111111111 0.4515625 0.4837962962962963 0.44947916666666665 0.4847222222222222 0.44244791666666666 0.4842592592592593 0.44192708333333336 0.48055555555555557 0.4421875 0.46944444444444444 0.44817708333333334 0.4685185185185185
1 0.4432291666666667 0.5814814814814815 0.4434895833333333 0.562962962962963 0.44609375 0.5597222222222222 0.45546875 0.562962962962963 0.4557291666666667 0.5810185185185185 0.4434895833333333 0.5814814814814815
1 0.24583333333333332 0.8967592592592593 0.2520833333333333 0.9 0.25677083333333334 0.9148148148148149 0.25494791666666666 0.950462962962963 0.23958333333333334 0.9842592592592593 0.23776041666666667 0.9953703703703703 0.22161458333333334 0.999537037037037 0.1984375 0.999537037037037 0.19713541666666667 0.9828703703703704 0.20546875 0.9564814814814815 0.20416666666666666 0.9495370370370371 0.209375 0.9425925925925925 0.21901041666666668 0.9180555555555555 0.2296875 0.9004629629629629 0.24557291666666667 0.8967592592592593
1 0.35078125 0.6125 0.36041666666666666 0.6199074074074075 0.3614583333333333 0.6268518518518519 0.35911458333333335 0.6319444444444444 0.35052083333333334 0.6347222222222222 0.34322916666666664 0.6324074074074074 0.33958333333333335 0.6194444444444445 0.34088541666666666 0.6125 0.35052083333333334 0.6125
1 0.4265625 0.39861111111111114 0.43046875 0.40370370370370373 0.42890625 0.40879629629629627 0.42161458333333335 0.4074074074074074 0.42135416666666664 0.4041666666666667 0.42630208333333336 0.39861111111111114
2 0.3802083333333333 0.9259259259259259 0.3763020833333333 0.912962962962963 0.37552083333333336 0.8976851851851851 0.37916666666666665 0.8837962962962963 0.38333333333333336 0.8796296296296297 0.3885416666666667 0.8833333333333333 0.38697916666666665 0.8902777777777777 0.3890625 0.9013888888888889 0.3846354166666667 0.925 0.38359375 0.9273148148148148 0.38046875 0.9259259259259259
2 0.39010416666666664 0.5770833333333333 0.005729166666666666 0.01990740740740741
2 0.3140625 0.6731481481481482 0.31640625 0.6782407407407407 0.31640625 0.6875 0.3145833333333333 0.6953703703703704 0.3106770833333333 0.700925925925926 0.30755208333333334 0.6995370370370371 0.30807291666666664 0.6861111111111111 0.31015625 0.675 0.3138020833333333 0.6731481481481482