4 0.054427083333333334 0.7337962962962963 0.058854166666666666 0.7379629629629629 0.0609375 0.7574074074074074 0.06067708333333333 0.7699074074074074 0.055989583333333336 0.7870370370370371 0.05130208333333333 0.7962962962962963 0.0390625 0.8106481481481481 0.029166666666666667 0.8125 0.019270833333333334 0.8268518518518518 0 0.8245370370370371 0 0.7555555555555555 0.003125 0.7518518518518519 0.0036458333333333334 0.7379629629629629 0.01484375 0.7375 0.02265625 0.7407407407407407 0.03697916666666667 0.7342592592592593 0.05416666666666667 0.7337962962962963
4 0.4322916666666667 0.49953703703703706 0.43463541666666666 0.5046296296296297 0.43463541666666666 0.5152777777777777 0.43307291666666664 0.5175925925925926 0.4278645833333333 0.5175925925925926 0.42526041666666664 0.512962962962963 0.42682291666666666 0.5018518518518519 0.43203125 0.49953703703703706
4 0.4395833333333333 0.5407407407407407 0.4434895833333333 0.5435185185185185 0.4440104166666667 0.5574074074074075 0.44192708333333336 0.5601851851851852 0.43515625 0.5601851851851852 0.43411458333333336 0.5574074074074075 0.4354166666666667 0.5435185185185185 0.4393229166666667 0.5407407407407407
4 0.4005208333333333 0.9138888888888889 0.40911458333333334 0.924537037037037 0.40625 0.9699074074074074 0.40078125 0.9921296296296296 0.38515625 0.9953703703703703 0.3697916666666667 0.9925925925925926 0.3671875 0.9879629629629629 0.3671875 0.9629629629629629 0.37265625 0.9365740740740741 0.3736979166666667 0.9208333333333333 0.38125 0.913425925925926 0.4002604166666667 0.9138888888888889
4 0.45703125 0.5120370370370371 0.4583333333333333 0.5226851851851851 0.45677083333333335 0.5254629629629629 0.4513020833333333 0.525 0.44947916666666665 0.5208333333333334 0.4510416666666667 0.5120370370370371 0.45677083333333335 0.5120370370370371
4 0.41510416666666666 0.6990740740740741 0.421875 0.7055555555555556 0.42161458333333335 0.7240740740740741 0.41822916666666665 0.7356481481481482 0.4153645833333333 0.7388888888888889 0.40130208333333334 0.7407407407407407 0.39765625 0.7402777777777778 0.39609375 0.7337962962962963 0.396875 0.7199074074074074 0.40078125 0.7032407407407407 0.4041666666666667 0.6990740740740741 0.41484375 0.6990740740740741
4 0.0640625 0.8111111111111111 0.06796875 0.8138888888888889 0.06875 0.8208333333333333 0.07578125 0.8310185185185185 0.07708333333333334 0.8592592592592593 0.07447916666666667 0.8662037037037037 0.0640625 0.8800925925925925 0.04921875 0.8851851851851852 0.036458333333333336 0.8949074074074074 0.015625 0.8939814814814815 0.012239583333333333 0.8902777777777777 0.014583333333333334 0.8412037037037037 0.026041666666666668 0.8166666666666667 0.03046875 0.812962962962963 0.06380208333333333 0.8115740740740741
4 0.41770833333333335 0.5388888888888889 0.42526041666666664 0.5375 0.4278645833333333 0.5425925925925926 0.4276041666666667 0.5648148148148148 0.42552083333333335 0.5675925925925925 0.4171875 0.5675925925925925 0.41484375 0.5625 0.41458333333333336 0.55 0.41510416666666666 0.5435185185185185 0.41770833333333335 0.5393518518518519
4 0.3807291666666667 0.5138888888888888 0.38255208333333335 0.5199074074074074 0.38046875 0.5254629629629629 0.37604166666666666 0.5254629629629629 0.3734375 0.5203703703703704 0.37395833333333334 0.5152777777777777 0.38046875 0.5138888888888888
4 0.3736979166666667 0.8393518518518519 0.37994791666666666 0.8444444444444444 0.38125 0.8569444444444444 0.37994791666666666 0.8699074074074075 0.3731770833333333 0.8953703703703704 0.36666666666666664 0.8921296296296296 0.34609375 0.8949074074074074 0.34427083333333336 0.8819444444444444 0.34765625 0.8592592592592593 0.35234375 0.8425925925925926 0.359375 0.8379629629629629 0.3734375 0.8393518518518519
4 0.45364583333333336 0.6726851851851852 0.45651041666666664 0.6759259259259259 0.4578125 0.6842592592592592 0.45651041666666664 0.6981481481481482 0.4544270833333333 0.7013888888888888 0.4515625 0.6986111111111111 0.45 0.6837962962962963 0.45078125 0.675 0.45338541666666665 0.6726851851851852
4 0.12421875 0.7777777777777778 0.14479166666666668 0.7791666666666667 0.14479166666666668 0.8277777777777777 0.1328125 0.8296296296296296 0.12135416666666667 0.8425925925925926 0.11614583333333334 0.8435185185185186 0.1140625 0.8388888888888889 0.11328125 0.7967592592592593 0.109375 0.7925925925925926 0.11041666666666666 0.8037037037037037 0.10833333333333334 0.8231481481481482 0.10963541666666667 0.8328703703703704 0.10859375 0.8416666666666667 0.10572916666666667 0.8472222222222222 0.09817708333333333 0.8416666666666667 0.09557291666666666 0.8337962962962963 0.09166666666666666 0.8361111111111111 0.08828125 0.8328703703703704 0.08958333333333333 0.7962962962962963 0.09166666666666666 0.7916666666666666 0.10572916666666667 0.7800925925925926 0.11015625 0.7791666666666667 0.1125 0.7902777777777777 0.11432291666666666 0.7791666666666667 0.12395833333333334 0.7777777777777778
4 0.12604166666666666 0.8731481481481481 0.12526041666666668 0.8652777777777778 0.11875 0.8555555555555555 0.11770833333333333 0.8486111111111111 0.12630208333333334 0.8347222222222223 0.13619791666666667 0.8291666666666667 0.15833333333333333 0.8291666666666667 0.16041666666666668 0.8314814814814815 0.15833333333333333 0.8384259259259259 0.14817708333333332 0.8518518518518519 0.12630208333333334 0.8731481481481481
4 0.44583333333333336 0.5745370370370371 0.44817708333333334 0.5648148148148148 0.4510416666666667 0.5615740740740741 0.45755208333333336 0.5643518518518519 0.45703125 0.5777777777777777 0.44947916666666665 0.5796296296296296 0.44609375 0.5745370370370371
4 0.4453125 0.575462962962963 0.45026041666666666 0.5851851851851851 0.45026041666666666 0.5953703703703703 0.4473958333333333 0.6226851851851852 0.4427083333333333 0.6361111111111111 0.42682291666666666 0.6333333333333333 0.42526041666666664 0.6300925925925925 0.425 0.6166666666666667 0.43333333333333335 0.5782407407407407 0.44505208333333335 0.575462962962963
4 0.46041666666666664 0.6185185185185185 0.46510416666666665 0.6199074074074075 0.4661458333333333 0.625462962962963 0.46458333333333335 0.6462962962962963 0.4596354166666667 0.6541666666666667 0.45 0.6518518518518519 0.44895833333333335 0.6444444444444445 0.4510416666666667 0.6217592592592592 0.46015625 0.6185185185185185
4 0.45729166666666665 0.5402777777777777 0.46041666666666664 0.5513888888888889 0.45989583333333334 0.5574074074074075 0.45651041666666664 0.562037037037037 0.45026041666666666 0.5587962962962963 0.44947916666666665 0.5550925925925926 0.4510416666666667 0.5430555555555555 0.45703125 0.5402777777777777
2 0.325390625 0.7034722222222223 0.00859375 0.01990740740740741
2 0.42526041666666664 0.8055555555555556 0.42552083333333335 0.8171296296296297 0.421875 0.825462962962963 0.41848958333333336 0.8217592592592593 0.41796875 0.8064814814814815 0.425 0.8055555555555556
2 0.4546875 0.6768518518518518 0.45755208333333336 0.6824074074074075 0.4578125 0.6898148148148148 0.4544270833333333 0.7013888888888888 0.4515625 0.6995370370370371 0.45078125 0.6921296296296297 0.4510416666666667 0.6787037037037037 0.4544270833333333 0.6768518518518518
2 0.43255208333333334 0.7277777777777777 0.434375 0.7351851851851852 0.4322916666666667 0.750462962962963 0.42890625 0.749537037037037 0.4276041666666667 0.7342592592592593 0.42890625 0.7277777777777777 0.4322916666666667 0.7277777777777777