4 0.478125 0.48194444444444445 0.48203125 0.487962962962963 0.48203125 0.5078703703703704 0.47630208333333335 0.5101851851851852 0.4708333333333333 0.5083333333333333 0.4705729166666667 0.4935185185185185 0.4734375 0.4824074074074074 0.4778645833333333 0.48194444444444445
4 0.4473958333333333 0.4356481481481482 0.44973958333333336 0.4486111111111111 0.446875 0.45185185185185184 0.44166666666666665 0.45092592592592595 0.44036458333333334 0.44583333333333336 0.4427083333333333 0.4356481481481482 0.4471354166666667 0.4356481481481482
4 0.4471354166666667 0.38981481481481484 0.44973958333333336 0.3976851851851852 0.4466145833333333 0.4013888888888889 0.44244791666666666 0.4013888888888889 0.44192708333333336 0.39351851851851855 0.446875 0.38981481481481484
4 0.46822916666666664 0.44814814814814813 0.47161458333333334 0.4537037037037037 0.4703125 0.4685185185185185 0.4627604166666667 0.46805555555555556 0.459375 0.4634259259259259 0.459375 0.449537037037037 0.46796875 0.44814814814814813
4 0.05078125 0.7791666666666667 0.0546875 0.7898148148148149 0.053385416666666664 0.7967592592592593 0.022135416666666668 0.8333333333333334 0.011979166666666667 0.8555555555555555 0.007291666666666667 0.8564814814814815 0.0015625 0.8629629629629629 0 0.8629629629629629 0 0.8476851851851852 0.003125 0.8453703703703703 0.002864583333333333 0.8305555555555556 0.0018229166666666667 0.8245370370370371 0 0.8240740740740741 0 0.8087962962962963 0.02890625 0.7819444444444444 0.050520833333333334 0.7791666666666667
4 0.4296875 0.5657407407407408 0.43333333333333335 0.5675925925925925 0.43307291666666664 0.5907407407407408 0.43072916666666666 0.5986111111111111 0.42552083333333335 0.6 0.41875 0.5981481481481481 0.41848958333333336 0.5837962962962963 0.421875 0.5675925925925925 0.42942708333333335 0.5657407407407408
4 0.1703125 0.8240740740740741 0.17317708333333334 0.8291666666666667 0.17447916666666666 0.8393518518518519 0.175 0.8731481481481481 0.171875 0.8819444444444444 0.15208333333333332 0.9046296296296297 0.14895833333333333 0.9013888888888889 0.14739583333333334 0.8912037037037037 0.14635416666666667 0.8972222222222223 0.14244791666666667 0.9018518518518519 0.12317708333333334 0.9004629629629629 0.121875 0.8550925925925926 0.13723958333333333 0.8314814814814815 0.15416666666666667 0.8291666666666667 0.16119791666666666 0.8231481481481482 0.17005208333333333 0.8240740740740741
4 0.45078125 0.4634259259259259 0.0078125 0.012962962962962963
4 0.4322916666666667 0.6467592592592593 0.4315104166666667 0.6314814814814815 0.4348958333333333 0.6236111111111111 0.43723958333333335 0.6296296296296297 0.43697916666666664 0.6388888888888888 0.4356770833333333 0.6472222222222223 0.43255208333333334 0.6467592592592593
4 0.10260416666666666 0.8925925925925926 0.11328125 0.9078703703703703 0.1125 0.9194444444444444 0.11510416666666666 0.9407407407407408 0.12682291666666667 0.9351851851851852 0.12864583333333332 0.9416666666666667 0.1265625 0.9550925925925926 0.12161458333333333 0.9662037037037037 0.11822916666666666 0.9685185185185186 0.11276041666666667 0.9643518518518519 0.10546875 0.9875 0.09895833333333333 0.9953703703703703 0.08515625 0.9893518518518518 0.05859375 0.9912037037037037 0.05703125 0.9884259259259259 0.05546875 0.9657407407407408 0.05651041666666667 0.925 0.06744791666666666 0.8953703703703704 0.08802083333333334 0.8962962962962963 0.10234375 0.8925925925925926
4 0.44583333333333336 0.4217592592592593 0.44817708333333334 0.43148148148148147 0.4432291666666667 0.4337962962962963 0.44114583333333335 0.425 0.44557291666666665 0.4217592592592593
4 0.38776041666666666 0.6425925925925926 0.3927083333333333 0.6472222222222223 0.3893229166666667 0.6819444444444445 0.3846354166666667 0.687037037037037 0.3736979166666667 0.687962962962963 0.37083333333333335 0.6847222222222222 0.3703125 0.6754629629629629 0.37526041666666665 0.6504629629629629 0.37864583333333335 0.6439814814814815 0.3875 0.6425925925925926
4 0.50859375 0.5023148148148148 0.5166666666666667 0.5055555555555555 0.5174479166666667 0.5185185185185185 0.5122395833333333 0.5203703703703704 0.49322916666666666 0.5166666666666667 0.49244791666666665 0.5106481481481482 0.4947916666666667 0.5055555555555555 0.5083333333333333 0.5027777777777778
4 0.2830729166666667 0.9046296296296297 0.28984375 0.9087962962962963 0.2911458333333333 0.9222222222222223 0.2872395833333333 0.937037037037037 0.2828125 0.9444444444444444 0.28072916666666664 0.9384259259259259 0.28072916666666664 0.9148148148148149 0.2828125 0.9050925925925926
4 0.08697916666666666 0.7800925925925926 0.0921875 0.788425925925926 0.09296875 0.8101851851851852 0.08880208333333334 0.8208333333333333 0.08567708333333333 0.837037037037037 0.07942708333333333 0.8453703703703703 0.06927083333333334 0.8712962962962963 0.048177083333333336 0.8976851851851851 0.026041666666666668 0.9013888888888889 0.011979166666666667 0.9013888888888889 0.009635416666666667 0.8981481481481481 0.007552083333333333 0.8875 0 0.8791666666666667 0 0.8726851851851852 0.0018229166666666667 0.8722222222222222 0.004427083333333333 0.862037037037037 0.01171875 0.8546296296296296 0.024739583333333332 0.8287037037037037 0.05130208333333333 0.799537037037037 0.06015625 0.7828703703703703 0.07005208333333333 0.7787037037037037 0.08671875 0.7800925925925926
4 0.46536458333333336 0.47314814814814815 0.46875 0.475 0.4705729166666667 0.4824074074074074 0.4703125 0.487962962962963 0.4671875 0.49212962962962964 0.45989583333333334 0.48842592592592593 0.46067708333333335 0.47638888888888886 0.46510416666666665 0.47314814814814815
4 0.4356770833333333 0.40185185185185185 0.43984375 0.40555555555555556 0.4395833333333333 0.41435185185185186 0.4328125 0.41203703703703703 0.43307291666666664 0.4050925925925926 0.4354166666666667 0.4023148148148148
4 0.1734375 0.8916666666666667 0.18645833333333334 0.8953703703703704 0.1890625 0.9023148148148148 0.18984375 0.9148148148148149 0.17630208333333333 0.9425925925925925 0.16510416666666666 0.9587962962962963 0.15677083333333333 0.9541666666666667 0.153125 0.9462962962962963 0.15104166666666666 0.9175925925925926 0.1609375 0.8944444444444445 0.17317708333333334 0.8916666666666667
3 0.02421875 0.9282407407407407 0.033854166666666664 0.9375 0.03984375 0.9643518518518519 0.049479166666666664 0.9611111111111111 0.05364583333333333 0.9629629629629629 0.05546875 0.9703703703703703 0.05572916666666667 0.9884259259259259 0.054427083333333334 0.9944444444444445 0.04973958333333333 0.999537037037037 0.03697916666666667 0.999537037037037 0.033854166666666664 0.9962962962962963 0.02109375 0.999537037037037 0 0.9976851851851852 0 0.9324074074074075 0.023958333333333335 0.9282407407407407
1 0.5052083333333334 0.5115740740740741 0.025520833333333333 0.017592592592592594
1 0.46119791666666665 0.6148148148148148 0.46458333333333335 0.6189814814814815 0.4627604166666667 0.6425925925925926 0.44947916666666665 0.6425925925925926 0.44817708333333334 0.6398148148148148 0.45078125 0.6162037037037037 0.4609375 0.6148148148148148
1 0.3731770833333333 0.7583333333333333 0.3765625 0.7805555555555556 0.37057291666666664 0.8046296296296296 0.3684895833333333 0.8074074074074075 0.35859375 0.8083333333333333 0.35234375 0.8078703703703703 0.35104166666666664 0.8037037037037037 0.3533854166666667 0.7796296296296297 0.3606770833333333 0.7597222222222222 0.3729166666666667 0.7583333333333333
1 0.4427083333333333 0.4217592592592593 0.44609375 0.4217592592592593 0.4484375 0.4287037037037037 0.4471354166666667 0.4324074074074074 0.44244791666666666 0.43333333333333335 0.44088541666666664 0.42777777777777776 0.4427083333333333 0.4222222222222222
1 0.465625 0.4935185185185185 0.46770833333333334 0.5037037037037037 0.4640625 0.5101851851851852 0.45651041666666664 0.5092592592592593 0.45625 0.5013888888888889 0.45989583333333334 0.4925925925925926 0.46536458333333336 0.4935185185185185
1 0.43671875 0.4263888888888889 0.44036458333333334 0.43148148148148147 0.440625 0.4361111111111111 0.4356770833333333 0.4393518518518518 0.43203125 0.4375 0.4317708333333333 0.43194444444444446 0.43333333333333335 0.42685185185185187 0.43645833333333334 0.4263888888888889
2 0.3419270833333333 0.6828703703703703 0.3455729166666667 0.6875 0.34270833333333334 0.7064814814814815 0.3385416666666667 0.711574074074074 0.33567708333333335 0.7064814814814815 0.33671875 0.6898148148148148 0.3416666666666667 0.6833333333333333
2 0.28411458333333334 0.9120370370370371 0.28958333333333336 0.9138888888888889 0.2908854166666667 0.9231481481481482 0.28984375 0.9314814814814815 0.2828125 0.9449074074074074 0.28098958333333335 0.9412037037037037 0.28046875 0.925 0.28125 0.9148148148148149 0.2838541666666667 0.9120370370370371
2 0.4322916666666667 0.6462962962962963 0.43203125 0.6319444444444444 0.4354166666666667 0.6263888888888889 0.43697916666666664 0.6305555555555555 0.4356770833333333 0.6472222222222223 0.43255208333333334 0.6462962962962963