4 0.18229166666666666 0.8861111111111111 0.1921875 0.8893518518518518 0.19583333333333333 0.9046296296296297 0.19270833333333334 0.9185185185185185 0.17161458333333332 0.9527777777777777 0.16067708333333333 0.9458333333333333 0.1578125 0.9259259259259259 0.15911458333333334 0.9041666666666667 0.17057291666666666 0.8865740740740741 0.18203125 0.8861111111111111
4 0.46927083333333336 0.3768518518518518 0.4705729166666667 0.38101851851851853 0.46848958333333335 0.3851851851851852 0.4640625 0.38333333333333336 0.465625 0.37777777777777777 0.46901041666666665 0.3768518518518518
4 0.34921875 0.7731481481481481 0.35078125 0.7759259259259259 0.35104166666666664 0.8037037037037037 0.3416666666666667 0.8379629629629629 0.3375 0.8421296296296297 0.32135416666666666 0.8430555555555556 0.3182291666666667 0.8384259259259259 0.3177083333333333 0.8273148148148148 0.3234375 0.7935185185185185 0.328125 0.7796296296296297 0.334375 0.7726851851851851 0.3489583333333333 0.7731481481481481
4 0.48125 0.45925925925925926 0.48489583333333336 0.46296296296296297 0.48541666666666666 0.4722222222222222 0.4825520833333333 0.4810185185185185 0.478125 0.48564814814814816 0.47421875 0.48055555555555557 0.475 0.46620370370370373 0.47682291666666665 0.46111111111111114 0.48098958333333336 0.45925925925925926
4 0.05260416666666667 0.7763888888888889 0.06067708333333333 0.7810185185185186 0.06276041666666667 0.7861111111111111 0.06197916666666667 0.7907407407407407 0.030989583333333334 0.8328703703703704 0.019010416666666665 0.8435185185185186 0.017708333333333333 0.8416666666666667 0.0234375 0.8310185185185185 0.021614583333333333 0.8134259259259259 0.019010416666666665 0.812037037037037 0.0140625 0.8180555555555555 0.01015625 0.8287037037037037 0.006510416666666667 0.8291666666666667 0 0.8282407407407407 0 0.8115740740740741 0.03515625 0.7791666666666667 0.05234375 0.7763888888888889
4 0.14140625 0.8240740740740741 0.14322916666666666 0.8277777777777777 0.14036458333333332 0.8328703703703704 0.13697916666666668 0.8337962962962963 0.13125 0.8458333333333333 0.12395833333333334 0.8828703703703704 0.11979166666666667 0.8842592592592593 0.11588541666666667 0.8902777777777777 0.12005208333333334 0.8962962962962963 0.12291666666666666 0.9115740740740741 0.14010416666666667 0.9138888888888889 0.14114583333333333 0.9148148148148149 0.13671875 0.9199074074074074 0.13619791666666667 0.925 0.140625 0.9282407407407407 0.14401041666666667 0.9231481481481482 0.14401041666666667 0.9300925925925926 0.13020833333333334 0.9532407407407407 0.12239583333333333 0.961574074074074 0.11614583333333334 0.9773148148148149 0.10572916666666667 0.9847222222222223 0.09479166666666666 0.9805555555555555 0.071875 0.9819444444444444 0.06588541666666667 0.975462962962963 0.065625 0.9055555555555556 0.06276041666666667 0.8939814814814815 0.10026041666666667 0.8361111111111111 0.11927083333333334 0.8245370370370371 0.14114583333333333 0.8240740740740741
4 0.453125 0.47175925925925927 0.4557291666666667 0.47962962962962963 0.45390625 0.4847222222222222 0.44869791666666664 0.4847222222222222 0.4473958333333333 0.4810185185185185 0.44869791666666664 0.4736111111111111 0.45286458333333335 0.47175925925925927
4 0.19817708333333334 0.8694444444444445 0.20442708333333334 0.8652777777777778 0.21510416666666668 0.8652777777777778 0.2171875 0.8662037037037037 0.21692708333333333 0.8708333333333333 0.17526041666666667 0.9495370370370371 0.17109375 0.9518518518518518 0.16171875 0.9462962962962963 0.15807291666666667 0.9282407407407407 0.15885416666666666 0.9041666666666667 0.16484375 0.8935185185185185 0.17239583333333333 0.8856481481481482 0.1890625 0.8856481481481482 0.19609375 0.8773148148148148 0.19817708333333334 0.8699074074074075
4 0.44296875 0.45740740740740743 0.44583333333333336 0.4666666666666667 0.4432291666666667 0.47453703703703703 0.43645833333333334 0.4736111111111111 0.4375 0.4597222222222222 0.4427083333333333 0.45740740740740743
4 0.171875 0.8203703703703704 0.17864583333333334 0.8245370370370371 0.17994791666666668 0.8287037037037037 0.18020833333333333 0.8694444444444445 0.17578125 0.8800925925925925 0.159375 0.8976851851851851 0.15442708333333333 0.8930555555555556 0.15078125 0.8972222222222223 0.13645833333333332 0.8958333333333334 0.13020833333333334 0.8916666666666667 0.12916666666666668 0.8518518518518519 0.13359375 0.8421296296296297 0.14713541666666666 0.8236111111111111 0.17161458333333332 0.8203703703703704
4 0.5130208333333334 0.5050925925925925 0.5171875 0.5083333333333333 0.5182291666666666 0.512962962962963 0.5184895833333333 0.5185185185185185 0.515625 0.5226851851851851 0.49453125 0.5199074074074074 0.49244791666666665 0.5152777777777777 0.4940104166666667 0.5083333333333333 0.5127604166666667 0.5050925925925925
4 0.46770833333333334 0.46111111111111114 0.4703125 0.4625 0.4713541666666667 0.4675925925925926 0.4703125 0.4773148148148148 0.46328125 0.475 0.46145833333333336 0.4703703703703704 0.4630208333333333 0.4625 0.4674479166666667 0.46111111111111114
4 0.09609375 0.7759259259259259 0.09895833333333333 0.7870370370370371 0.09921875 0.8037037037037037 0.090625 0.8379629629629629 0.08307291666666666 0.8486111111111111 0.07447916666666667 0.8712962962962963 0.06145833333333333 0.887962962962963 0.044270833333333336 0.8944444444444445 0.029947916666666668 0.8935185185185185 0.028125 0.8722222222222222 0.026041666666666668 0.8689814814814815 0.015364583333333333 0.8828703703703704 0.009375 0.8828703703703704 0.009375 0.8662037037037037 0.017708333333333333 0.8523148148148149 0.01796875 0.8453703703703703 0.030208333333333334 0.8333333333333334 0.0359375 0.8222222222222222 0.052083333333333336 0.8041666666666667 0.0671875 0.7819444444444444 0.08125 0.7754629629629629 0.09583333333333334 0.7759259259259259
4 0.03411458333333333 0.9189814814814815 0.0453125 0.9347222222222222 0.04895833333333333 0.9736111111111111 0.04635416666666667 0.9814814814814815 0.029947916666666668 0.9875 0 0.9833333333333333 0 0.924074074074074 0.033854166666666664 0.9189814814814815
4 0.046875 0.9810185185185185 0.049479166666666664 0.9888888888888889 0.058854166666666666 0.9944444444444445 0.05911458333333333 0.999537037037037 0 0.999537037037037 0 0.9916666666666667 0.005208333333333333 0.9851851851851852 0.03411458333333333 0.987037037037037 0.046614583333333334 0.9810185185185185
4 0.46588541666666666 0.475462962962963 0.46822916666666664 0.4773148148148148 0.46901041666666665 0.4824074074074074 0.46901041666666665 0.49074074074074076 0.4674479166666667 0.4925925925925926 0.45989583333333334 0.49212962962962964 0.4591145833333333 0.4888888888888889 0.46171875 0.47685185185185186 0.465625 0.475462962962963
4 0.4427083333333333 0.3787037037037037 0.44505208333333335 0.387037037037037 0.4401041666666667 0.3902777777777778 0.43645833333333334 0.38842592592592595 0.43671875 0.38101851851851853 0.44244791666666666 0.3787037037037037
4 0.40572916666666664 0.6569444444444444 0.40963541666666664 0.6601851851851852 0.41041666666666665 0.6782407407407407 0.4078125 0.6958333333333333 0.4044270833333333 0.7037037037037037 0.39036458333333335 0.7037037037037037 0.38828125 0.6986111111111111 0.39166666666666666 0.6675925925925926 0.39401041666666664 0.6601851851851852 0.40546875 0.6569444444444444
4 0.11067708333333333 0.8861111111111111 0.12109375 0.9009259259259259 0.12083333333333333 0.9115740740740741 0.12317708333333334 0.9236111111111112 0.13177083333333334 0.9222222222222223 0.13515625 0.924537037037037 0.1359375 0.9425925925925925 0.13385416666666666 0.9495370370370371 0.12239583333333333 0.9634259259259259 0.11692708333333333 0.9791666666666666 0.10651041666666666 0.9861111111111112 0.09505208333333333 0.9810185185185185 0.07395833333333333 0.9828703703703704 0.06666666666666667 0.9773148148148149 0.06510416666666667 0.9731481481481481 0.06588541666666667 0.9148148148148149 0.0765625 0.8875 0.11041666666666666 0.8861111111111111
1 0.4674479166666667 0.3768518518518518 0.4705729166666667 0.37962962962962965 0.4703125 0.3837962962962963 0.46796875 0.3851851851851852 0.46432291666666664 0.3837962962962963 0.4671875 0.3768518518518518
1 0.50859375 0.5046296296296297 0.5166666666666667 0.5078703703703704 0.5182291666666666 0.5185185185185185 0.5153645833333333 0.5222222222222223 0.5026041666666666 0.5189814814814815 0.5036458333333333 0.5152777777777777 0.5015625 0.5115740740740741 0.5005208333333333 0.5189814814814815 0.4934895833333333 0.5189814814814815 0.49244791666666665 0.5152777777777777 0.4942708333333333 0.5083333333333333 0.5083333333333333 0.5050925925925925
1 0.4671875 0.5560185185185185 0.47239583333333335 0.5606481481481481 0.47265625 0.5745370370370371 0.4708333333333333 0.5782407407407407 0.45989583333333334 0.5768518518518518 0.46067708333333335 0.5583333333333333 0.4669270833333333 0.5560185185185185
1 0.440625 0.4412037037037037 0.44375 0.4449074074074074 0.44427083333333334 0.4527777777777778 0.44036458333333334 0.45555555555555555 0.4354166666666667 0.4513888888888889 0.4359375 0.44305555555555554 0.44036458333333334 0.4412037037037037
1 0.4700520833333333 0.4625 0.4713541666666667 0.46944444444444444 0.4703125 0.4759259259259259 0.4635416666666667 0.475 0.46197916666666666 0.4703703703703704 0.46328125 0.4625 0.46979166666666666 0.4625
1 0.45078125 0.4497685185185185 0.008333333333333333 0.0125
1 0.4390625 0.4166666666666667 0.44296875 0.4162037037037037 0.44557291666666665 0.42407407407407405 0.44505208333333335 0.4287037037037037 0.43828125 0.4287037037037037 0.4390625 0.41712962962962963