4 0.46458333333333335 0.5166666666666667 0.46770833333333334 0.5222222222222223 0.4666666666666667 0.537962962962963 0.4596354166666667 0.537962962962963 0.4583333333333333 0.5342592592592592 0.45989583333333334 0.5185185185185185 0.46432291666666664 0.5166666666666667
4 0.40859375 0.987037037037037 0.41484375 0.9898148148148148 0.41875 0.999537037037037 0.3854166666666667 0.999537037037037 0.3859375 0.9944444444444445 0.39010416666666664 0.9935185185185185 0.39427083333333335 0.9879629629629629 0.4083333333333333 0.987037037037037
4 0.036458333333333336 0.8444444444444444 0.04010416666666667 0.8467592592592592 0.04348958333333333 0.8657407407407407 0.040625 0.899074074074074 0.03411458333333333 0.9148148148148149 0.021354166666666667 0.9314814814814815 0.0125 0.9541666666666667 0.0018229166666666667 0.9671296296296297 0 0.9671296296296297 0 0.8587962962962963 0.01171875 0.8467592592592592 0.03619791666666667 0.8444444444444444
4 0.125 0.8935185185185185 0.12994791666666666 0.9004629629629629 0.13125 0.9166666666666666 0.13333333333333333 0.9217592592592593 0.13151041666666666 0.9277777777777778 0.13098958333333333 0.9550925925925926 0.10572916666666667 0.9912037037037037 0.09921875 0.9949074074074075 0.08541666666666667 0.9944444444444445 0.07291666666666667 0.9814814814814815 0.07109375 0.9740740740740741 0.07161458333333333 0.9324074074074075 0.08880208333333334 0.9069444444444444 0.09479166666666666 0.9032407407407408 0.10911458333333333 0.9032407407407408 0.11640625 0.8944444444444445 0.12473958333333333 0.8935185185185185
4 0.93203125 0.44027777777777777 0.9328125 0.4462962962962963 0.9296875 0.44814814814814813 0.9252604166666667 0.4476851851851852 0.9239583333333333 0.44212962962962965 0.9263020833333333 0.4393518518518518 0.9317708333333333 0.44027777777777777
4 0.459375 0.6023148148148149 0.0125 0.022222222222222223
4 0.4390625 0.4115740740740741 0.44140625 0.4148148148148148 0.44114583333333335 0.425462962962963 0.4390625 0.42777777777777776 0.43385416666666665 0.425462962962963 0.43463541666666666 0.41388888888888886 0.4388020833333333 0.41203703703703703
3 0.43046875 0.43194444444444446 0.4356770833333333 0.44027777777777777 0.4356770833333333 0.46111111111111114 0.4276041666666667 0.4601851851851852 0.4244791666666667 0.45416666666666666 0.4239583333333333 0.4351851851851852 0.42552083333333335 0.43148148148148147 0.43020833333333336 0.43194444444444446
1 0.5783854166666667 0.5689814814814815 0.58515625 0.5726851851851852 0.5903645833333333 0.5824074074074074 0.5911458333333334 0.5847222222222223 0.5869791666666667 0.5884259259259259 0.5690104166666666 0.5842592592592593 0.5684895833333333 0.5768518518518518 0.5700520833333333 0.5722222222222222 0.578125 0.5689814814814815
1 0.42864583333333334 0.625462962962963 0.4395833333333333 0.625 0.4427083333333333 0.6296296296296297 0.4401041666666667 0.6513888888888889 0.42864583333333334 0.6518518518518519 0.42604166666666665 0.6476851851851851 0.42864583333333334 0.6259259259259259
1 0.4393229166666667 0.7782407407407408 0.44635416666666666 0.7819444444444444 0.44765625 0.7856481481481481 0.44635416666666666 0.8078703703703703 0.44244791666666666 0.8231481481481482 0.425 0.8231481481481482 0.42291666666666666 0.8166666666666667 0.42473958333333334 0.7828703703703703 0.43203125 0.7782407407407408 0.4390625 0.7782407407407408
1 0.3697916666666667 0.7777777777777778 0.3734375 0.7856481481481481 0.3731770833333333 0.8106481481481481 0.36666666666666664 0.8300925925925926 0.35963541666666665 0.8324074074074074 0.34661458333333334 0.8300925925925926 0.34713541666666664 0.8009259259259259 0.35651041666666666 0.7796296296296297 0.36953125 0.7777777777777778
1 0.39166666666666666 0.6296296296296297 0.39401041666666664 0.6310185185185185 0.3953125 0.6365740740740741 0.39453125 0.6611111111111111 0.39088541666666665 0.6662037037037037 0.3807291666666667 0.6666666666666666 0.3765625 0.6652777777777777 0.37578125 0.6578703703703703 0.37994791666666666 0.6388888888888888 0.38333333333333336 0.6310185185185185 0.39140625 0.6296296296296297
1 0.4192708333333333 0.7092592592592593 0.425 0.7148148148148148 0.42421875 0.7305555555555555 0.42161458333333335 0.7425925925925926 0.41953125 0.7449074074074075 0.40677083333333336 0.7449074074074075 0.4044270833333333 0.7375 0.40729166666666666 0.7134259259259259 0.41119791666666666 0.7087962962962963 0.41901041666666666 0.7092592592592593