4 0.453125 0.5407407407407407 0.45859375 0.5444444444444444 0.45989583333333334 0.5537037037037037 0.4510416666666667 0.5546296296296296 0.45 0.5467592592592593 0.45286458333333335 0.5412037037037037
4 0.05390625 0.7333333333333333 0.05677083333333333 0.7375 0.058333333333333334 0.7643518518518518 0.052083333333333336 0.7930555555555555 0.04114583333333333 0.8027777777777778 0.023958333333333335 0.8060185185185185 0.015625 0.8226851851851852 0.0078125 0.8166666666666667 0.004427083333333333 0.8027777777777778 0 0.8013888888888889 0 0.7379629629629629 0.012239583333333333 0.7356481481481482 0.019010416666666665 0.7398148148148148 0.034375 0.7347222222222223 0.05364583333333333 0.7333333333333333
4 0.42864583333333334 0.5541666666666667 0.43072916666666666 0.5569444444444445 0.43046875 0.5796296296296296 0.42239583333333336 0.5828703703703704 0.41822916666666665 0.5796296296296296 0.41796875 0.5592592592592592 0.42161458333333335 0.5546296296296296 0.4283854166666667 0.5541666666666667
4 0.44973958333333336 0.5875 0.4552083333333333 0.5925925925925926 0.45598958333333334 0.6032407407407407 0.45390625 0.6064814814814815 0.4471354166666667 0.6060185185185185 0.4440104166666667 0.6013888888888889 0.44609375 0.5898148148148148 0.44947916666666665 0.5875
4 0.4510416666666667 0.6550925925925926 0.45807291666666666 0.6564814814814814 0.46015625 0.6606481481481481 0.46041666666666664 0.6759259259259259 0.45807291666666666 0.6893518518518519 0.453125 0.6958333333333333 0.44609375 0.6958333333333333 0.44036458333333334 0.6893518518518519 0.44296875 0.6611111111111111 0.4453125 0.6564814814814814 0.45078125 0.6550925925925926
4 0.0625 0.8032407407407407 0.06484375 0.8143518518518519 0.07005208333333333 0.8222222222222222 0.07265625 0.8310185185185185 0.071875 0.8449074074074074 0.06796875 0.8486111111111111 0.065625 0.8611111111111112 0.06536458333333334 0.8972222222222223 0.06067708333333333 0.8986111111111111 0.0609375 0.9078703703703703 0.05703125 0.9143518518518519 0.050520833333333334 0.9185185185185185 0.046614583333333334 0.9037037037037037 0.044270833333333336 0.9106481481481481 0.04453125 0.9185185185185185 0.03984375 0.9236111111111112 0.028385416666666666 0.9143518518518519 0.027083333333333334 0.8828703703703704 0.010416666666666666 0.874537037037037 0.012239583333333333 0.8555555555555555 0.01171875 0.8319444444444445 0.018489583333333334 0.8199074074074074 0.020572916666666666 0.8111111111111111 0.025260416666666667 0.8055555555555556 0.062239583333333334 0.8032407407407407
4 0.40078125 0.7425925925925926 0.409375 0.7513888888888889 0.4088541666666667 0.7731481481481481 0.4044270833333333 0.7865740740740741 0.39140625 0.7898148148148149 0.38046875 0.7861111111111111 0.3807291666666667 0.7680555555555556 0.38359375 0.7537037037037037 0.3880208333333333 0.7449074074074075 0.4005208333333333 0.7425925925925926
4 0.45651041666666664 0.5685185185185185 0.46015625 0.5773148148148148 0.45651041666666664 0.5916666666666667 0.44973958333333336 0.5893518518518519 0.44817708333333334 0.5824074074074074 0.45260416666666664 0.5694444444444444 0.45625 0.5685185185185185
4 0.45729166666666665 0.5305555555555556 0.4591145833333333 0.5370370370370371 0.4557291666666667 0.5402777777777777 0.44973958333333336 0.537962962962963 0.44895833333333335 0.5324074074074074 0.45208333333333334 0.5287037037037037 0.45703125 0.5305555555555556
4 0.12604166666666666 0.7768518518518519 0.1421875 0.7791666666666667 0.14192708333333334 0.8240740740740741 0.12994791666666666 0.825462962962963 0.11796875 0.8333333333333334 0.11145833333333334 0.8300925925925926 0.10911458333333333 0.8185185185185185 0.10755208333333334 0.8347222222222223 0.10234375 0.8439814814814814 0.08828125 0.8425925925925926 0.08411458333333334 0.8384259259259259 0.08619791666666667 0.7930555555555555 0.09166666666666666 0.7875 0.10390625 0.7856481481481481 0.10729166666666666 0.7921296296296296 0.10442708333333334 0.8027777777777778 0.10625 0.8087962962962963 0.11015625 0.8032407407407407 0.11171875 0.7791666666666667 0.12578125 0.7768518518518519
4 0.43984375 0.5583333333333333 0.4440104166666667 0.5638888888888889 0.44479166666666664 0.5777777777777777 0.43802083333333336 0.5796296296296296 0.4348958333333333 0.5787037037037037 0.434375 0.5708333333333333 0.43515625 0.5648148148148148 0.4395833333333333 0.5583333333333333
4 0.4244791666666667 0.5083333333333333 0.425 0.5143518518518518 0.42265625 0.5171296296296296 0.41875 0.5157407407407407 0.41901041666666666 0.5097222222222222 0.42109375 0.5069444444444444 0.42421875 0.5083333333333333
4 0.4427083333333333 0.600925925925926 0.4471354166666667 0.6060185185185185 0.44817708333333334 0.612037037037037 0.4473958333333333 0.6356481481481482 0.4421875 0.6606481481481481 0.4361979166666667 0.6657407407407407 0.42213541666666665 0.6638888888888889 0.42109375 0.6407407407407407 0.42682291666666666 0.6208333333333333 0.42890625 0.6050925925925926 0.4315104166666667 0.6013888888888889 0.44244791666666666 0.600925925925926
4 0.4356770833333333 0.5120370370370371 0.4393229166666667 0.5152777777777777 0.4401041666666667 0.5222222222222223 0.43385416666666665 0.5222222222222223 0.43333333333333335 0.5166666666666667 0.4354166666666667 0.5125
4 0.42890625 0.5208333333333334 0.43255208333333334 0.5259259259259259 0.4322916666666667 0.5361111111111111 0.42994791666666665 0.538425925925926 0.42526041666666664 0.537962962962963 0.42421875 0.5337962962962963 0.42526041666666664 0.5231481481481481 0.42864583333333334 0.5208333333333334
4 0.34270833333333334 0.9097222222222222 0.3533854166666667 0.9143518518518519 0.35546875 0.9305555555555556 0.3541666666666667 0.9458333333333333 0.34765625 0.9601851851851851 0.34375 0.9800925925925926 0.3416666666666667 0.9824074074074074 0.33619791666666665 0.9782407407407407 0.3221354166666667 0.9787037037037037 0.31171875 0.9828703703703704 0.3078125 0.9777777777777777 0.3072916666666667 0.9657407407407408 0.30911458333333336 0.9486111111111111 0.31692708333333336 0.9180555555555555 0.32473958333333336 0.9101851851851852 0.3424479166666667 0.9097222222222222
4 0.4708333333333333 0.5847222222222223 0.47369791666666666 0.586574074074074 0.4744791666666667 0.5949074074074074 0.4703125 0.6023148148148149 0.46796875 0.5995370370370371 0.4674479166666667 0.5916666666666667 0.4705729166666667 0.5847222222222223
1 0.45598958333333334 0.5412037037037037 0.45989583333333334 0.549537037037037 0.45989583333333334 0.5537037037037037 0.45703125 0.5555555555555556 0.4518229166666667 0.5550925925925926 0.45 0.5504629629629629 0.45234375 0.5416666666666666 0.4557291666666667 0.5412037037037037
1 0.4510416666666667 0.5875 0.45598958333333334 0.5912037037037037 0.45598958333333334 0.6027777777777777 0.45364583333333336 0.6064814814814815 0.44427083333333334 0.6023148148148149 0.44609375 0.5907407407407408 0.45078125 0.5875
2 0.47317708333333336 0.5879629629629629 0.4739583333333333 0.5967592592592592 0.4703125 0.6023148148148149 0.46796875 0.6 0.4674479166666667 0.5916666666666667 0.4703125 0.586574074074074 0.47291666666666665 0.5879629629629629
2 0.39947916666666666 0.887962962962963 0.40234375 0.8898148148148148 0.40520833333333334 0.8972222222222223 0.4044270833333333 0.9074074074074074 0.4010416666666667 0.9162037037037037 0.39739583333333334 0.9162037037037037 0.39453125 0.9050925925925926 0.39479166666666665 0.8902777777777777 0.39921875 0.887962962962963