4 0.21276041666666667 0.8638888888888889 0.22890625 0.8662037037037037 0.22552083333333334 0.887962962962963 0.22734375 0.9032407407407408 0.21484375 0.9083333333333333 0.19635416666666666 0.9268518518518518 0.18958333333333333 0.925 0.18541666666666667 0.9185185185185185 0.19140625 0.9004629629629629 0.19088541666666667 0.8796296296296297 0.20130208333333333 0.8652777777777778 0.2125 0.8638888888888889
4 0.0421875 0.7865740740740741 0.057291666666666664 0.7898148148148149 0.0578125 0.8291666666666667 0.06171875 0.8412037037037037 0.06067708333333333 0.8638888888888889 0.054947916666666666 0.8726851851851852 0.04375 0.8805555555555555 0.029166666666666667 0.8782407407407408 0.023177083333333334 0.8699074074074075 0.03203125 0.8527777777777777 0.026041666666666668 0.8342592592592593 0.034895833333333334 0.8240740740740741 0.026302083333333334 0.8189814814814815 0.009635416666666667 0.8185185185185185 0.007552083333333333 0.8148148148148148 0.01171875 0.7976851851851852 0.019010416666666665 0.7861111111111111 0.04088541666666667 0.7828703703703703 0.04192708333333333 0.7865740740740741
4 0.44296875 0.6643518518518519 0.4479166666666667 0.6685185185185185 0.44947916666666665 0.6851851851851852 0.4393229166666667 0.6856481481481481 0.4354166666666667 0.675 0.43828125 0.6675925925925926 0.4427083333333333 0.6643518518518519
4 0.33177083333333335 0.8106481481481481 0.33541666666666664 0.8212962962962963 0.3341145833333333 0.8467592592592592 0.3296875 0.85 0.32447916666666665 0.8611111111111112 0.3140625 0.8592592592592593 0.30390625 0.8625 0.2984375 0.8592592592592593 0.2984375 0.8476851851851852 0.30182291666666666 0.8314814814814815 0.30572916666666666 0.8240740740740741 0.3145833333333333 0.8143518518518519 0.33151041666666664 0.8106481481481481
4 0.421875 0.5953703703703703 0.42578125 0.6018518518518519 0.425 0.6055555555555555 0.421875 0.6064814814814815 0.41848958333333336 0.6037037037037037 0.41875 0.5986111111111111 0.42161458333333335 0.5953703703703703
4 0.3307291666666667 0.780787037037037 0.029166666666666667 0.04027777777777778
4 0.46015625 0.6259259259259259 0.46380208333333334 0.6365740740740741 0.46380208333333334 0.6435185185185185 0.46119791666666665 0.6458333333333334 0.45625 0.6458333333333334 0.45260416666666664 0.6421296296296296 0.45338541666666665 0.6300925925925925 0.45989583333333334 0.6259259259259259
4 0.43020833333333336 0.6129629629629629 0.4359375 0.6162037037037037 0.4361979166666667 0.6300925925925925 0.43307291666666664 0.6365740740740741 0.42916666666666664 0.637962962962963 0.42421875 0.6361111111111111 0.4236979166666667 0.6199074074074075 0.42526041666666664 0.6148148148148148 0.42994791666666665 0.6129629629629629
4 0.11796875 0.7791666666666667 0.13723958333333333 0.7819444444444444 0.13697916666666668 0.8203703703703704 0.12630208333333334 0.8217592592592593 0.11666666666666667 0.8287037037037037 0.11276041666666667 0.8287037037037037 0.11041666666666666 0.8222222222222222 0.10807291666666667 0.8217592592592593 0.10572916666666667 0.8277777777777777 0.10755208333333334 0.836574074074074 0.10755208333333334 0.8416666666666667 0.10572916666666667 0.8430555555555556 0.10260416666666666 0.8342592592592593 0.10494791666666667 0.8277777777777777 0.10286458333333333 0.8245370370370371 0.10416666666666667 0.8203703703703704 0.10234375 0.8111111111111111 0.10208333333333333 0.8245370370370371 0.09557291666666666 0.8458333333333333 0.07708333333333334 0.8439814814814814 0.08020833333333334 0.7949074074074074 0.08489583333333334 0.788425925925926 0.09921875 0.7810185185185186 0.10104166666666667 0.7856481481481481 0.10026041666666667 0.8069444444444445 0.10234375 0.8106481481481481 0.10572916666666667 0.8004629629629629 0.10416666666666667 0.7921296296296296 0.10546875 0.7791666666666667 0.11770833333333333 0.7791666666666667
4 0.22864583333333333 0.9055555555555556 0.23932291666666666 0.9078703703703703 0.24557291666666667 0.9217592592592593 0.24505208333333334 0.9597222222222223 0.24114583333333334 0.9731481481481481 0.23125 0.975462962962963 0.2265625 0.9800925925925926 0.21875 0.9912037037037037 0.21692708333333333 0.999537037037037 0.1734375 0.999537037037037 0.17135416666666667 0.9949074074074075 0.17161458333333332 0.9837962962962963 0.1765625 0.9666666666666667 0.18125 0.9583333333333334 0.18177083333333333 0.950925925925926 0.1953125 0.9277777777777778 0.21276041666666667 0.9092592592592592 0.22838541666666667 0.9055555555555556
4 0.4393229166666667 0.6342592592592593 0.4473958333333333 0.6412037037037037 0.44973958333333336 0.6472222222222223 0.44375 0.6509259259259259 0.43385416666666665 0.6513888888888889 0.4283854166666667 0.65 0.42682291666666666 0.6435185185185185 0.42916666666666664 0.6393518518518518 0.4390625 0.6342592592592593
4 0.4278645833333333 0.674537037037037 0.4348958333333333 0.6791666666666667 0.43671875 0.7074074074074074 0.434375 0.7310185185185185 0.428125 0.7361111111111112 0.42864583333333334 0.7439814814814815 0.42578125 0.7462962962962963 0.40625 0.7453703703703703 0.4049479166666667 0.7337962962962963 0.40651041666666665 0.7305555555555555 0.40338541666666666 0.7194444444444444 0.40572916666666664 0.7097222222222223 0.4125 0.6972222222222222 0.41432291666666665 0.6805555555555556 0.41901041666666666 0.6754629629629629 0.4276041666666667 0.674537037037037
4 0.42604166666666665 0.7615740740740741 0.43046875 0.7638888888888888 0.43255208333333334 0.7689814814814815 0.43203125 0.7967592592592593 0.42526041666666664 0.812962962962963 0.41822916666666665 0.8171296296296297 0.40286458333333336 0.8138888888888889 0.4041666666666667 0.7768518518518519 0.4109375 0.763425925925926 0.42578125 0.7615740740740741
4 0.44947916666666665 0.6037037037037037 0.45260416666666664 0.6092592592592593 0.45078125 0.6175925925925926 0.44583333333333336 0.6171296296296296 0.44453125 0.6125 0.4453125 0.6060185185185185 0.44921875 0.6037037037037037
4 0.4669270833333333 0.6180555555555556 0.471875 0.6226851851851852 0.47213541666666664 0.6342592592592593 0.4669270833333333 0.6365740740740741 0.46380208333333334 0.6324074074074074 0.4630208333333333 0.625462962962963 0.4666666666666667 0.6185185185185185
4 0.40572916666666664 0.8555555555555555 0.41119791666666666 0.8675925925925926 0.4114583333333333 0.8814814814814815 0.4078125 0.9009259259259259 0.40260416666666665 0.9092592592592592 0.40078125 0.9087962962962963 0.39895833333333336 0.9013888888888889 0.39921875 0.8861111111111111 0.3963541666666667 0.8625 0.39739583333333334 0.8583333333333333 0.40546875 0.8555555555555555
4 0.32421875 0.9032407407407408 0.33229166666666665 0.9055555555555556 0.3421875 0.9148148148148149 0.34375 0.924074074074074 0.3424479166666667 0.9560185185185185 0.33229166666666665 0.9666666666666667 0.32864583333333336 0.9851851851851852 0.32447916666666665 0.9944444444444445 0.32057291666666665 0.9944444444444445 0.31744791666666666 0.987037037037037 0.30364583333333334 0.9953703703703703 0.28489583333333335 0.9939814814814815 0.2786458333333333 0.9796296296296296 0.27734375 0.9703703703703703 0.27838541666666666 0.9574074074074074 0.28489583333333335 0.9449074074074074 0.28984375 0.9273148148148148 0.3 0.9083333333333333 0.3065104166666667 0.9041666666666667 0.32395833333333335 0.9032407407407408
1 0.43854166666666666 0.6361111111111111 0.446875 0.6407407407407407 0.44973958333333336 0.6472222222222223 0.4440104166666667 0.6509259259259259 0.434375 0.6513888888888889 0.42864583333333334 0.6504629629629629 0.42682291666666666 0.6439814814814815 0.42864583333333334 0.6398148148148148 0.43828125 0.6361111111111111
1 0.46015625 0.6263888888888889 0.4635416666666667 0.6365740740740741 0.4635416666666667 0.6435185185185185 0.45989583333333334 0.6458333333333334 0.45260416666666664 0.6416666666666667 0.45338541666666665 0.6300925925925925 0.45989583333333334 0.6263888888888889
1 0.453125 0.6486111111111111 0.45677083333333335 0.6523148148148148 0.45677083333333335 0.6648148148148149 0.45078125 0.6685185185185185 0.44635416666666666 0.6657407407407407 0.44557291666666665 0.6574074074074074 0.4484375 0.649074074074074 0.45286458333333335 0.6486111111111111
2 0.32447916666666665 0.7375 0.3265625 0.7435185185185185 0.32473958333333336 0.7569444444444444 0.31979166666666664 0.7587962962962963 0.3182291666666667 0.7560185185185185 0.31953125 0.7416666666666667 0.32421875 0.7379629629629629