4 0.42864583333333334 0.5319444444444444 0.43307291666666664 0.5282407407407408 0.4390625 0.5291666666666667 0.44192708333333336 0.5375 0.4393229166666667 0.5504629629629629 0.42864583333333334 0.5532407407407407 0.4270833333333333 0.55 0.42864583333333334 0.5324074074074074
4 0.39375 0.5486111111111112 0.39557291666666666 0.5606481481481481 0.39401041666666664 0.5643518518518519 0.39088541666666665 0.5648148148148148 0.3893229166666667 0.5523148148148148 0.390625 0.5476851851851852 0.39348958333333334 0.5486111111111112
4 0.09921875 0.7476851851851852 0.11484375 0.7481481481481481 0.115625 0.7513888888888889 0.11302083333333333 0.7560185185185185 0.07473958333333333 0.7865740740740741 0.07265625 0.7833333333333333 0.07265625 0.7694444444444445 0.07786458333333333 0.7574074074074074 0.08489583333333334 0.750462962962963 0.09895833333333333 0.7476851851851852
4 0.46458333333333335 0.5226851851851851 0.4669270833333333 0.5282407407407408 0.46640625 0.5365740740740741 0.46458333333333335 0.5393518518518519 0.4596354166666667 0.5365740740740741 0.46041666666666664 0.5273148148148148 0.46432291666666664 0.5226851851851851
4 0.42135416666666664 0.6347222222222222 0.42682291666666666 0.6370370370370371 0.428125 0.6412037037037037 0.4270833333333333 0.6657407407407407 0.4234375 0.6837962962962963 0.4161458333333333 0.6912037037037037 0.4078125 0.6907407407407408 0.40130208333333334 0.6824074074074075 0.40234375 0.6509259259259259 0.4078125 0.6361111111111111 0.42109375 0.6347222222222222
4 0.24505208333333334 0.7773148148148148 0.25052083333333336 0.7828703703703703 0.25390625 0.7972222222222223 0.253125 0.8032407407407407 0.24453125 0.8180555555555555 0.24192708333333332 0.8152777777777778 0.24140625 0.7916666666666666 0.24479166666666666 0.7773148148148148
4 0.4479166666666667 0.44907407407407407 0.4510416666666667 0.45555555555555555 0.44973958333333336 0.4601851851851852 0.44505208333333335 0.4601851851851852 0.44166666666666665 0.4564814814814815 0.4432291666666667 0.45092592592592595 0.44765625 0.44907407407407407
4 0.10546875 0.6981481481481482 0.10598958333333333 0.7462962962962963 0.08541666666666667 0.749537037037037 0.0765625 0.7597222222222222 0.07447916666666667 0.7675925925925926 0.07109375 0.7685185185185185 0.0640625 0.7606481481481482 0.06067708333333333 0.7527777777777778 0.058333333333333334 0.7550925925925925 0.057291666666666664 0.7643518518518518 0.05572916666666667 0.7620370370370371 0.0578125 0.7171296296296297 0.05677083333333333 0.7064814814814815 0.06875 0.7092592592592593 0.09010416666666667 0.6990740740740741 0.10520833333333333 0.6981481481481482
4 0.42161458333333335 0.44722222222222224 0.4231770833333333 0.4550925925925926 0.421875 0.45925925925925926 0.41484375 0.4587962962962963 0.41328125 0.4537037037037037 0.41484375 0.4476851851851852 0.42135416666666664 0.44722222222222224
4 0.4322916666666667 0.44212962962962965 0.43671875 0.44907407407407407 0.43645833333333334 0.4546296296296296 0.43307291666666664 0.4564814814814815 0.42994791666666665 0.45555555555555555 0.4283854166666667 0.45092592592592595 0.42864583333333334 0.4444444444444444 0.43203125 0.44212962962962965
4 0.45 0.5152777777777777 0.4515625 0.5231481481481481 0.44973958333333336 0.5310185185185186 0.446875 0.5291666666666667 0.44635416666666666 0.5226851851851851 0.4471354166666667 0.5166666666666667 0.44973958333333336 0.5152777777777777
3 0.42526041666666664 0.4773148148148148 0.43046875 0.48009259259259257 0.43411458333333336 0.48703703703703705 0.43411458333333336 0.5078703703703704 0.43046875 0.5185185185185185 0.41822916666666665 0.5222222222222223 0.41484375 0.5171296296296296 0.41432291666666665 0.4912037037037037 0.425 0.4777777777777778
1 0.43359375 0.46296296296296297 0.43697916666666664 0.4699074074074074 0.4356770833333333 0.4759259259259259 0.42916666666666664 0.475 0.4270833333333333 0.4703703703703704 0.42890625 0.4638888888888889 0.43333333333333335 0.46296296296296297
1 0.42994791666666665 0.5699074074074074 0.4348958333333333 0.5763888888888888 0.434375 0.5921296296296297 0.4328125 0.5949074074074074 0.42083333333333334 0.5949074074074074 0.41875 0.5916666666666667 0.42083333333333334 0.5731481481481482 0.4296875 0.5699074074074074
1 0.36953125 0.575 0.38177083333333334 0.5814814814814815 0.3809895833333333 0.5925925925925926 0.35703125 0.5939814814814814 0.3528645833333333 0.5967592592592592 0.34817708333333336 0.5949074074074074 0.34479166666666666 0.5884259259259259 0.34739583333333335 0.5810185185185185 0.35598958333333336 0.5736111111111111 0.3692708333333333 0.575
1 0.45364583333333336 0.4587962962962963 0.45755208333333336 0.4666666666666667 0.45677083333333335 0.4699074074074074 0.45338541666666665 0.4708333333333333 0.44921875 0.46805555555555556 0.45 0.46111111111111114 0.45338541666666665 0.4587962962962963
2 0.45026041666666666 0.5162037037037037 0.4513020833333333 0.5273148148148148 0.44973958333333336 0.5310185185185186 0.446875 0.5291666666666667 0.4466145833333333 0.5185185185185185 0.45 0.5162037037037037
2 0.30703125 0.6328703703703704 0.008333333333333333 0.023148148148148147
2 0.16927083333333334 0.8476851851851852 0.17786458333333333 0.8523148148148149 0.18255208333333334 0.8699074074074075 0.17864583333333334 0.8805555555555555 0.16848958333333333 0.8925925925925926 0.16536458333333334 0.8893518518518518 0.16458333333333333 0.862037037037037 0.165625 0.8486111111111111 0.16901041666666666 0.8476851851851852
2 0.3921875 0.55 0.3953125 0.5537037037037037 0.39557291666666666 0.5611111111111111 0.39140625 0.5648148148148148 0.3893229166666667 0.5611111111111111 0.3893229166666667 0.5532407407407407 0.3919270833333333 0.55
2 0.3984375 0.5231481481481481 0.4005208333333333 0.5300925925925926 0.39869791666666665 0.5398148148148149 0.39609375 0.5388888888888889 0.39505208333333336 0.5300925925925926 0.39817708333333335 0.5231481481481481
2 0.1578125 0.9462962962962963 0.1609375 0.9490740740740741 0.15807291666666667 0.9587962962962963 0.15807291666666667 0.9958333333333333 0.15598958333333332 0.999537037037037 0.13255208333333332 0.999537037037037 0.13151041666666666 0.9819444444444444 0.13255208333333332 0.9736111111111111 0.13697916666666668 0.9712962962962963 0.14479166666666668 0.9810185185185185 0.15078125 0.9828703703703704 0.15442708333333333 0.9731481481481481 0.15 0.9527777777777777 0.15755208333333334 0.9467592592592593
2 0.24713541666666666 0.7791666666666667 0.25078125 0.7828703703703703 0.25364583333333335 0.7976851851851852 0.25286458333333334 0.8037037037037037 0.24453125 0.8180555555555555 0.24192708333333332 0.8143518518518519 0.24192708333333332 0.7912037037037037 0.24427083333333333 0.7787037037037037 0.246875 0.7791666666666667
2 0.46432291666666664 0.5236111111111111 0.46640625 0.5273148148148148 0.46640625 0.5365740740740741 0.46328125 0.5398148148148149 0.45989583333333334 0.5375 0.4596354166666667 0.5319444444444444 0.46119791666666665 0.5259259259259259 0.4640625 0.5236111111111111
2 0.41822916666666665 0.5592592592592592 0.4203125 0.5638888888888889 0.41901041666666666 0.575462962962963 0.41458333333333336 0.575 0.41484375 0.5643518518518519 0.41796875 0.5597222222222222