0 0.45651041666666664 0.5930555555555556 0.4622395833333333 0.5981481481481481 0.46015625 0.6435185185185185 0.45651041666666664 0.6467592592592593 0.44583333333333336 0.6462962962962963 0.44375 0.6435185185185185 0.4440104166666667 0.6157407407407407 0.44765625 0.5972222222222222 0.44921875 0.5935185185185186 0.45625 0.5930555555555556
4 0.45859375 0.44212962962962965 0.46171875 0.4532407407407407 0.46067708333333335 0.45694444444444443 0.45677083333333335 0.4583333333333333 0.45286458333333335 0.45601851851851855 0.45208333333333334 0.44675925925925924 0.45416666666666666 0.4425925925925926 0.4583333333333333 0.44212962962962965
4 0.07005208333333333 0.7800925925925926 0.07447916666666667 0.7837962962962963 0.07890625 0.8032407407407407 0.07291666666666667 0.8212962962962963 0.07083333333333333 0.8379629629629629 0.05625 0.8629629629629629 0.05026041666666667 0.8791666666666667 0.03229166666666667 0.9004629629629629 0.018229166666666668 0.9060185185185186 0 0.9050925925925926 0 0.7944444444444444 0.016145833333333335 0.7814814814814814 0.04088541666666667 0.7847222222222222 0.053125 0.7805555555555556 0.06979166666666667 0.7800925925925926
4 0.44427083333333334 0.45 0.4471354166666667 0.4550925925925926 0.4471354166666667 0.46435185185185185 0.44296875 0.46944444444444444 0.43723958333333335 0.4666666666666667 0.43723958333333335 0.4546296296296296 0.4390625 0.449537037037037 0.4440104166666667 0.45
4 0.4393229166666667 0.42268518518518516 0.44036458333333334 0.4310185185185185 0.43697916666666664 0.43287037037037035 0.43359375 0.43194444444444446 0.43359375 0.42824074074074076 0.4356770833333333 0.42268518518518516 0.4390625 0.42268518518518516
4 0.42552083333333335 0.48703703703703705 0.4296875 0.4898148148148148 0.42994791666666665 0.5027777777777778 0.42864583333333334 0.5101851851851852 0.42473958333333334 0.5115740740740741 0.41901041666666666 0.5111111111111111 0.41822916666666665 0.5064814814814815 0.4203125 0.49027777777777776 0.42526041666666664 0.48703703703703705
4 0.42526041666666664 0.39166666666666666 0.43020833333333336 0.3939814814814815 0.43072916666666666 0.4023148148148148 0.42421875 0.40324074074074073 0.42291666666666666 0.3958333333333333 0.425 0.3921296296296296
4 0.19791666666666666 0.8703703703703703 0.20052083333333334 0.8731481481481481 0.19348958333333333 0.8921296296296296 0.16744791666666667 0.9347222222222222 0.15494791666666666 0.9601851851851851 0.14765625 0.9675925925925926 0.14244791666666667 0.9643518518518519 0.13619791666666667 0.9495370370370371 0.134375 0.925 0.13671875 0.9148148148148149 0.14739583333333334 0.8986111111111111 0.16744791666666667 0.8944444444444445 0.18359375 0.8740740740740741 0.19765625 0.8703703703703703
4 0.46380208333333334 0.5648148148148148 0.46822916666666664 0.5675925925925925 0.46901041666666665 0.5796296296296296 0.46848958333333335 0.5884259259259259 0.46380208333333334 0.5912037037037037 0.45651041666666664 0.5898148148148148 0.45546875 0.5851851851851851 0.45807291666666666 0.5675925925925925 0.4635416666666667 0.5648148148148148
4 0.08489583333333334 0.8972222222222223 0.096875 0.9106481481481481 0.09661458333333334 0.925 0.09869791666666666 0.9333333333333333 0.11302083333333333 0.9324074074074075 0.11432291666666666 0.9435185185185185 0.11171875 0.9597222222222223 0.10234375 0.9740740740740741 0.09505208333333333 0.9912037037037037 0.08203125 0.999537037037037 0.071875 0.9972222222222222 0.04244791666666667 0.999537037037037 0.039322916666666666 0.9949074074074075 0.03802083333333333 0.986574074074074 0.03854166666666667 0.9273148148148148 0.05026041666666667 0.8981481481481481 0.06770833333333333 0.9004629629629629 0.08463541666666667 0.8972222222222223
4 0.3770833333333333 0.6356481481481482 0.38203125 0.6402777777777777 0.38307291666666665 0.6578703703703703 0.3815104166666667 0.6824074074074075 0.3731770833333333 0.7013888888888888 0.36354166666666665 0.7027777777777777 0.353125 0.6995370370370371 0.35182291666666665 0.6773148148148148 0.35390625 0.6606481481481481 0.36223958333333334 0.6388888888888888 0.3768229166666667 0.6356481481481482
4 0.46041666666666664 0.47175925925925927 0.46041666666666664 0.5111111111111111 0.45703125 0.5171296296296296 0.44609375 0.5162037037037037 0.44557291666666665 0.4981481481481482 0.44947916666666665 0.475 0.45286458333333335 0.47129629629629627 0.46015625 0.47175925925925927
4 0.15104166666666666 0.825 0.1578125 0.8273148148148148 0.15963541666666667 0.8314814814814815 0.16067708333333333 0.8768518518518519 0.15104166666666666 0.8930555555555556 0.13697916666666668 0.9101851851851852 0.13177083333333334 0.9046296296296297 0.13020833333333334 0.8949074074074074 0.1265625 0.9074074074074074 0.10859375 0.9032407407407408 0.10677083333333333 0.8949074074074074 0.10729166666666666 0.8560185185185185 0.12317708333333334 0.8337962962962963 0.13880208333333333 0.8324074074074074 0.14401041666666667 0.8263888888888888 0.15078125 0.825
4 0 0.9324074074074075 0.00546875 0.9328703703703703 0.015364583333333333 0.9453703703703704 0.022395833333333334 0.9814814814814815 0.02578125 0.9791666666666666 0.029427083333333333 0.9842592592592593 0.0328125 0.9722222222222222 0.035416666666666666 0.9842592592592593 0.031510416666666666 0.9907407407407407 0.03359375 0.9944444444444445 0.027864583333333335 0.999537037037037 0.0036458333333333334 0.999537037037037 0 0.9967592592592592 0 0.9328703703703703
4 0.4395833333333333 0.5921296296296297 0.44296875 0.5986111111111111 0.4432291666666667 0.6125 0.4393229166666667 0.6180555555555556 0.43020833333333336 0.6175925925925926 0.4283854166666667 0.6129629629629629 0.43072916666666666 0.5953703703703703 0.43359375 0.5921296296296297 0.4393229166666667 0.5921296296296297
4 0.45 0.537962962962963 0.45260416666666664 0.5402777777777777 0.45416666666666666 0.5481481481481482 0.45338541666666665 0.5597222222222222 0.45026041666666666 0.562962962962963 0.4427083333333333 0.562962962962963 0.440625 0.5574074074074075 0.44244791666666666 0.5402777777777777 0.44973958333333336 0.537962962962963
4 0.46067708333333335 0.45925925925925926 0.46328125 0.4671296296296296 0.4609375 0.47129629629629627 0.45416666666666666 0.4703703703703704 0.45260416666666664 0.4671296296296296 0.4549479166666667 0.4601851851851852 0.46041666666666664 0.45925925925925926
3 0 0.9319444444444445 0.005208333333333333 0.9324074074074075 0.00859375 0.9388888888888889 0.014583333333333334 0.9435185185185185 0.02265625 0.9787037037037037 0.029427083333333333 0.9768518518518519 0.029947916666666668 0.9703703703703703 0.03307291666666667 0.9671296296296297 0.03567708333333333 0.9726851851851852 0.034895833333333334 0.9810185185185185 0.03619791666666667 0.9842592592592593 0.034895833333333334 0.9944444444444445 0.03046875 0.999537037037037 0 0.9976851851851852 0 0.9324074074074075
1 0.42994791666666665 0.46620370370370373 0.43463541666666666 0.47129629629629627 0.43411458333333336 0.48148148148148145 0.42630208333333336 0.48055555555555557 0.4265625 0.4703703703703704 0.4296875 0.46620370370370373
1 0.45729166666666665 0.44212962962962965 0.46015625 0.4444444444444444 0.46145833333333336 0.45046296296296295 0.4591145833333333 0.45787037037037037 0.4546875 0.45740740740740743 0.45234375 0.4527777777777778 0.45234375 0.44583333333333336 0.45703125 0.44212962962962965
1 0.46041666666666664 0.45925925925925926 0.4630208333333333 0.4666666666666667 0.4609375 0.4708333333333333 0.4546875 0.4703703703703704 0.45260416666666664 0.4671296296296296 0.4544270833333333 0.46064814814814814 0.46015625 0.45925925925925926
1 0.4088541666666667 0.6180555555555556 0.4114583333333333 0.6310185185185185 0.41041666666666665 0.6504629629629629 0.4046875 0.6537037037037037 0.39505208333333336 0.6523148148148148 0.39453125 0.6402777777777777 0.4010416666666667 0.6185185185185185 0.40859375 0.6180555555555556
2 0.4119791666666667 0.5819444444444445 0.41510416666666666 0.5875 0.41458333333333336 0.5986111111111111 0.4119791666666667 0.6023148148148149 0.409375 0.5930555555555556 0.41171875 0.5819444444444445
2 0.40065104166666665 0.5756944444444444 0.00546875 0.01898148148148148