0 0.4200520833333333 0.5148148148148148 0.4203125 0.5430555555555555 0.41796875 0.55 0.4153645833333333 0.5509259259259259 0.40520833333333334 0.549537037037037 0.4044270833333333 0.5282407407407408 0.4075520833333333 0.5171296296296296 0.41041666666666665 0.5143518518518518 0.4197916666666667 0.5148148148148148
4 0.4569010416666667 0.493287037037037 0.01015625 0.01898148148148148
4 0.051041666666666666 0.7333333333333333 0.0640625 0.7342592592592593 0.06588541666666667 0.737037037037037 0.06822916666666666 0.7652777777777777 0.06015625 0.7925925925925926 0.04114583333333333 0.825462962962963 0.0265625 0.8412037037037037 0 0.8388888888888889 0 0.7717592592592593 0.007291666666666667 0.7652777777777777 0.00859375 0.7597222222222222 0.007552083333333333 0.7481481481481481 0.015364583333333333 0.7379629629629629 0.021614583333333333 0.7384259259259259 0.02265625 0.7444444444444445 0.02578125 0.7472222222222222 0.03697916666666667 0.736574074074074 0.05078125 0.7333333333333333
4 0.4393229166666667 0.44027777777777777 0.44114583333333335 0.4513888888888889 0.4390625 0.4550925925925926 0.4348958333333333 0.4550925925925926 0.4328125 0.45185185185185184 0.43359375 0.44212962962962965 0.4390625 0.44027777777777777
4 0.45989583333333334 0.475462962962963 0.4625 0.48333333333333334 0.45989583333333334 0.48935185185185187 0.453125 0.48657407407407405 0.45416666666666666 0.4773148148148148 0.4596354166666667 0.475462962962963
4 0.41171875 0.8356481481481481 0.415625 0.8449074074074074 0.4140625 0.8611111111111112 0.41484375 0.8893518518518518 0.41302083333333334 0.9 0.4080729166666667 0.9069444444444444 0.4044270833333333 0.9037037037037037 0.3932291666666667 0.9041666666666667 0.3971354166666667 0.9101851851851852 0.4078125 0.9092592592592592 0.4114583333333333 0.9148148148148149 0.4041666666666667 0.9583333333333334 0.4010416666666667 0.9717592592592592 0.39921875 0.9731481481481481 0.37057291666666664 0.9722222222222222 0.36614583333333334 0.9694444444444444 0.3671875 0.9074074074074074 0.3848958333333333 0.8375 0.39166666666666666 0.8342592592592593 0.4114583333333333 0.8356481481481481
4 0.4359375 0.6143518518518518 0.4390625 0.6263888888888889 0.4356770833333333 0.6453703703703704 0.42291666666666666 0.6467592592592593 0.4197916666666667 0.6412037037037037 0.42161458333333335 0.6199074074074075 0.425 0.6125 0.4356770833333333 0.6143518518518518
4 0.40989583333333335 0.7092592592592593 0.41458333333333336 0.7138888888888889 0.415625 0.7236111111111111 0.4119791666666667 0.7476851851851852 0.39453125 0.749537037037037 0.39166666666666666 0.7462962962962963 0.39140625 0.737037037037037 0.39609375 0.7134259259259259 0.39947916666666666 0.7097222222222223 0.40963541666666664 0.7092592592592593
4 0.07265625 0.8296296296296296 0.07552083333333333 0.8310185185185185 0.078125 0.8388888888888889 0.08255208333333333 0.8416666666666667 0.08541666666666667 0.850462962962963 0.08619791666666667 0.8777777777777778 0.08802083333333334 0.8870370370370371 0.08645833333333333 0.8972222222222223 0.0640625 0.924074074074074 0.05572916666666667 0.9273148148148148 0.03828125 0.9259259259259259 0.030208333333333334 0.9305555555555556 0.02578125 0.9268518518518518 0.024479166666666666 0.9222222222222223 0.024479166666666666 0.8939814814814815 0.027604166666666666 0.874537037037037 0.0265625 0.8587962962962963 0.035416666666666666 0.8342592592592593 0.0390625 0.8305555555555556 0.07239583333333334 0.8296296296296296
4 0.43385416666666665 0.5106481481481482 0.43802083333333336 0.5152777777777777 0.43776041666666665 0.5291666666666667 0.4309895833333333 0.5328703703703703 0.42682291666666666 0.5296296296296297 0.4276041666666667 0.5152777777777777 0.42994791666666665 0.5111111111111111 0.43359375 0.5106481481481482
4 0.43697916666666664 0.41944444444444445 0.43854166666666666 0.4287037037037037 0.4356770833333333 0.43148148148148147 0.4328125 0.4300925925925926 0.4317708333333333 0.42453703703703705 0.43307291666666664 0.4199074074074074 0.43671875 0.41944444444444445
4 0.15104166666666666 0.7814814814814814 0.15286458333333333 0.8037037037037037 0.15130208333333334 0.8208333333333333 0.14192708333333334 0.8305555555555556 0.13020833333333334 0.8486111111111111 0.12473958333333333 0.8523148148148149 0.09765625 0.8486111111111111 0.0984375 0.8004629629629629 0.10911458333333333 0.7861111111111111 0.11588541666666667 0.7828703703703703 0.11979166666666667 0.7888888888888889 0.12135416666666667 0.7847222222222222 0.1265625 0.7819444444444444 0.15078125 0.7814814814814814
4 0.43307291666666664 0.45740740740740743 0.43723958333333335 0.4597222222222222 0.43776041666666665 0.4736111111111111 0.4361979166666667 0.47685185185185186 0.42864583333333334 0.47453703703703703 0.42864583333333334 0.4601851851851852 0.4328125 0.45740740740740743
4 0.42552083333333335 0.4324074074074074 0.4270833333333333 0.4425925925925926 0.42526041666666664 0.4444444444444444 0.42083333333333334 0.4412037037037037 0.42135416666666664 0.4337962962962963 0.42526041666666664 0.4324074074074074
4 0.45807291666666666 0.5018518518518519 0.46041666666666664 0.5055555555555555 0.46041666666666664 0.5152777777777777 0.45677083333333335 0.5189814814814815 0.4515625 0.5171296296296296 0.45 0.5120370370370371 0.45260416666666664 0.5027777777777778 0.4578125 0.5018518518518519
4 0.44973958333333336 0.5166666666666667 0.45416666666666666 0.5212962962962963 0.4552083333333333 0.5328703703703703 0.44947916666666665 0.5722222222222222 0.43515625 0.5717592592592593 0.43255208333333334 0.5652777777777778 0.43333333333333335 0.5504629629629629 0.4388020833333333 0.5208333333333334 0.44244791666666666 0.5166666666666667 0.44947916666666665 0.5166666666666667
4 0.46770833333333334 0.5351851851851852 0.47291666666666665 0.5398148148148149 0.47265625 0.5583333333333333 0.4703125 0.5648148148148148 0.45989583333333334 0.562962962962963 0.46067708333333335 0.5398148148148149 0.4627604166666667 0.5361111111111111 0.4674479166666667 0.5351851851851852
4 0.15520833333333334 0.8388888888888889 0.165625 0.8425925925925926 0.16484375 0.8597222222222223 0.13723958333333333 0.8958333333333334 0.13307291666666668 0.8944444444444445 0.12630208333333334 0.8837962962962963 0.12630208333333334 0.8689814814814815 0.12890625 0.8578703703703704 0.14036458333333332 0.8402777777777778 0.15494791666666666 0.8388888888888889
4 0.4393229166666667 0.7175925925925926 0.446875 0.7236111111111111 0.44375 0.7305555555555555 0.44505208333333335 0.7444444444444445 0.44375 0.7583333333333333 0.4395833333333333 0.7615740740740741 0.42526041666666664 0.7601851851851852 0.42291666666666666 0.7518518518518519 0.42604166666666665 0.7273148148148149 0.425 0.7217592592592592 0.4390625 0.7175925925925926
1 0.4583333333333333 0.48333333333333334 0.46145833333333336 0.4875 0.45989583333333334 0.5018518518518519 0.4518229166666667 0.4976851851851852 0.453125 0.48564814814814816 0.45807291666666666 0.48333333333333334
2 0.44583333333333336 0.6583333333333333 0.4479166666666667 0.6675925925925926 0.44609375 0.6833333333333333 0.4427083333333333 0.6833333333333333 0.44114583333333335 0.674074074074074 0.4421875 0.6611111111111111 0.44557291666666665 0.6583333333333333
2 0.46380208333333334 0.5842592592592593 0.46588541666666666 0.5902777777777778 0.4640625 0.6050925925925926 0.46119791666666665 0.6023148148148149 0.46041666666666664 0.5921296296296297 0.4609375 0.5851851851851851 0.4635416666666667 0.5842592592592593
2 0.4513020833333333 0.6148148148148148 0.45234375 0.6287037037037037 0.44973958333333336 0.6356481481481482 0.44817708333333334 0.6333333333333333 0.4473958333333333 0.6185185185185185 0.44895833333333335 0.6138888888888889 0.4510416666666667 0.6148148148148148
2 0.32864583333333336 0.6685185185185185 0.3307291666666667 0.6717592592592593 0.33125 0.6796296296296296 0.3296875 0.6856481481481481 0.3263020833333333 0.6888888888888889 0.32421875 0.6884259259259259 0.32369791666666664 0.6833333333333333 0.32578125 0.6708333333333333 0.32838541666666665 0.6685185185185185