4 0.346875 0.9037037037037037 0.35494791666666664 0.9083333333333333 0.3567708333333333 0.9222222222222223 0.35572916666666665 0.9416666666666667 0.34661458333333334 0.9847222222222223 0.3421875 0.9958333333333333 0.31979166666666664 0.9967592592592592 0.30807291666666664 0.9953703703703703 0.30546875 0.9856481481481482 0.30625 0.9666666666666667 0.31744791666666666 0.9254629629629629 0.31666666666666665 0.9166666666666666 0.32890625 0.9041666666666667 0.34661458333333334 0.9037037037037037
4 0.022916666666666665 0.749537037037037 0.026041666666666668 0.7523148148148148 0.0296875 0.7736111111111111 0.028385416666666666 0.7981481481481482 0.02265625 0.8152777777777778 0.008333333333333333 0.8300925925925926 0.0015625 0.8416666666666667 0 0.8416666666666667 0 0.7509259259259259 0.02265625 0.749537037037037
4 0.026041666666666668 0.8592592592592593 0.03619791666666667 0.8722222222222222 0.0390625 0.8800925925925925 0.04140625 0.9287037037037037 0.0018229166666666667 0.9782407407407407 0 0.9782407407407407 0 0.8643518518518518 0.02578125 0.8592592592592593
4 0.11328125 0.8 0.11770833333333333 0.8055555555555556 0.11614583333333334 0.8458333333333333 0.10286458333333333 0.8629629629629629 0.08828125 0.875462962962963 0.078125 0.8796296296296297 0.07057291666666667 0.8763888888888889 0.06770833333333333 0.8546296296296296 0.065625 0.8768518518518519 0.06041666666666667 0.8777777777777778 0.05677083333333333 0.8736111111111111 0.05703125 0.8240740740740741 0.06458333333333334 0.8166666666666667 0.06822916666666666 0.8287037037037037 0.07239583333333334 0.8087962962962963 0.07760416666666667 0.8037037037037037 0.11302083333333333 0.8
4 0.43671875 0.4300925925925926 0.44036458333333334 0.43657407407407406 0.44088541666666664 0.45694444444444443 0.43255208333333334 0.46064814814814814 0.42994791666666665 0.4564814814814815 0.4278645833333333 0.43425925925925923 0.4315104166666667 0.42916666666666664 0.43645833333333334 0.4300925925925926
4 0.46041666666666664 0.49074074074074076 0.46458333333333335 0.4981481481481482 0.46484375 0.5083333333333333 0.46119791666666665 0.5111111111111111 0.45390625 0.5083333333333333 0.4552083333333333 0.4930555555555556 0.46015625 0.49074074074074076
4 0.1171875 0.8657407407407407 0.12760416666666666 0.8689814814814815 0.12942708333333333 0.8731481481481481 0.12864583333333332 0.8828703703703704 0.09895833333333333 0.9282407407407407 0.09192708333333334 0.9333333333333333 0.08515625 0.9291666666666667 0.08385416666666666 0.9231481481481482 0.08776041666666666 0.8893518518518518 0.1015625 0.8685185185185185 0.11692708333333333 0.8657407407407407
4 0.20286458333333332 0.9856481481481482 0.209375 0.9898148148148148 0.21197916666666666 0.999537037037037 0.17604166666666668 0.999537037037037 0.17916666666666667 0.9916666666666667 0.18359375 0.9875 0.20260416666666667 0.9856481481481482
3 0.13333333333333333 0.8421296296296297 0.13671875 0.8476851851851852 0.1546875 0.8476851851851852 0.15390625 0.8527777777777777 0.13385416666666666 0.8800925925925925 0.12838541666666667 0.8842592592592593 0.0953125 0.9324074074074075 0.08697916666666666 0.9310185185185185 0.08359375 0.9217592592592593 0.08723958333333333 0.8907407407407407 0.09401041666666667 0.8759259259259259 0.10442708333333334 0.8657407407407407 0.11484375 0.8643518518518518 0.13333333333333333 0.8425925925925926
1 0.453125 0.4810185185185185 0.4546875 0.49444444444444446 0.44973958333333336 0.49722222222222223 0.44479166666666664 0.49444444444444446 0.44505208333333335 0.4837962962962963 0.4479166666666667 0.48009259259259257 0.45286458333333335 0.4810185185185185
1 0.45390625 0.5342592592592592 0.45807291666666666 0.538425925925926 0.4583333333333333 0.5541666666666667 0.45677083333333335 0.5560185185185185 0.4466145833333333 0.5537037037037037 0.4473958333333333 0.5365740740740741 0.45364583333333336 0.5342592592592592
1 0.44947916666666665 0.45694444444444443 0.45234375 0.4597222222222222 0.45260416666666664 0.46435185185185185 0.45208333333333334 0.4703703703703704 0.45026041666666666 0.47129629629629627 0.44479166666666664 0.4708333333333333 0.4434895833333333 0.4675925925925926 0.4440104166666667 0.45925925925925926 0.44921875 0.45694444444444443
1 0.35130208333333335 0.6074074074074074 0.359375 0.612037037037037 0.36171875 0.6222222222222222 0.3567708333333333 0.6277777777777778 0.3489583333333333 0.6296296296296297 0.3419270833333333 0.6268518518518519 0.3377604166666667 0.6097222222222223 0.34453125 0.6055555555555555 0.35104166666666664 0.6074074074074074
2 0.39401041666666664 0.5615740740740741 0.39739583333333334 0.5625 0.39817708333333335 0.5666666666666667 0.3971354166666667 0.5773148148148148 0.39375 0.5796296296296296 0.39401041666666664 0.562037037037037
2 0.38723958333333336 0.5740740740740741 0.39010416666666664 0.5814814814814815 0.38958333333333334 0.5916666666666667 0.3875 0.5949074074074074 0.38515625 0.5925925925925926 0.384375 0.5861111111111111 0.38697916666666665 0.5740740740740741
2 0.3143229166666667 0.6708333333333333 0.3151041666666667 0.6861111111111111 0.3109375 0.6939814814814815 0.3078125 0.6925925925925925 0.30807291666666664 0.6828703703703703 0.3104166666666667 0.6712962962962963 0.3140625 0.6708333333333333