4 0.36953125 0.7046296296296296 0.3692708333333333 0.7166666666666667 0.36614583333333334 0.7296296296296296 0.3625 0.7319444444444444 0.36015625 0.7106481481481481 0.3692708333333333 0.7050925925925926
4 0.45364583333333336 0.42824074074074076 0.453125 0.4393518518518518 0.44817708333333334 0.4388888888888889 0.44635416666666666 0.43425925925925923 0.4479166666666667 0.42824074074074076 0.45338541666666665 0.42824074074074076
4 0.3453125 0.6601851851851852 0.3489583333333333 0.6703703703703704 0.34869791666666666 0.6875 0.3419270833333333 0.6981481481481482 0.33984375 0.6851851851851852 0.340625 0.6717592592592593 0.3453125 0.6606481481481481
4 0.43255208333333334 0.4462962962962963 0.4361979166666667 0.44814814814814813 0.4393229166666667 0.4546296296296296 0.43984375 0.4777777777777778 0.43802083333333336 0.4824074074074074 0.42942708333333335 0.4842592592592593 0.42630208333333336 0.48055555555555557 0.4244791666666667 0.4587962962962963 0.42864583333333334 0.44722222222222224 0.4322916666666667 0.4462962962962963
4 0.0140625 0.675 0.019010416666666665 0.6759259259259259 0.021614583333333333 0.6861111111111111 0.023697916666666666 0.7092592592592593 0.022395833333333334 0.7226851851851852 0.020052083333333335 0.7347222222222223 0.016666666666666666 0.7398148148148148 0.0018229166666666667 0.749537037037037 0 0.749537037037037 0 0.6763888888888889 0.013802083333333333 0.675
4 0.38177083333333334 0.8236111111111111 0.3885416666666667 0.8277777777777777 0.39036458333333335 0.8319444444444445 0.38958333333333334 0.875 0.3848958333333333 0.8962962962962963 0.3807291666666667 0.9064814814814814 0.37994791666666666 0.9254629629629629 0.3684895833333333 0.9351851851851852 0.36484375 0.9439814814814815 0.34817708333333336 0.9435185185185185 0.3463541666666667 0.9412037037037037 0.3463541666666667 0.9356481481481481 0.3416666666666667 0.9314814814814815 0.34010416666666665 0.9231481481481482 0.33932291666666664 0.8800925925925925 0.35572916666666665 0.8296296296296296 0.36770833333333336 0.8231481481481482 0.3815104166666667 0.8236111111111111
4 0.31588541666666664 0.6657407407407407 0.31979166666666664 0.6708333333333333 0.32083333333333336 0.6805555555555556 0.3145833333333333 0.6907407407407408 0.3125 0.6893518518518519 0.31145833333333334 0.6736111111111112 0.3125 0.6680555555555555 0.315625 0.6657407407407407
4 0.07526041666666666 0.7222222222222222 0.10911458333333333 0.7226851851851852 0.11119791666666666 0.7273148148148149 0.11223958333333334 0.7759259259259259 0.09869791666666666 0.7777777777777778 0.08151041666666667 0.7893518518518519 0.06953125 0.7875 0.06380208333333333 0.7824074074074074 0.06875 0.7666666666666667 0.08203125 0.7583333333333333 0.07473958333333333 0.7574074074074074 0.06744791666666666 0.762962962962963 0.06276041666666667 0.7564814814814815 0.06197916666666667 0.7347222222222223 0.06380208333333333 0.7273148148148149 0.075 0.7222222222222222
4 0.05364583333333333 0.8074074074074075 0.05703125 0.8111111111111111 0.053385416666666664 0.8416666666666667 0.03671875 0.8578703703703704 0.03359375 0.8555555555555555 0.030729166666666665 0.8402777777777778 0.0265625 0.8342592592592593 0.026302083333333334 0.8300925925925926 0.03229166666666667 0.8162037037037037 0.03984375 0.8097222222222222 0.053385416666666664 0.8074074074074075
4 0.42526041666666664 0.5685185185185185 0.42890625 0.5740740740740741 0.42630208333333336 0.5976851851851852 0.4125 0.600925925925926 0.409375 0.5986111111111111 0.4088541666666667 0.5930555555555556 0.4114583333333333 0.5722222222222222 0.41510416666666666 0.5680555555555555 0.425 0.5685185185185185
4 0.42864583333333334 0.4300925925925926 0.43385416666666665 0.4388888888888889 0.42890625 0.44305555555555554 0.42552083333333335 0.44074074074074077 0.425 0.43287037037037035 0.4283854166666667 0.4305555555555556
4 0.46770833333333334 0.5106481481481482 0.46953125 0.5148148148148148 0.46953125 0.5226851851851851 0.4669270833333333 0.5268518518518519 0.46328125 0.5268518518518519 0.4622395833333333 0.5222222222222223 0.46380208333333334 0.5120370370370371 0.4674479166666667 0.5106481481481482
4 0.43671875 0.4212962962962963 0.44114583333333335 0.42592592592592593 0.4393229166666667 0.4337962962962963 0.434375 0.4305555555555556 0.434375 0.42407407407407405 0.43645833333333334 0.4212962962962963
4 0.11666666666666667 0.7791666666666667 0.12421875 0.7819444444444444 0.12369791666666667 0.7870370370370371 0.09401041666666667 0.8208333333333333 0.08229166666666667 0.8287037037037037 0.07942708333333333 0.825462962962963 0.07786458333333333 0.8162037037037037 0.08020833333333334 0.8004629629629629 0.08489583333333334 0.7893518518518519 0.096875 0.7791666666666667 0.11640625 0.7791666666666667
3 0.10859375 0.7226851851851852 0.11067708333333333 0.7245370370370371 0.11171875 0.7328703703703704 0.11197916666666667 0.7763888888888889 0.09401041666666667 0.7800925925925926 0.078125 0.7916666666666666 0.06744791666666666 0.787962962962963 0.06588541666666667 0.7898148148148149 0.06901041666666667 0.7925925925925926 0.06770833333333333 0.7944444444444444 0.06380208333333333 0.7935185185185185 0.06302083333333333 0.7787037037037037 0.06692708333333333 0.7689814814814815 0.0640625 0.7606481481481482 0.05859375 0.7722222222222223 0.05807291666666667 0.7833333333333333 0.05546875 0.7893518518518519 0.05364583333333333 0.7912037037037037 0.05026041666666667 0.7856481481481481 0.05078125 0.7388888888888889 0.05651041666666667 0.7356481481481482 0.058854166666666666 0.7375 0.0609375 0.7606481481481482 0.062239583333333334 0.7587962962962963 0.06197916666666667 0.7337962962962963 0.06458333333333334 0.7263888888888889 0.07369791666666667 0.7222222222222222 0.10833333333333334 0.7226851851851852
1 0.42994791666666665 0.4310185185185185 0.43359375 0.4388888888888889 0.42890625 0.4425925925925926 0.42578125 0.44074074074074077 0.42473958333333334 0.4351851851851852 0.42578125 0.43148148148148147 0.4296875 0.4310185185185185
1 0.41484375 0.4125 0.4166666666666667 0.4166666666666667 0.41510416666666666 0.4222222222222222 0.40911458333333334 0.4199074074074074 0.41119791666666666 0.4125 0.41458333333333336 0.4125
1 0.3541666666666667 0.5712962962962963 0.3684895833333333 0.5777777777777777 0.37083333333333335 0.5847222222222223 0.3697916666666667 0.5893518518518519 0.3455729166666667 0.5949074074074074 0.340625 0.5921296296296297 0.3385416666666667 0.5796296296296296 0.3455729166666667 0.5722222222222222 0.35390625 0.5712962962962963
1 0.45989583333333334 0.45185185185185184 0.46380208333333334 0.4550925925925926 0.4640625 0.4671296296296296 0.4552083333333333 0.4666666666666667 0.45546875 0.4550925925925926 0.4596354166666667 0.45231481481481484
1 0.4083333333333333 0.6564814814814814 0.41484375 0.6592592592592592 0.41770833333333335 0.6638888888888889 0.41484375 0.6916666666666667 0.41302083333333334 0.6925925925925925 0.39401041666666664 0.6925925925925925 0.3932291666666667 0.6893518518518519 0.3958333333333333 0.6615740740740741 0.40078125 0.6574074074074074 0.4080729166666667 0.6564814814814814
2 0.3151041666666667 0.6662037037037037 0.31875 0.6689814814814815 0.32083333333333336 0.6796296296296296 0.31953125 0.6851851851851852 0.3145833333333333 0.6907407407407408 0.3125 0.6893518518518519 0.31171875 0.6736111111111112 0.31484375 0.6662037037037037
2 0.39401041666666664 0.5212962962962963 0.3958333333333333 0.5291666666666667 0.39505208333333336 0.5347222222222222 0.3921875 0.5361111111111111 0.390625 0.5333333333333333 0.390625 0.5259259259259259 0.39375 0.5217592592592593
2 0.3453125 0.6675925925925926 0.3489583333333333 0.674074074074074 0.34869791666666666 0.687037037037037 0.3453125 0.6949074074074074 0.3419270833333333 0.6981481481481482 0.34010416666666665 0.687037037037037 0.34088541666666666 0.6722222222222223 0.3450520833333333 0.6680555555555555
2 0.31145833333333334 0.6217592592592592 0.3138020833333333 0.6268518518518519 0.31328125 0.6370370370370371 0.3072916666666667 0.6486111111111111 0.30494791666666665 0.6444444444444445 0.3059895833333333 0.6300925925925925 0.30755208333333334 0.6226851851851852 0.3111979166666667 0.6217592592592592
2 0.4078125 0.5060185185185185 0.41119791666666666 0.5097222222222222 0.41171875 0.5138888888888888 0.41119791666666666 0.5203703703703704 0.4075520833333333 0.5203703703703704 0.4078125 0.5064814814814815
2 0.36953125 0.7087962962962963 0.36614583333333334 0.7291666666666666 0.36354166666666665 0.7319444444444444 0.36041666666666666 0.7129629629629629 0.36276041666666664 0.7087962962962963 0.3692708333333333 0.7087962962962963
2 0.4671875 0.5106481481481482 0.46927083333333336 0.5143518518518518 0.46953125 0.5231481481481481 0.4669270833333333 0.5268518518518519 0.4635416666666667 0.5268518518518519 0.4622395833333333 0.5226851851851851 0.4635416666666667 0.5138888888888888 0.4669270833333333 0.5106481481481482