0 0.390625 0.8976851851851851 0.39765625 0.899537037037037 0.4002604166666667 0.9083333333333333 0.39895833333333336 0.9222222222222223 0.4005208333333333 0.9564814814814815 0.39739583333333334 0.9898148148148148 0.39401041666666664 0.999537037037037 0.34322916666666664 0.999537037037037 0.3419270833333333 0.9962962962962963 0.34453125 0.9805555555555555 0.365625 0.9018518518518519 0.3692708333333333 0.8986111111111111 0.39036458333333335 0.8976851851851851
0 0.41953125 0.5175925925925926 0.42265625 0.5203703703703704 0.4231770833333333 0.5337962962962963 0.42161458333333335 0.55 0.41822916666666665 0.5527777777777778 0.40729166666666666 0.5504629629629629 0.40677083333333336 0.5282407407407408 0.40989583333333335 0.5199074074074074 0.4192708333333333 0.5175925925925926
4 0.058333333333333334 0.7337962962962963 0.06380208333333333 0.7361111111111112 0.06510416666666667 0.7407407407407407 0.06640625 0.7597222222222222 0.06484375 0.7722222222222223 0.055989583333333336 0.7949074074074074 0.040625 0.8199074074074074 0.03046875 0.8347222222222223 0.022395833333333334 0.8388888888888889 0 0.837037037037037 0 0.7694444444444445 0.009375 0.7583333333333333 0.008333333333333333 0.7472222222222222 0.015364583333333333 0.7388888888888889 0.019270833333333334 0.7412037037037037 0.020052083333333335 0.7458333333333333 0.02265625 0.7458333333333333 0.03984375 0.7351851851851852 0.05807291666666667 0.7337962962962963
4 0.4359375 0.449537037037037 0.43984375 0.4587962962962963 0.4393229166666667 0.4638888888888889 0.43645833333333334 0.46620370370370373 0.43307291666666664 0.4652777777777778 0.4315104166666667 0.45787037037037037 0.4322916666666667 0.45046296296296295 0.4356770833333333 0.449537037037037
4 0.4236979166666667 0.44351851851851853 0.42552083333333335 0.4476851851851852 0.42552083333333335 0.4527777777777778 0.4236979166666667 0.45416666666666666 0.41901041666666666 0.45185185185185184 0.4192708333333333 0.44537037037037036 0.4234375 0.44351851851851853
4 0.45364583333333336 0.462037037037037 0.45755208333333336 0.4703703703703704 0.4544270833333333 0.47453703703703703 0.45 0.4740740740740741 0.4479166666666667 0.4703703703703704 0.44947916666666665 0.4625 0.45338541666666665 0.462037037037037
4 0.42864583333333334 0.6310185185185185 0.4354166666666667 0.6365740740740741 0.4361979166666667 0.6402777777777777 0.43463541666666666 0.6574074074074074 0.43046875 0.6662037037037037 0.41796875 0.6662037037037037 0.41458333333333336 0.6546296296296297 0.4158854166666667 0.6435185185185185 0.41953125 0.6337962962962963 0.4283854166666667 0.6310185185185185
4 0.39765625 0.7356481481481482 0.4075520833333333 0.7393518518518518 0.40989583333333335 0.7439814814814815 0.409375 0.7625 0.4044270833333333 0.7800925925925926 0.39791666666666664 0.7773148148148148 0.38619791666666664 0.7791666666666667 0.38359375 0.7763888888888889 0.38359375 0.7611111111111111 0.3875 0.7412037037037037 0.39114583333333336 0.736574074074074 0.39739583333333334 0.7356481481481482
4 0.4471354166666667 0.6365740740740741 0.44973958333333336 0.6444444444444445 0.4484375 0.6574074074074074 0.44609375 0.6601851851851852 0.44375 0.6578703703703703 0.4434895833333333 0.6430555555555556 0.446875 0.6365740740740741
4 0.041666666666666664 0.8273148148148148 0.058854166666666666 0.8291666666666667 0.07135416666666666 0.8268518518518518 0.07578125 0.8351851851851851 0.07994791666666666 0.8379629629629629 0.08307291666666666 0.8518518518518519 0.08463541666666667 0.8870370370370371 0.05520833333333333 0.9194444444444444 0.03333333333333333 0.924537037037037 0.02890625 0.9226851851851852 0.021614583333333333 0.9078703703703703 0.020572916666666666 0.8958333333333334 0.022916666666666665 0.8800925925925925 0.022916666666666665 0.8555555555555555 0.025260416666666667 0.8458333333333333 0.033854166666666664 0.8305555555555556 0.03619791666666667 0.8273148148148148 0.04140625 0.8273148148148148
4 0.4359375 0.5157407407407407 0.4393229166666667 0.5189814814814815 0.4393229166666667 0.5277777777777778 0.43854166666666666 0.5333333333333333 0.4356770833333333 0.5370370370370371 0.43020833333333336 0.5365740740740741 0.4283854166666667 0.5333333333333333 0.43046875 0.5185185185185185 0.4356770833333333 0.5157407407407407
4 0.13229166666666667 0.7810185185185186 0.14973958333333334 0.7824074074074074 0.15 0.8310185185185185 0.14557291666666666 0.8351851851851851 0.13359375 0.8328703703703704 0.12578125 0.8421296296296297 0.1171875 0.8416666666666667 0.1140625 0.8490740740740741 0.10598958333333333 0.8541666666666666 0.09479166666666666 0.8462962962962963 0.09583333333333334 0.7972222222222223 0.11328125 0.7824074074074074 0.11536458333333334 0.7865740740740741 0.11640625 0.8023148148148148 0.11953125 0.7828703703703703 0.13203125 0.7810185185185186
4 0.4328125 0.4666666666666667 0.43645833333333334 0.4703703703703704 0.4375 0.48148148148148145 0.4356770833333333 0.48657407407407405 0.4278645833333333 0.4837962962962963 0.4276041666666667 0.4703703703703704 0.43255208333333334 0.4666666666666667
4 0.4549479166666667 0.5138888888888888 0.4588541666666667 0.5171296296296296 0.46067708333333335 0.5296296296296297 0.45390625 0.5333333333333333 0.45 0.5300925925925926 0.44973958333333336 0.5254629629629629 0.45208333333333334 0.5152777777777777 0.4546875 0.5138888888888888
4 0.44947916666666665 0.5333333333333333 0.453125 0.5370370370370371 0.45416666666666666 0.5425925925925926 0.44947916666666665 0.5851851851851851 0.44635416666666666 0.5875 0.43307291666666664 0.5861111111111111 0.43072916666666666 0.575462962962963 0.43671875 0.5393518518518519 0.4390625 0.5342592592592592 0.44921875 0.5337962962962963
4 0.42526041666666664 0.7523148148148148 0.4356770833333333 0.7532407407407408 0.44088541666666664 0.7583333333333333 0.4390625 0.7652777777777777 0.4375 0.7976851851851852 0.43255208333333334 0.8009259259259259 0.42265625 0.8009259259259259 0.415625 0.7967592592592593 0.41796875 0.7587962962962963 0.42135416666666664 0.7532407407407408 0.425 0.7527777777777778
4 0.46822916666666664 0.5546296296296296 0.47109375 0.5574074074074075 0.47161458333333334 0.575 0.4703125 0.5833333333333334 0.46770833333333334 0.5851851851851851 0.459375 0.5847222222222223 0.45729166666666665 0.5763888888888888 0.4588541666666667 0.5569444444444445 0.46796875 0.5546296296296296
4 0.14635416666666667 0.836574074074074 0.16171875 0.8398148148148148 0.1640625 0.8449074074074074 0.16354166666666667 0.8513888888888889 0.14505208333333333 0.8800925925925925 0.13385416666666666 0.8907407407407407 0.12447916666666667 0.8796296296296297 0.12604166666666666 0.8564814814814815 0.13671875 0.8388888888888889 0.14609375 0.836574074074074
4 0.46041666666666664 0.49953703703703706 0.46145833333333336 0.5092592592592593 0.45989583333333334 0.5162037037037037 0.45234375 0.5148148148148148 0.4515625 0.5055555555555555 0.45364583333333336 0.4986111111111111 0.46015625 0.49953703703703706
1 0.453125 0.462037037037037 0.45729166666666665 0.46944444444444444 0.45651041666666664 0.4736111111111111 0.45364583333333336 0.47453703703703703 0.45 0.4740740740740741 0.4479166666666667 0.46944444444444444 0.44947916666666665 0.46296296296296297 0.45286458333333335 0.462037037037037
1 0.43671875 0.5162037037037037 0.4393229166666667 0.5208333333333334 0.43854166666666666 0.5328703703703703 0.43359375 0.5365740740740741 0.42942708333333335 0.5356481481481481 0.42864583333333334 0.5287037037037037 0.43203125 0.5166666666666667 0.43645833333333334 0.5162037037037037
2 0.4427083333333333 0.6930555555555555 0.44505208333333335 0.700462962962963 0.44244791666666666 0.711574074074074 0.4393229166666667 0.7106481481481481 0.43802083333333336 0.7050925925925926 0.4388020833333333 0.6935185185185185 0.44244791666666666 0.6930555555555555
2 0.44609375 0.6388888888888888 0.44921875 0.6439814814814815 0.4479166666666667 0.6583333333333333 0.44375 0.6578703703703703 0.44375 0.6444444444444445 0.44583333333333336 0.6393518518518518
2 0.32864583333333336 0.6754629629629629 0.33046875 0.6865740740740741 0.328125 0.6930555555555555 0.325 0.6949074074074074 0.3229166666666667 0.6921296296296297 0.3229166666666667 0.6842592592592592 0.325 0.6768518518518518 0.32838541666666665 0.6754629629629629