4 0.4010416666666667 0.6847222222222222 0.40286458333333336 0.6907407407407408 0.40338541666666666 0.7101851851851851 0.39895833333333336 0.7314814814814815 0.396875 0.7347222222222223 0.38567708333333334 0.7361111111111112 0.38125 0.7347222222222223 0.37994791666666666 0.7305555555555555 0.38359375 0.6930555555555555 0.38697916666666665 0.6851851851851852 0.40078125 0.6847222222222222
4 0.09453125 0.7689814814814815 0.10234375 0.7703703703703704 0.10625 0.787962962962963 0.10052083333333334 0.8245370370370371 0.07890625 0.8662037037037037 0.06796875 0.8810185185185185 0.06067708333333333 0.8837962962962963 0.04453125 0.8819444444444444 0.045572916666666664 0.861574074074074 0.043229166666666666 0.8523148148148149 0.03958333333333333 0.8546296296296296 0.030208333333333334 0.8708333333333333 0.019010416666666665 0.8699074074074075 0.01875 0.8430555555555556 0.022395833333333334 0.8472222222222222 0.02734375 0.8328703703703704 0.04114583333333333 0.8222222222222222 0.05182291666666667 0.8050925925925926 0.0765625 0.774537037037037 0.08463541666666667 0.7689814814814815 0.09427083333333333 0.7689814814814815
4 0.44296875 0.3787037037037037 0.4453125 0.38657407407407407 0.44114583333333335 0.38981481481481484 0.43776041666666665 0.38935185185185184 0.43697916666666664 0.38333333333333336 0.4388020833333333 0.37916666666666665 0.4427083333333333 0.3787037037037037
4 0.5135416666666667 0.5041666666666667 0.5161458333333333 0.5055555555555555 0.51875 0.512962962962963 0.51875 0.5185185185185185 0.5158854166666667 0.5222222222222223 0.4947916666666667 0.5189814814814815 0.49270833333333336 0.5152777777777777 0.4947916666666667 0.5069444444444444 0.51328125 0.5041666666666667
4 0.46848958333333335 0.45740740740740743 0.4708333333333333 0.4615740740740741 0.4703125 0.47175925925925927 0.4635416666666667 0.4708333333333333 0.4622395833333333 0.46620370370370373 0.46328125 0.4583333333333333 0.46822916666666664 0.45740740740740743
4 0.06432291666666666 0.7703703703703704 0.06927083333333334 0.7819444444444444 0.06822916666666666 0.7861111111111111 0.04348958333333333 0.8175925925925925 0.04114583333333333 0.8143518518518519 0.03723958333333333 0.7972222222222223 0.03046875 0.8027777777777778 0.027083333333333334 0.8115740740740741 0.015364583333333333 0.812037037037037 0.013802083333333333 0.8092592592592592 0.015104166666666667 0.7967592592592593 0.04505208333333333 0.7717592592592593 0.0640625 0.7703703703703704
4 0.44114583333333335 0.44212962962962965 0.44505208333333335 0.45 0.4427083333333333 0.45740740740740743 0.4361979166666667 0.45601851851851855 0.43645833333333334 0.4462962962962963 0.44088541666666664 0.44212962962962965
4 0.043229166666666666 0.9083333333333333 0.054427083333333334 0.9212962962962963 0.05703125 0.9648148148148148 0.03828125 0.9745370370370371 0.015364583333333333 0.9731481481481481 0.00859375 0.9953703703703703 0 0.9907407407407407 0 0.9287037037037037 0.0020833333333333333 0.9277777777777778 0.00859375 0.9120370370370371 0.04296875 0.9083333333333333
4 0.4705729166666667 0.5439814814814815 0.4747395833333333 0.5481481481481482 0.4747395833333333 0.5606481481481481 0.47109375 0.5643518518518519 0.4630208333333333 0.5638888888888889 0.46171875 0.5601851851851852 0.46328125 0.5453703703703704 0.4703125 0.5439814814814815
4 0.11901041666666666 0.8759259259259259 0.12682291666666667 0.888425925925926 0.13020833333333334 0.9083333333333333 0.14036458333333332 0.9064814814814814 0.14322916666666666 0.9143518518518519 0.1421875 0.9319444444444445 0.13828125 0.9435185185185185 0.12630208333333334 0.961574074074074 0.11432291666666666 0.9745370370370371 0.10677083333333333 0.9675925925925926 0.08125 0.9689814814814814 0.075 0.9638888888888889 0.07317708333333334 0.9458333333333333 0.07369791666666667 0.9078703703703703 0.08489583333333334 0.875462962962963 0.09114583333333333 0.8782407407407408 0.11875 0.8759259259259259
4 0.44453125 0.4199074074074074 0.4473958333333333 0.42916666666666664 0.4432291666666667 0.43333333333333335 0.4393229166666667 0.43148148148148147 0.4393229166666667 0.4236111111111111 0.44114583333333335 0.41944444444444445 0.44427083333333334 0.4199074074074074
4 0.2203125 0.8486111111111111 0.22552083333333334 0.8523148148148149 0.2203125 0.8689814814814815 0.18203125 0.9347222222222222 0.16979166666666667 0.9324074074074075 0.16666666666666666 0.9282407407407407 0.16432291666666668 0.9157407407407407 0.16458333333333333 0.9041666666666667 0.16979166666666667 0.8865740740740741 0.17526041666666667 0.8782407407407408 0.19010416666666666 0.874537037037037 0.196875 0.8625 0.20989583333333334 0.8518518518518519 0.22005208333333334 0.8490740740740741
4 0.178125 0.8152777777777778 0.18255208333333334 0.8162037037037037 0.18541666666666667 0.8212962962962963 0.1859375 0.8592592592592593 0.18411458333333333 0.8662037037037037 0.16822916666666668 0.8856481481481482 0.15364583333333334 0.8875 0.13854166666666667 0.8875 0.13567708333333334 0.8847222222222222 0.13541666666666666 0.8416666666666667 0.15078125 0.8175925925925925 0.17786458333333333 0.8152777777777778
4 0.05677083333333333 0.9699074074074074 0.05911458333333333 0.975462962962963 0.0671875 0.9810185185185185 0.06979166666666667 0.9925925925925926 0.06927083333333334 0.999537037037037 0.010677083333333334 0.999537037037037 0.009114583333333334 0.9944444444444445 0.012239583333333333 0.9796296296296296 0.015885416666666666 0.9726851851851852 0.03333333333333333 0.9745370370370371 0.05286458333333333 0.9685185185185186 0.05651041666666667 0.9699074074074074
4 0.46875 0.4726851851851852 0.4700520833333333 0.4842592592592593 0.46770833333333334 0.4888888888888889 0.46067708333333335 0.4875 0.46067708333333335 0.48194444444444445 0.4625 0.4726851851851852 0.46848958333333335 0.4726851851851852
4 0.30026041666666664 0.888425925925926 0.30026041666666664 0.8657407407407407 0.3065104166666667 0.8379629629629629 0.3145833333333333 0.8157407407407408 0.32083333333333336 0.812962962962963 0.33515625 0.8138888888888889 0.33697916666666666 0.8166666666666667 0.3375 0.8425925925925926 0.3341145833333333 0.8625 0.32421875 0.8907407407407407 0.30416666666666664 0.8912037037037037 0.30052083333333335 0.888425925925926
4 0.45390625 0.475 0.45625 0.4828703703703704 0.45416666666666666 0.487962962962963 0.44817708333333334 0.48564814814814816 0.44895833333333335 0.4773148148148148 0.45364583333333336 0.475
4 0.4427083333333333 0.4615740740740741 0.4453125 0.4699074074074074 0.44505208333333335 0.4773148148148148 0.4427083333333333 0.48055555555555557 0.4356770833333333 0.4791666666666667 0.43697916666666664 0.4638888888888889 0.44244791666666666 0.4615740740740741
3 0.13385416666666666 0.8166666666666667 0.14765625 0.8180555555555555 0.1359375 0.8398148148148148 0.13255208333333332 0.8564814814814815 0.12395833333333334 0.8800925925925925 0.13020833333333334 0.8986111111111111 0.13463541666666667 0.8921296296296296 0.14713541666666666 0.8893518518518518 0.15807291666666667 0.8921296296296296 0.15963541666666667 0.8976851851851851 0.1578125 0.9041666666666667 0.1484375 0.9180555555555555 0.14765625 0.9236111111111112 0.14375 0.9273148148148148 0.13697916666666668 0.9453703703703704 0.121875 0.9671296296296297 0.11328125 0.975 0.10911458333333333 0.9736111111111111 0.10625 0.9685185185185186 0.08098958333333334 0.9699074074074074 0.07421875 0.9643518518518519 0.07239583333333334 0.925 0.07317708333333334 0.9041666666666667 0.07604166666666666 0.8935185185185185 0.07239583333333334 0.8833333333333333 0.08515625 0.8592592592592593 0.09244791666666667 0.8532407407407407 0.10859375 0.8310185185185185 0.12265625 0.8175925925925925 0.13359375 0.8166666666666667
1 0.45390625 0.44814814814814813 0.45651041666666664 0.4564814814814815 0.45364583333333336 0.4601851851851852 0.44765625 0.45694444444444443 0.44921875 0.4486111111111111 0.45364583333333336 0.44814814814814813
1 0.46875 0.47314814814814815 0.4703125 0.47824074074074074 0.46979166666666666 0.48703703703703705 0.4671875 0.4888888888888889 0.46145833333333336 0.487962962962963 0.4609375 0.48055555555555557 0.4625 0.47314814814814815 0.46848958333333335 0.47314814814814815
1 0.44192708333333336 0.4425925925925926 0.44505208333333335 0.45231481481481484 0.44244791666666666 0.45740740740740743 0.4361979166666667 0.45416666666666666 0.43671875 0.44583333333333336 0.44166666666666665 0.4425925925925926
1 0.4669270833333333 0.45694444444444443 0.4703125 0.45925925925925926 0.4705729166666667 0.4703703703703704 0.46328125 0.4689814814814815 0.4627604166666667 0.45925925925925926 0.4666666666666667 0.45740740740740743
2 0.45703125 0.5194444444444445 0.459375 0.5268518518518519 0.4588541666666667 0.5324074074074074 0.45677083333333335 0.5337962962962963 0.4549479166666667 0.5300925925925926 0.45677083333333335 0.5194444444444445
2 0.4739583333333333 0.5074074074074074 0.4752604166666667 0.5115740740740741 0.47421875 0.5222222222222223 0.47109375 0.5171296296296296 0.47109375 0.5106481481481482 0.47369791666666666 0.5074074074074074