4 0.42239583333333336 0.6050925925925926 0.42604166666666665 0.6138888888888889 0.42578125 0.6328703703703704 0.41822916666666665 0.6370370370370371 0.4114583333333333 0.6361111111111111 0.4114583333333333 0.6217592592592592 0.41822916666666665 0.6050925925925926 0.42213541666666665 0.6050925925925926
4 0.13229166666666667 0.9078703703703703 0.1359375 0.9143518518518519 0.13619791666666667 0.9287037037037037 0.13463541666666667 0.9324074074074075 0.13619791666666667 0.9351851851851852 0.13645833333333332 0.9569444444444445 0.12369791666666667 0.9800925925925926 0.10963541666666667 0.9949074074074075 0.09401041666666667 0.9944444444444445 0.078125 0.9884259259259259 0.07630208333333334 0.9495370370370371 0.07734375 0.9384259259259259 0.08854166666666667 0.9203703703703704 0.09557291666666666 0.913425925925926 0.11302083333333333 0.9115740740740741 0.11953125 0.9078703703703703 0.12447916666666667 0.9120370370370371 0.13203125 0.9078703703703703
4 0.04453125 0.8513888888888889 0.048177083333333336 0.861574074074074 0.04921875 0.8796296296296297 0.042708333333333334 0.9046296296296297 0.04192708333333333 0.9148148148148149 0.024739583333333332 0.9430555555555555 0.016666666666666666 0.962037037037037 0.0018229166666666667 0.9796296296296296 0 0.9796296296296296 0 0.8537037037037037 0.00859375 0.8629629629629629 0.015104166666666667 0.8555555555555555 0.022135416666666668 0.8523148148148149 0.044270833333333336 0.8513888888888889
4 0.42864583333333334 0.4263888888888889 0.4361979166666667 0.43194444444444446 0.4359375 0.45 0.42864583333333334 0.4513888888888889 0.4265625 0.44907407407407407 0.42604166666666665 0.43148148148148147 0.4283854166666667 0.42685185185185187
4 0.5317708333333333 0.5634259259259259 0.5364583333333334 0.5666666666666667 0.54296875 0.5777777777777777 0.5432291666666667 0.5824074074074074 0.540625 0.5842592592592593 0.5221354166666666 0.5796296296296296 0.5223958333333333 0.5666666666666667 0.5315104166666667 0.5634259259259259
1 0.39453125 0.9106481481481481 0.4 0.9148148148148149 0.4010416666666667 0.9310185185185185 0.39401041666666664 0.9745370370370371 0.390625 0.9782407407407407 0.3684895833333333 0.9768518518518519 0.36614583333333334 0.9740740740740741 0.3658854166666667 0.9597222222222223 0.3729166666666667 0.9208333333333333 0.3765625 0.9120370370370371 0.39427083333333335 0.9106481481481481
1 0.3880208333333333 0.7430555555555556 0.39036458333333335 0.7462962962962963 0.3924479166666667 0.7574074074074074 0.39166666666666666 0.7722222222222223 0.38828125 0.7875 0.38567708333333334 0.7916666666666666 0.37395833333333334 0.7935185185185185 0.37005208333333334 0.7935185185185185 0.36796875 0.7898148148148149 0.36953125 0.7680555555555556 0.37786458333333334 0.7444444444444445 0.38776041666666666 0.7430555555555556
1 0.45 0.7462962962962963 0.45286458333333335 0.7481481481481481 0.453125 0.7527777777777778 0.44947916666666665 0.7800925925925926 0.43411458333333336 0.7791666666666667 0.43307291666666664 0.7694444444444445 0.43697916666666664 0.7467592592592592 0.44244791666666666 0.7439814814814815 0.44973958333333336 0.7462962962962963
1 0.46171875 0.6060185185185185 0.46536458333333336 0.611574074074074 0.46536458333333336 0.6333333333333333 0.46328125 0.6356481481481482 0.453125 0.6351851851851852 0.45234375 0.6305555555555555 0.45416666666666666 0.6087962962962963 0.45625 0.6055555555555555 0.46145833333333336 0.6060185185185185
1 0.42864583333333334 0.5324074074074074 0.4322916666666667 0.5370370370370371 0.43203125 0.5541666666666667 0.42213541666666665 0.5569444444444445 0.42083333333333334 0.5541666666666667 0.42265625 0.5361111111111111 0.4283854166666667 0.5328703703703703
1 0.35260416666666666 0.8222222222222222 0.35651041666666666 0.8273148148148148 0.3575520833333333 0.8425925925925926 0.35208333333333336 0.8694444444444445 0.3489583333333333 0.875462962962963 0.33880208333333334 0.8777777777777778 0.3307291666666667 0.8773148148148148 0.32890625 0.8736111111111111 0.33046875 0.8458333333333333 0.3377604166666667 0.8291666666666667 0.35234375 0.8222222222222222
2 0.35833333333333334 0.7550925925925925 0.35911458333333335 0.7648148148148148 0.35572916666666665 0.7759259259259259 0.3528645833333333 0.7777777777777778 0.35234375 0.7555555555555555 0.3580729166666667 0.7550925925925925