4 0.45651041666666664 0.5152777777777777 0.45989583333333334 0.5152777777777777 0.46015625 0.5180555555555556 0.45989583333333334 0.5282407407407408 0.45651041666666664 0.5300925925925926 0.45651041666666664 0.5157407407407407
4 0.39791666666666664 0.6921296296296297 0.4002604166666667 0.6944444444444444 0.40078125 0.7 0.39947916666666666 0.7212962962962963 0.3958333333333333 0.7421296296296296 0.39296875 0.7449074074074075 0.38203125 0.7453703703703703 0.37838541666666664 0.7449074074074075 0.3765625 0.7412037037037037 0.38177083333333334 0.6995370370370371 0.38619791666666664 0.6925925925925925 0.39765625 0.6921296296296297
4 0.10364583333333334 0.7675925925925926 0.10677083333333333 0.7722222222222223 0.109375 0.7930555555555555 0.10442708333333334 0.8041666666666667 0.10260416666666666 0.8231481481481482 0.09322916666666667 0.8361111111111111 0.08515625 0.8587962962962963 0.07057291666666667 0.8763888888888889 0.05911458333333333 0.8810185185185185 0.046875 0.8782407407407408 0.051041666666666666 0.8694444444444445 0.049479166666666664 0.850462962962963 0.04765625 0.8467592592592592 0.04192708333333333 0.8541666666666666 0.03828125 0.8689814814814815 0.02890625 0.8703703703703703 0.025 0.8680555555555556 0.022395833333333334 0.8430555555555556 0.01328125 0.8550925925925926 0.009375 0.8652777777777778 0 0.8666666666666667 0 0.8277777777777777 0.0067708333333333336 0.8226851851851852 0.018229166666666668 0.8212962962962963 0.019010416666666665 0.8337962962962963 0.01953125 0.8208333333333333 0.03984375 0.8199074074074074 0.04375 0.8166666666666667 0.045572916666666664 0.8138888888888889 0.04609375 0.8046296296296296 0.0453125 0.7925925925925926 0.043229166666666666 0.7888888888888889 0.038802083333333334 0.7925925925925926 0.03619791666666667 0.8 0.028385416666666666 0.8050925925925926 0.022135416666666668 0.8046296296296296 0.020052083333333335 0.7962962962962963 0.05 0.7685185185185185 0.06796875 0.7680555555555556 0.07083333333333333 0.7736111111111111 0.07473958333333333 0.774537037037037 0.08619791666666667 0.7671296296296296 0.10338541666666666 0.7675925925925926
4 0.5140625 0.5041666666666667 0.51796875 0.5087962962962963 0.51875 0.5166666666666667 0.5130208333333334 0.5217592592592593 0.49453125 0.5185185185185185 0.49270833333333336 0.5115740740740741 0.49713541666666666 0.5060185185185185 0.5138020833333333 0.5041666666666667
4 0.44140625 0.4634259259259259 0.4440104166666667 0.46574074074074073 0.44479166666666664 0.4708333333333333 0.44453125 0.48055555555555557 0.4427083333333333 0.4828703703703704 0.43515625 0.48055555555555557 0.43645833333333334 0.4666666666666667 0.44114583333333335 0.4634259259259259
4 0.18333333333333332 0.812037037037037 0.18619791666666666 0.8143518518518519 0.18776041666666668 0.8212962962962963 0.18776041666666668 0.8592592592592593 0.17161458333333332 0.8833333333333333 0.16536458333333334 0.8851851851851852 0.1578125 0.8814814814814815 0.13854166666666667 0.8819444444444444 0.13645833333333332 0.8490740740740741 0.13776041666666666 0.8384259259259259 0.15442708333333333 0.8134259259259259 0.171875 0.8101851851851852 0.18307291666666667 0.812037037037037
4 0.04739583333333333 0.9050925925925926 0.057291666666666664 0.9194444444444444 0.05963541666666667 0.9606481481481481 0.04140625 0.9703703703703703 0.019010416666666665 0.9680555555555556 0.013802083333333333 0.987037037037037 0.00859375 0.9939814814814815 0.0036458333333333334 0.9856481481481482 0.0018229166666666667 0.975925925925926 0 0.975462962962963 0 0.9337962962962963 0.0018229166666666667 0.9333333333333333 0.008072916666666667 0.9152777777777777 0.012239583333333333 0.9097222222222222 0.047135416666666666 0.9050925925925926
4 0.32890625 0.8263888888888888 0.33229166666666665 0.8300925925925926 0.3307291666666667 0.8662037037037037 0.32135416666666666 0.9046296296296297 0.3177083333333333 0.9078703703703703 0.2950520833333333 0.9046296296296297 0.2950520833333333 0.8833333333333333 0.30026041666666664 0.8546296296296296 0.3106770833333333 0.8277777777777777 0.32864583333333336 0.8263888888888888
4 0.4703125 0.5398148148148149 0.47369791666666666 0.5412037037037037 0.4752604166666667 0.5462962962962963 0.4739583333333333 0.5601851851851852 0.46328125 0.5601851851851852 0.4625 0.5578703703703703 0.4635416666666667 0.5435185185185185 0.4700520833333333 0.5398148148148149
4 0.12109375 0.8731481481481481 0.12864583333333332 0.8837962962962963 0.13359375 0.9074074074074074 0.14505208333333333 0.9078703703703703 0.1453125 0.9287037037037037 0.13776041666666666 0.9444444444444444 0.12109375 0.9675925925925926 0.11692708333333333 0.9699074074074074 0.10677083333333333 0.9648148148148148 0.084375 0.9662037037037037 0.07942708333333333 0.9634259259259259 0.0765625 0.950925925925926 0.07734375 0.9004629629629629 0.08828125 0.8722222222222222 0.09427083333333333 0.875 0.12083333333333333 0.8731481481481481
4 0.44296875 0.4203703703703704 0.44609375 0.4222222222222222 0.44765625 0.42777777777777776 0.4473958333333333 0.4324074074074074 0.44375 0.43425925925925923 0.4395833333333333 0.43194444444444446 0.43984375 0.42407407407407405 0.4427083333333333 0.4203703703703704
4 0.19765625 0.874537037037037 0.20286458333333332 0.8800925925925925 0.20390625 0.8916666666666667 0.20234375 0.9009259259259259 0.1921875 0.9212962962962963 0.18229166666666666 0.9361111111111111 0.17942708333333332 0.937037037037037 0.171875 0.9333333333333333 0.16875 0.9282407407407407 0.16796875 0.8935185185185185 0.17057291666666666 0.8856481481481482 0.17786458333333333 0.875462962962963 0.19739583333333333 0.874537037037037
4 0.05755208333333333 0.962037037037037 0.06067708333333333 0.9629629629629629 0.06276041666666667 0.9712962962962963 0.0703125 0.9768518518518519 0.07265625 0.999537037037037 0.014583333333333334 0.999537037037037 0.008854166666666666 0.9944444444444445 0.012239583333333333 0.9898148148148148 0.019010416666666665 0.9694444444444444 0.04348958333333333 0.9703703703703703 0.057291666666666664 0.962037037037037
4 0.4744791666666667 0.5037037037037037 0.47630208333333335 0.512962962962963 0.47421875 0.5189814814814815 0.47213541666666664 0.5157407407407407 0.47213541666666664 0.5083333333333333 0.47421875 0.5037037037037037
4 0.4669270833333333 0.4699074074074074 0.4703125 0.47685185185185186 0.4703125 0.4847222222222222 0.46822916666666664 0.487962962962963 0.46119791666666665 0.48564814814814816 0.46119791666666665 0.4736111111111111 0.4666666666666667 0.4699074074074074
4 0.45364583333333336 0.475462962962963 0.45703125 0.4875 0.453125 0.48935185185185187 0.44947916666666665 0.48935185185185187 0.4484375 0.4828703703703704 0.44973958333333336 0.4773148148148148 0.45338541666666665 0.475462962962963
4 0.46953125 0.45787037037037037 0.4703125 0.4708333333333333 0.4635416666666667 0.4703703703703704 0.46197916666666666 0.4648148148148148 0.46328125 0.45787037037037037 0.46927083333333336 0.45787037037037037
4 0.4427083333333333 0.37824074074074077 0.4453125 0.387037037037037 0.4395833333333333 0.3902777777777778 0.43723958333333335 0.38842592592592595 0.43723958333333335 0.38287037037037036 0.43828125 0.37962962962962965 0.44244791666666666 0.37824074074074077
1 0.45338541666666665 0.475462962962963 0.45677083333333335 0.4842592592592593 0.4552083333333333 0.4888888888888889 0.44869791666666664 0.4875 0.44921875 0.4791666666666667 0.453125 0.475462962962963
1 0.46796875 0.47129629629629627 0.4700520833333333 0.475462962962963 0.4703125 0.4847222222222222 0.46770833333333334 0.487962962962963 0.4622395833333333 0.4875 0.46119791666666665 0.4847222222222222 0.46145833333333336 0.4736111111111111 0.46770833333333334 0.47129629629629627
1 0.453125 0.4476851851851852 0.45651041666666664 0.4550925925925926 0.45625 0.4597222222222222 0.45416666666666666 0.4615740740740741 0.44921875 0.46111111111111114 0.4479166666666667 0.45787037037037037 0.44869791666666664 0.45 0.45286458333333335 0.4476851851851852
1 0.46770833333333334 0.4564814814814815 0.4703125 0.4587962962962963 0.4703125 0.46944444444444444 0.4635416666666667 0.46944444444444444 0.4622395833333333 0.4652777777777778 0.46328125 0.45787037037037037 0.4674479166666667 0.4564814814814815
1 0.44140625 0.4439814814814815 0.44479166666666664 0.449537037037037 0.44479166666666664 0.45555555555555555 0.44296875 0.45787037037037037 0.43645833333333334 0.45601851851851855 0.43723958333333335 0.44583333333333336 0.44114583333333335 0.4439814814814815
2 0.45651041666666664 0.5162037037037037 0.45989583333333334 0.5166666666666667 0.46015625 0.5217592592592593 0.4596354166666667 0.5287037037037037 0.4557291666666667 0.5291666666666667 0.45651041666666664 0.5166666666666667