4 0.42526041666666664 0.4115740740740741 0.4270833333333333 0.4217592592592593 0.42526041666666664 0.4310185185185185 0.42109375 0.4305555555555556 0.4197916666666667 0.42685185185185187 0.4205729166666667 0.41388888888888886 0.425 0.4115740740740741
4 0.027864583333333335 0.7898148148148149 0.033854166666666664 0.7930555555555555 0.036458333333333336 0.8083333333333333 0.03697916666666667 0.8180555555555555 0.03411458333333333 0.8435185185185186 0.030208333333333334 0.8537037037037037 0.01484375 0.874537037037037 0.0020833333333333333 0.8986111111111111 0 0.8986111111111111 0 0.7967592592592593 0.015625 0.7893518518518519 0.027604166666666666 0.7898148148148149
4 0.4440104166666667 0.6439814814814815 0.44947916666666665 0.6472222222222223 0.44947916666666665 0.6671296296296296 0.44375 0.6759259259259259 0.43515625 0.6759259259259259 0.43307291666666664 0.6689814814814815 0.4356770833333333 0.6472222222222223 0.43828125 0.6439814814814815 0.44375 0.6439814814814815
4 0.4010416666666667 0.5481481481481482 0.4044270833333333 0.5453703703703704 0.40598958333333335 0.549537037037037 0.4044270833333333 0.5638888888888889 0.4010416666666667 0.5638888888888889 0.4010416666666667 0.5486111111111112
4 0.12395833333333334 0.837037037037037 0.12526041666666668 0.8425925925925926 0.1234375 0.8967592592592593 0.0953125 0.9268518518518518 0.08046875 0.9212962962962963 0.07421875 0.9231481481481482 0.06510416666666667 0.9180555555555555 0.06354166666666666 0.8796296296296297 0.06484375 0.8694444444444445 0.08098958333333334 0.8476851851851852 0.09609375 0.8472222222222222 0.12369791666666667 0.837037037037037
4 0 0.9152777777777777 0.03619791666666667 0.9111111111111111 0.03984375 0.9185185185185185 0.04921875 0.9254629629629629 0.05026041666666667 0.950925925925926 0.06067708333333333 0.9518518518518518 0.06432291666666666 0.9444444444444444 0.075 0.9546296296296296 0.07447916666666667 0.9634259259259259 0.07057291666666667 0.9680555555555556 0.06510416666666667 0.9837962962962963 0.05416666666666667 0.9962962962962963 0.03671875 0.999537037037037 0 0.9962962962962963 0 0.9157407407407407
4 0.43203125 0.42777777777777776 0.4390625 0.4388888888888889 0.4390625 0.4564814814814815 0.43203125 0.4587962962962963 0.4276041666666667 0.4546296296296296 0.42734375 0.4324074074074074 0.4317708333333333 0.42824074074074076
4 0.13411458333333334 0.9143518518518519 0.13776041666666666 0.9203703703703704 0.13854166666666667 0.9287037037037037 0.13385416666666666 0.9425925925925925 0.109375 0.9791666666666666 0.10416666666666667 0.9828703703703704 0.09453125 0.9773148148148149 0.0921875 0.9671296296296297 0.0953125 0.9435185185185185 0.1015625 0.925 0.10885416666666667 0.9143518518518519 0.13385416666666666 0.9143518518518519
4 0.42994791666666665 0.775 0.43255208333333334 0.7814814814814814 0.43255208333333334 0.799074074074074 0.43125 0.8074074074074075 0.42864583333333334 0.8111111111111111 0.42526041666666664 0.8018518518518518 0.42473958333333334 0.7819444444444444 0.4296875 0.775
3 0.16041666666666668 0.8810185185185185 0.16953125 0.8828703703703704 0.16510416666666666 0.8930555555555556 0.11276041666666667 0.9745370370370371 0.10338541666666666 0.9828703703703704 0.09375 0.9773148148148149 0.09192708333333334 0.9662037037037037 0.09479166666666666 0.9421296296296297 0.10520833333333333 0.9180555555555555 0.109375 0.9138888888888889 0.12864583333333332 0.9120370370370371 0.12682291666666667 0.9041666666666667 0.140625 0.8912037037037037 0.14401041666666667 0.8837962962962963 0.16015625 0.8810185185185185
1 0.44765625 0.5069444444444444 0.4510416666666667 0.5138888888888888 0.4513020833333333 0.5222222222222223 0.44947916666666665 0.5254629629629629 0.44192708333333336 0.5254629629629629 0.4401041666666667 0.5226851851851851 0.44114583333333335 0.5101851851851852 0.4473958333333333 0.5069444444444444
1 0.3502604166666667 0.6361111111111111 0.3546875 0.6402777777777777 0.35520833333333335 0.6458333333333334 0.353125 0.6513888888888889 0.34791666666666665 0.6546296296296297 0.3450520833333333 0.6541666666666667 0.34348958333333335 0.6398148148148148 0.3453125 0.6361111111111111 0.35 0.6361111111111111
1 0.45546875 0.5717592592592593 0.45859375 0.5736111111111111 0.4596354166666667 0.5777777777777777 0.45989583333333334 0.5939814814814814 0.45651041666666664 0.5962962962962963 0.44817708333333334 0.5958333333333333 0.44635416666666666 0.5916666666666667 0.4471354166666667 0.5745370370370371 0.4552083333333333 0.5717592592592593
1 0.32473958333333336 0.7597222222222222 0.32838541666666665 0.7620370370370371 0.33125 0.7717592592592593 0.33098958333333334 0.7930555555555555 0.32890625 0.8027777777777778 0.32083333333333336 0.8222222222222222 0.30052083333333335 0.8245370370370371 0.296875 0.8203703703703704 0.29609375 0.8138888888888889 0.30026041666666664 0.7888888888888889 0.3104166666666667 0.7652777777777777 0.3177083333333333 0.7592592592592593 0.32447916666666665 0.7597222222222222
1 0.44557291666666665 0.5476851851851852 0.4471354166666667 0.5504629629629629 0.446875 0.5611111111111111 0.4440104166666667 0.5671296296296297 0.43515625 0.5666666666666667 0.43411458333333336 0.5555555555555556 0.43697916666666664 0.5467592592592593 0.4453125 0.5476851851851852
1 0.4669270833333333 0.5037037037037037 0.46901041666666665 0.5101851851851852 0.4674479166666667 0.5189814814814815 0.4596354166666667 0.5189814814814815 0.45859375 0.5111111111111111 0.45989583333333334 0.5046296296296297 0.4666666666666667 0.5037037037037037
2 0.403125 0.555787037037037 0.005729166666666666 0.01712962962962963
2 0.42864583333333334 0.7763888888888889 0.43255208333333334 0.7851851851851852 0.43203125 0.8037037037037037 0.43020833333333336 0.8101851851851852 0.4276041666666667 0.8101851851851852 0.42526041666666664 0.8018518518518518 0.425 0.7828703703703703 0.42864583333333334 0.7768518518518519
2 0.31796875 0.6976851851851852 0.32109375 0.6995370370370371 0.32083333333333336 0.7092592592592593 0.3190104166666667 0.7162037037037037 0.3143229166666667 0.7226851851851852 0.31276041666666665 0.7203703703703703 0.31328125 0.7064814814814815 0.3140625 0.7018518518518518 0.3177083333333333 0.6976851851851852