0 0.27265625 0.9407407407407408 0.2791666666666667 0.9444444444444444 0.28151041666666665 0.999537037037037 0.24270833333333333 0.999537037037037 0.23880208333333333 0.9972222222222222 0.2234375 0.999537037037037 0.22291666666666668 0.9962962962962963 0.24479166666666666 0.9425925925925925 0.27239583333333334 0.9407407407407408
0 0.4739583333333333 0.5199074074074074 0.47890625 0.524074074074074 0.4791666666666667 0.549074074074074 0.47760416666666666 0.5578703703703703 0.4669270833333333 0.5574074074074075 0.465625 0.5541666666666667 0.4666666666666667 0.5259259259259259 0.46953125 0.5208333333333334 0.47369791666666666 0.5199074074074074
4 0.42825520833333336 0.5710648148148149 0.01328125 0.02546296296296296
4 0.4669270833333333 0.3611111111111111 0.46927083333333336 0.36944444444444446 0.4671875 0.3726851851851852 0.46145833333333336 0.36898148148148147 0.4625 0.36203703703703705 0.4666666666666667 0.3611111111111111
4 0.3697916666666667 0.7837962962962963 0.36822916666666666 0.7694444444444445 0.3697916666666667 0.7592592592592593 0.3768229166666667 0.7615740740740741 0.3765625 0.7754629629629629 0.3729166666666667 0.7833333333333333 0.37005208333333334 0.7837962962962963
4 0.4703125 0.4444444444444444 0.471875 0.4810185185185185 0.4705729166666667 0.4847222222222222 0.46015625 0.48518518518518516 0.4588541666666667 0.48055555555555557 0.4591145833333333 0.449537037037037 0.46197916666666666 0.4449074074074074 0.4700520833333333 0.4444444444444444
4 0.4440104166666667 0.412962962962963 0.44557291666666665 0.4217592592592593 0.4432291666666667 0.42407407407407405 0.4390625 0.42407407407407405 0.43776041666666665 0.41759259259259257 0.4390625 0.41203703703703703 0.44375 0.412962962962963
4 0.46380208333333334 0.49583333333333335 0.4666666666666667 0.4981481481481482 0.4674479166666667 0.5032407407407408 0.4674479166666667 0.512962962962963 0.46484375 0.5162037037037037 0.45651041666666664 0.5157407407407407 0.4552083333333333 0.5120370370370371 0.45703125 0.4976851851851852 0.4635416666666667 0.49583333333333335
4 0.3731770833333333 0.950462962962963 0.37604166666666666 0.9527777777777777 0.3765625 0.9662037037037037 0.3731770833333333 0.9800925925925926 0.37057291666666664 0.9819444444444444 0.36692708333333335 0.9740740740740741 0.36614583333333334 0.9587962962962963 0.36822916666666666 0.950925925925926 0.3729166666666667 0.950462962962963
4 0.16223958333333333 0.8240740740740741 0.16848958333333333 0.8324074074074074 0.16875 0.8791666666666667 0.15859375 0.8939814814814815 0.14427083333333332 0.9078703703703703 0.13932291666666666 0.9032407407407408 0.12734375 0.9055555555555556 0.11614583333333334 0.9018518518518519 0.115625 0.8578703703703704 0.13333333333333333 0.8328703703703704 0.14817708333333332 0.8324074074074074 0.15182291666666667 0.8245370370370371 0.16197916666666667 0.8240740740740741
4 0.014322916666666666 0.9319444444444445 0.025 0.9425925925925925 0.029427083333333333 0.961574074074074 0.03828125 0.9611111111111111 0.04479166666666667 0.9648148148148148 0.04739583333333333 0.9879629629629629 0.04375 0.999537037037037 0 0.9976851851851852 0 0.9361111111111111 0.0140625 0.9319444444444445
4 0.040625 0.7791666666666667 0.04609375 0.7865740740740741 0.04635416666666667 0.7962962962962963 0.0015625 0.8532407407407407 0 0.8532407407407407 0 0.8009259259259259 0.022135416666666668 0.7819444444444444 0.040364583333333336 0.7791666666666667
4 0.34661458333333334 0.850462962962963 0.34921875 0.8527777777777777 0.3528645833333333 0.8666666666666667 0.3533854166666667 0.8824074074074074 0.3453125 0.9180555555555555 0.3424479166666667 0.9254629629629629 0.3385416666666667 0.9287037037037037 0.3177083333333333 0.9287037037037037 0.31588541666666664 0.9125 0.31927083333333334 0.8953703703703704 0.3190104166666667 0.887962962962963 0.3223958333333333 0.8828703703703704 0.33098958333333334 0.8569444444444444 0.33541666666666664 0.850925925925926 0.3463541666666667 0.850462962962963
4 0.0609375 0.8958333333333334 0.07213541666666666 0.899074074074074 0.09479166666666666 0.8962962962962963 0.09791666666666667 0.9027777777777778 0.1046875 0.9069444444444444 0.10729166666666666 0.9120370370370371 0.10598958333333333 0.9212962962962963 0.11614583333333334 0.9185185185185185 0.11588541666666667 0.9078703703703703 0.13098958333333333 0.9111111111111111 0.13489583333333333 0.9171296296296296 0.13541666666666666 0.9296296296296296 0.13385416666666666 0.9375 0.11744791666666667 0.9657407407407408 0.10442708333333334 0.9787037037037037 0.09869791666666666 0.9935185185185185 0.09322916666666667 0.999537037037037 0.07161458333333333 0.9967592592592592 0.053125 0.999537037037037 0.048177083333333336 0.9949074074074075 0.04791666666666667 0.9282407407407407 0.053385416666666664 0.9148148148148149 0.05677083333333333 0.899537037037037 0.06067708333333333 0.8958333333333334
4 0.44947916666666665 0.43657407407407406 0.4518229166666667 0.44027777777777777 0.45234375 0.449537037037037 0.44557291666666665 0.449537037037037 0.44609375 0.4393518518518518 0.44921875 0.43703703703703706
4 0.4427083333333333 0.37407407407407406 0.44453125 0.37916666666666665 0.44296875 0.38425925925925924 0.43776041666666665 0.3837962962962963 0.43697916666666664 0.3800925925925926 0.4390625 0.37407407407407406 0.44244791666666666 0.37407407407407406
4 0.5125 0.5 0.5158854166666667 0.5013888888888889 0.5177083333333333 0.5064814814814815 0.51796875 0.5162037037037037 0.515625 0.5194444444444445 0.50625 0.5157407407407407 0.49453125 0.5157407407407407 0.49270833333333336 0.5120370370370371 0.49296875 0.5055555555555555 0.4947916666666667 0.5032407407407408 0.5122395833333333 0.5
4 0.08255208333333333 0.7810185185185186 0.0859375 0.7962962962962963 0.08541666666666667 0.8101851851851852 0.08255208333333333 0.8208333333333333 0.0828125 0.8314814814814815 0.06067708333333333 0.8768518518518519 0.043229166666666666 0.8986111111111111 0.029427083333333333 0.9041666666666667 0.009635416666666667 0.9055555555555556 0 0.9023148148148148 0 0.8541666666666666 0.02109375 0.8236111111111111 0.04453125 0.7986111111111112 0.04921875 0.7861111111111111 0.06640625 0.7791666666666667 0.08229166666666667 0.7810185185185186
4 0.45651041666666664 0.5268518518518519 0.46145833333333336 0.5319444444444444 0.46119791666666665 0.5458333333333333 0.44947916666666665 0.5462962962962963 0.45 0.5324074074074074 0.45208333333333334 0.5282407407407408 0.45625 0.5273148148148148
4 0.4453125 0.4925925925925926 0.4479166666666667 0.49583333333333335 0.44869791666666664 0.5120370370370371 0.446875 0.5162037037037037 0.4401041666666667 0.5171296296296296 0.4375 0.5152777777777777 0.43802083333333336 0.4949074074074074 0.44505208333333335 0.4925925925925926
4 0.43671875 0.3888888888888889 0.43854166666666666 0.3976851851851852 0.4359375 0.4 0.43203125 0.3990740740740741 0.4315104166666667 0.3939814814814815 0.4328125 0.38981481481481484 0.43645833333333334 0.3888888888888889
4 0.43255208333333334 0.7523148148148148 0.44192708333333336 0.7546296296296297 0.44453125 0.7587962962962963 0.4434895833333333 0.7870370370370371 0.44244791666666666 0.7939814814814815 0.44036458333333334 0.7958333333333333 0.42161458333333335 0.7958333333333333 0.4200520833333333 0.7925925925925926 0.4200520833333333 0.7796296296296297 0.4239583333333333 0.7564814814814815 0.4322916666666667 0.7523148148148148
4 0.20833333333333334 0.8652777777777778 0.21041666666666667 0.8666666666666667 0.21015625 0.8726851851851852 0.19817708333333334 0.8953703703703704 0.19270833333333334 0.9111111111111111 0.184375 0.9194444444444444 0.16458333333333333 0.9569444444444445 0.1578125 0.9629629629629629 0.15234375 0.9601851851851851 0.14427083333333332 0.9458333333333333 0.1453125 0.9347222222222222 0.14348958333333334 0.9212962962962963 0.1453125 0.9143518518518519 0.15364583333333334 0.9 0.17838541666666666 0.8847222222222222 0.19557291666666668 0.8662037037037037 0.20807291666666666 0.8652777777777778
4 0.41744791666666664 0.5481481481481482 0.4203125 0.5518518518518518 0.4200520833333333 0.5675925925925925 0.41875 0.5777777777777777 0.41484375 0.5805555555555556 0.40677083333333336 0.5791666666666667 0.40546875 0.5662037037037037 0.4088541666666667 0.55 0.4171875 0.5481481481481482
3 0.013020833333333334 0.9310185185185185 0.025 0.9416666666666667 0.0296875 0.9560185185185185 0.03307291666666667 0.9574074074074074 0.043229166666666666 0.9532407407407407 0.045572916666666664 0.9625 0.047135416666666666 0.9847222222222223 0.046614583333333334 0.9944444444444445 0.04401041666666667 0.999537037037037 0.004166666666666667 0.999537037037037 0 0.9972222222222222 0 0.9356481481481481 0.012760416666666666 0.9310185185185185
1 0.515625 0.5013888888888889 0.5177083333333333 0.5083333333333333 0.5177083333333333 0.5157407407407407 0.5158854166666667 0.5185185185185185 0.5018229166666667 0.5125 0.49453125 0.5157407407407407 0.49244791666666665 0.5106481481481482 0.4947916666666667 0.5032407407407408 0.5005208333333333 0.5032407407407408 0.5015625 0.5120370370370371 0.50390625 0.5083333333333333 0.50234375 0.5050925925925925 0.5036458333333333 0.5018518518518519 0.5153645833333333 0.5013888888888889
1 0.47734375 0.49675925925925923 0.4822916666666667 0.5013888888888889 0.4822916666666667 0.5143518518518518 0.4791666666666667 0.5171296296296296 0.47265625 0.5143518518518518 0.47291666666666665 0.5009259259259259 0.47708333333333336 0.49722222222222223
1 0.43723958333333335 0.40324074074074073 0.4388020833333333 0.40879629629629627 0.4359375 0.41203703703703703 0.43203125 0.4111111111111111 0.4317708333333333 0.4074074074074074 0.43411458333333336 0.4027777777777778 0.43697916666666664 0.40324074074074073
1 0.4427083333333333 0.4115740740740741 0.4453125 0.4217592592592593 0.44036458333333334 0.42407407407407405 0.43802083333333336 0.4217592592592593 0.43828125 0.41435185185185186 0.44244791666666666 0.4115740740740741
2 0.3729166666666667 0.950925925925926 0.37578125 0.9532407407407407 0.3765625 0.9648148148148148 0.3731770833333333 0.9800925925925926 0.3703125 0.9819444444444444 0.3671875 0.9740740740740741 0.36666666666666664 0.9564814814814815 0.36796875 0.9513888888888888 0.37265625 0.950925925925926
2 0.36614583333333334 0.6907407407407408 0.36953125 0.6972222222222222 0.36640625 0.7106481481481481 0.36276041666666664 0.7106481481481481 0.36276041666666664 0.6939814814814815 0.3658854166666667 0.6912037037037037
2 0.33932291666666664 0.6837962962962963 0.34270833333333334 0.6856481481481481 0.3419270833333333 0.6995370370370371 0.340625 0.7055555555555556 0.33541666666666664 0.711574074074074 0.3341145833333333 0.7083333333333334 0.3346354166666667 0.6939814814814815 0.3390625 0.6837962962962963
2 0.44947916666666665 0.6657407407407407 0.453125 0.6648148148148149 0.4544270833333333 0.6712962962962963 0.45286458333333335 0.6842592592592592 0.44947916666666665 0.6856481481481481 0.44947916666666665 0.6662037037037037
2 0.3736979166666667 0.7601851851851852 0.3765625 0.7615740740740741 0.3765625 0.7736111111111111 0.3729166666666667 0.7833333333333333 0.3697916666666667 0.7837962962962963 0.3684895833333333 0.7680555555555556 0.37005208333333334 0.7611111111111111 0.3734375 0.7601851851851852