4 0.3809895833333333 0.8351851851851851 0.38229166666666664 0.8379629629629629 0.38229166666666664 0.8634259259259259 0.37578125 0.8976851851851851 0.3729166666666667 0.9013888888888889 0.35520833333333335 0.9004629629629629 0.3541666666666667 0.8763888888888889 0.3580729166666667 0.850925925925926 0.36302083333333335 0.8361111111111111 0.3807291666666667 0.8351851851851851
4 0.46770833333333334 0.524537037037037 0.47109375 0.5287037037037037 0.46953125 0.537962962962963 0.4635416666666667 0.5375 0.4622395833333333 0.5342592592592592 0.4625 0.5273148148148148 0.4674479166666667 0.524537037037037
4 0.4466145833333333 0.5009259259259259 0.44921875 0.5018518518518519 0.4510416666666667 0.5083333333333333 0.45026041666666666 0.513425925925926 0.446875 0.5143518518518518 0.44296875 0.5120370370370371 0.4434895833333333 0.5046296296296297 0.44635416666666666 0.5009259259259259
4 0.5098958333333333 0.575925925925926 0.515625 0.5805555555555556 0.5174479166666667 0.5879629629629629 0.515625 0.5925925925925926 0.5033854166666667 0.5884259259259259 0.5049479166666667 0.5782407407407407 0.5096354166666667 0.575925925925926
4 0.47630208333333335 0.5939814814814814 0.4783854166666667 0.6032407407407407 0.47734375 0.612037037037037 0.4669270833333333 0.6097222222222223 0.46875 0.5944444444444444 0.47604166666666664 0.5939814814814814
4 0.13385416666666666 0.9305555555555556 0.140625 0.9421296296296297 0.14244791666666667 0.9495370370370371 0.14192708333333334 0.9782407407407407 0.13984375 0.9893518518518518 0.13697916666666668 0.9935185185185185 0.12447916666666667 0.999537037037037 0.090625 0.999537037037037 0.08932291666666667 0.9930555555555556 0.09088541666666666 0.9606481481481481 0.10182291666666667 0.9319444444444445 0.12083333333333333 0.9342592592592592 0.13359375 0.9305555555555556
4 0.4393229166666667 0.549074074074074 0.44244791666666666 0.5537037037037037 0.4427083333333333 0.5638888888888889 0.44166666666666665 0.5680555555555555 0.4388020833333333 0.5694444444444444 0.43385416666666665 0.5689814814814815 0.43307291666666664 0.5615740740740741 0.43515625 0.5513888888888889 0.4390625 0.549074074074074
4 0.48098958333333336 0.5259259259259259 0.48385416666666664 0.5287037037037037 0.48463541666666665 0.5356481481481481 0.48411458333333335 0.5416666666666666 0.48125 0.5435185185185185 0.47708333333333336 0.5421296296296296 0.47552083333333334 0.537962962962963 0.47708333333333336 0.5282407407407408 0.48072916666666665 0.5259259259259259
4 0.1890625 0.8763888888888889 0.19661458333333334 0.8828703703703704 0.196875 0.9212962962962963 0.19348958333333333 0.9291666666666667 0.18776041666666668 0.9333333333333333 0.17526041666666667 0.950925925925926 0.15 0.9430555555555555 0.14817708333333332 0.9347222222222222 0.14895833333333333 0.8976851851851851 0.16432291666666668 0.8763888888888889 0.18880208333333334 0.8763888888888889
4 0.06197916666666667 0.961574074074074 0.071875 0.9773148148148149 0.0734375 0.9888888888888889 0.07213541666666666 0.999537037037037 0.030989583333333334 0.999537037037037 0.015885416666666666 0.9944444444444445 0.029166666666666667 0.9638888888888889 0.06171875 0.961574074074074
4 0.4674479166666667 0.5370370370370371 0.4703125 0.538425925925926 0.47161458333333334 0.5430555555555555 0.4703125 0.5532407407407407 0.46458333333333335 0.5532407407407407 0.4625 0.55 0.4627604166666667 0.5398148148148149 0.4671875 0.5370370370370371
4 0.453125 0.5296296296296297 0.45729166666666665 0.5324074074074074 0.45755208333333336 0.5430555555555555 0.44947916666666665 0.5435185185185185 0.44895833333333335 0.5361111111111111 0.45286458333333335 0.5300925925925926
4 0.21770833333333334 0.9157407407407407 0.23072916666666668 0.9171296296296296 0.23098958333333333 0.924074074074074 0.19270833333333334 0.9935185185185185 0.18255208333333334 0.9888888888888889 0.178125 0.9824074074074074 0.17630208333333333 0.9694444444444444 0.17864583333333334 0.9537037037037037 0.18802083333333333 0.9347222222222222 0.20182291666666666 0.9259259259259259 0.20651041666666667 0.9175925925925926 0.21744791666666666 0.9157407407407407
1 0.44296875 0.5226851851851851 0.4466145833333333 0.5296296296296297 0.44609375 0.5361111111111111 0.44453125 0.5365740740740741 0.4390625 0.5361111111111111 0.43802083333333336 0.5328703703703703 0.4390625 0.524537037037037 0.4427083333333333 0.5226851851851851
1 0.4828125 0.5277777777777778 0.484375 0.5402777777777777 0.4822916666666667 0.5430555555555555 0.47682291666666665 0.5416666666666666 0.47578125 0.5356481481481481 0.4778645833333333 0.5282407407407408 0.4825520833333333 0.5277777777777778