4 0.4427083333333333 0.43796296296296294 0.44817708333333334 0.44212962962962965 0.44817708333333334 0.4527777777777778 0.44192708333333336 0.45231481481481484 0.440625 0.44212962962962965 0.44244791666666666 0.43842592592592594
4 0.42578125 0.42685185185185187 0.4296875 0.4356481481481482 0.42526041666666664 0.4425925925925926 0.421875 0.43842592592592594 0.42161458333333335 0.4287037037037037 0.42552083333333335 0.42685185185185187
4 0.46067708333333335 0.46064814814814814 0.46510416666666665 0.4666666666666667 0.465625 0.4759259259259259 0.46380208333333334 0.4777777777777778 0.45677083333333335 0.4773148148148148 0.4557291666666667 0.4740740740740741 0.45859375 0.4615740740740741 0.46041666666666664 0.46064814814814814
4 0.43723958333333335 0.4412037037037037 0.440625 0.45185185185185184 0.44088541666666664 0.47453703703703703 0.4395833333333333 0.4773148148148148 0.43255208333333334 0.47824074074074074 0.42864583333333334 0.47453703703703703 0.4283854166666667 0.4486111111111111 0.43203125 0.44074074074074077 0.43697916666666664 0.4412037037037037
4 0.01953125 0.7171296296296297 0.022135416666666668 0.7208333333333333 0.02421875 0.7407407407407407 0.02265625 0.7662037037037037 0.019010416666666665 0.7796296296296297 0.0015625 0.7972222222222223 0 0.7972222222222223 0 0.7180555555555556 0.019270833333333334 0.7171296296296297
4 0.36640625 0.612037037037037 0.3697916666666667 0.6263888888888889 0.36614583333333334 0.6388888888888888 0.36276041666666664 0.637962962962963 0.36171875 0.6273148148148148 0.36276041666666664 0.6180555555555556 0.36614583333333334 0.612037037037037
4 0.0828125 0.7671296296296296 0.11223958333333334 0.7689814814814815 0.11276041666666667 0.8236111111111111 0.10963541666666667 0.8268518518518518 0.09427083333333333 0.8291666666666667 0.08489583333333334 0.8398148148148148 0.08177083333333333 0.8398148148148148 0.07760416666666667 0.8333333333333334 0.0828125 0.8245370370370371 0.08151041666666667 0.8203703703703704 0.06848958333333334 0.8333333333333334 0.0640625 0.8287037037037037 0.057291666666666664 0.8416666666666667 0.053125 0.8398148148148148 0.05130208333333333 0.8351851851851851 0.052083333333333336 0.7870370370370371 0.05755208333333333 0.7828703703703703 0.06067708333333333 0.7875 0.06588541666666667 0.7726851851851851 0.08255208333333333 0.7671296296296296
4 0.02109375 0.8166666666666667 0.031510416666666666 0.8314814814814815 0.03619791666666667 0.8449074074074074 0.042708333333333334 0.8486111111111111 0.04244791666666667 0.8523148148148149 0.03958333333333333 0.8541666666666666 0.0359375 0.8518518518518519 0.036458333333333336 0.8587962962962963 0.040625 0.8592592592592593 0.03619791666666667 0.8652777777777778 0.031510416666666666 0.8782407407407408 0.0015625 0.9013888888888889 0 0.9013888888888889 0 0.8203703703703704 0.020833333333333332 0.8166666666666667
4 0.42942708333333335 0.6287037037037037 0.4328125 0.6361111111111111 0.4322916666666667 0.6509259259259259 0.4296875 0.6532407407407408 0.42604166666666665 0.6407407407407407 0.42630208333333336 0.6337962962962963 0.42916666666666664 0.6287037037037037
4 0.39921875 0.6662037037037037 0.4046875 0.6666666666666666 0.40911458333333334 0.6717592592592593 0.4080729166666667 0.6939814814814815 0.4044270833333333 0.7083333333333334 0.3846354166666667 0.7106481481481481 0.38229166666666664 0.7064814814814815 0.38177083333333334 0.6930555555555555 0.38671875 0.6712962962962963 0.39036458333333335 0.6671296296296296 0.39895833333333336 0.6662037037037037
4 0.11276041666666667 0.8282407407407407 0.1234375 0.8305555555555556 0.125 0.8347222222222223 0.12447916666666667 0.8416666666666667 0.08828125 0.8875 0.08125 0.8893518518518518 0.07682291666666667 0.8805555555555555 0.08385416666666666 0.8430555555555556 0.09479166666666666 0.8300925925925926 0.1125 0.8287037037037037
3 0.020052083333333335 0.8162037037037037 0.030208333333333334 0.8291666666666667 0.03619791666666667 0.8449074074074074 0.046875 0.8453703703703703 0.04401041666666667 0.8523148148148149 0.04375 0.8587962962962963 0.036458333333333336 0.8662037037037037 0.03177083333333333 0.8787037037037037 0.02578125 0.8810185185185185 0.016666666666666666 0.8912037037037037 0.0018229166666666667 0.9013888888888889 0 0.9013888888888889 0 0.8199074074074074 0.019791666666666666 0.8162037037037037
3 0.14166666666666666 0.8148148148148148 0.14427083333333332 0.8175925925925925 0.14114583333333333 0.8222222222222222 0.08854166666666667 0.8875 0.08359375 0.8898148148148148 0.0796875 0.8875 0.07786458333333333 0.8800925925925925 0.08307291666666666 0.8449074074074074 0.08697916666666666 0.8379629629629629 0.09505208333333333 0.8296296296296296 0.1125 0.8277777777777777 0.12994791666666666 0.8078703703703703 0.13333333333333333 0.8152777777777778 0.14140625 0.8148148148148148
1 0.46380208333333334 0.4634259259259259 0.465625 0.475 0.4635416666666667 0.4777777777777778 0.45703125 0.4773148148148148 0.4557291666666667 0.4736111111111111 0.45989583333333334 0.46111111111111114 0.4635416666666667 0.4634259259259259
1 0.41484375 0.4083333333333333 0.41796875 0.41435185185185186 0.4153645833333333 0.41805555555555557 0.41041666666666665 0.4152777777777778 0.4119791666666667 0.4097222222222222 0.41458333333333336 0.4083333333333333
1 0.34869791666666666 0.5944444444444444 0.36015625 0.6050925925925926 0.359375 0.6134259259259259 0.353125 0.6166666666666667 0.3424479166666667 0.6162037037037037 0.3375 0.6041666666666666 0.3372395833333333 0.5986111111111111 0.33932291666666664 0.5958333333333333 0.3484375 0.5944444444444444
1 0.44973958333333336 0.4550925925925926 0.45338541666666665 0.4615740740740741 0.45338541666666665 0.4666666666666667 0.4510416666666667 0.4685185185185185 0.44479166666666664 0.46620370370370373 0.44557291666666665 0.45787037037037037 0.44947916666666665 0.4550925925925926
1 0.46041666666666664 0.48564814814814816 0.46380208333333334 0.49027777777777776 0.4635416666666667 0.5013888888888889 0.46041666666666664 0.5032407407407408 0.4546875 0.5023148148148148 0.45390625 0.4962962962962963 0.4549479166666667 0.48703703703703705 0.46015625 0.48564814814814816
1 0.3703125 0.8703703703703703 0.3768229166666667 0.874537037037037 0.37890625 0.8796296296296297 0.37786458333333334 0.8870370370370371 0.36302083333333335 0.8870370370370371 0.3658854166666667 0.8949074074074074 0.3776041666666667 0.8981481481481481 0.3703125 0.9351851851851852 0.34401041666666665 0.9375 0.33958333333333335 0.9356481481481481 0.33828125 0.9175925925925926 0.34401041666666665 0.8925925925925926 0.34427083333333336 0.8763888888888889 0.35546875 0.8712962962962963 0.37005208333333334 0.8703703703703703
2 0.31171875 0.6513888888888889 0.3140625 0.6541666666666667 0.3143229166666667 0.6671296296296296 0.3106770833333333 0.675 0.30755208333333334 0.6768518518518518 0.30546875 0.6726851851851852 0.30703125 0.6587962962962963 0.31145833333333334 0.6513888888888889
2 0.42994791666666665 0.6324074074074074 0.4328125 0.6375 0.4322916666666667 0.6509259259259259 0.43072916666666666 0.6532407407407408 0.4276041666666667 0.6509259259259259 0.42630208333333336 0.6407407407407407 0.4270833333333333 0.6342592592592593 0.4296875 0.6324074074074074
2 0.36614583333333334 0.6171296296296296 0.36953125 0.6236111111111111 0.36796875 0.6365740740740741 0.36276041666666664 0.638425925925926 0.3619791666666667 0.624537037037037 0.3658854166666667 0.6175925925925926
2 0.39401041666666664 0.6032407407407407 0.3958333333333333 0.6074074074074074 0.39427083333333335 0.6236111111111111 0.39114583333333336 0.6222222222222222 0.39010416666666664 0.6097222222222223 0.390625 0.6050925925925926 0.39375 0.6032407407407407
2 0.46380208333333334 0.5416666666666666 0.46588541666666666 0.5513888888888889 0.4635416666666667 0.5601851851851852 0.4609375 0.5532407407407407 0.46119791666666665 0.5462962962962963 0.4635416666666667 0.5416666666666666