4 0.43307291666666664 0.6324074074074074 0.43671875 0.6370370370370371 0.43697916666666664 0.6467592592592593 0.4354166666666667 0.6541666666666667 0.4309895833333333 0.6578703703703703 0.425 0.6564814814814814 0.42421875 0.6388888888888888 0.42864583333333334 0.6328703703703704 0.4328125 0.6324074074074074
4 0.3640625 0.7449074074074075 0.3671875 0.7606481481481482 0.36614583333333334 0.7708333333333334 0.35963541666666665 0.7759259259259259 0.3453125 0.7777777777777778 0.34348958333333335 0.774074074074074 0.34375 0.7662037037037037 0.3484375 0.75 0.3575520833333333 0.7444444444444445 0.36380208333333336 0.7449074074074075
4 0.4361979166666667 0.6587962962962963 0.4440104166666667 0.663425925925926 0.44583333333333336 0.6717592592592593 0.42890625 0.674074074074074 0.4244791666666667 0.6717592592592593 0.4239583333333333 0.6643518518518519 0.42604166666666665 0.6611111111111111 0.4359375 0.6587962962962963
4 0.05416666666666667 0.7851851851851852 0.05703125 0.7898148148148149 0.0578125 0.8217592592592593 0.059895833333333336 0.8300925925925926 0.05859375 0.8592592592592593 0.050520833333333334 0.8680555555555556 0.025 0.8768518518518519 0.021875 0.8768518518518519 0.019791666666666666 0.8731481481481481 0.020052083333333335 0.8453703703703703 0.027604166666666666 0.8342592592592593 0.030208333333333334 0.8203703703703704 0.019270833333333334 0.8078703703703703 0.009895833333333333 0.8032407407407407 0.009375 0.7916666666666666 0.015625 0.7875 0.05390625 0.7851851851851852
4 0.440625 0.6916666666666667 0.4440104166666667 0.6949074074074074 0.44635416666666666 0.7046296296296296 0.44609375 0.7101851851851851 0.4427083333333333 0.712037037037037 0.4309895833333333 0.7097222222222223 0.43203125 0.6981481481481482 0.44036458333333334 0.6916666666666667
4 0.4075520833333333 0.7981481481481482 0.41510416666666666 0.799537037037037 0.41822916666666665 0.8069444444444445 0.41848958333333336 0.8384259259259259 0.41041666666666665 0.8592592592592593 0.40130208333333334 0.8648148148148148 0.38359375 0.8625 0.38203125 0.8592592592592593 0.38359375 0.8166666666666667 0.39401041666666664 0.799537037037037 0.40729166666666666 0.7981481481481482
4 0.31588541666666664 0.8157407407407408 0.32057291666666665 0.8171296296296297 0.3229166666666667 0.8217592592592593 0.32447916666666665 0.8592592592592593 0.3106770833333333 0.8777777777777778 0.29296875 0.875 0.28671875 0.8796296296296297 0.284375 0.8763888888888889 0.28411458333333334 0.862037037037037 0.28880208333333335 0.8388888888888889 0.30026041666666664 0.8208333333333333 0.315625 0.8157407407407408
4 0.44973958333333336 0.6296296296296297 0.45390625 0.6370370370370371 0.45338541666666665 0.6467592592592593 0.44609375 0.6430555555555556 0.4466145833333333 0.6351851851851852 0.44947916666666665 0.6296296296296297
4 0.37734375 0.9203703703703704 0.38359375 0.9347222222222222 0.38307291666666665 0.9564814814814815 0.37994791666666666 0.9726851851851852 0.3734375 0.9916666666666667 0.37005208333333334 0.9907407407407407 0.36692708333333335 0.9805555555555555 0.36770833333333336 0.962037037037037 0.36354166666666665 0.9310185185185185 0.36614583333333334 0.9222222222222223 0.3770833333333333 0.9203703703703704
4 0.13359375 0.7833333333333333 0.13619791666666667 0.7888888888888889 0.13385416666666666 0.8212962962962963 0.11223958333333334 0.8287037037037037 0.10911458333333333 0.8157407407407408 0.10729166666666666 0.8175925925925925 0.10677083333333333 0.8240740740740741 0.1078125 0.8351851851851851 0.10078125 0.8351851851851851 0.10130208333333333 0.8203703703703704 0.09921875 0.8134259259259259 0.10390625 0.8041666666666667 0.10182291666666667 0.7981481481481482 0.09869791666666666 0.8064814814814815 0.09661458333333334 0.8384259259259259 0.08151041666666667 0.8458333333333333 0.07578125 0.8453703703703703 0.07473958333333333 0.8416666666666667 0.07682291666666667 0.825 0.07682291666666667 0.799537037037037 0.07916666666666666 0.7925925925925926 0.09739583333333333 0.7847222222222222 0.10234375 0.7935185185185185 0.10598958333333333 0.7949074074074074 0.10572916666666667 0.7861111111111111 0.13333333333333333 0.7833333333333333
4 0.45364583333333336 0.6736111111111112 0.4557291666666667 0.6888888888888889 0.4515625 0.6935185185185185 0.44505208333333335 0.6930555555555555 0.44427083333333334 0.6810185185185185 0.44609375 0.6736111111111112 0.45338541666666665 0.6736111111111112
4 0.4125 0.7111111111111111 0.4200520833333333 0.711574074074074 0.43203125 0.7203703703703703 0.42916666666666664 0.7587962962962963 0.4244791666666667 0.7638888888888888 0.42213541666666665 0.7759259259259259 0.4203125 0.7768518518518519 0.41484375 0.774074074074074 0.39739583333333334 0.774074074074074 0.39401041666666664 0.7666666666666667 0.39427083333333335 0.7416666666666667 0.40546875 0.7240740740740741 0.4078125 0.712037037037037 0.4122395833333333 0.7111111111111111
4 0.2708333333333333 0.8152777777777778 0.2760416666666667 0.8175925925925925 0.2760416666666667 0.8490740740740741 0.27291666666666664 0.861574074074074 0.265625 0.8694444444444445 0.259375 0.8648148148148148 0.24791666666666667 0.8671296296296296 0.24348958333333334 0.8550925925925926 0.24739583333333334 0.8453703703703703 0.24817708333333333 0.8291666666666667 0.25338541666666664 0.8171296296296297 0.25885416666666666 0.8143518518518519 0.27057291666666666 0.8152777777777778
4 0.459375 0.6555555555555556 0.46380208333333334 0.6611111111111111 0.46015625 0.6694444444444444 0.45286458333333335 0.6685185185185185 0.4513020833333333 0.6648148148148149 0.45260416666666664 0.6560185185185186 0.4591145833333333 0.6555555555555556
4 0.46458333333333335 0.6319444444444444 0.46875 0.6361111111111111 0.46979166666666666 0.6444444444444445 0.46796875 0.6476851851851851 0.4622395833333333 0.6472222222222223 0.45989583333333334 0.6435185185185185 0.46067708333333335 0.6337962962962963 0.46432291666666664 0.6319444444444444
3 0.41510416666666666 0.7111111111111111 0.4276041666666667 0.7157407407407408 0.4328125 0.7226851851851852 0.42916666666666664 0.7587962962962963 0.4244791666666667 0.7643518518518518 0.42083333333333334 0.7768518518518519 0.39791666666666664 0.774074074074074 0.39401041666666664 0.7662037037037037 0.39453125 0.7412037037037037 0.40625 0.7222222222222222 0.4080729166666667 0.712037037037037 0.41484375 0.7111111111111111
1 0.44947916666666665 0.6291666666666667 0.453125 0.6342592592592593 0.45416666666666666 0.6444444444444445 0.4466145833333333 0.6439814814814815 0.446875 0.6347222222222222 0.44921875 0.6296296296296297
1 0.35572916666666665 0.7787037037037037 0.36041666666666666 0.7828703703703703 0.3619791666666667 0.7921296296296296 0.36171875 0.8032407407407407 0.3575520833333333 0.8138888888888889 0.3533854166666667 0.8180555555555555 0.33515625 0.8189814814814815 0.33359375 0.8106481481481481 0.3377604166666667 0.7898148148148149 0.34348958333333335 0.7810185185185186 0.35546875 0.7787037037037037
1 0.26979166666666665 0.986574074074074 0.2877604166666667 0.9944444444444445 0.29010416666666666 0.999537037037037 0.22760416666666666 0.999537037037037 0.22942708333333334 0.9944444444444445 0.23723958333333334 0.9875 0.26953125 0.986574074074074
2 0.3223958333333333 0.7513888888888889 0.32578125 0.7550925925925925 0.32578125 0.7615740740740741 0.32447916666666665 0.7680555555555556 0.32109375 0.7717592592592593 0.31744791666666666 0.7708333333333334 0.31692708333333336 0.7675925925925926 0.3190104166666667 0.7537037037037037 0.3221354166666667 0.7513888888888889