0 0.3385416666666667 0.7689814814814815 0.3411458333333333 0.7722222222222223 0.34296875 0.8023148148148148 0.33932291666666664 0.8310185185185185 0.3294270833333333 0.8546296296296296 0.32447916666666665 0.8722222222222222 0.3109375 0.874537037037037 0.2994791666666667 0.8731481481481481 0.29661458333333335 0.8694444444444445 0.29609375 0.8453703703703703 0.30026041666666664 0.8074074074074075 0.31484375 0.7708333333333334 0.33828125 0.7689814814814815
0 0.47421875 0.5449074074074074 0.47630208333333335 0.5467592592592593 0.47630208333333335 0.5537037037037037 0.4747395833333333 0.5847222222222223 0.47239583333333335 0.587037037037037 0.46145833333333336 0.5851851851851851 0.46067708333333335 0.5648148148148148 0.4635416666666667 0.5462962962962963 0.4739583333333333 0.5449074074074074
4 0.38619791666666664 0.7231481481481481 0.39036458333333335 0.7337962962962963 0.39114583333333336 0.7453703703703703 0.38645833333333335 0.7717592592592593 0.38359375 0.7754629629629629 0.36692708333333335 0.7763888888888889 0.3651041666666667 0.7726851851851851 0.36614583333333334 0.7569444444444444 0.37265625 0.7314814814814815 0.37734375 0.7236111111111111 0.3859375 0.7231481481481481
4 0.45 0.47129629629629627 0.4513020833333333 0.48842592592592593 0.44973958333333336 0.4935185185185185 0.44166666666666665 0.4912037037037037 0.44244791666666666 0.4736111111111111 0.44973958333333336 0.47129629629629627
4 0.16197916666666667 0.8236111111111111 0.16666666666666666 0.8273148148148148 0.16875 0.8333333333333334 0.16848958333333333 0.8796296296296297 0.15104166666666666 0.9027777777777778 0.14401041666666667 0.9074074074074074 0.140625 0.8981481481481481 0.13333333333333333 0.9050925925925926 0.11953125 0.9046296296296297 0.11614583333333334 0.9018518518518519 0.115625 0.8574074074074074 0.13359375 0.8324074074074074 0.14739583333333334 0.8324074074074074 0.15182291666666667 0.8245370370370371 0.16171875 0.8236111111111111
4 0.01328125 0.9314814814814815 0.025260416666666667 0.9430555555555555 0.029427083333333333 0.9634259259259259 0.036458333333333336 0.9601851851851851 0.0453125 0.9638888888888889 0.047135416666666666 0.9925925925925926 0.043229166666666666 0.999537037037037 0 0.9976851851851852 0 0.9361111111111111 0.013020833333333334 0.9314814814814815
4 0.040625 0.7791666666666667 0.046875 0.7875 0.04765625 0.7930555555555555 0.04609375 0.7967592592592593 0.010416666666666666 0.8398148148148148 0.0015625 0.8537037037037037 0 0.8537037037037037 0 0.8018518518518518 0.021354166666666667 0.7819444444444444 0.040364583333333336 0.7791666666666667
4 0.4549479166666667 0.5509259259259259 0.45807291666666666 0.5574074074074075 0.45755208333333336 0.5703703703703704 0.44947916666666665 0.5731481481481482 0.44635416666666666 0.5722222222222222 0.44505208333333335 0.5675925925925925 0.44609375 0.5560185185185185 0.44869791666666664 0.5509259259259259 0.4546875 0.5509259259259259
4 0.38723958333333336 0.6273148148148148 0.390625 0.6263888888888889 0.3919270833333333 0.6337962962962963 0.39140625 0.6476851851851851 0.38697916666666665 0.6486111111111111 0.38723958333333336 0.6277777777777778
4 0.0921875 0.8953703703703704 0.09505208333333333 0.8962962962962963 0.09791666666666667 0.9027777777777778 0.10989583333333333 0.9111111111111111 0.10885416666666667 0.9148148148148149 0.11223958333333334 0.9203703703703704 0.11979166666666667 0.9180555555555555 0.11510416666666666 0.9111111111111111 0.115625 0.9078703703703703 0.13385416666666666 0.9120370370370371 0.13619791666666667 0.9148148148148149 0.13645833333333332 0.9287037037037037 0.13359375 0.9384259259259259 0.11979166666666667 0.962037037037037 0.09895833333333333 0.9944444444444445 0.0921875 0.999537037037037 0.08567708333333333 0.9972222222222222 0.07447916666666667 0.999537037037037 0.07135416666666666 0.9967592592592592 0.05234375 0.999537037037037 0.0484375 0.9949074074074075 0.04739583333333333 0.9699074074074074 0.04791666666666667 0.9277777777777778 0.05807291666666667 0.8972222222222223 0.08255208333333333 0.899074074074074 0.09192708333333334 0.8953703703703704
4 0.4395833333333333 0.4013888888888889 0.44192708333333336 0.4097222222222222 0.4395833333333333 0.41435185185185186 0.43463541666666666 0.4111111111111111 0.4354166666666667 0.4027777777777778 0.4393229166666667 0.4013888888888889
4 0.51640625 0.5 0.5221354166666666 0.5023148148148148 0.52421875 0.5120370370370371 0.5223958333333333 0.5171296296296296 0.5161458333333333 0.5199074074074074 0.50859375 0.5185185185185185 0.5013020833333334 0.5120370370370371 0.5026041666666666 0.5050925925925925 0.5067708333333333 0.5013888888888889 0.5161458333333333 0.5
4 0.45403645833333334 0.39375 0.009114583333333334 0.013425925925925926
4 0.08151041666666667 0.7800925925925926 0.08411458333333334 0.7833333333333333 0.0859375 0.7939814814814815 0.08307291666666666 0.8310185185185185 0.07864583333333333 0.8421296296296297 0.06640625 0.8611111111111112 0.06067708333333333 0.8768518518518519 0.04348958333333333 0.8986111111111111 0.030208333333333334 0.9041666666666667 0.010416666666666666 0.9055555555555556 0 0.9027777777777778 0 0.8550925925925926 0.021354166666666667 0.8245370370370371 0.040625 0.8046296296296296 0.0484375 0.7930555555555555 0.05 0.7865740740740741 0.06432291666666666 0.7791666666666667 0.08125 0.7800925925925926
4 0.46328125 0.5115740740740741 0.46510416666666665 0.5180555555555556 0.46484375 0.5291666666666667 0.46145833333333336 0.5333333333333333 0.4544270833333333 0.5324074074074074 0.453125 0.5231481481481481 0.4552083333333333 0.5120370370370371 0.4630208333333333 0.5115740740740741
4 0.45364583333333336 0.41759259259259257 0.45598958333333334 0.42083333333333334 0.4544270833333333 0.4287037037037037 0.44973958333333336 0.425462962962963 0.44973958333333336 0.4217592592592593 0.45338541666666665 0.41759259259259257
4 0.20911458333333333 0.8652777777777778 0.2109375 0.8671296296296296 0.21041666666666667 0.8731481481481481 0.19296875 0.9083333333333333 0.18515625 0.9180555555555555 0.16458333333333333 0.9574074074074074 0.15833333333333333 0.9634259259259259 0.1453125 0.9527777777777777 0.14322916666666666 0.9458333333333333 0.14375 0.9180555555555555 0.15677083333333333 0.8967592592592593 0.17890625 0.8847222222222222 0.18463541666666666 0.8763888888888889 0.19322916666666667 0.8699074074074075 0.19375 0.8662037037037037 0.20885416666666667 0.8652777777777778
4 0.42578125 0.5194444444444445 0.428125 0.5259259259259259 0.4276041666666667 0.5430555555555555 0.42578125 0.5467592592592593 0.4200520833333333 0.5481481481481482 0.41458333333333336 0.5453703703703704 0.4153645833333333 0.5291666666666667 0.41796875 0.5203703703703704 0.42552083333333335 0.5194444444444445
3 0.4669270833333333 0.4527777777777778 0.47161458333333334 0.4597222222222222 0.4703125 0.4925925925925926 0.46770833333333334 0.49537037037037035 0.459375 0.49537037037037035 0.45729166666666665 0.49166666666666664 0.4588541666666667 0.4587962962962963 0.45989583333333334 0.45555555555555555 0.4666666666666667 0.4532407407407407
1 0.4640625 0.44537037037037036 0.46822916666666664 0.44907407407407407 0.46927083333333336 0.4537037037037037 0.4674479166666667 0.45694444444444443 0.4596354166666667 0.4564814814814815 0.46015625 0.44907407407407407 0.46380208333333334 0.44537037037037036
1 0.45338541666666665 0.41759259259259257 0.45598958333333334 0.4212962962962963 0.4546875 0.4287037037037037 0.44973958333333336 0.425 0.453125 0.41759259259259257
1 0.440625 0.5111111111111111 0.44244791666666666 0.5180555555555556 0.4421875 0.5291666666666667 0.43645833333333334 0.5310185185185186 0.43203125 0.5287037037037037 0.43255208333333334 0.5162037037037037 0.43515625 0.5111111111111111 0.44036458333333334 0.5111111111111111
1 0.4778645833333333 0.5194444444444445 0.48046875 0.5222222222222223 0.48125 0.5319444444444444 0.48098958333333336 0.5398148148148149 0.4786458333333333 0.5412037037037037 0.471875 0.5407407407407407 0.46979166666666666 0.5361111111111111 0.47109375 0.5217592592592593 0.47760416666666666 0.5194444444444445
1 0.421875 0.8833333333333333 0.42552083333333335 0.8916666666666667 0.42578125 0.9074074074074074 0.4205729166666667 0.9430555555555555 0.41848958333333336 0.9476851851851852 0.39401041666666664 0.9462962962962963 0.3919270833333333 0.9425925925925925 0.3919270833333333 0.9319444444444445 0.39739583333333334 0.8912037037037037 0.4002604166666667 0.8856481481481482 0.4114583333333333 0.8814814814814815 0.42161458333333335 0.8833333333333333
2 0.3419270833333333 0.6856481481481481 0.3419270833333333 0.7032407407407407 0.33567708333333335 0.7111111111111111 0.334375 0.7041666666666667 0.33619791666666665 0.6893518518518519 0.33828125 0.6856481481481481 0.3416666666666667 0.6856481481481481
2 0.38697916666666665 0.6486111111111111 0.38645833333333335 0.6333333333333333 0.39010416666666664 0.6273148148148148 0.39166666666666666 0.6472222222222223 0.38723958333333336 0.6486111111111111
2 0.39739583333333334 0.6685185185185185 0.4010416666666667 0.6731481481481482 0.39869791666666665 0.6893518518518519 0.39609375 0.6898148148148148 0.39453125 0.6819444444444445 0.39479166666666665 0.674537037037037 0.3971354166666667 0.6689814814814815