4 0.4505208333333333 0.7384259259259259 0.45260416666666664 0.7467592592592592 0.45026041666666666 0.750462962962963 0.44505208333333335 0.7449074074074075 0.44609375 0.7393518518518518 0.45026041666666666 0.7384259259259259
4 0.4390625 0.7416666666666667 0.4434895833333333 0.7444444444444445 0.4440104166666667 0.7523148148148148 0.43697916666666664 0.7523148148148148 0.4388020833333333 0.7421296296296296
4 0.446875 0.8134259259259259 0.45 0.8208333333333333 0.44973958333333336 0.8277777777777777 0.446875 0.8314814814814815 0.43984375 0.8291666666666667 0.44192708333333336 0.8143518518518519 0.4466145833333333 0.8134259259259259
4 0.4674479166666667 0.7796296296296297 0.4703125 0.7833333333333333 0.47109375 0.7893518518518519 0.46848958333333335 0.7949074074074074 0.4635416666666667 0.7944444444444444 0.4622395833333333 0.7898148148148149 0.4627604166666667 0.7824074074074074 0.4671875 0.7796296296296297
4 0.45989583333333334 0.8398148148148148 0.46380208333333334 0.8481481481481481 0.46380208333333334 0.8555555555555555 0.4609375 0.8578703703703704 0.4557291666666667 0.8555555555555555 0.45598958333333334 0.8481481481481481 0.4596354166666667 0.8402777777777778
4 0.48984375 0.8361111111111111 0.49114583333333334 0.8402777777777778 0.4901041666666667 0.8513888888888889 0.47161458333333334 0.8550925925925926 0.46770833333333334 0.8490740740740741 0.46979166666666666 0.8416666666666667 0.48046875 0.8351851851851851 0.4895833333333333 0.8361111111111111
4 0.4822916666666667 0.7912037037037037 0.48541666666666666 0.7972222222222223 0.484375 0.8074074074074075 0.47630208333333335 0.8037037037037037 0.47708333333333336 0.7953703703703704 0.48203125 0.7912037037037037
4 0.45989583333333334 0.725462962962963 0.4622395833333333 0.7314814814814815 0.45989583333333334 0.7379629629629629 0.45703125 0.7393518518518518 0.45364583333333336 0.7375 0.45416666666666666 0.7310185185185185 0.45625 0.7263888888888889 0.4596354166666667 0.725462962962963
4 0.4114583333333333 0.9490740740740741 0.4161458333333333 0.9527777777777777 0.4166666666666667 0.9819444444444444 0.41458333333333336 0.986574074074074 0.40546875 0.9875 0.3997395833333333 0.9842592592592593 0.3997395833333333 0.9731481481481481 0.4044270833333333 0.9523148148148148 0.41119791666666666 0.9490740740740741
4 0.44635416666666666 0.8421296296296297 0.44895833333333335 0.8555555555555555 0.44583333333333336 0.8606481481481482 0.4395833333333333 0.8601851851851852 0.43802083333333336 0.8550925925925926 0.440625 0.8449074074074074 0.44609375 0.8421296296296297
1 0.46015625 0.8083333333333333 0.4630208333333333 0.825 0.4578125 0.8282407407407407 0.4544270833333333 0.825925925925926 0.45364583333333336 0.8175925925925925 0.45598958333333334 0.8083333333333333 0.45989583333333334 0.8083333333333333