4 0.44921875 0.430787037037037 0.0078125 0.011574074074074073
4 0.3770833333333333 0.6513888888888889 0.3802083333333333 0.6569444444444444 0.3807291666666667 0.6648148148148149 0.3768229166666667 0.6856481481481481 0.37421875 0.6837962962962963 0.3723958333333333 0.6717592592592593 0.3731770833333333 0.6574074074074074 0.3768229166666667 0.6513888888888889
4 0.43255208333333334 0.43148148148148147 0.434375 0.4388888888888889 0.43203125 0.4449074074074074 0.42942708333333335 0.44537037037037036 0.42604166666666665 0.43842592592592594 0.42604166666666665 0.4324074074074074 0.4322916666666667 0.43148148148148147
4 0.43411458333333336 0.44814814814814813 0.4388020833333333 0.45740740740740743 0.43828125 0.4810185185185185 0.4361979166666667 0.4842592592592593 0.42942708333333335 0.4847222222222222 0.42526041666666664 0.48333333333333334 0.42421875 0.4583333333333333 0.428125 0.44814814814814813 0.43385416666666665 0.44814814814814813
4 0.40716145833333334 0.5141203703703704 0.00546875 0.018055555555555554
4 0.011979166666666667 0.6652777777777777 0.0203125 0.6685185185185185 0.022395833333333334 0.6884259259259259 0.021614583333333333 0.7134259259259259 0.016666666666666666 0.7268518518518519 0 0.7412037037037037 0 0.6680555555555555 0.01171875 0.6657407407407407
4 0.33255208333333336 0.6819444444444445 0.33489583333333334 0.6856481481481481 0.33489583333333334 0.7069444444444445 0.328125 0.7185185185185186 0.3255208333333333 0.7037037037037037 0.3260416666666667 0.6912037037037037 0.328125 0.6842592592592592 0.33229166666666665 0.6819444444444445
4 0.38229166666666664 0.7736111111111111 0.39427083333333335 0.7759259259259259 0.39869791666666665 0.7810185185185186 0.39947916666666666 0.7865740740740741 0.39765625 0.7902777777777777 0.39947916666666666 0.7962962962962963 0.39921875 0.8180555555555555 0.39739583333333334 0.8310185185185185 0.39166666666666666 0.8486111111111111 0.39088541666666665 0.8671296296296296 0.3815104166666667 0.8712962962962963 0.3765625 0.8800925925925925 0.3625 0.8791666666666667 0.359375 0.8708333333333333 0.35572916666666665 0.8685185185185185 0.3567708333333333 0.8407407407407408 0.35520833333333335 0.8194444444444444 0.365625 0.7875 0.3807291666666667 0.7861111111111111 0.3731770833333333 0.7787037037037037 0.37265625 0.7754629629629629 0.38203125 0.7736111111111111
4 0.38984375 0.5298611111111111 0.005729166666666666 0.018055555555555554
4 0.30625 0.6805555555555556 0.30859375 0.6851851851851852 0.30807291666666664 0.6953703703703704 0.30416666666666664 0.7027777777777777 0.30078125 0.7041666666666667 0.2989583333333333 0.6902777777777778 0.3 0.6814814814814815 0.3059895833333333 0.6805555555555556
4 0.4420572916666667 0.4361111111111111 0.008072916666666667 0.012037037037037037
4 0.31276041666666665 0.6148148148148148 0.3140625 0.6162037037037037 0.31328125 0.6333333333333333 0.30833333333333335 0.6412037037037037 0.30520833333333336 0.638425925925926 0.30572916666666666 0.6231481481481481 0.3072916666666667 0.6162037037037037 0.3125 0.6148148148148148
4 0.08880208333333334 0.7129629629629629 0.10598958333333333 0.7138888888888889 0.10989583333333333 0.7166666666666667 0.11171875 0.7324074074074074 0.11119791666666666 0.7652777777777777 0.09505208333333333 0.7675925925925926 0.078125 0.7824074074074074 0.07109375 0.7814814814814814 0.06536458333333334 0.7851851851851852 0.062239583333333334 0.7800925925925926 0.06197916666666667 0.7680555555555556 0.065625 0.7555555555555555 0.0640625 0.7513888888888889 0.05807291666666667 0.7615740740740741 0.058333333333333334 0.7833333333333333 0.05625 0.7851851851851852 0.049479166666666664 0.7824074074074074 0.04973958333333333 0.7300925925925926 0.05807291666666667 0.7268518518518519 0.05911458333333333 0.7449074074074075 0.06067708333333333 0.7476851851851852 0.062239583333333334 0.7444444444444445 0.06171875 0.7263888888888889 0.06432291666666666 0.7171296296296297 0.07421875 0.7129629629629629 0.08854166666666667 0.7129629629629629
4 0.42630208333333336 0.5550925925925926 0.43203125 0.5625 0.43020833333333336 0.5814814814814815 0.42890625 0.5847222222222223 0.4192708333333333 0.5851851851851851 0.41302083333333334 0.5824074074074074 0.41328125 0.5638888888888889 0.41848958333333336 0.5541666666666667 0.42604166666666665 0.5550925925925926
4 0.12109375 0.7685185185185185 0.12395833333333334 0.7726851851851851 0.12057291666666667 0.7791666666666667 0.09244791666666667 0.8092592592592592 0.08151041666666667 0.8162037037037037 0.078125 0.8069444444444445 0.07838541666666667 0.7972222222222223 0.08072916666666667 0.7870370370370371 0.0875 0.775 0.096875 0.7680555555555556 0.12083333333333333 0.7685185185185185
3 0.019270833333333334 0.750462962962963 0.022395833333333334 0.7606481481481482 0.03046875 0.7694444444444445 0.030208333333333334 0.7935185185185185 0.03307291666666667 0.8013888888888889 0.04765625 0.7972222222222223 0.054427083333333334 0.8 0.0546875 0.8106481481481481 0.05130208333333333 0.8319444444444445 0.036458333333333336 0.8458333333333333 0.03333333333333333 0.8416666666666667 0.030729166666666665 0.8226851851851852 0.026041666666666668 0.8143518518518519 0.01875 0.8138888888888889 0.0067708333333333336 0.8226851851851852 0 0.8236111111111111 0 0.7532407407407408 0.019010416666666665 0.750462962962963
1 0.4427083333333333 0.4305555555555556 0.44557291666666665 0.4351851851851852 0.4453125 0.44027777777777777 0.4434895833333333 0.44166666666666665 0.43828125 0.4388888888888889 0.4393229166666667 0.43287037037037035 0.44244791666666666 0.4305555555555556
1 0.4356770833333333 0.4162037037037037 0.4388020833333333 0.41898148148148145 0.4393229166666667 0.425 0.4356770833333333 0.4287037037037037 0.43255208333333334 0.425462962962963 0.43307291666666664 0.4185185185185185 0.4354166666666667 0.4166666666666667
1 0.35625 0.5662037037037037 0.37005208333333334 0.5717592592592593 0.3723958333333333 0.5773148148148148 0.37161458333333336 0.5842592592592593 0.36640625 0.5884259259259259 0.3502604166666667 0.5884259259259259 0.3424479166666667 0.5921296296296297 0.3385416666666667 0.5842592592592593 0.3385416666666667 0.575 0.34609375 0.5675925925925925 0.35598958333333336 0.5662037037037037
1 0.41510416666666666 0.41064814814814815 0.4171875 0.4166666666666667 0.41510416666666666 0.4222222222222222 0.409375 0.41898148148148145 0.4109375 0.4111111111111111 0.41484375 0.41064814814814815
1 0.415625 0.6314814814814815 0.42161458333333335 0.6370370370370371 0.41875 0.6648148148148149 0.40208333333333335 0.6662037037037037 0.39921875 0.6625 0.40182291666666664 0.6370370370370371 0.40598958333333335 0.6324074074074074 0.4153645833333333 0.6314814814814815
1 0.46328125 0.45092592592592595 0.4635416666666667 0.462037037037037 0.45625 0.462037037037037 0.4552083333333333 0.4587962962962963 0.45703125 0.45092592592592595 0.4630208333333333 0.45092592592592595
2 0.4140625 0.4736111111111111 0.41484375 0.4842592592592593 0.4119791666666667 0.48703703703703705 0.41119791666666666 0.4740740740740741 0.41380208333333335 0.4736111111111111
2 0.33203125 0.6842592592592592 0.33489583333333334 0.687962962962963 0.33515625 0.7041666666666667 0.32838541666666665 0.7180555555555556 0.3265625 0.7152777777777778 0.3263020833333333 0.6921296296296297 0.32838541666666665 0.6856481481481481 0.33177083333333335 0.6842592592592592
2 0.30026041666666664 0.6805555555555556 0.3046875 0.6800925925925926 0.30807291666666664 0.6865740740740741 0.30703125 0.6981481481481482 0.30026041666666664 0.7041666666666667 0.30026041666666664 0.6810185185185185
2 0.390625 0.5217592592592593 0.3924479166666667 0.5282407407407408 0.390625 0.538425925925926 0.38697916666666665 0.5342592592592592 0.3875 0.5268518518518519 0.39036458333333335 0.5217592592592593
2 0.34010416666666665 0.6472222222222223 0.3421875 0.6504629629629629 0.34270833333333334 0.6638888888888889 0.3419270833333333 0.6689814814814815 0.3385416666666667 0.6731481481481482 0.33567708333333335 0.6712962962962963 0.3346354166666667 0.6532407407407408 0.3359375 0.6486111111111111 0.33984375 0.6472222222222223
2 0.44140625 0.5469907407407407 0.0067708333333333336 0.01898148148148148
2 0.3106770833333333 0.6143518518518518 0.31354166666666666 0.6185185185185185 0.3125 0.6370370370370371 0.3072916666666667 0.6416666666666667 0.30520833333333336 0.638425925925926 0.30625 0.6208333333333333 0.3104166666666667 0.6148148148148148
2 0.4049479166666667 0.5212962962962963 0.4044270833333333 0.5120370370370371 0.4075520833333333 0.5083333333333333 0.40963541666666664 0.5185185185185185 0.4078125 0.5226851851851851 0.40520833333333334 0.5212962962962963
2 0.3765625 0.6587962962962963 0.37994791666666666 0.6638888888888889 0.37786458333333334 0.6837962962962963 0.37604166666666666 0.6856481481481481 0.37421875 0.6833333333333333 0.37265625 0.6708333333333333 0.3731770833333333 0.6615740740740741 0.3763020833333333 0.6592592592592592
2 0.46458333333333335 0.5069444444444444 0.4669270833333333 0.5074074074074074 0.46848958333333335 0.5120370370370371 0.46770833333333334 0.5222222222222223 0.46536458333333336 0.524074074074074 0.46171875 0.5226851851851851 0.46119791666666665 0.5194444444444445 0.46432291666666664 0.5069444444444444