4 0.4549479166666667 0.4861111111111111 0.45755208333333336 0.49398148148148147 0.45677083333333335 0.4981481481481482 0.4505208333333333 0.4981481481481482 0.4484375 0.49537037037037035 0.44947916666666665 0.4875 0.4546875 0.4861111111111111
4 0.39166666666666666 0.7847222222222222 0.3963541666666667 0.7898148148148149 0.396875 0.7972222222222223 0.39036458333333335 0.8324074074074074 0.38385416666666666 0.8296296296296296 0.3697916666666667 0.8324074074074074 0.3671875 0.8273148148148148 0.36692708333333335 0.8162037037037037 0.37213541666666666 0.7865740740740741 0.38203125 0.7824074074074074 0.39140625 0.7847222222222222
4 0.05182291666666667 0.7333333333333333 0.05859375 0.7347222222222223 0.06171875 0.7407407407407407 0.0640625 0.7680555555555556 0.06041666666666667 0.7819444444444444 0.05546875 0.7939814814814815 0.03958333333333333 0.8152777777777778 0.030208333333333334 0.8217592592592593 0.023697916666666666 0.8328703703703704 0.019270833333333334 0.8342592592592593 0.015625 0.8314814814814815 0 0.8310185185185185 0 0.7625 0.00546875 0.7550925925925925 0.0033854166666666668 0.7513888888888889 0.004166666666666667 0.7398148148148148 0.01640625 0.736574074074074 0.02578125 0.7407407407407407 0.039322916666666666 0.7342592592592593 0.0515625 0.7333333333333333
4 0.43645833333333334 0.4675925925925926 0.4393229166666667 0.47962962962962963 0.43411458333333336 0.4847222222222222 0.43046875 0.4828703703703704 0.43020833333333336 0.4736111111111111 0.4322916666666667 0.4675925925925926 0.4354166666666667 0.4652777777777778 0.4361979166666667 0.4675925925925926
4 0.45989583333333334 0.47824074074074074 0.46328125 0.4810185185185185 0.4630208333333333 0.4875 0.45989583333333334 0.49074074074074076 0.4557291666666667 0.48657407407407405 0.4552083333333333 0.4828703703703704 0.4596354166666667 0.4787037037037037
4 0.4231770833333333 0.525 0.42526041666666664 0.5291666666666667 0.42526041666666664 0.5541666666666667 0.42213541666666665 0.5583333333333333 0.41171875 0.5574074074074075 0.4109375 0.5393518518518519 0.41510416666666666 0.5259259259259259 0.42291666666666666 0.525
4 0.45989583333333334 0.5143518518518518 0.46197916666666666 0.5222222222222223 0.45989583333333334 0.5310185185185186 0.45677083333333335 0.525 0.45286458333333335 0.5263888888888889 0.45234375 0.524074074074074 0.45286458333333335 0.5148148148148148 0.4596354166666667 0.5143518518518518
4 0.14713541666666666 0.7810185185185186 0.14817708333333332 0.8106481481481481 0.146875 0.8314814814814815 0.1359375 0.8328703703703704 0.11953125 0.8430555555555556 0.11848958333333333 0.8347222222222223 0.12552083333333333 0.8319444444444445 0.12604166666666666 0.8282407407407407 0.11354166666666667 0.8291666666666667 0.10911458333333333 0.8379629629629629 0.09661458333333334 0.8467592592592592 0.09088541666666666 0.8444444444444444 0.0921875 0.799537037037037 0.09375 0.7944444444444444 0.10911458333333333 0.7810185185185186 0.14375 0.7787037037037037 0.146875 0.7810185185185186
4 0.0640625 0.8185185185185185 0.06901041666666667 0.8203703703703704 0.07890625 0.8384259259259259 0.08072916666666667 0.861574074074074 0.07890625 0.8763888888888889 0.05703125 0.8939814814814815 0.046614583333333334 0.9074074074074074 0.03958333333333333 0.9097222222222222 0.030989583333333334 0.9185185185185185 0.022395833333333334 0.9212962962962963 0.019010416666666665 0.9203703703703704 0.017708333333333333 0.9166666666666666 0.01640625 0.8787037037037037 0.01796875 0.8523148148148149 0.028385416666666666 0.825 0.03411458333333333 0.8199074074074074 0.05026041666666667 0.8217592592592593 0.06380208333333333 0.8189814814814815
4 0.44088541666666664 0.5287037037037037 0.4421875 0.5435185185185185 0.4395833333333333 0.5467592592592593 0.4322916666666667 0.5462962962962963 0.43203125 0.5361111111111111 0.43515625 0.5277777777777778 0.440625 0.5287037037037037
4 0.42213541666666665 0.663425925925926 0.4276041666666667 0.6680555555555555 0.4283854166666667 0.6828703703703703 0.42526041666666664 0.6990740740740741 0.4192708333333333 0.7 0.4078125 0.6995370370370371 0.40729166666666666 0.6875 0.41171875 0.6666666666666666 0.421875 0.663425925925926
4 0.43359375 0.48333333333333334 0.43671875 0.49027777777777776 0.4354166666666667 0.5013888888888889 0.42890625 0.5013888888888889 0.42734375 0.4981481481481482 0.4276041666666667 0.4875 0.43333333333333335 0.48333333333333334
4 0.45338541666666665 0.537962962962963 0.45859375 0.5425925925925926 0.4591145833333333 0.5537037037037037 0.45677083333333335 0.5560185185185185 0.44817708333333334 0.5537037037037037 0.44973958333333336 0.5416666666666666 0.453125 0.537962962962963
4 0.44817708333333334 0.5550925925925926 0.4505208333333333 0.5587962962962963 0.45208333333333334 0.5726851851851852 0.45 0.5953703703703703 0.44609375 0.611574074074074 0.42916666666666664 0.6092592592592593 0.428125 0.5981481481481481 0.42864583333333334 0.587037037037037 0.43463541666666666 0.5569444444444445 0.44114583333333335 0.5527777777777778 0.4479166666666667 0.5550925925925926
4 0.4661458333333333 0.5861111111111111 0.46875 0.5884259259259259 0.46770833333333334 0.6125 0.4666666666666667 0.6162037037037037 0.4630208333333333 0.6175925925925926 0.4546875 0.6157407407407407 0.45390625 0.5939814814814814 0.45598958333333334 0.586574074074074 0.46588541666666666 0.5861111111111111
4 0.15651041666666668 0.8333333333333334 0.16041666666666668 0.8379629629629629 0.159375 0.8486111111111111 0.1375 0.875 0.13098958333333333 0.8791666666666667 0.12083333333333333 0.8662037037037037 0.12213541666666666 0.85 0.134375 0.8347222222222223 0.15625 0.8333333333333334
4 0.453125 0.5217592592592593 0.45989583333333334 0.5222222222222223 0.46119791666666665 0.5282407407407408 0.45989583333333334 0.5393518518518519 0.4518229166666667 0.538425925925926 0.45 0.5328703703703703 0.453125 0.5222222222222223
3 0.09296875 0.788425925925926 0.10208333333333333 0.7898148148148149 0.09895833333333333 0.7939814814814815 0.09557291666666666 0.7935185185185185 0.09270833333333334 0.799537037037037 0.09140625 0.8453703703703703 0.0953125 0.8453703703703703 0.09557291666666666 0.8523148148148149 0.08619791666666667 0.8629629629629629 0.09557291666666666 0.8648148148148148 0.10078125 0.8564814814814815 0.10911458333333333 0.8541666666666666 0.11145833333333334 0.8625 0.10989583333333333 0.8800925925925925 0.09895833333333333 0.8967592592592593 0.08932291666666667 0.8972222222222223 0.08645833333333333 0.8768518518518519 0.08697916666666666 0.8689814814814815 0.07864583333333333 0.8587962962962963 0.07552083333333333 0.8384259259259259 0.07057291666666667 0.8324074074074074 0.06927083333333334 0.8351851851851851 0.071875 0.8384259259259259 0.06614583333333333 0.8425925925925926 0.0640625 0.8481481481481481 0.06067708333333333 0.8486111111111111 0.06015625 0.8416666666666667 0.05625 0.8393518518518519 0.05026041666666667 0.8523148148148149 0.04453125 0.8555555555555555 0.045572916666666664 0.8634259259259259 0.04401041666666667 0.8689814814814815 0.03984375 0.8689814814814815 0.03619791666666667 0.874537037037037 0.029947916666666668 0.8763888888888889 0.04583333333333333 0.8791666666666667 0.05026041666666667 0.8759259259259259 0.051041666666666666 0.8689814814814815 0.0609375 0.8712962962962963 0.0640625 0.8652777777777778 0.078125 0.8731481481481481 0.061197916666666664 0.8912037037037037 0.048177083333333336 0.9004629629629629 0.046614583333333334 0.9050925925925926 0.043229166666666666 0.9046296296296297 0.029427083333333333 0.9185185185185185 0.023177083333333334 0.9199074074074074 0.019270833333333334 0.9189814814814815 0.018229166666666668 0.9157407407407407 0.016666666666666666 0.8833333333333333 0.01796875 0.8523148148148149 0.02109375 0.8416666666666667 0.026041666666666668 0.8328703703703704 0.0328125 0.837037037037037 0.0359375 0.8314814814814815 0.03984375 0.8375 0.05078125 0.836574074074074 0.05416666666666667 0.8393518518518519 0.06015625 0.8314814814814815 0.057291666666666664 0.8273148148148148 0.05 0.8282407407407407 0.033854166666666664 0.8212962962962963 0.03854166666666667 0.8199074074074074 0.05572916666666667 0.8 0.08203125 0.7893518518518519 0.09270833333333334 0.788425925925926
1 0.45651041666666664 0.513425925925926 0.46145833333333336 0.5189814814814815 0.46041666666666664 0.5291666666666667 0.45234375 0.5236111111111111 0.45260416666666664 0.5157407407407407 0.45625 0.5138888888888888
1 0.41875 0.8208333333333333 0.425 0.8240740740740741 0.42864583333333334 0.8305555555555556 0.428125 0.8625 0.42682291666666666 0.8694444444444445 0.42213541666666665 0.8717592592592592 0.39791666666666664 0.8592592592592593 0.40234375 0.825 0.40729166666666666 0.8208333333333333 0.41848958333333336 0.8208333333333333
2 0.4359375 0.7439814814814815 0.4375 0.7472222222222222 0.43723958333333335 0.7550925925925925 0.4354166666666667 0.7615740740740741 0.43307291666666664 0.7620370370370371 0.43072916666666666 0.7583333333333333 0.43072916666666666 0.7467592592592592 0.43203125 0.7435185185185185 0.4356770833333333 0.7439814814814815
2 0.440625 0.6791666666666667 0.4427083333333333 0.6819444444444445 0.4427083333333333 0.6953703703703704 0.4421875 0.700462962962963 0.4395833333333333 0.7027777777777777 0.4375 0.6837962962962963 0.44036458333333334 0.6791666666666667