0 0.41458333333333336 0.8125 0.41744791666666664 0.8138888888888889 0.41901041666666666 0.8199074074074074 0.41848958333333336 0.8666666666666667 0.41484375 0.8953703703703704 0.4078125 0.913425925925926 0.39427083333333335 0.9083333333333333 0.3932291666666667 0.9111111111111111 0.40911458333333334 0.9180555555555555 0.40911458333333334 0.9319444444444445 0.4075520833333333 0.9398148148148148 0.4049479166666667 0.9430555555555555 0.3763020833333333 0.9416666666666667 0.37395833333333334 0.9388888888888889 0.37578125 0.8791666666666667 0.390625 0.8157407407407408 0.3971354166666667 0.812037037037037 0.41432291666666665 0.8125
4 0.06432291666666666 0.7337962962962963 0.06744791666666666 0.7388888888888889 0.06953125 0.762962962962963 0.06276041666666667 0.787962962962963 0.04088541666666667 0.8277777777777777 0.0296875 0.8402777777777778 0.023697916666666666 0.8425925925925926 0 0.8393518518518519 0 0.774074074074074 0.008072916666666667 0.7662037037037037 0.01171875 0.7583333333333333 0.01171875 0.7537037037037037 0.015364583333333333 0.7560185185185185 0.01875 0.7449074074074075 0.022395833333333334 0.7509259259259259 0.042708333333333334 0.7342592592592593 0.0640625 0.7337962962962963
4 0.43723958333333335 0.43472222222222223 0.43984375 0.43657407407407406 0.44114583333333335 0.44212962962962965 0.4401041666666667 0.449537037037037 0.43802083333333336 0.4513888888888889 0.43515625 0.4513888888888889 0.4328125 0.4425925925925926 0.43385416666666665 0.43657407407407406 0.43697916666666664 0.43472222222222223
4 0.4044270833333333 0.55 0.4044270833333333 0.5217592592592593 0.4078125 0.5138888888888888 0.41458333333333336 0.5115740740740741 0.4197916666666667 0.5152777777777777 0.41822916666666665 0.5467592592592593 0.41510416666666666 0.55 0.4046875 0.55
4 0.4348958333333333 0.6060185185185185 0.43828125 0.6092592592592593 0.4393229166666667 0.6236111111111111 0.43776041666666665 0.6342592592592593 0.4322916666666667 0.6388888888888888 0.421875 0.6375 0.42135416666666664 0.6236111111111111 0.42526041666666664 0.6078703703703704 0.43463541666666666 0.6060185185185185
4 0.07526041666666666 0.8305555555555556 0.08489583333333334 0.8453703703703703 0.08854166666666667 0.8712962962962963 0.10286458333333333 0.8694444444444445 0.10286458333333333 0.887962962962963 0.10078125 0.899537037037037 0.09869791666666666 0.9041666666666667 0.09192708333333334 0.9027777777777778 0.08177083333333333 0.9078703703703703 0.0640625 0.9282407407407407 0.0328125 0.9305555555555556 0.026822916666666665 0.9217592592592593 0.025520833333333333 0.8986111111111111 0.027864583333333335 0.8800925925925925 0.027864583333333335 0.8606481481481482 0.0359375 0.8393518518518519 0.043229166666666666 0.8305555555555556 0.075 0.8305555555555556
4 0.42630208333333336 0.42962962962962964 0.42864583333333334 0.43472222222222223 0.42630208333333336 0.44074074074074077 0.42239583333333336 0.44027777777777777 0.42109375 0.4361111111111111 0.42161458333333335 0.4310185185185185 0.42604166666666665 0.42962962962962964
4 0.43359375 0.5097222222222222 0.43776041666666665 0.5120370370370371 0.43776041666666665 0.5236111111111111 0.43645833333333334 0.5300925925925926 0.4315104166666667 0.5314814814814814 0.42630208333333336 0.5300925925925926 0.42578125 0.524074074074074 0.42734375 0.513425925925926 0.43333333333333335 0.5097222222222222
4 0.15104166666666666 0.7810185185185186 0.153125 0.7861111111111111 0.15208333333333332 0.8217592592592593 0.14401041666666667 0.8351851851851851 0.12708333333333333 0.8513888888888889 0.09921875 0.8490740740740741 0.09895833333333333 0.8027777777777778 0.11223958333333334 0.7851851851851852 0.11666666666666667 0.7847222222222222 0.1203125 0.788425925925926 0.12552083333333333 0.7824074074074074 0.15078125 0.7810185185185186
4 0.4356770833333333 0.4546296296296296 0.43776041666666665 0.4652777777777778 0.4361979166666667 0.4736111111111111 0.42864583333333334 0.4736111111111111 0.428125 0.47129629629629627 0.42890625 0.4564814814814815 0.4354166666666667 0.4546296296296296
4 0.45859375 0.49583333333333335 0.46067708333333335 0.5 0.4609375 0.5092592592592593 0.45651041666666664 0.5138888888888888 0.4510416666666667 0.5120370370370371 0.45 0.5078703703703704 0.453125 0.4962962962962963 0.4583333333333333 0.49583333333333335
4 0.44036458333333334 0.7037037037037037 0.44817708333333334 0.7097222222222223 0.44505208333333335 0.7171296296296297 0.44557291666666665 0.7412037037037037 0.4440104166666667 0.7458333333333333 0.440625 0.7472222222222222 0.42864583333333334 0.7472222222222222 0.42552083333333335 0.7412037037037037 0.4276041666666667 0.7101851851851851 0.43203125 0.7046296296296296 0.4401041666666667 0.7037037037037037
4 0.445703125 0.6611111111111111 0.007552083333333333 0.028703703703703703
4 0.43645833333333334 0.4134259259259259 0.43854166666666666 0.42083333333333334 0.43671875 0.42592592592592593 0.43203125 0.42314814814814816 0.4322916666666667 0.4162037037037037 0.4361979166666667 0.4134259259259259
4 0.4713541666666667 0.5282407407407408 0.4734375 0.5319444444444444 0.47369791666666666 0.5430555555555555 0.47291666666666665 0.5541666666666667 0.4703125 0.5583333333333333 0.4622395833333333 0.5574074074074075 0.46015625 0.5509259259259259 0.46197916666666666 0.5319444444444444 0.47109375 0.5282407407407408
4 0.1484375 0.8379629629629629 0.16484375 0.8407407407407408 0.16744791666666667 0.8453703703703703 0.16744791666666667 0.8527777777777777 0.16484375 0.8625 0.1375 0.8981481481481481 0.13203125 0.8939814814814815 0.12760416666666666 0.8837962962962963 0.12838541666666667 0.8657407407407407 0.13723958333333333 0.8439814814814814 0.14817708333333332 0.8379629629629629
4 0.45859375 0.4773148148148148 0.4622395833333333 0.48333333333333334 0.45989583333333334 0.49675925925925923 0.453125 0.49537037037037035 0.4518229166666667 0.49166666666666664 0.45390625 0.48009259259259257 0.4583333333333333 0.4773148148148148
3 0.44973958333333336 0.5120370370370371 0.4544270833333333 0.5162037037037037 0.45625 0.5259259259259259 0.4513020833333333 0.5638888888888889 0.44895833333333335 0.5685185185185185 0.43515625 0.5666666666666667 0.43359375 0.5472222222222223 0.4401041666666667 0.5148148148148148 0.44244791666666666 0.5120370370370371 0.44947916666666665 0.5120370370370371
1 0.43828125 0.4356481481481482 0.440625 0.4388888888888889 0.44088541666666664 0.44583333333333336 0.43776041666666665 0.4513888888888889 0.43411458333333336 0.45 0.43307291666666664 0.4412037037037037 0.4348958333333333 0.4351851851851852 0.43802083333333336 0.4356481481481482
1 0.42864583333333334 0.40324074074074073 0.43125 0.40694444444444444 0.43072916666666666 0.4125 0.42421875 0.4111111111111111 0.425 0.4060185185185185 0.4283854166666667 0.40370370370370373
1 0.40911458333333334 0.6990740740740741 0.41796875 0.7064814814814815 0.41796875 0.7236111111111111 0.41484375 0.7356481481481482 0.4114583333333333 0.7384259259259259 0.3966145833333333 0.7384259259259259 0.39427083333333335 0.7342592592592593 0.3984375 0.7032407407407407 0.4010416666666667 0.7 0.4088541666666667 0.6990740740740741
2 0.4466145833333333 0.6486111111111111 0.44869791666666664 0.6583333333333333 0.44609375 0.674537037037037 0.44296875 0.6717592592592593 0.4421875 0.6569444444444444 0.4432291666666667 0.6509259259259259 0.44635416666666666 0.6486111111111111
2 0.32838541666666665 0.6680555555555555 0.33098958333333334 0.6703703703703704 0.33151041666666664 0.6782407407407407 0.328125 0.687037037037037 0.32473958333333336 0.6875 0.32526041666666666 0.6722222222222223 0.328125 0.6680555555555555