0 0.38958333333333334 0.6050925925925926 0.39296875 0.6087962962962963 0.39348958333333334 0.6388888888888888 0.38776041666666666 0.6611111111111111 0.38385416666666666 0.6638888888888889 0.36770833333333336 0.6625 0.36692708333333335 0.6361111111111111 0.36875 0.6226851851851852 0.375 0.6078703703703704 0.3893229166666667 0.6050925925925926
0 0.45390625 0.6134259259259259 0.45859375 0.6152777777777778 0.45989583333333334 0.6194444444444445 0.45729166666666665 0.6625 0.453125 0.6722222222222223 0.4395833333333333 0.6708333333333333 0.4388020833333333 0.6527777777777778 0.4390625 0.6388888888888888 0.44375 0.6166666666666667 0.45364583333333336 0.6134259259259259
4 0.4466145833333333 0.5467592592592593 0.4505208333333333 0.5486111111111112 0.45234375 0.5546296296296296 0.45260416666666664 0.5671296296296297 0.44973958333333336 0.5731481481481482 0.4390625 0.5703703703703704 0.440625 0.5504629629629629 0.44635416666666666 0.5467592592592593
4 0.45390625 0.4449074074074074 0.45989583333333334 0.4462962962962963 0.46197916666666666 0.4546296296296296 0.46015625 0.46064814814814814 0.4549479166666667 0.4601851851851852 0.45390625 0.44537037037037036
4 0.43046875 0.4773148148148148 0.43307291666666664 0.48333333333333334 0.43203125 0.500462962962963 0.42239583333333336 0.5 0.42135416666666664 0.49583333333333335 0.4234375 0.4791666666666667 0.43020833333333336 0.4773148148148148
4 0.45546875 0.47638888888888886 0.46119791666666665 0.48055555555555557 0.459375 0.5185185185185185 0.45651041666666664 0.5273148148148148 0.44557291666666665 0.5263888888888889 0.4440104166666667 0.5226851851851851 0.4466145833333333 0.4842592592592593 0.44947916666666665 0.4777777777777778 0.4552083333333333 0.47638888888888886
4 0.43203125 0.4546296296296296 0.4348958333333333 0.4625 0.4348958333333333 0.4666666666666667 0.4322916666666667 0.46805555555555556 0.4265625 0.4652777777777778 0.4276041666666667 0.45601851851851855 0.4317708333333333 0.4546296296296296
4 0.03333333333333333 0.7777777777777778 0.0375 0.7819444444444444 0.037760416666666664 0.7925925925925926 0.0015625 0.8379629629629629 0 0.8379629629629629 0 0.7907407407407407 0.012760416666666666 0.7791666666666667 0.03307291666666667 0.7777777777777778
4 0.17291666666666666 0.8949074074074074 0.17682291666666666 0.9069444444444444 0.17578125 0.9180555555555555 0.15416666666666667 0.9564814814814815 0.14869791666666668 0.9606481481481481 0.1359375 0.95 0.13515625 0.9236111111111112 0.13776041666666666 0.9143518518518519 0.14401041666666667 0.9 0.15078125 0.8925925925925926 0.165625 0.8916666666666667 0.17265625 0.8949074074074074
4 0.08541666666666667 0.8935185185185185 0.09765625 0.9064814814814814 0.09895833333333333 0.9361111111111111 0.11276041666666667 0.9337962962962963 0.11458333333333333 0.9430555555555555 0.10911458333333333 0.9601851851851851 0.10260416666666666 0.9703703703703703 0.09713541666666667 0.9731481481481481 0.0875 0.9939814814814815 0.0828125 0.9967592592592592 0.06067708333333333 0.9935185185185185 0.0421875 0.9953703703703703 0.039322916666666666 0.9912037037037037 0.03828125 0.9842592592592593 0.03802083333333333 0.9601851851851851 0.03958333333333333 0.9212962962962963 0.049479166666666664 0.8953703703703704 0.07291666666666667 0.8962962962962963 0.08515625 0.8935185185185185
4 0.4153645833333333 0.5902777777777778 0.41848958333333336 0.5981481481481481 0.41822916666666665 0.6171296296296296 0.415625 0.6231481481481481 0.40520833333333334 0.6240740740740741 0.40286458333333336 0.6222222222222222 0.40208333333333335 0.6171296296296296 0.4044270833333333 0.6 0.4080729166666667 0.5921296296296297 0.41510416666666666 0.5902777777777778
4 0.15442708333333333 0.8236111111111111 0.15807291666666667 0.825925925925926 0.1609375 0.8342592592592593 0.16119791666666666 0.8731481481481481 0.15807291666666667 0.8819444444444444 0.14713541666666666 0.8930555555555556 0.14036458333333332 0.9041666666666667 0.13359375 0.9069444444444444 0.13046875 0.9004629629629629 0.125 0.9032407407407408 0.10807291666666667 0.899074074074074 0.10703125 0.8532407407407407 0.12265625 0.8296296296296296 0.15416666666666667 0.8236111111111111
4 0.07161458333333333 0.7773148148148148 0.075 0.7805555555555556 0.078125 0.799537037037037 0.07369791666666667 0.8300925925925926 0.06302083333333333 0.8476851851851852 0.052083333333333336 0.8740740740740741 0.03307291666666667 0.899074074074074 0.00625 0.9027777777777778 0 0.9027777777777778 0 0.8393518518518519 0.036458333333333336 0.7939814814814815 0.04244791666666667 0.7824074074074074 0.053125 0.7777777777777778 0.07135416666666666 0.7773148148148148
4 0.475 0.47685185185185186 0.4778645833333333 0.4837962962962963 0.47734375 0.4935185185185185 0.4713541666666667 0.4986111111111111 0.46822916666666664 0.49583333333333335 0.4669270833333333 0.4842592592592593 0.46927083333333336 0.4791666666666667 0.4747395833333333 0.47685185185185186
4 0.44296875 0.44305555555555554 0.44635416666666666 0.4462962962962963 0.4473958333333333 0.45601851851851855 0.44427083333333334 0.4615740740740741 0.4388020833333333 0.46064814814814814 0.43723958333333335 0.45740740740740743 0.43854166666666666 0.4444444444444444 0.4427083333333333 0.44305555555555554
4 0.42630208333333336 0.38657407407407407 0.42890625 0.387037037037037 0.43020833333333336 0.3912037037037037 0.42890625 0.4009259259259259 0.42473958333333334 0.4009259259259259 0.42291666666666666 0.3976851851851852 0.4234375 0.38981481481481484 0.42604166666666665 0.38657407407407407
4 0.46015625 0.46296296296296297 0.4635416666666667 0.4689814814814815 0.46328125 0.47685185185185186 0.46041666666666664 0.4787037037037037 0.45546875 0.4759259259259259 0.45390625 0.47175925925925927 0.4557291666666667 0.46435185185185185 0.45989583333333334 0.46296296296296297
4 0.19869791666666667 0.8629629629629629 0.203125 0.8662037037037037 0.19635416666666666 0.8828703703703704 0.17109375 0.924537037037037 0.16119791666666666 0.9453703703703704 0.15416666666666667 0.9564814814814815 0.14817708333333332 0.9611111111111111 0.13697916666666668 0.9541666666666667 0.13359375 0.9254629629629629 0.14375 0.9013888888888889 0.15078125 0.8930555555555556 0.1625 0.8907407407407407 0.17161458333333332 0.8773148148148148 0.178125 0.875462962962963 0.18541666666666667 0.8648148148148148 0.1984375 0.8629629629629629
3 0 0.9277777777777778 0.00546875 0.9282407407407407 0.01640625 0.9398148148148148 0.01875 0.9597222222222223 0.022135416666666668 0.9675925925925926 0.0328125 0.9629629629629629 0.036458333333333336 0.9666666666666667 0.037760416666666664 0.9731481481481481 0.03697916666666667 0.9912037037037037 0.03307291666666667 0.9967592592592592 0.00859375 0.999537037037037 0 0.9953703703703703 0 0.9282407407407407
3 0.20130208333333333 0.8643518518518518 0.20260416666666667 0.8671296296296296 0.19244791666666666 0.8902777777777777 0.15104166666666666 0.9606481481481481 0.14739583333333334 0.9606481481481481 0.13723958333333333 0.9527777777777777 0.1359375 0.9490740740740741 0.13541666666666666 0.9212962962962963 0.14348958333333334 0.9009259259259259 0.15052083333333333 0.8925925925925926 0.16197916666666667 0.8902777777777777 0.16536458333333334 0.8800925925925925 0.17890625 0.8680555555555556 0.19114583333333332 0.8629629629629629 0.20104166666666667 0.8643518518518518
1 0.42682291666666666 0.39444444444444443 0.0078125 0.013888888888888888
1 0.42864583333333334 0.45416666666666666 0.434375 0.4587962962962963 0.43463541666666666 0.4666666666666667 0.42682291666666666 0.4666666666666667 0.4283854166666667 0.4546296296296296
1 0.45989583333333334 0.5824074074074074 0.46484375 0.5837962962962963 0.4669270833333333 0.5879629629629629 0.4661458333333333 0.6087962962962963 0.46171875 0.6111111111111112 0.45286458333333335 0.6092592592592593 0.45286458333333335 0.5879629629629629 0.4596354166666667 0.5828703703703704
1 0.43776041666666665 0.6078703703703704 0.44192708333333336 0.6157407407407407 0.4395833333333333 0.6328703703703704 0.42942708333333335 0.6347222222222222 0.42552083333333335 0.6324074074074074 0.4278645833333333 0.6101851851851852 0.4375 0.6078703703703704
1 0.453125 0.4375 0.4544270833333333 0.44305555555555554 0.4609375 0.44814814814814813 0.46145833333333336 0.4583333333333333 0.4546875 0.4597222222222222 0.45286458333333335 0.43796296296296294
2 0.41848958333333336 0.5606481481481481 0.42083333333333334 0.5685185185185185 0.41822916666666665 0.5787037037037037 0.4153645833333333 0.5703703703703704 0.4158854166666667 0.5638888888888889 0.41822916666666665 0.5606481481481481
2 0.4044270833333333 0.549074074074074 0.4078125 0.5555555555555556 0.40703125 0.5643518518518519 0.4044270833333333 0.5657407407407408 0.40286458333333336 0.5611111111111111 0.4044270833333333 0.549537037037037
2 0.46432291666666664 0.5481481481481482 0.46588541666666666 0.55 0.46640625 0.5597222222222222 0.4640625 0.5662037037037037 0.46197916666666666 0.5578703703703703 0.4640625 0.5481481481481482
2 0.47291666666666665 0.5074074074074074 0.47369791666666666 0.5203703703703704 0.4703125 0.5203703703703704 0.46953125 0.5166666666666667 0.46953125 0.5083333333333333 0.47265625 0.5074074074074074