4 0.44140625 0.637962962962963 0.44505208333333335 0.6430555555555556 0.44505208333333335 0.6509259259259259 0.4432291666666667 0.6527777777777778 0.43671875 0.6509259259259259 0.4375 0.6398148148148148 0.44114583333333335 0.637962962962963
4 0.3015625 0.7162037037037037 0.30390625 0.7175925925925926 0.3046875 0.725 0.30364583333333334 0.736574074074074 0.30052083333333335 0.7398148148148148 0.29609375 0.7375 0.296875 0.7245370370370371 0.30130208333333336 0.7162037037037037
4 0.2796875 0.7384259259259259 0.2828125 0.7509259259259259 0.2828125 0.7569444444444444 0.28020833333333334 0.7592592592592593 0.27317708333333335 0.7583333333333333 0.2760416666666667 0.7402777777777778 0.2794270833333333 0.7384259259259259
4 0.36666666666666664 0.6888888888888889 0.36770833333333336 0.7083333333333334 0.36614583333333334 0.7134259259259259 0.36276041666666664 0.7125 0.3611979166666667 0.7055555555555556 0.36276041666666664 0.6916666666666667 0.36640625 0.6888888888888889
4 0.3140625 0.725925925925926 0.31979166666666664 0.7263888888888889 0.3216145833333333 0.7347222222222223 0.3203125 0.7449074074074075 0.3143229166666667 0.7472222222222222 0.3140625 0.7263888888888889
4 0.3385416666666667 0.7203703703703703 0.34140625 0.7263888888888889 0.3385416666666667 0.7425925925925926 0.33489583333333334 0.7421296296296296 0.3333333333333333 0.7314814814814815 0.3346354166666667 0.7226851851851852 0.33828125 0.7203703703703703
4 0.39375 0.6574074074074074 0.3932291666666667 0.7032407407407407 0.38385416666666666 0.7074074074074074 0.38203125 0.7032407407407407 0.38307291666666665 0.6643518518518519 0.38697916666666665 0.6574074074074074 0.39348958333333334 0.6574074074074074
1 0.4356770833333333 0.6782407407407407 0.4434895833333333 0.687962962962963 0.4427083333333333 0.6953703703703704 0.4393229166666667 0.6995370370370371 0.4278645833333333 0.6995370370370371 0.42604166666666665 0.6962962962962963 0.4276041666666667 0.6824074074074075 0.4354166666666667 0.6782407407407407
1 0.38619791666666664 0.7509259259259259 0.39036458333333335 0.7546296296296297 0.39114583333333336 0.7601851851851852 0.39036458333333335 0.7921296296296296 0.38333333333333336 0.7962962962962963 0.3802083333333333 0.7921296296296296 0.36640625 0.7916666666666666 0.36302083333333335 0.7972222222222223 0.359375 0.7958333333333333 0.35833333333333334 0.7791666666666667 0.359375 0.7703703703703704 0.3653645833333333 0.7560185185185185 0.37109375 0.7509259259259259 0.3859375 0.7509259259259259
2 0.26640625 0.7407407407407407 0.271875 0.7550925925925925 0.26588541666666665 0.7601851851851852 0.26197916666666665 0.7601851851851852 0.2604166666666667 0.7509259259259259 0.26197916666666665 0.7421296296296296 0.26614583333333336 0.7407407407407407
2 0.36614583333333334 0.6893518518518519 0.36770833333333336 0.7046296296296296 0.36666666666666664 0.7125 0.36302083333333335 0.7129629629629629 0.3611979166666667 0.7074074074074074 0.36276041666666664 0.6925925925925925 0.3658854166666667 0.6898148148148148
2 0.3015625 0.7166666666666667 0.30364583333333334 0.7175925925925926 0.30442708333333335 0.725 0.30364583333333334 0.736574074074074 0.30078125 0.7398148148148148 0.29609375 0.737037037037037 0.29739583333333336 0.7226851851851852 0.30130208333333336 0.7166666666666667
2 0.35989583333333336 0.7199074074074074 0.36223958333333334 0.7236111111111111 0.36276041666666664 0.7324074074074074 0.3619791666666667 0.7379629629629629 0.359375 0.7407407407407407 0.35572916666666665 0.7379629629629629 0.35546875 0.7203703703703703 0.35963541666666665 0.7199074074074074