4 0.4578125 0.43333333333333335 0.46119791666666665 0.4388888888888889 0.45989583333333334 0.44722222222222224 0.45625 0.44722222222222224 0.45286458333333335 0.44305555555555554 0.45338541666666665 0.4361111111111111 0.45755208333333336 0.43333333333333335
4 0.07005208333333333 0.7416666666666667 0.07447916666666667 0.7472222222222222 0.07734375 0.7638888888888888 0.07135416666666666 0.7981481481481482 0.06041666666666667 0.8148148148148148 0.04739583333333333 0.8421296296296297 0.03333333333333333 0.8564814814814815 0.019791666666666666 0.8583333333333333 0 0.8569444444444444 0 0.7962962962962963 0.009375 0.7833333333333333 0.00625 0.7791666666666667 0.008072916666666667 0.7722222222222223 0.006510416666666667 0.7685185185185185 0.008072916666666667 0.7574074074074074 0.011458333333333333 0.7513888888888889 0.010677083333333334 0.7481481481481481 0.014322916666666666 0.7444444444444445 0.022395833333333334 0.7435185185185185 0.02578125 0.7481481481481481 0.0328125 0.7449074074074075 0.03984375 0.7509259259259259 0.050520833333333334 0.7425925925925926 0.06979166666666667 0.7416666666666667
4 0.4427083333333333 0.4199074074074074 0.44583333333333336 0.43148148148148147 0.44583333333333336 0.4356481481481482 0.4432291666666667 0.43796296296296294 0.43828125 0.4375 0.4361979166666667 0.4324074074074074 0.43671875 0.4217592592592593 0.44244791666666666 0.4199074074074074
4 0.42734375 0.524537037037037 0.42994791666666665 0.5296296296296297 0.43020833333333336 0.5416666666666666 0.42890625 0.5504629629629629 0.4270833333333333 0.5513888888888889 0.41822916666666665 0.5513888888888889 0.4171875 0.5481481481481482 0.4200520833333333 0.5277777777777778 0.4270833333333333 0.524537037037037
4 0.46067708333333335 0.4439814814814815 0.4630208333333333 0.4527777777777778 0.4630208333333333 0.45694444444444443 0.4609375 0.4587962962962963 0.4552083333333333 0.4564814814814815 0.45390625 0.45 0.45416666666666666 0.44583333333333336 0.46041666666666664 0.4439814814814815
4 0.1578125 0.7870370370370371 0.16015625 0.7925925925925926 0.16041666666666668 0.8379629629629629 0.15572916666666667 0.8467592592592592 0.13723958333333333 0.8638888888888889 0.13359375 0.8648148148148148 0.13020833333333334 0.8513888888888889 0.1265625 0.8629629629629629 0.1078125 0.8587962962962963 0.10625 0.8277777777777777 0.1078125 0.8111111111111111 0.12161458333333333 0.7925925925925926 0.15755208333333334 0.7875
4 0.16979166666666667 0.8523148148148149 0.17526041666666667 0.8592592592592593 0.17526041666666667 0.874537037037037 0.15442708333333333 0.9092592592592592 0.14765625 0.9152777777777777 0.14244791666666667 0.9143518518518519 0.13645833333333332 0.9037037037037037 0.1359375 0.8819444444444444 0.1390625 0.8689814814814815 0.14895833333333333 0.8523148148148149 0.16953125 0.8523148148148149
4 0.44427083333333334 0.6643518518518519 0.4479166666666667 0.6712962962962963 0.4473958333333333 0.7037037037037037 0.4421875 0.7388888888888889 0.42213541666666665 0.7375 0.42161458333333335 0.7152777777777778 0.4234375 0.6925925925925925 0.4283854166666667 0.6675925925925926 0.4315104166666667 0.6638888888888889 0.4440104166666667 0.6643518518518519
4 0.45546875 0.6175925925925926 0.4588541666666667 0.6231481481481481 0.45677083333333335 0.6365740740740741 0.4583333333333333 0.6407407407407407 0.4578125 0.6472222222222223 0.45364583333333336 0.65 0.44479166666666664 0.649537037037037 0.4421875 0.6402777777777777 0.4440104166666667 0.6226851851851852 0.44609375 0.6175925925925926 0.4552083333333333 0.6175925925925926
4 0.08489583333333334 0.8490740740740741 0.09583333333333334 0.8625 0.09869791666666666 0.8856481481481482 0.10182291666666667 0.8800925925925925 0.10416666666666667 0.8800925925925925 0.11223958333333334 0.888425925925926 0.11354166666666667 0.8944444444444445 0.11119791666666666 0.913425925925926 0.10625 0.924537037037037 0.09947916666666666 0.9291666666666667 0.08229166666666667 0.950925925925926 0.06822916666666666 0.9472222222222222 0.043229166666666666 0.9472222222222222 0.037760416666666664 0.9384259259259259 0.03697916666666667 0.9185185185185185 0.0390625 0.8944444444444445 0.03828125 0.8763888888888889 0.0484375 0.850462962962963 0.08463541666666667 0.8490740740740741
4 0.42994791666666665 0.4199074074074074 0.4328125 0.4217592592592593 0.43359375 0.4300925925925926 0.42916666666666664 0.43425925925925923 0.42526041666666664 0.43148148148148147 0.42473958333333334 0.4217592592592593 0.4296875 0.4199074074074074
4 0.43216145833333336 0.45740740740740743 0.011197916666666667 0.022222222222222223
4 0.47421875 0.48194444444444445 0.47682291666666665 0.48657407407407405 0.47682291666666665 0.5027777777777778 0.4747395833333333 0.5069444444444444 0.46640625 0.5050925925925925 0.46458333333333335 0.48564814814814816 0.46640625 0.4824074074074074 0.4739583333333333 0.48194444444444445
4 0.4088541666666667 0.5324074074074074 0.41041666666666665 0.5351851851851852 0.41119791666666666 0.5569444444444445 0.4078125 0.575 0.40182291666666664 0.5787037037037037 0.39348958333333334 0.5782407407407407 0.39036458333333335 0.575 0.390625 0.549537037037037 0.3966145833333333 0.5333333333333333 0.40859375 0.5324074074074074
4 0.45390625 0.47638888888888886 0.4578125 0.48009259259259257 0.45807291666666666 0.5018518518518519 0.45598958333333334 0.5259259259259259 0.45364583333333336 0.5300925925925926 0.44166666666666665 0.5291666666666667 0.4395833333333333 0.5194444444444445 0.44427083333333334 0.48055555555555557 0.45364583333333336 0.47638888888888886
4 0.4270833333333333 0.37777777777777777 0.4283854166666667 0.3837962962962963 0.421875 0.3875 0.421875 0.37916666666666665 0.42682291666666666 0.37777777777777777
4 0.42994791666666665 0.6305555555555555 0.43359375 0.6370370370370371 0.43385416666666665 0.6449074074074074 0.43255208333333334 0.6578703703703703 0.42916666666666664 0.6611111111111111 0.41692708333333334 0.6606481481481481 0.4153645833333333 0.6509259259259259 0.41848958333333336 0.6319444444444444 0.4296875 0.6305555555555555
4 0.44505208333333335 0.5574074074074075 0.44947916666666665 0.5666666666666667 0.4479166666666667 0.5805555555555556 0.44583333333333336 0.5847222222222223 0.4375 0.5856481481481481 0.43411458333333336 0.5847222222222223 0.4328125 0.5810185185185185 0.43515625 0.5611111111111111 0.43802083333333336 0.5569444444444445 0.44479166666666664 0.5574074074074075
4 0.45859375 0.46828703703703706 0.009895833333333333 0.01990740740740741
1 0.45989583333333334 0.4583333333333333 0.4625 0.4634259259259259 0.46328125 0.47175925925925927 0.4630208333333333 0.47685185185185186 0.46119791666666665 0.4777777777777778 0.45651041666666664 0.4773148148148148 0.45416666666666666 0.4736111111111111 0.45416666666666666 0.46296296296296297 0.4596354166666667 0.4583333333333333
2 0.46015625 0.5425925925925926 0.4622395833333333 0.5462962962962963 0.46197916666666666 0.5569444444444445 0.46041666666666664 0.5597222222222222 0.45807291666666666 0.5509259259259259 0.45989583333333334 0.5425925925925926
2 0.45703125 0.575925925925926 0.45989583333333334 0.5773148148148148 0.46041666666666664 0.587037037037037 0.45989583333333334 0.5944444444444444 0.45651041666666664 0.5958333333333333 0.4549479166666667 0.5861111111111111 0.45677083333333335 0.575925925925926