4 0.0984375 0.7986111111111112 0.10208333333333333 0.8138888888888889 0.10260416666666666 0.825462962962963 0.09635416666666667 0.8523148148148149 0.08411458333333334 0.8759259259259259 0.07916666666666666 0.8907407407407407 0.07161458333333333 0.9023148148148148 0.062239583333333334 0.9125 0.04791666666666667 0.9152777777777777 0.02265625 0.9111111111111111 0.022135416666666668 0.9064814814814814 0.0140625 0.9027777777777778 0.012760416666666666 0.9009259259259259 0.0140625 0.8805555555555555 0.01875 0.8773148148148148 0.019791666666666666 0.8726851851851852 0.029427083333333333 0.8625 0.03229166666666667 0.8541666666666666 0.058333333333333334 0.8231481481481482 0.06614583333333333 0.8097222222222222 0.07864583333333333 0.8004629629629629 0.09817708333333333 0.7986111111111112
4 0.453125 0.6837962962962963 0.4583333333333333 0.6856481481481481 0.46145833333333336 0.6921296296296297 0.46015625 0.7199074074074074 0.45651041666666664 0.7222222222222222 0.44557291666666665 0.7212962962962963 0.44375 0.7166666666666667 0.44583333333333336 0.6893518518518519 0.44869791666666664 0.6847222222222222 0.45286458333333335 0.6837962962962963
4 0.11302083333333333 0.9074074074074074 0.12447916666666667 0.9212962962962963 0.12630208333333334 0.9527777777777777 0.13411458333333334 0.950462962962963 0.13776041666666666 0.9550925925925926 0.13776041666666666 0.9666666666666667 0.13463541666666667 0.975462962962963 0.12708333333333333 0.9837962962962963 0.12317708333333334 0.9972222222222222 0.11875 0.999537037037037 0.07265625 0.999537037037037 0.06953125 0.9916666666666667 0.07005208333333333 0.9356481481481481 0.07760416666666667 0.9143518518518519 0.08151041666666667 0.9087962962962963 0.11276041666666667 0.9074074074074074
4 0.21458333333333332 0.8865740740740741 0.21979166666666666 0.8902777777777777 0.21744791666666666 0.8972222222222223 0.18203125 0.9638888888888889 0.17447916666666666 0.9717592592592592 0.1671875 0.9671296296296297 0.16354166666666667 0.9601851851851851 0.16223958333333333 0.9333333333333333 0.16432291666666668 0.9217592592592593 0.17135416666666667 0.9101851851851852 0.18229166666666666 0.9009259259259259 0.19192708333333333 0.8976851851851851 0.19791666666666666 0.8902777777777777 0.21432291666666667 0.8865740740740741
4 0.14505208333333333 0.8458333333333333 0.14739583333333334 0.8486111111111111 0.14635416666666667 0.8518518518518519 0.1328125 0.8699074074074075 0.13046875 0.8819444444444444 0.13125 0.8907407407407407 0.12421875 0.9111111111111111 0.11927083333333334 0.9115740740740741 0.11276041666666667 0.9069444444444444 0.08046875 0.9101851851851852 0.07552083333333333 0.9263888888888889 0.07057291666666667 0.9324074074074075 0.06822916666666666 0.9680555555555556 0.05807291666666667 0.9717592592592592 0.053125 0.9685185185185186 0.04869791666666667 0.9513888888888888 0.03984375 0.9402777777777778 0.024479166666666666 0.9388888888888889 0.023177083333333334 0.9291666666666667 0.025520833333333333 0.9203703703703704 0.033854166666666664 0.9152777777777777 0.06380208333333333 0.9148148148148149 0.08541666666666667 0.8851851851851852 0.08854166666666667 0.8717592592592592 0.09192708333333334 0.8680555555555556 0.0953125 0.8712962962962963 0.0953125 0.861574074074074 0.10598958333333333 0.8574074074074074 0.11953125 0.8467592592592592 0.14479166666666668 0.8458333333333333
4 0.17578125 0.8430555555555556 0.1828125 0.8518518518518519 0.18255208333333334 0.8944444444444445 0.16119791666666666 0.9222222222222223 0.15234375 0.9162037037037037 0.13333333333333333 0.9152777777777777 0.13177083333333334 0.9115740740740741 0.13203125 0.8740740740740741 0.13463541666666667 0.8666666666666667 0.14739583333333334 0.8486111111111111 0.17552083333333332 0.8430555555555556
4 0.4348958333333333 0.4212962962962963 0.43645833333333334 0.4361111111111111 0.4322916666666667 0.4393518518518518 0.4276041666666667 0.43657407407407406 0.42734375 0.425462962962963 0.42942708333333335 0.42083333333333334 0.43463541666666666 0.4212962962962963
4 0.44427083333333334 0.41898148148148145 0.44765625 0.42314814814814816 0.44895833333333335 0.43194444444444446 0.44869791666666664 0.4356481481481482 0.4453125 0.4393518518518518 0.43802083333333336 0.4356481481481482 0.4390625 0.42407407407407405 0.4421875 0.41805555555555557 0.4440104166666667 0.41898148148148145
3 0.03697916666666667 0.9398148148148148 0.04791666666666667 0.9495370370370371 0.05364583333333333 0.9763888888888889 0.0640625 0.9736111111111111 0.06744791666666666 0.9773148148148149 0.06848958333333334 0.9944444444444445 0.06640625 0.999537037037037 0.010677083333333334 0.999537037037037 0 0.9962962962962963 0 0.9453703703703704 0.03671875 0.9398148148148148
1 0.4432291666666667 0.49027777777777776 0.44505208333333335 0.5055555555555555 0.44244791666666666 0.5083333333333333 0.4356770833333333 0.5078703703703704 0.4348958333333333 0.4986111111111111 0.43671875 0.4912037037037037 0.44296875 0.49027777777777776
1 0.44375 0.538425925925926 0.44635416666666666 0.5444444444444444 0.446875 0.5574074074074075 0.4401041666666667 0.5606481481481481 0.4356770833333333 0.5601851851851852 0.43515625 0.549537037037037 0.4393229166666667 0.538425925925926 0.4434895833333333 0.538425925925926
1 0.42291666666666666 0.6222222222222222 0.42578125 0.625 0.42682291666666666 0.6305555555555555 0.42578125 0.6509259259259259 0.4192708333333333 0.6550925925925926 0.4114583333333333 0.6546296296296297 0.40989583333333335 0.6462962962962963 0.41510416666666666 0.6268518518518519 0.41822916666666665 0.6222222222222222 0.42265625 0.6222222222222222
1 0.4283854166666667 0.8921296296296296 0.43307291666666664 0.8939814814814815 0.4356770833333333 0.899074074074074 0.4309895833333333 0.9407407407407408 0.42890625 0.9439814814814815 0.40963541666666664 0.9435185185185185 0.4075520833333333 0.9398148148148148 0.4109375 0.8972222222222223 0.4166666666666667 0.8925925925925926 0.428125 0.8921296296296296
1 0.38619791666666664 0.7541666666666667 0.3890625 0.7555555555555555 0.39140625 0.7652777777777777 0.39140625 0.788425925925926 0.3854166666666667 0.8087962962962963 0.3768229166666667 0.8115740740740741 0.36875 0.8111111111111111 0.36614583333333334 0.8078703703703703 0.36614583333333334 0.7907407407407407 0.37552083333333336 0.7583333333333333 0.37942708333333336 0.7546296296296297 0.3859375 0.7541666666666667
1 0.39505208333333336 0.6587962962962963 0.39921875 0.6606481481481481 0.403125 0.6717592592592593 0.39817708333333335 0.6898148148148148 0.38828125 0.6907407407407408 0.3848958333333333 0.6888888888888889 0.3848958333333333 0.674537037037037 0.38958333333333334 0.6601851851851852 0.39479166666666665 0.6587962962962963
2 0.3072916666666667 0.8648148148148148 0.309375 0.8699074074074075 0.3067708333333333 0.8833333333333333 0.30364583333333334 0.888425925925926 0.30078125 0.8666666666666667 0.30703125 0.8648148148148148