0 0.3848958333333333 0.6199074074074075 0.3888020833333333 0.6240740740740741 0.3880208333333333 0.6472222222222223 0.38125 0.6782407407407407 0.3765625 0.6824074074074075 0.3606770833333333 0.6796296296296296 0.3611979166666667 0.6439814814814815 0.3692708333333333 0.6217592592592592 0.3846354166666667 0.6199074074074075
0 0.4549479166666667 0.6032407407407407 0.46119791666666665 0.6083333333333333 0.45859375 0.6550925925925926 0.45651041666666664 0.6597222222222222 0.4427083333333333 0.6578703703703703 0.44140625 0.6504629629629629 0.4421875 0.6240740740740741 0.4453125 0.6087962962962963 0.44765625 0.6041666666666666 0.4546875 0.6032407407407407
4 0.44635416666666666 0.5425925925925926 0.45208333333333334 0.5462962962962963 0.453125 0.562962962962963 0.45 0.5680555555555555 0.4427083333333333 0.5680555555555555 0.43984375 0.5643518518518519 0.44192708333333336 0.5449074074074074 0.44609375 0.5425925925925926
4 0.45807291666666666 0.47685185185185186 0.46015625 0.4810185185185185 0.46067708333333335 0.5037037037037037 0.459375 0.5180555555555556 0.45651041666666664 0.5226851851851851 0.44609375 0.5217592592592593 0.44453125 0.5027777777777778 0.44947916666666665 0.4777777777777778 0.4578125 0.47685185185185186
4 0.46067708333333335 0.4615740740740741 0.46328125 0.46574074074074073 0.4635416666666667 0.47129629629629627 0.45989583333333334 0.475462962962963 0.4546875 0.47314814814814815 0.45338541666666665 0.46805555555555556 0.45546875 0.462037037037037 0.46041666666666664 0.4615740740740741
4 0.06927083333333334 0.7787037037037037 0.07447916666666667 0.7824074074074074 0.07760416666666667 0.799537037037037 0.07708333333333334 0.8069444444444445 0.07291666666666667 0.8189814814814815 0.07135416666666666 0.837037037037037 0.06302083333333333 0.8490740740740741 0.05130208333333333 0.8768518518518519 0.03333333333333333 0.8981481481481481 0.007291666666666667 0.9055555555555556 0 0.9055555555555556 0 0.8111111111111111 0.0018229166666666667 0.8106481481481481 0 0.8101851851851852 0 0.7930555555555555 0.009895833333333333 0.7828703703703703 0.016666666666666666 0.7800925925925926 0.04192708333333333 0.7824074074074074 0.06901041666666667 0.7787037037037037
4 0.45729166666666665 0.4439814814814815 0.46119791666666665 0.4486111111111111 0.46145833333333336 0.4564814814814815 0.459375 0.4587962962962963 0.4546875 0.45787037037037037 0.45286458333333335 0.45185185185185184 0.45338541666666665 0.44583333333333336 0.45703125 0.4439814814814815
4 0.42578125 0.48194444444444445 0.43255208333333334 0.4875 0.4309895833333333 0.5032407407407408 0.42864583333333334 0.5060185185185185 0.421875 0.5060185185185185 0.4200520833333333 0.5023148148148148 0.42135416666666664 0.48657407407407405 0.42552083333333335 0.48194444444444445
4 0.43255208333333334 0.46111111111111114 0.4356770833333333 0.46620370370370373 0.4354166666666667 0.4726851851851852 0.43072916666666666 0.475462962962963 0.42682291666666666 0.47453703703703703 0.42630208333333336 0.46944444444444444 0.42864583333333334 0.4625 0.4322916666666667 0.46111111111111114
4 0.15442708333333333 0.8240740740740741 0.15885416666666666 0.8282407407407407 0.1609375 0.8375 0.1609375 0.8759259259259259 0.140625 0.9046296296296297 0.13489583333333333 0.9069444444444444 0.13020833333333334 0.9004629629629629 0.1234375 0.9041666666666667 0.10833333333333334 0.9004629629629629 0.10703125 0.8555555555555555 0.12291666666666666 0.8324074074074074 0.14036458333333332 0.8300925925925926 0.14661458333333333 0.8240740740740741 0.15416666666666667 0.8240740740740741
4 0.4119791666666667 0.6037037037037037 0.41484375 0.6171296296296296 0.4140625 0.6337962962962963 0.41171875 0.637962962962963 0.4041666666666667 0.6388888888888888 0.3984375 0.6361111111111111 0.39895833333333336 0.6189814814814815 0.4041666666666667 0.6055555555555555 0.41171875 0.6037037037037037
4 0.4390625 0.38101851851851853 0.440625 0.38657407407407407 0.4395833333333333 0.39166666666666666 0.43255208333333334 0.387037037037037 0.4348958333333333 0.38101851851851853 0.4388020833333333 0.38101851851851853
4 0.12005208333333334 0.8268518518518518 0.12265625 0.8282407407407407 0.12239583333333333 0.8314814814814815 0.10703125 0.8537037037037037 0.103125 0.8800925925925925 0.09609375 0.9004629629629629 0.090625 0.9018518518518519 0.08151041666666667 0.8962962962962963 0.065625 0.899074074074074 0.05182291666666667 0.8972222222222223 0.04921875 0.899537037037037 0.03958333333333333 0.9277777777777778 0.04114583333333333 0.9388888888888889 0.03854166666666667 0.9541666666666667 0.0390625 0.9777777777777777 0.03567708333333333 0.987037037037037 0.03619791666666667 0.9912037037037037 0.03463541666666667 0.9949074074074075 0.026302083333333334 0.9972222222222222 0.023177083333333334 0.9944444444444445 0.028125 0.9875 0.026302083333333334 0.9837962962962963 0.022135416666666668 0.9828703703703704 0.019270833333333334 0.9745370370370371 0.01640625 0.9458333333333333 0.00546875 0.9319444444444445 0 0.9300925925925926 0 0.9069444444444444 0.031510416666666666 0.9046296296296297 0.046875 0.8893518518518518 0.05703125 0.8736111111111111 0.061197916666666664 0.8662037037037037 0.06015625 0.8583333333333333 0.06432291666666666 0.8564814814814815 0.06770833333333333 0.8587962962962963 0.06875 0.8555555555555555 0.06458333333333334 0.8523148148148149 0.07135416666666666 0.8430555555555556 0.08177083333333333 0.8416666666666667 0.09895833333333333 0.8282407407407407 0.11979166666666667 0.8268518518518518
4 0.44427083333333334 0.44675925925925924 0.4466145833333333 0.449537037037037 0.4473958333333333 0.4564814814814815 0.4434895833333333 0.4648148148148148 0.43828125 0.46435185185185185 0.43697916666666664 0.45925925925925926 0.43802083333333336 0.4486111111111111 0.4440104166666667 0.44675925925925924
4 0.055989583333333336 0.8962962962962963 0.07213541666666666 0.8986111111111111 0.08541666666666667 0.8958333333333334 0.09713541666666667 0.9083333333333333 0.09895833333333333 0.9416666666666667 0.10208333333333333 0.9416666666666667 0.10416666666666667 0.9361111111111111 0.11484375 0.9356481481481481 0.11484375 0.9490740740740741 0.11276041666666667 0.9560185185185185 0.10286458333333333 0.9712962962962963 0.0953125 0.9717592592592592 0.08932291666666667 0.9916666666666667 0.08203125 0.9976851851851852 0.044270833333333336 0.9976851851851852 0.0390625 0.9930555555555556 0.038802083333333334 0.9268518518518518 0.048177083333333336 0.8976851851851851 0.05572916666666667 0.8962962962962963
4 0 0.9310185185185185 0.0067708333333333336 0.9314814814814815 0.015885416666666666 0.9439814814814815 0.022395833333333334 0.9763888888888889 0.029427083333333333 0.9773148148148149 0.03046875 0.9689814814814814 0.032552083333333336 0.9662037037037037 0.03619791666666667 0.9666666666666667 0.03697916666666667 0.9726851851851852 0.036458333333333336 0.9893518518518518 0.03359375 0.9958333333333333 0.02734375 0.999537037037037 0.010416666666666666 0.999537037037037 0 0.9949074074074075 0 0.9314814814814815
4 0.42864583333333334 0.3902777777777778 0.43072916666666666 0.3958333333333333 0.42864583333333334 0.4027777777777778 0.42473958333333334 0.4023148148148148 0.4231770833333333 0.39814814814814814 0.4244791666666667 0.3907407407407407 0.4283854166666667 0.3902777777777778
3 0 0.9305555555555556 0.0067708333333333336 0.9314814814814815 0.015625 0.9435185185185185 0.01875 0.9638888888888889 0.022395833333333334 0.9731481481481481 0.026041666666666668 0.9671296296296297 0.032552083333333336 0.9629629629629629 0.03619791666666667 0.9638888888888889 0.0375 0.9712962962962963 0.036458333333333336 0.9921296296296296 0.034375 0.9962962962962963 0.029166666666666667 0.999537037037037 0.009375 0.999537037037037 0 0.9949074074074075 0 0.9310185185185185
3 0.12005208333333334 0.8273148148148148 0.12239583333333333 0.8282407407407407 0.12213541666666666 0.8314814814814815 0.10651041666666666 0.8546296296296296 0.10234375 0.8800925925925925 0.09583333333333334 0.9 0.09192708333333334 0.9018518518518519 0.08255208333333333 0.8962962962962963 0.05963541666666667 0.8976851851851851 0.05416666666666667 0.8944444444444445 0.04921875 0.8986111111111111 0.03984375 0.9282407407407407 0.04140625 0.9342592592592592 0.04088541666666667 0.9495370370370371 0.039322916666666666 0.9527777777777777 0.04114583333333333 0.9629629629629629 0.039322916666666666 0.9666666666666667 0.03984375 0.9847222222222223 0.0359375 0.9768518518518519 0.0328125 0.9861111111111112 0.030208333333333334 0.9824074074074074 0.021614583333333333 0.9814814814814815 0.015885416666666666 0.9472222222222222 0.008072916666666667 0.9393518518518519 0.005208333333333333 0.9328703703703703 0 0.9324074074074075 0 0.9069444444444444 0.03307291666666667 0.9032407407407408 0.048177083333333336 0.8865740740740741 0.0546875 0.875462962962963 0.059375 0.8592592592592593 0.07109375 0.8430555555555556 0.08177083333333333 0.8407407407407408 0.0953125 0.8296296296296296 0.11979166666666667 0.8273148148148148
3 0.20260416666666667 0.8652777777777778 0.203125 0.8675925925925926 0.19322916666666667 0.8907407407407407 0.16197916666666667 0.9462962962962963 0.14791666666666667 0.9666666666666667 0.13619791666666667 0.9462962962962963 0.1359375 0.924537037037037 0.14270833333333333 0.9046296296296297 0.14739583333333334 0.8967592592592593 0.15963541666666667 0.8912037037037037 0.17838541666666666 0.8662037037037037 0.20234375 0.8652777777777778
1 0.43203125 0.46111111111111114 0.4354166666666667 0.46620370370370373 0.4348958333333333 0.4736111111111111 0.4265625 0.4736111111111111 0.4276041666666667 0.46435185185185185 0.4317708333333333 0.4615740740740741
1 0.46328125 0.5740740740740741 0.4671875 0.5782407407407407 0.46796875 0.5916666666666667 0.4674479166666667 0.5976851851851852 0.46380208333333334 0.600462962962963 0.45651041666666664 0.6 0.45364583333333336 0.5953703703703703 0.45546875 0.5782407407407407 0.4630208333333333 0.5740740740740741
1 0.43802083333333336 0.5995370370370371 0.44088541666666664 0.6018518518518519 0.44244791666666666 0.6087962962962963 0.44140625 0.6226851851851852 0.4395833333333333 0.6259259259259259 0.43411458333333336 0.6263888888888889 0.4270833333333333 0.6240740740740741 0.42734375 0.6101851851851852 0.4309895833333333 0.600462962962963 0.43776041666666665 0.5995370370370371
1 0.4609375 0.462037037037037 0.4635416666666667 0.4703703703703704 0.45989583333333334 0.475462962962963 0.45338541666666665 0.4689814814814815 0.4546875 0.46296296296296297 0.46067708333333335 0.462037037037037