4 0.043229166666666666 0.850925925925926 0.04739583333333333 0.8555555555555555 0.05026041666666667 0.874537037037037 0.04244791666666667 0.9148148148148149 0.027083333333333334 0.9393518518518519 0.015625 0.9643518518518519 0.0018229166666666667 0.9810185185185185 0 0.9810185185185185 0 0.8518518518518519 0.005208333333333333 0.8532407407407407 0.008854166666666666 0.8634259259259259 0.021354166666666667 0.8523148148148149 0.04296875 0.850925925925926
4 0.13411458333333334 0.9083333333333333 0.13671875 0.9152777777777777 0.13802083333333334 0.9347222222222222 0.13567708333333334 0.9629629629629629 0.11276041666666667 0.9949074074074075 0.10598958333333333 0.9962962962962963 0.078125 0.9907407407407407 0.07786458333333333 0.9375 0.08854166666666667 0.9236111111111112 0.09557291666666666 0.9208333333333333 0.10182291666666667 0.913425925925926 0.11927083333333334 0.9097222222222222 0.12369791666666667 0.9120370370370371 0.13385416666666666 0.9083333333333333
4 0.4640625 0.575 0.4669270833333333 0.5782407407407407 0.46848958333333335 0.5875 0.46770833333333334 0.5986111111111111 0.46536458333333336 0.600925925925926 0.4557291666666667 0.5990740740740741 0.45677083333333335 0.5782407407407407 0.46380208333333334 0.575
4 0.4640625 0.49074074074074076 0.46640625 0.4949074074074074 0.4666666666666667 0.5013888888888889 0.4635416666666667 0.5037037037037037 0.46015625 0.5013888888888889 0.46015625 0.49398148148148147 0.46380208333333334 0.49074074074074076
3 0.42864583333333334 0.4263888888888889 0.43723958333333335 0.43472222222222223 0.43776041666666665 0.4527777777777778 0.43125 0.45416666666666666 0.4278645833333333 0.45092592592592595 0.42630208333333336 0.4310185185185185 0.4283854166666667 0.42685185185185187
1 0.37552083333333336 0.9814814814814815 0.3807291666666667 0.9842592592592593 0.38177083333333334 0.999537037037037 0.35260416666666666 0.999537037037037 0.34921875 0.9912037037037037 0.35963541666666665 0.9824074074074074 0.37526041666666665 0.9814814814814815
1 0.3184895833333333 0.9291666666666667 0.32421875 0.9314814814814815 0.3260416666666667 0.9356481481481481 0.3265625 0.9597222222222223 0.31953125 0.9796296296296296 0.31536458333333334 0.999537037037037 0.28880208333333335 0.999537037037037 0.2875 0.987037037037037 0.290625 0.9712962962962963 0.28958333333333336 0.9629629629629629 0.29296875 0.9597222222222223 0.29661458333333335 0.9490740740740741 0.30703125 0.9324074074074075 0.3182291666666667 0.9291666666666667
1 0.41458333333333336 0.6439814814814815 0.41796875 0.6546296296296297 0.41822916666666665 0.6680555555555555 0.41458333333333336 0.6768518518518518 0.4046875 0.6787037037037037 0.3997395833333333 0.675 0.4010416666666667 0.6560185185185186 0.4046875 0.6453703703703704 0.41432291666666665 0.6439814814814815
1 0.36692708333333335 0.8097222222222222 0.37057291666666664 0.8125 0.3731770833333333 0.8194444444444444 0.3731770833333333 0.8412037037037037 0.36614583333333334 0.8699074074074075 0.3614583333333333 0.8731481481481481 0.3453125 0.8731481481481481 0.34322916666666664 0.8699074074074075 0.34322916666666664 0.8625 0.3458333333333333 0.8416666666666667 0.35572916666666665 0.8134259259259259 0.35911458333333335 0.8097222222222222 0.36666666666666664 0.8097222222222222
1 0.42239583333333336 0.5546296296296296 0.42578125 0.5587962962962963 0.42630208333333336 0.5712962962962963 0.425 0.5791666666666667 0.42083333333333334 0.5810185185185185 0.4140625 0.5810185185185185 0.41171875 0.5736111111111111 0.4158854166666667 0.5569444444444445 0.42213541666666665 0.5546296296296296
1 0.5408854166666667 0.5666666666666667 0.5565104166666667 0.5773148148148148 0.5575520833333333 0.5847222222222223 0.5552083333333333 0.587037037037037 0.5440104166666667 0.586574074074074 0.5330729166666667 0.5796296296296296 0.5333333333333333 0.5703703703703704 0.540625 0.5666666666666667
1 0.45546875 0.6888888888888889 0.46119791666666665 0.6925925925925925 0.45989583333333334 0.7166666666666667 0.45729166666666665 0.7189814814814814 0.44583333333333336 0.7180555555555556 0.44375 0.7143518518518519 0.44583333333333336 0.6925925925925925 0.44869791666666664 0.6893518518518519 0.4552083333333333 0.6888888888888889
1 0.41302083333333334 0.7925925925925926 0.41953125 0.7949074074074074 0.421875 0.799074074074074 0.42161458333333335 0.8148148148148148 0.41796875 0.8375 0.41510416666666666 0.8416666666666667 0.40859375 0.8384259259259259 0.39739583333333334 0.8393518518518519 0.3958333333333333 0.8347222222222223 0.39609375 0.8194444444444444 0.39921875 0.8 0.4049479166666667 0.7935185185185185 0.4127604166666667 0.7925925925925926
2 0.32447916666666665 0.7416666666666667 0.32838541666666665 0.7444444444444445 0.32916666666666666 0.7509259259259259 0.328125 0.7606481481481482 0.32447916666666665 0.7671296296296296 0.32109375 0.7652777777777777 0.32109375 0.7560185185185185 0.32447916666666665 0.7421296296296296
2 0.46432291666666664 0.49166666666666664 0.46640625 0.5018518518518519 0.46380208333333334 0.5037037037037037 0.46041666666666664 0.5023148148148148 0.46015625 0.49675925925925923 0.46171875 0.49166666666666664 0.4640625 0.49166666666666664
2 0.4322916666666667 0.4949074074074074 0.43411458333333336 0.5 0.43333333333333335 0.5078703703703704 0.43020833333333336 0.5064814814814815 0.43203125 0.49537037037037035
2 0.33489583333333334 0.8263888888888888 0.33541666666666664 0.8384259259259259 0.33151041666666664 0.8537037037037037 0.328125 0.8523148148148149 0.32786458333333335 0.8287037037037037 0.3346354166666667 0.8263888888888888