4 0.37161458333333336 0.8125 0.37994791666666666 0.8152777777777778 0.3846354166666667 0.8217592592592593 0.38671875 0.8337962962962963 0.3854166666666667 0.8476851851851852 0.37604166666666666 0.8671296296296296 0.3609375 0.8726851851851852 0.34739583333333335 0.8703703703703703 0.3450520833333333 0.8634259259259259 0.34453125 0.8486111111111111 0.3572916666666667 0.8162037037037037 0.36276041666666664 0.8125 0.37135416666666665 0.8125
4 0.4361979166666667 0.5587962962962963 0.0067708333333333336 0.012037037037037037
4 0.05755208333333333 0.7944444444444444 0.06041666666666667 0.7962962962962963 0.06145833333333333 0.8027777777777778 0.06927083333333334 0.8134259259259259 0.06901041666666667 0.8175925925925925 0.06380208333333333 0.8236111111111111 0.05364583333333333 0.8263888888888888 0.044270833333333336 0.8361111111111111 0.019791666666666666 0.8472222222222222 0.01640625 0.8444444444444444 0.015885416666666666 0.8287037037037037 0.01015625 0.8217592592592593 0.01171875 0.8101851851851852 0.01640625 0.8 0.022916666666666665 0.7949074074074074 0.057291666666666664 0.7944444444444444
4 0.034375 0.7361111111111112 0.05364583333333333 0.7375 0.05520833333333333 0.7726851851851851 0.05234375 0.7837962962962963 0.04401041666666667 0.7939814814814815 0.019270833333333334 0.7958333333333333 0.00859375 0.8134259259259259 0.005729166666666666 0.8083333333333333 0 0.8074074074074075 0 0.7402777777777778 0.03411458333333333 0.7361111111111112
4 0.44817708333333334 0.6263888888888889 0.4510416666666667 0.6291666666666667 0.45260416666666664 0.6365740740740741 0.45260416666666664 0.6425925925925926 0.4505208333333333 0.6444444444444445 0.44244791666666666 0.6444444444444445 0.4390625 0.6370370370370371 0.44192708333333336 0.6282407407407408 0.4479166666666667 0.6263888888888889
4 0.4440104166666667 0.7060185185185185 0.4466145833333333 0.7074074074074074 0.44921875 0.7143518518518519 0.44895833333333335 0.7342592592592593 0.44453125 0.7476851851851852 0.4393229166666667 0.7546296296296297 0.42916666666666664 0.7523148148148148 0.425 0.7481481481481481 0.42604166666666665 0.7199074074074074 0.4317708333333333 0.7087962962962963 0.44375 0.7060185185185185
4 0.42552083333333335 0.5560185185185185 0.43046875 0.5638888888888889 0.4276041666666667 0.5712962962962963 0.42265625 0.5708333333333333 0.42109375 0.5675925925925925 0.42161458333333335 0.5583333333333333 0.42526041666666664 0.5560185185185185
4 0.44635416666666666 0.5611111111111111 0.44973958333333336 0.5666666666666667 0.44947916666666665 0.5722222222222222 0.4466145833333333 0.575 0.44140625 0.5699074074074074 0.44192708333333336 0.5625 0.44609375 0.5611111111111111
4 0.46927083333333336 0.5828703703703704 0.47161458333333334 0.5930555555555556 0.46875 0.5962962962962963 0.46458333333333335 0.5935185185185186 0.4627604166666667 0.5847222222222223 0.46901041666666665 0.5828703703703704
4 0.2794270833333333 0.8222222222222222 0.2859375 0.8245370370370371 0.28958333333333336 0.8356481481481481 0.2908854166666667 0.8472222222222222 0.28984375 0.8629629629629629 0.2825520833333333 0.8675925925925926 0.2794270833333333 0.8796296296296297 0.27630208333333334 0.8828703703703704 0.2515625 0.8833333333333333 0.25 0.8800925925925925 0.25026041666666665 0.8634259259259259 0.26119791666666664 0.8319444444444445 0.26875 0.825462962962963 0.2791666666666667 0.8226851851851852
4 0.45729166666666665 0.5717592592592593 0.46015625 0.5805555555555556 0.45416666666666666 0.5842592592592593 0.45078125 0.5814814814814815 0.45 0.5745370370370371 0.45260416666666664 0.5708333333333333 0.45703125 0.5717592592592593
4 0.3807291666666667 0.8708333333333333 0.3875 0.8833333333333333 0.38697916666666665 0.9041666666666667 0.3807291666666667 0.9185185185185185 0.378125 0.9152777777777777 0.3765625 0.8930555555555556 0.3765625 0.8824074074074074 0.38046875 0.8708333333333333
4 0.125 0.7759259259259259 0.13932291666666666 0.7791666666666667 0.13984375 0.8180555555555555 0.13723958333333333 0.8208333333333333 0.12291666666666666 0.8217592592592593 0.11979166666666667 0.825462962962963 0.10729166666666666 0.8143518518518519 0.10755208333333334 0.7824074074074074 0.1109375 0.7773148148148148 0.12473958333333333 0.7759259259259259
4 0.45703125 0.5861111111111111 0.4596354166666667 0.587037037037037 0.4635416666666667 0.5953703703703703 0.45651041666666664 0.6046296296296296 0.45260416666666664 0.600462962962963 0.4518229166666667 0.5884259259259259 0.45677083333333335 0.5861111111111111
4 0.44375 0.600462962962963 0.4544270833333333 0.6069444444444444 0.4549479166666667 0.6106481481481482 0.44947916666666665 0.6166666666666667 0.4390625 0.6166666666666667 0.43463541666666666 0.6134259259259259 0.43411458333333336 0.6083333333333333 0.4361979166666667 0.6041666666666666 0.4434895833333333 0.600462962962963
4 0.43854166666666666 0.637962962962963 0.44192708333333336 0.6476851851851851 0.4432291666666667 0.6675925925925926 0.4356770833333333 0.7041666666666667 0.41510416666666666 0.7027777777777777 0.41328125 0.6958333333333333 0.41328125 0.6796296296296296 0.41484375 0.6712962962962963 0.4205729166666667 0.6592592592592592 0.4231770833333333 0.6393518518518518 0.43828125 0.637962962962963
4 0.43359375 0.7782407407407408 0.4356770833333333 0.7824074074074074 0.43671875 0.8032407407407407 0.4322916666666667 0.8175925925925925 0.428125 0.8138888888888889 0.42604166666666665 0.7824074074074074 0.42864583333333334 0.7782407407407408 0.43333333333333335 0.7782407407407408
4 0.42890625 0.5814814814814815 0.43307291666666664 0.5842592592592593 0.43411458333333336 0.5953703703703703 0.43333333333333335 0.6055555555555555 0.42994791666666665 0.6083333333333333 0.4231770833333333 0.6078703703703704 0.42161458333333335 0.6041666666666666 0.42239583333333336 0.5851851851851851 0.42864583333333334 0.5814814814814815
4 0.23854166666666668 0.9384259259259259 0.2546875 0.9402777777777778 0.25859375 0.950462962962963 0.2559895833333333 0.9842592592592593 0.24453125 0.999537037037037 0.19557291666666668 0.999537037037037 0.20078125 0.9847222222222223 0.19973958333333333 0.9773148148148149 0.2046875 0.9731481481481481 0.21692708333333333 0.9476851851851852 0.22395833333333334 0.9407407407407408 0.23828125 0.9384259259259259
1 0.46953125 0.5833333333333334 0.4713541666666667 0.5884259259259259 0.4705729166666667 0.5953703703703703 0.46536458333333336 0.5939814814814814 0.4627604166666667 0.5875 0.46432291666666664 0.5828703703703704 0.46927083333333336 0.5833333333333334
1 0.45703125 0.5861111111111111 0.45989583333333334 0.587037037037037 0.4630208333333333 0.5953703703703703 0.45651041666666664 0.6046296296296296 0.45286458333333335 0.600462962962963 0.45208333333333334 0.5888888888888889 0.45677083333333335 0.5861111111111111
1 0.45364583333333336 0.6074074074074074 0.45755208333333336 0.6162037037037037 0.45807291666666666 0.6240740740740741 0.45651041666666664 0.6277777777777778 0.44817708333333334 0.6236111111111111 0.4484375 0.6129629629629629 0.45338541666666665 0.6074074074074074
1 0.4479166666666667 0.6023148148148149 0.45364583333333336 0.6055555555555555 0.45651041666666664 0.6129629629629629 0.45651041666666664 0.6203703703703703 0.4552083333333333 0.6143518518518518 0.45234375 0.6138888888888889 0.44973958333333336 0.6212962962962963 0.4466145833333333 0.6152777777777778 0.4359375 0.6157407407407407 0.43411458333333336 0.6101851851851852 0.43802083333333336 0.6037037037037037 0.44765625 0.6023148148148149
1 0.42578125 0.5569444444444445 0.42994791666666665 0.5634259259259259 0.42942708333333335 0.5694444444444444 0.4265625 0.5712962962962963 0.42109375 0.5671296296296297 0.42161458333333335 0.5592592592592592 0.42552083333333335 0.5569444444444445
2 0.3815104166666667 0.8814814814814815 0.38697916666666665 0.8851851851851852 0.38723958333333336 0.8939814814814815 0.38697916666666665 0.9023148148148148 0.38046875 0.9185185185185185 0.37786458333333334 0.913425925925926 0.3768229166666667 0.8856481481481482 0.38125 0.8814814814814815
2 0.32473958333333336 0.7175925925925926 0.32734375 0.7208333333333333 0.32734375 0.7296296296296296 0.32526041666666666 0.7375 0.3216145833333333 0.7402777777777778 0.31927083333333334 0.7379629629629629 0.31953125 0.7273148148148149 0.32109375 0.7203703703703703 0.32447916666666665 0.7175925925925926