4 0.09322916666666667 0.7578703703703704 0.10911458333333333 0.7592592592592593 0.11145833333333334 0.7620370370370371 0.07447916666666667 0.7925925925925926 0.07057291666666667 0.7898148148148149 0.07265625 0.7726851851851851 0.08229166666666667 0.7611111111111111 0.09296875 0.7578703703703704
4 0.434375 0.4925925925925926 0.43723958333333335 0.4986111111111111 0.4388020833333333 0.512962962962963 0.43802083333333336 0.5162037037037037 0.4322916666666667 0.5189814814814815 0.4276041666666667 0.5050925925925925 0.4270833333333333 0.49722222222222223 0.42916666666666664 0.49212962962962964 0.43411458333333336 0.4925925925925926
4 0.46328125 0.5444444444444444 0.46588541666666666 0.549537037037037 0.46484375 0.5601851851851852 0.4596354166666667 0.5611111111111111 0.45807291666666666 0.5569444444444445 0.45989583333333334 0.5467592592592593 0.4630208333333333 0.5449074074074074
4 0.44088541666666664 0.5407407407407407 0.44427083333333334 0.5439814814814815 0.44479166666666664 0.5537037037037037 0.4434895833333333 0.5606481481481481 0.43828125 0.562037037037037 0.43203125 0.5601851851851852 0.43125 0.549074074074074 0.43411458333333336 0.5412037037037037 0.440625 0.5407407407407407
4 0.4265625 0.6259259259259259 0.43203125 0.6282407407407408 0.43385416666666665 0.6333333333333333 0.43307291666666664 0.6569444444444444 0.42916666666666664 0.6726851851851852 0.42213541666666665 0.6759259259259259 0.4114583333333333 0.6726851851851852 0.4114583333333333 0.6398148148148148 0.4161458333333333 0.6287037037037037 0.42630208333333336 0.6259259259259259
4 0.39153645833333334 0.5636574074074074 0.005989583333333334 0.01898148148148148
4 0.38697916666666665 0.5703703703703704 0.38958333333333334 0.5731481481481482 0.39088541666666665 0.5847222222222223 0.3885416666666667 0.5902777777777778 0.38515625 0.5888888888888889 0.3846354166666667 0.5777777777777777 0.38697916666666665 0.5708333333333333
4 0.3078125 0.6365740740740741 0.3104166666666667 0.6402777777777777 0.3104166666666667 0.6513888888888889 0.30833333333333335 0.6592592592592592 0.30416666666666664 0.662962962962963 0.30078125 0.6611111111111111 0.30130208333333336 0.6509259259259259 0.30364583333333334 0.6398148148148148 0.30755208333333334 0.6365740740740741
4 0.08177083333333333 0.7087962962962963 0.10338541666666666 0.7106481481481481 0.10416666666666667 0.7564814814814815 0.08489583333333334 0.7587962962962963 0.07161458333333333 0.774074074074074 0.06744791666666666 0.774074074074074 0.052083333333333336 0.7513888888888889 0.0546875 0.7412037037037037 0.05390625 0.7310185185185185 0.052083333333333336 0.7305555555555555 0.05 0.7324074074074074 0.04869791666666667 0.775 0.046875 0.7787037037037037 0.04088541666666667 0.7759259259259259 0.04010416666666667 0.7550925925925925 0.04244791666666667 0.7300925925925926 0.04635416666666667 0.725925925925926 0.05078125 0.7268518518518519 0.059895833333333336 0.7162037037037037 0.06979166666666667 0.7097222222222223 0.08151041666666667 0.7087962962962963
4 0.41875 0.47685185185185186 0.42213541666666665 0.4777777777777778 0.4239583333333333 0.4842592592592593 0.42265625 0.487962962962963 0.41848958333333336 0.48935185185185187 0.41510416666666666 0.487962962962963 0.41432291666666665 0.4842592592592593 0.41848958333333336 0.47685185185185186
3 0.42526041666666664 0.5060185185185185 0.43125 0.5185185185185185 0.42890625 0.5421296296296296 0.42578125 0.55 0.4161458333333333 0.5504629629629629 0.41171875 0.5476851851851852 0.4109375 0.5217592592592593 0.41848958333333336 0.5069444444444444 0.425 0.5060185185185185
1 0.4328125 0.5763888888888888 0.4356770833333333 0.5777777777777777 0.43776041666666665 0.5847222222222223 0.4359375 0.6 0.42526041666666664 0.6 0.4231770833333333 0.5967592592592592 0.425 0.5796296296296296 0.43255208333333334 0.5763888888888888
1 0.36484375 0.5930555555555556 0.3815104166666667 0.6013888888888889 0.38255208333333335 0.6064814814814815 0.38125 0.612037037037037 0.3768229166666667 0.6152777777777778 0.353125 0.6166666666666667 0.3484375 0.6162037037037037 0.3450520833333333 0.611574074074074 0.3455729166666667 0.6027777777777777 0.35494791666666664 0.5944444444444444 0.3645833333333333 0.5930555555555556
1 0.45078125 0.48009259259259257 0.45338541666666665 0.48194444444444445 0.4546875 0.4875 0.45286458333333335 0.49166666666666664 0.4466145833333333 0.49027777777777776 0.44765625 0.48194444444444445 0.4505208333333333 0.48009259259259257
2 0.1890625 0.8643518518518518 0.19270833333333334 0.8671296296296296 0.19869791666666667 0.8800925925925925 0.19947916666666668 0.8916666666666667 0.19791666666666666 0.8967592592592593 0.19140625 0.9041666666666667 0.18697916666666667 0.9138888888888889 0.18333333333333332 0.9115740740740741 0.18359375 0.8694444444444445 0.18880208333333334 0.8648148148148148
2 0.38697916666666665 0.5717592592592593 0.3890625 0.5736111111111111 0.390625 0.5842592592592593 0.3885416666666667 0.5902777777777778 0.38515625 0.5884259259259259 0.3848958333333333 0.5773148148148148 0.38697916666666665 0.5722222222222222
2 0.30807291666666664 0.6375 0.3104166666666667 0.6421296296296296 0.3104166666666667 0.6509259259259259 0.30833333333333335 0.6592592592592592 0.30416666666666664 0.662962962962963 0.30104166666666665 0.6611111111111111 0.3020833333333333 0.6472222222222223 0.3046875 0.6388888888888888 0.3078125 0.6375
2 0.39153645833333334 0.5643518518518519 0.005989583333333334 0.017592592592592594
2 0.4635416666666667 0.5449074074074074 0.465625 0.549074074074074 0.4635416666666667 0.5615740740740741 0.45989583333333334 0.5611111111111111 0.4583333333333333 0.5574074074074075 0.45989583333333334 0.5476851851851852 0.46328125 0.5449074074074074
2 0.45390625 0.5291666666666667 0.45546875 0.5393518518518519 0.45364583333333336 0.5425925925925926 0.4510416666666667 0.5407407407407407 0.4505208333333333 0.5351851851851852 0.4510416666666667 0.5305555555555556 0.45364583333333336 0.5291666666666667