4 0.4666666666666667 0.4898148148148148 0.46796875 0.49444444444444446 0.4669270833333333 0.5055555555555555 0.459375 0.5050925925925925 0.4588541666666667 0.5027777777777778 0.45989583333333334 0.49074074074074076 0.46640625 0.4898148148148148
4 0.019791666666666666 0.7768518518518519 0.029166666666666667 0.7791666666666667 0.032552083333333336 0.7870370370370371 0.03463541666666667 0.8032407407407407 0.031510416666666666 0.8171296296296297 0.03125 0.8282407407407407 0.028385416666666666 0.8379629629629629 0.01171875 0.861574074074074 0.0015625 0.8819444444444444 0 0.8819444444444444 0 0.7810185185185186 0.01953125 0.7768518518518519
4 0.11979166666666667 0.8287037037037037 0.12265625 0.8347222222222223 0.12135416666666667 0.8796296296296297 0.09895833333333333 0.9097222222222222 0.08229166666666667 0.913425925925926 0.07473958333333333 0.9087962962962963 0.07057291666666667 0.9111111111111111 0.06302083333333333 0.9078703703703703 0.06171875 0.8944444444444445 0.06302083333333333 0.8550925925925926 0.08151041666666667 0.8333333333333334 0.11953125 0.8287037037037037
4 0.03333333333333333 0.8967592592592593 0.0453125 0.9111111111111111 0.047135416666666666 0.9356481481481481 0.05026041666666667 0.9365740740740741 0.05390625 0.9310185185185185 0.06276041666666667 0.9282407407407407 0.06822916666666666 0.9310185185185185 0.06510416666666667 0.9592592592592593 0.05390625 0.9787037037037037 0.04609375 0.9833333333333333 0.04244791666666667 0.9944444444444445 0.034375 0.999537037037037 0.0140625 0.999537037037037 0 0.9949074074074075 0 0.899074074074074 0.03307291666666667 0.8967592592592593
4 0.43359375 0.4300925925925926 0.44036458333333334 0.43842592592592594 0.44114583333333335 0.4546296296296296 0.4390625 0.4587962962962963 0.43020833333333336 0.4583333333333333 0.4270833333333333 0.4532407407407407 0.42734375 0.43194444444444446 0.43203125 0.42824074074074076 0.43333333333333335 0.4300925925925926
4 0.12916666666666668 0.899074074074074 0.13463541666666667 0.9064814814814814 0.13359375 0.9212962962962963 0.10963541666666667 0.9597222222222223 0.10234375 0.9680555555555556 0.09583333333333334 0.9708333333333333 0.090625 0.9689814814814814 0.08776041666666666 0.9634259259259259 0.08854166666666667 0.950925925925926 0.09505208333333333 0.9212962962962963 0.109375 0.9027777777777778 0.115625 0.899537037037037 0.12890625 0.899074074074074
1 0.4473958333333333 0.49027777777777776 0.4510416666666667 0.49444444444444446 0.4515625 0.5055555555555555 0.45026041666666666 0.5074074074074074 0.44114583333333335 0.5050925925925925 0.4427083333333333 0.4925925925925926 0.4471354166666667 0.49027777777777776
1 0.45989583333333334 0.5462962962962963 0.46145833333333336 0.5574074074074075 0.46015625 0.5671296296296297 0.44869791666666664 0.5652777777777778 0.44947916666666665 0.5472222222222223 0.4596354166666667 0.5462962962962963
1 0.44609375 0.6064814814814815 0.45208333333333334 0.6101851851851852 0.4518229166666667 0.6333333333333333 0.43802083333333336 0.6333333333333333 0.4390625 0.6111111111111112 0.44583333333333336 0.6069444444444444
1 0.2955729166666667 0.8037037037037037 0.30546875 0.8101851851851852 0.30755208333333334 0.8314814814814815 0.30546875 0.8490740740740741 0.2921875 0.8805555555555555 0.26848958333333334 0.8800925925925925 0.265625 0.875462962962963 0.26536458333333335 0.8625 0.27057291666666666 0.8384259259259259 0.28229166666666666 0.8138888888888889 0.2872395833333333 0.8060185185185185 0.2953125 0.8037037037037037
1 0.3453125 0.6231481481481481 0.35651041666666666 0.6296296296296297 0.35833333333333334 0.6333333333333333 0.3580729166666667 0.6402777777777777 0.35104166666666664 0.6458333333333334 0.3453125 0.6439814814814815 0.34036458333333336 0.6300925925925925 0.3419270833333333 0.625 0.3450520833333333 0.6236111111111111
1 0.44609375 0.524074074074074 0.4484375 0.5268518518518519 0.44947916666666665 0.5365740740740741 0.44583333333333336 0.5439814814814815 0.43854166666666666 0.5435185185185185 0.43697916666666664 0.537962962962963 0.4393229166666667 0.524537037037037 0.44583333333333336 0.524074074074074
2 0.4322916666666667 0.7217592592592592 0.43828125 0.7231481481481481 0.4393229166666667 0.7268518518518519 0.43776041666666665 0.7412037037037037 0.4356770833333333 0.7439814814814815 0.4322916666666667 0.7337962962962963 0.4322916666666667 0.7222222222222222
2 0.39765625 0.5550925925925926 0.3997395833333333 0.5652777777777778 0.39739583333333334 0.5731481481481482 0.39453125 0.5708333333333333 0.39401041666666664 0.5666666666666667 0.39505208333333336 0.5578703703703703 0.39739583333333334 0.5550925925925926
2 0.315625 0.6875 0.3182291666666667 0.6902777777777778 0.3190104166666667 0.7 0.3140625 0.7138888888888889 0.3106770833333333 0.7129629629629629 0.3106770833333333 0.6981481481481482 0.3125 0.6893518518518519 0.31536458333333334 0.6875