4 0.46484375 0.513425925925926 0.46822916666666664 0.5189814814814815 0.4666666666666667 0.5342592592592592 0.45989583333333334 0.5342592592592592 0.4583333333333333 0.5305555555555556 0.4596354166666667 0.5157407407407407 0.46458333333333335 0.513425925925926
4 0.5815104166666667 0.5699074074074074 0.59296875 0.5814814814814815 0.5859375 0.5879629629629629 0.5744791666666667 0.5861111111111111 0.5713541666666667 0.5805555555555556 0.57109375 0.575 0.5729166666666666 0.5722222222222222 0.58125 0.5699074074074074
4 0.421875 0.5217592592592593 0.42604166666666665 0.524537037037037 0.42526041666666664 0.5365740740740741 0.42161458333333335 0.5351851851851852 0.42161458333333335 0.5222222222222223
4 0.4125 0.9527777777777777 0.41796875 0.9555555555555556 0.42161458333333335 0.9634259259259259 0.41770833333333335 0.999537037037037 0.38958333333333334 0.999537037037037 0.3890625 0.9962962962962963 0.39348958333333334 0.9606481481481481 0.39791666666666664 0.9546296296296296 0.4122395833333333 0.9527777777777777
4 0.03229166666666667 0.8430555555555556 0.04010416666666667 0.8476851851851852 0.042708333333333334 0.8638888888888889 0.0421875 0.8763888888888889 0.03802083333333333 0.887962962962963 0.03697916666666667 0.9037037037037037 0.03333333333333333 0.9125 0.023697916666666666 0.924537037037037 0.012239583333333333 0.950462962962963 0.0018229166666666667 0.9648148148148148 0 0.9648148148148148 0 0.8578703703703704 0.0125 0.8458333333333333 0.03203125 0.8430555555555556
4 0.38671875 0.6351851851851852 0.390625 0.6365740740740741 0.3921875 0.6407407407407407 0.39348958333333334 0.6527777777777778 0.3921875 0.6638888888888889 0.38776041666666666 0.6722222222222223 0.37916666666666665 0.6731481481481482 0.37526041666666665 0.6726851851851852 0.3734375 0.6689814814814815 0.37526041666666665 0.6513888888888889 0.3802083333333333 0.6375 0.38645833333333335 0.6351851851851852
4 0.12291666666666666 0.8916666666666667 0.12682291666666667 0.8930555555555556 0.1296875 0.9004629629629629 0.13229166666666667 0.9180555555555555 0.13020833333333334 0.9527777777777777 0.10234375 0.9912037037037037 0.08567708333333333 0.9907407407407407 0.0828125 0.986574074074074 0.07291666666666667 0.9824074074074074 0.07057291666666667 0.9768518518518519 0.07057291666666667 0.937037037037037 0.0734375 0.9254629629629629 0.090625 0.9037037037037037 0.10989583333333333 0.9013888888888889 0.11614583333333334 0.8921296296296296 0.12265625 0.8921296296296296
4 0.359375 0.7893518518518519 0.36614583333333334 0.7925925925925926 0.3692708333333333 0.8078703703703703 0.3690104166666667 0.8212962962962963 0.3640625 0.8356481481481481 0.36276041666666664 0.8458333333333333 0.3455729166666667 0.8481481481481481 0.3411458333333333 0.8467592592592592 0.33958333333333335 0.8425925925925926 0.3416666666666667 0.8152777777777778 0.35104166666666664 0.7930555555555555 0.35911458333333335 0.7898148148148149
4 0.4361979166666667 0.41203703703703703 0.44114583333333335 0.4152777777777778 0.44166666666666665 0.42407407407407405 0.4395833333333333 0.4273148148148148 0.43359375 0.42453703703703705 0.43307291666666664 0.41805555555555557 0.4359375 0.41203703703703703
3 0.17265625 0.9365740740740741 0.178125 0.9388888888888889 0.17578125 0.9458333333333333 0.16223958333333333 0.9731481481481481 0.14453125 0.999537037037037 0.10338541666666666 0.999537037037037 0.10520833333333333 0.9884259259259259 0.11354166666666667 0.975925925925926 0.12708333333333333 0.9699074074074074 0.14739583333333334 0.9416666666666667 0.1546875 0.9375 0.17239583333333333 0.9365740740740741
3 0.43020833333333336 0.43194444444444446 0.4356770833333333 0.44212962962962965 0.4361979166666667 0.4597222222222222 0.43359375 0.46111111111111114 0.4270833333333333 0.4597222222222222 0.42421875 0.449537037037037 0.425 0.43287037037037035 0.42994791666666665 0.43194444444444446
1 0.46328125 0.586574074074074 0.46536458333333336 0.5972222222222222 0.46380208333333334 0.6064814814814815 0.45390625 0.6046296296296296 0.4544270833333333 0.5884259259259259 0.4630208333333333 0.586574074074074
1 0.4401041666666667 0.7606481481481482 0.44895833333333335 0.7652777777777777 0.446875 0.7722222222222223 0.44609375 0.8 0.4427083333333333 0.8046296296296296 0.43046875 0.8050925925925926 0.42526041666666664 0.8009259259259259 0.42526041666666664 0.7888888888888889 0.428125 0.7731481481481481 0.4270833333333333 0.7652777777777777 0.4322916666666667 0.7606481481481482 0.43984375 0.7606481481481482
1 0.44036458333333334 0.6157407407407407 0.4427083333333333 0.6189814814814815 0.44375 0.6300925925925925 0.44244791666666666 0.637962962962963 0.43984375 0.6416666666666667 0.42864583333333334 0.6412037037037037 0.4270833333333333 0.6333333333333333 0.4296875 0.6166666666666667 0.4401041666666667 0.6157407407407407
1 0.42161458333333335 0.6953703703703704 0.42630208333333336 0.6990740740740741 0.4270833333333333 0.7027777777777777 0.42552083333333335 0.7203703703703703 0.42161458333333335 0.7305555555555555 0.409375 0.7300925925925926 0.40703125 0.7236111111111111 0.4075520833333333 0.7101851851851851 0.4109375 0.6981481481481482 0.42135416666666664 0.6953703703703704
2 0.42291666666666666 0.5226851851851851 0.42604166666666665 0.525 0.42526041666666664 0.5365740740740741 0.421875 0.5361111111111111 0.42109375 0.5259259259259259 0.42265625 0.5226851851851851