4 0.42552083333333335 0.6212962962962963 0.4278645833333333 0.624537037037037 0.42864583333333334 0.6351851851851852 0.421875 0.6453703703703704 0.41901041666666666 0.6407407407407407 0.41822916666666665 0.6263888888888889 0.4205729166666667 0.6212962962962963 0.42526041666666664 0.6212962962962963
4 0.07135416666666666 0.7134259259259259 0.09505208333333333 0.7162037037037037 0.09557291666666666 0.7342592592592593 0.09427083333333333 0.7375 0.057291666666666664 0.7458333333333333 0.05390625 0.7305555555555555 0.05026041666666667 0.7236111111111111 0.046875 0.7300925925925926 0.04895833333333333 0.7449074074074075 0.046614583333333334 0.7486111111111111 0.04348958333333333 0.7472222222222222 0.04088541666666667 0.7342592592592593 0.044270833333333336 0.7273148148148149 0.045572916666666664 0.7166666666666667 0.05130208333333333 0.7157407407407408 0.05390625 0.7226851851851852 0.057291666666666664 0.7212962962962963 0.0609375 0.7143518518518519 0.07109375 0.7134259259259259
4 0.44609375 0.6050925925925926 0.44869791666666664 0.6125 0.44765625 0.6300925925925925 0.4427083333333333 0.6337962962962963 0.4390625 0.6263888888888889 0.43854166666666666 0.6125 0.44583333333333336 0.6055555555555555
4 0.40338541666666666 0.6208333333333333 0.4088541666666667 0.6236111111111111 0.415625 0.6388888888888888 0.415625 0.6606481481481481 0.4080729166666667 0.6722222222222223 0.3953125 0.6736111111111112 0.390625 0.6699074074074074 0.39010416666666664 0.6370370370370371 0.39375 0.6273148148148148 0.403125 0.6208333333333333
4 0.24921875 0.7273148148148149 0.25494791666666666 0.7324074074074074 0.25833333333333336 0.7268518518518519 0.26197916666666665 0.7273148148148149 0.26614583333333336 0.737037037037037 0.26536458333333335 0.7430555555555556 0.26197916666666665 0.7458333333333333 0.24505208333333334 0.7444444444444445 0.24453125 0.7291666666666666 0.24895833333333334 0.7273148148148149
1 0.31796875 0.8314814814814815 0.32838541666666665 0.8416666666666667 0.33125 0.8666666666666667 0.32864583333333336 0.8833333333333333 0.3190104166666667 0.8888888888888888 0.3143229166666667 0.9074074074074074 0.31145833333333334 0.9092592592592592 0.30520833333333336 0.9050925925925926 0.26901041666666664 0.9074074074074074 0.265625 0.899074074074074 0.26614583333333336 0.8777777777777778 0.2755208333333333 0.8523148148148149 0.284375 0.8375 0.29583333333333334 0.8314814814814815 0.3177083333333333 0.8314814814814815
1 0.42526041666666664 0.6574074074074074 0.434375 0.6648148148148149 0.43411458333333336 0.6754629629629629 0.42734375 0.6796296296296296 0.41848958333333336 0.6787037037037037 0.4192708333333333 0.6611111111111111 0.425 0.6578703703703703
2 0.35572916666666665 0.6824074074074075 0.3572916666666667 0.6930555555555555 0.35572916666666665 0.7018518518518518 0.3533854166666667 0.7032407407407407 0.35130208333333335 0.700462962962963 0.35104166666666664 0.6884259259259259 0.35260416666666666 0.6833333333333333 0.35546875 0.6824074074074075
2 0.3419270833333333 0.6893518518518519 0.3455729166666667 0.6925925925925925 0.3453125 0.7069444444444445 0.34296875 0.7092592592592593 0.3390625 0.7074074074074074 0.33958333333333335 0.6939814814814815 0.3416666666666667 0.6898148148148148
2 0.30416666666666664 0.6981481481481482 0.30520833333333336 0.7106481481481481 0.30364583333333334 0.7194444444444444 0.30130208333333336 0.7212962962962963 0.29791666666666666 0.7194444444444444 0.2981770833333333 0.7064814814814815 0.30026041666666664 0.6986111111111111 0.30390625 0.6981481481481482
2 0.3736979166666667 0.6791666666666667 0.3763020833333333 0.6888888888888889 0.3731770833333333 0.6990740740740741 0.37057291666666664 0.6953703703703704 0.3697916666666667 0.6842592592592592 0.3734375 0.6791666666666667
2 0.2484375 0.7268518518518519 0.25494791666666666 0.7337962962962963 0.25859375 0.7273148148148149 0.26197916666666665 0.7282407407407407 0.26614583333333336 0.7375 0.26458333333333334 0.7439814814814815 0.26197916666666665 0.7458333333333333 0.24479166666666666 0.7444444444444445 0.24453125 0.7291666666666666 0.24817708333333333 0.7268518518518519