4 0.45755208333333336 0.3888888888888889 0.45729166666666665 0.3976851851851852 0.4544270833333333 0.4013888888888889 0.45208333333333334 0.40046296296296297 0.4510416666666667 0.3912037037037037 0.45286458333333335 0.38842592592592595 0.45729166666666665 0.3888888888888889
4 0.5153645833333333 0.5060185185185185 0.5182291666666666 0.5152777777777777 0.515625 0.5222222222222223 0.49453125 0.5199074074074074 0.49244791666666665 0.5157407407407407 0.4947916666666667 0.5074074074074074 0.5041666666666667 0.5046296296296297 0.5151041666666667 0.5060185185185185
4 0.37604166666666666 0.6856481481481481 0.37942708333333336 0.6888888888888889 0.37942708333333336 0.7101851851851851 0.3736979166666667 0.7342592592592593 0.3697916666666667 0.7384259259259259 0.35598958333333336 0.7384259259259259 0.3541666666666667 0.7342592592592593 0.3546875 0.7162037037037037 0.36302083333333335 0.6875 0.37578125 0.6856481481481481
4 0.16901041666666666 0.8268518518518518 0.1734375 0.8314814814814815 0.17473958333333334 0.8384259259259259 0.17447916666666666 0.8791666666666667 0.16822916666666668 0.8907407407407407 0.16145833333333334 0.8958333333333334 0.15182291666666667 0.9092592592592592 0.14869791666666668 0.9037037037037037 0.14739583333333334 0.8930555555555556 0.14401041666666667 0.9041666666666667 0.13359375 0.9064814814814814 0.12317708333333334 0.9013888888888889 0.12239583333333333 0.8592592592592593 0.12552083333333333 0.8518518518518519 0.13723958333333333 0.837037037037037 0.15494791666666666 0.8324074074074074 0.16119791666666666 0.8268518518518518 0.16875 0.8268518518518518
4 0.4671875 0.44675925925925924 0.4705729166666667 0.449537037037037 0.47161458333333334 0.4550925925925926 0.4713541666666667 0.46296296296296297 0.46875 0.46620370370370373 0.4596354166666667 0.46296296296296297 0.46041666666666664 0.45046296296296295 0.4669270833333333 0.44675925925925924
4 0.48098958333333336 0.47314814814814815 0.48359375 0.49398148148148147 0.48151041666666666 0.500462962962963 0.47369791666666666 0.500462962962963 0.471875 0.49444444444444446 0.4747395833333333 0.47685185185185186 0.47682291666666665 0.47314814814814815 0.48072916666666665 0.47314814814814815
4 0.4239583333333333 0.5976851851851852 0.42604166666666665 0.6023148148148149 0.4234375 0.6333333333333333 0.4153645833333333 0.6361111111111111 0.409375 0.6333333333333333 0.41119791666666666 0.6037037037037037 0.41432291666666665 0.5981481481481481 0.4236979166666667 0.5976851851851852
4 0.025260416666666667 0.9300925925925926 0.03567708333333333 0.9421296296296297 0.03984375 0.9648148148148148 0.05026041666666667 0.9597222222222223 0.05520833333333333 0.9675925925925926 0.05651041666666667 0.9944444444444445 0.05 0.999537037037037 0 0.9976851851851852 0 0.9351851851851852 0.025 0.9300925925925926
4 0.453125 0.46296296296296297 0.4549479166666667 0.4736111111111111 0.45208333333333334 0.4759259259259259 0.44817708333333334 0.47453703703703703 0.44765625 0.4703703703703704 0.44973958333333336 0.4638888888888889 0.45286458333333335 0.46296296296296297
4 0.050520833333333334 0.7814814814814814 0.05416666666666667 0.7916666666666666 0.05390625 0.799537037037037 0.021875 0.837037037037037 0.011979166666666667 0.8569444444444444 0.007552083333333333 0.8560185185185185 0.004427083333333333 0.8453703703703703 0.004166666666666667 0.8314814814814815 0 0.8273148148148148 0 0.8092592592592592 0.029166666666666667 0.7851851851851852 0.05026041666666667 0.7814814814814814
4 0.46536458333333336 0.48657407407407405 0.46796875 0.49074074074074076 0.46822916666666664 0.4986111111111111 0.46458333333333335 0.5037037037037037 0.4588541666666667 0.5032407407407408 0.45755208333333336 0.4976851851851852 0.46015625 0.48703703703703705 0.46510416666666665 0.48657407407407405
4 0.07213541666666666 0.8962962962962963 0.07734375 0.8986111111111111 0.10286458333333333 0.8962962962962963 0.11432291666666666 0.9101851851851852 0.11614583333333334 0.9287037037037037 0.13020833333333334 0.9287037037037037 0.12942708333333333 0.9319444444444445 0.13411458333333334 0.9384259259259259 0.12291666666666666 0.9675925925925926 0.11302083333333333 0.9699074074074074 0.11145833333333334 0.9833333333333333 0.10625 0.9949074074074075 0.09583333333333334 0.9976851851851852 0.06041666666666667 0.9958333333333333 0.05703125 0.9884259259259259 0.055989583333333336 0.9587962962962963 0.057291666666666664 0.9263888888888889 0.06614583333333333 0.9 0.071875 0.8962962962962963
4 0.0828125 0.7810185185185186 0.08854166666666667 0.7814814814814814 0.09088541666666666 0.7847222222222222 0.09427083333333333 0.7972222222222223 0.09453125 0.8060185185185185 0.08723958333333333 0.8384259259259259 0.07942708333333333 0.8495370370370371 0.07005208333333333 0.8726851851851852 0.047135416666666666 0.9013888888888889 0.016927083333333332 0.9046296296296297 0.011197916666666667 0.9018518518518519 0.00859375 0.8893518518518518 0 0.8893518518518518 0 0.8712962962962963 0.0026041666666666665 0.8685185185185185 0.0033854166666666668 0.8574074074074074 0.008333333333333333 0.8518518518518519 0.014322916666666666 0.850462962962963 0.02421875 0.8314814814814815 0.04973958333333333 0.8041666666666667 0.05963541666666667 0.7875 0.06744791666666666 0.7824074074074074 0.08255208333333333 0.7810185185185186
4 0.46796875 0.4685185185185185 0.4705729166666667 0.4708333333333333 0.4713541666666667 0.47638888888888886 0.47109375 0.4842592592592593 0.46875 0.48564814814814816 0.46067708333333335 0.4837962962962963 0.46171875 0.4708333333333333 0.46770833333333334 0.4685185185185185
4 0.48125 0.4587962962962963 0.48333333333333334 0.4666666666666667 0.48151041666666666 0.47175925925925927 0.4752604166666667 0.46805555555555556 0.47682291666666665 0.4601851851851852 0.48098958333333336 0.4587962962962963
4 0.46171875 0.5898148148148148 0.46588541666666666 0.5916666666666667 0.4671875 0.5958333333333333 0.4671875 0.612037037037037 0.46484375 0.6157407407407407 0.45286458333333335 0.6143518518518518 0.4549479166666667 0.5916666666666667 0.46145833333333336 0.5898148148148148
4 0.16953125 0.8939814814814815 0.18645833333333334 0.8967592592592593 0.18958333333333333 0.9009259259259259 0.19088541666666667 0.9148148148148149 0.18619791666666666 0.9277777777777778 0.18046875 0.9356481481481481 0.17890625 0.9430555555555555 0.16848958333333333 0.9601851851851851 0.16510416666666666 0.962037037037037 0.15546875 0.9527777777777777 0.15130208333333334 0.9319444444444445 0.15104166666666666 0.9208333333333333 0.1609375 0.8976851851851851 0.16927083333333334 0.8939814814814815
4 0.44296875 0.37824074074074077 0.44453125 0.38657407407407407 0.44140625 0.3888888888888889 0.43671875 0.387037037037037 0.43723958333333335 0.38055555555555554 0.4427083333333333 0.37824074074074077
3 0.10234375 0.8958333333333334 0.11510416666666666 0.9087962962962963 0.11614583333333334 0.9212962962962963 0.11848958333333333 0.9180555555555555 0.11744791666666667 0.9148148148148149 0.11901041666666666 0.9078703703703703 0.12317708333333334 0.9069444444444444 0.12916666666666668 0.9138888888888889 0.13723958333333333 0.9138888888888889 0.14036458333333332 0.9194444444444444 0.14401041666666667 0.913425925925926 0.14427083333333332 0.9222222222222223 0.14010416666666667 0.9277777777777778 0.13567708333333334 0.9425925925925925 0.12317708333333334 0.9666666666666667 0.11458333333333333 0.9703703703703703 0.11328125 0.9828703703703704 0.109375 0.9912037037037037 0.1 0.9976851851851852 0.05911458333333333 0.9953703703703703 0.05625 0.9842592592592593 0.055989583333333336 0.9481481481481482 0.057291666666666664 0.9263888888888889 0.06744791666666666 0.8981481481481481 0.10208333333333333 0.8958333333333334
3 0.13567708333333334 0.8300925925925926 0.140625 0.8351851851851851 0.13723958333333333 0.8356481481481481 0.1234375 0.8537037037037037 0.11640625 0.8870370370370371 0.1125 0.8958333333333334 0.10729166666666666 0.9009259259259259 0.11328125 0.9078703703703703 0.12369791666666667 0.9060185185185186 0.13125 0.9111111111111111 0.14375 0.9087962962962963 0.1453125 0.9222222222222223 0.14427083333333332 0.9314814814814815 0.1203125 0.9685185185185186 0.1125 0.9662037037037037 0.1109375 0.9703703703703703 0.11458333333333333 0.9773148148148149 0.1078125 0.9944444444444445 0.0921875 0.9976851851851852 0.05546875 0.9949074074074075 0.05234375 0.9893518518518518 0.05026041666666667 0.9777777777777777 0.03984375 0.9810185185185185 0.039322916666666666 0.9629629629629629 0.034375 0.9435185185185185 0.022395833333333334 0.9324074074074075 0.01484375 0.9333333333333333 0.009114583333333334 0.9180555555555555 0.0125 0.9083333333333333 0.015885416666666666 0.9050925925925926 0.053385416666666664 0.9018518518518519 0.06640625 0.8856481481481482 0.07942708333333333 0.8629629629629629 0.10598958333333333 0.8347222222222223 0.11197916666666667 0.8310185185185185 0.13541666666666666 0.8300925925925926
3 0.21354166666666666 0.8680555555555556 0.2140625 0.8731481481481481 0.196875 0.9111111111111111 0.18125 0.9347222222222222 0.17526041666666667 0.9490740740740741 0.16484375 0.9629629629629629 0.15494791666666666 0.9523148148148148 0.1515625 0.9375 0.15130208333333334 0.9194444444444444 0.15729166666666666 0.9041666666666667 0.16510416666666666 0.8953703703703704 0.18203125 0.8921296296296296 0.18229166666666666 0.8800925925925925 0.19270833333333334 0.8782407407407408 0.20026041666666666 0.8722222222222222 0.21328125 0.8680555555555556
1 0.4466145833333333 0.4462962962962963 0.44817708333333334 0.45694444444444443 0.44479166666666664 0.46111111111111114 0.440625 0.4601851851851852 0.4395833333333333 0.45231481481481484 0.44140625 0.4462962962962963 0.44635416666666666 0.4462962962962963
1 0.33177083333333335 0.875462962962963 0.33645833333333336 0.8763888888888889 0.33880208333333334 0.8805555555555555 0.340625 0.8907407407407407 0.340625 0.9106481481481481 0.3299479166666667 0.9430555555555555 0.31953125 0.9458333333333333 0.3098958333333333 0.9458333333333333 0.30755208333333334 0.9425925925925925 0.30885416666666665 0.9111111111111111 0.32135416666666666 0.8777777777777778 0.33151041666666664 0.875462962962963
1 0.4393229166666667 0.40879629629629627 0.4421875 0.41712962962962963 0.4393229166666667 0.42083333333333334 0.434375 0.41805555555555557 0.4356770833333333 0.4097222222222222 0.4390625 0.40879629629629627
1 0.44921875 0.43287037037037035 0.45078125 0.4351851851851852 0.4505208333333333 0.4412037037037037 0.44609375 0.44351851851851853 0.4434895833333333 0.44212962962962965 0.44296875 0.4356481481481482 0.4453125 0.4324074074074074 0.44895833333333335 0.43287037037037035
1 0.48151041666666666 0.45925925925925926 0.4830729166666667 0.4652777777777778 0.4817708333333333 0.47129629629629627 0.47604166666666664 0.4703703703703704 0.4752604166666667 0.4671296296296296 0.47734375 0.4597222222222222 0.48125 0.45925925925925926
1 0.4401041666666667 0.4337962962962963 0.4427083333333333 0.44212962962962965 0.4393229166666667 0.4462962962962963 0.43463541666666666 0.44583333333333336 0.43333333333333335 0.43703703703703706 0.4356770833333333 0.43333333333333335 0.43984375 0.4337962962962963
1 0.5119791666666667 0.5046296296296297 0.5174479166666667 0.5097222222222222 0.51796875 0.5185185185185185 0.515625 0.5217592592592593 0.5026041666666666 0.5189814814814815 0.5015625 0.5125 0.49973958333333335 0.5189814814814815 0.49296875 0.5180555555555556 0.49270833333333336 0.5115740740740741 0.4947916666666667 0.5074074074074074 0.51171875 0.5046296296296297
2 0.4515625 0.4699074074074074 0.0078125 0.012962962962962963
2 0.4671875 0.5462962962962963 0.46875 0.5523148148148148 0.4671875 0.5638888888888889 0.46458333333333335 0.5587962962962963 0.46458333333333335 0.549074074074074 0.4669270833333333 0.5462962962962963
2 0.44453125 0.587037037037037 0.44609375 0.5893518518518519 0.44609375 0.6013888888888889 0.4434895833333333 0.6041666666666666 0.44140625 0.5921296296296297 0.44244791666666666 0.587037037037037 0.44427083333333334 0.587037037037037