0 0.43255208333333334 0.6453703703703704 0.43671875 0.6509259259259259 0.4375 0.6620370370370371 0.43515625 0.6680555555555555 0.4317708333333333 0.6699074074074074 0.42526041666666664 0.6671296296296296 0.42473958333333334 0.6532407407407408 0.42630208333333336 0.6472222222222223 0.4322916666666667 0.6453703703703704
4 0.42864583333333334 0.7236111111111111 0.43359375 0.7305555555555555 0.4328125 0.7449074074074075 0.42890625 0.7481481481481481 0.42604166666666665 0.7449074074074075 0.42630208333333336 0.7291666666666666 0.4283854166666667 0.7240740740740741
4 0.290625 0.799074074074074 0.2981770833333333 0.8032407407407407 0.296875 0.8337962962962963 0.29375 0.8421296296296297 0.2864583333333333 0.8476851851851852 0.27239583333333334 0.8449074074074074 0.2682291666666667 0.8337962962962963 0.2734375 0.8189814814814815 0.27265625 0.8092592592592592 0.27447916666666666 0.8027777777777778 0.2903645833333333 0.799074074074074
4 0.11822916666666666 0.7847222222222222 0.13515625 0.7865740740740741 0.13463541666666667 0.8143518518518519 0.128125 0.8212962962962963 0.11380208333333333 0.8263888888888888 0.10911458333333333 0.8152777777777778 0.10182291666666667 0.8083333333333333 0.1 0.7962962962962963 0.10234375 0.787962962962963 0.11276041666666667 0.8083333333333333 0.11458333333333333 0.7967592592592593 0.10885416666666667 0.7861111111111111 0.11796875 0.7847222222222222
4 0.4322916666666667 0.6449074074074074 0.43697916666666664 0.6509259259259259 0.43776041666666665 0.6615740740740741 0.4359375 0.6666666666666666 0.43072916666666666 0.6703703703703704 0.42526041666666664 0.6680555555555555 0.4244791666666667 0.6518518518518519 0.4265625 0.6467592592592593 0.43203125 0.6449074074074074
4 0.39427083333333335 0.8199074074074074 0.4044270833333333 0.8222222222222222 0.4078125 0.8310185185185185 0.40651041666666665 0.8416666666666667 0.4078125 0.8666666666666667 0.3971354166666667 0.8888888888888888 0.38723958333333336 0.8976851851851851 0.36614583333333334 0.8921296296296296 0.36796875 0.8407407407407408 0.37942708333333336 0.8226851851851852 0.39401041666666664 0.8199074074074074
4 0.2140625 0.9217592592592593 0.22864583333333333 0.9291666666666667 0.22838541666666667 0.9699074074074074 0.22578125 0.9763888888888889 0.21197916666666666 0.9847222222222223 0.203125 0.999537037037037 0.17838541666666666 0.9972222222222222 0.15625 0.999537037037037 0.15338541666666666 0.9944444444444445 0.15364583333333334 0.9851851851851852 0.1671875 0.9537037037037037 0.18151041666666667 0.9310185185185185 0.19348958333333333 0.9226851851851852 0.21380208333333334 0.9217592592592593
4 0.340625 0.7925925925925926 0.34609375 0.8004629629629629 0.3453125 0.8319444444444445 0.33828125 0.8430555555555556 0.3234375 0.8407407407407408 0.31796875 0.8439814814814814 0.3140625 0.8402777777777778 0.31744791666666666 0.8106481481481481 0.3255208333333333 0.7958333333333333 0.34036458333333336 0.7925925925925926
4 0.33697916666666666 0.9736111111111111 0.35260416666666666 0.9662037037037037 0.3546875 0.975925925925926 0.3606770833333333 0.9847222222222223 0.3609375 0.9921296296296296 0.3606770833333333 0.999537037037037 0.33541666666666664 0.999537037037037 0.334375 0.9819444444444444 0.33697916666666666 0.9740740740740741
4 0.4453125 0.687962962962963 0.45286458333333335 0.687037037037037 0.4552083333333333 0.6958333333333333 0.45416666666666666 0.7069444444444445 0.4440104166666667 0.7078703703703704 0.44244791666666666 0.7018518518518518 0.4453125 0.6884259259259259
4 0.4393229166666667 0.7069444444444445 0.44296875 0.7199074074074074 0.44244791666666666 0.7263888888888889 0.44036458333333334 0.7282407407407407 0.4328125 0.7282407407407407 0.42916666666666664 0.7236111111111111 0.4317708333333333 0.7083333333333334 0.4390625 0.7069444444444445
4 0.45677083333333335 0.6694444444444444 0.46041666666666664 0.6708333333333333 0.4622395833333333 0.6773148148148148 0.46145833333333336 0.6851851851851852 0.45677083333333335 0.6884259259259259 0.45026041666666666 0.6856481481481481 0.4518229166666667 0.6736111111111112 0.45651041666666664 0.6694444444444444
3 0.41848958333333336 0.7111111111111111 0.42421875 0.7125 0.42630208333333336 0.7166666666666667 0.42682291666666666 0.7680555555555556 0.42552083333333335 0.7759259259259259 0.4205729166666667 0.7828703703703703 0.41875 0.7907407407407407 0.41510416666666666 0.7925925925925926 0.40677083333333336 0.7893518518518519 0.39036458333333335 0.7925925925925926 0.38776041666666666 0.7842592592592592 0.38671875 0.7560185185185185 0.4002604166666667 0.7356481481481482 0.4044270833333333 0.7143518518518519 0.41822916666666665 0.7111111111111111
1 0.371875 0.7416666666666667 0.37447916666666664 0.7453703703703703 0.3768229166666667 0.7615740740740741 0.37526041666666665 0.7671296296296296 0.37161458333333336 0.7699074074074074 0.35572916666666665 0.7694444444444445 0.35572916666666665 0.7597222222222222 0.35911458333333335 0.7472222222222222 0.3625 0.7430555555555556 0.37161458333333336 0.7416666666666667
1 0.35572916666666665 0.7708333333333334 0.37057291666666664 0.7712962962962963 0.37395833333333334 0.7861111111111111 0.3731770833333333 0.7944444444444444 0.36666666666666664 0.8041666666666667 0.35130208333333335 0.8037037037037037 0.34739583333333335 0.7925925925925926 0.35208333333333336 0.7763888888888889 0.35572916666666665 0.7712962962962963
1 0.4359375 0.6712962962962963 0.4434895833333333 0.6759259259259259 0.4453125 0.6833333333333333 0.44296875 0.6861111111111111 0.42916666666666664 0.687037037037037 0.42473958333333334 0.6856481481481481 0.4236979166666667 0.6787037037037037 0.4278645833333333 0.6731481481481482 0.4356770833333333 0.6712962962962963
1 0.4309895833333333 0.7277777777777777 0.43333333333333335 0.7305555555555555 0.43385416666666665 0.7379629629629629 0.4328125 0.7449074074074075 0.42942708333333335 0.7476851851851852 0.42630208333333336 0.7449074074074075 0.42604166666666665 0.7384259259259259 0.42734375 0.725925925925926 0.42864583333333334 0.7240740740740741 0.43072916666666666 0.7277777777777777
1 0.4705729166666667 0.6643518518518519 0.4765625 0.6712962962962963 0.4765625 0.6777777777777778 0.4744791666666667 0.6800925925925926 0.4671875 0.6791666666666667 0.46484375 0.6754629629629629 0.46484375 0.6680555555555555 0.4703125 0.6643518518518519