4 0.051041666666666666 0.7810185185185186 0.054427083333333334 0.7888888888888889 0.05364583333333333 0.7981481481481482 0.022135416666666668 0.8351851851851851 0.016927083333333332 0.8444444444444444 0.015625 0.8560185185185185 0.0020833333333333333 0.8634259259259259 0 0.8634259259259259 0 0.8472222222222222 0.002864583333333333 0.8439814814814814 0.003125 0.8324074074074074 0 0.8268518518518518 0 0.8078703703703703 0.030989583333333334 0.7828703703703703 0.05078125 0.7810185185185186
4 0.3807291666666667 0.6671296296296296 0.38515625 0.6717592592592593 0.3854166666666667 0.6930555555555555 0.37994791666666666 0.7143518518518519 0.3776041666666667 0.7162037037037037 0.36276041666666664 0.7157407407407408 0.3614583333333333 0.7018518518518518 0.36796875 0.6717592592592593 0.37265625 0.6666666666666666 0.38046875 0.6671296296296296
4 0.47760416666666666 0.48055555555555557 0.48151041666666666 0.4861111111111111 0.4822916666666667 0.5013888888888889 0.48072916666666665 0.5041666666666667 0.47421875 0.5046296296296297 0.471875 0.5013888888888889 0.471875 0.4949074074074074 0.47734375 0.48055555555555557
4 0.02265625 0.9282407407407407 0.03463541666666667 0.9393518518518519 0.03984375 0.9652777777777778 0.05026041666666667 0.961574074074074 0.054947916666666666 0.9680555555555556 0.05625 0.9944444444444445 0.04869791666666667 0.999537037037037 0.028645833333333332 0.999537037037037 0.026302083333333334 0.9967592592592592 0.020833333333333332 0.999537037037037 0 0.999537037037037 0 0.9337962962962963 0.022395833333333334 0.9282407407407407
4 0.453125 0.46064814814814814 0.4546875 0.46620370370370373 0.453125 0.4726851851851852 0.44765625 0.4703703703703704 0.44947916666666665 0.462037037037037 0.45286458333333335 0.46064814814814814
4 0.4635416666666667 0.48842592592592593 0.46770833333333334 0.49444444444444446 0.4669270833333333 0.5041666666666667 0.4635416666666667 0.5060185185185185 0.45729166666666665 0.5032407407407408 0.4583333333333333 0.4912037037037037 0.46328125 0.48842592592592593
4 0.4669270833333333 0.5546296296296296 0.4669270833333333 0.5722222222222222 0.46432291666666664 0.5708333333333333 0.4635416666666667 0.5657407407407408 0.4635416666666667 0.5569444444444445 0.4666666666666667 0.5546296296296296
4 0.10338541666666666 0.8949074074074074 0.11380208333333333 0.9078703703703703 0.11354166666666667 0.9185185185185185 0.11640625 0.9282407407407407 0.12994791666666666 0.9263888888888889 0.13307291666666668 0.9356481481481481 0.13046875 0.9490740740740741 0.12239583333333333 0.9671296296296297 0.11276041666666667 0.9685185185185186 0.10677083333333333 0.9898148148148148 0.10390625 0.9949074074074075 0.09583333333333334 0.999537037037037 0.08515625 0.9958333333333333 0.058854166666666666 0.9944444444444445 0.05677083333333333 0.9879629629629629 0.05546875 0.9657407407407408 0.05651041666666667 0.9268518518518518 0.06770833333333333 0.8967592592592593 0.103125 0.8949074074074074
4 0.4395833333333333 0.40694444444444444 0.44166666666666665 0.4152777777777778 0.4393229166666667 0.4185185185185185 0.43411458333333336 0.4152777777777778 0.4354166666666667 0.40694444444444444 0.4393229166666667 0.40694444444444444
4 0.4401041666666667 0.43148148148148147 0.44140625 0.44027777777777777 0.4359375 0.4439814814814815 0.4328125 0.4412037037037037 0.43333333333333335 0.4324074074074074 0.43984375 0.43148148148148147
4 0.42630208333333336 0.5842592592592593 0.42864583333333334 0.587037037037037 0.4270833333333333 0.6162037037037037 0.42526041666666664 0.6203703703703703 0.42213541666666665 0.6208333333333333 0.41380208333333335 0.6189814814814815 0.41380208333333335 0.5995370370370371 0.4166666666666667 0.5861111111111111 0.42604166666666665 0.5842592592592593
4 0.48098958333333336 0.46111111111111114 0.48411458333333335 0.4699074074074074 0.48125 0.4740740740740741 0.47552083333333334 0.4708333333333333 0.47630208333333335 0.4638888888888889 0.48072916666666665 0.46111111111111114
4 0.5125 0.5041666666666667 0.5174479166666667 0.5087962962962963 0.51796875 0.5162037037037037 0.5158854166666667 0.5203703703703704 0.50234375 0.5189814814814815 0.5015625 0.512962962962963 0.5005208333333333 0.5175925925925926 0.496875 0.5189814814814815 0.49244791666666665 0.5157407407407407 0.4947916666666667 0.5064814814814815 0.5122395833333333 0.5041666666666667
4 0.453125 0.38842592592592595 0.45703125 0.38981481481481484 0.45651041666666664 0.4009259259259259 0.45364583333333336 0.40370370370370373 0.4505208333333333 0.4009259259259259 0.45026041666666666 0.3912037037037037 0.45286458333333335 0.3888888888888889
4 0.16848958333333333 0.8245370370370371 0.17239583333333333 0.8282407407407407 0.17526041666666667 0.8384259259259259 0.17473958333333334 0.8763888888888889 0.171875 0.8837962962962963 0.15208333333333332 0.9074074074074074 0.15 0.9055555555555556 0.14739583333333334 0.8939814814814815 0.14244791666666667 0.9027777777777778 0.1328125 0.9041666666666667 0.1234375 0.9009259259259259 0.121875 0.8578703703703704 0.13697916666666668 0.8328703703703704 0.15104166666666666 0.8314814814814815 0.16015625 0.8245370370370371 0.16822916666666668 0.8245370370370371
4 0.08828125 0.7805555555555556 0.09427083333333333 0.7972222222222223 0.09296875 0.8143518518518519 0.08984375 0.8208333333333333 0.08645833333333333 0.8379629629629629 0.07916666666666666 0.8486111111111111 0.06848958333333334 0.874537037037037 0.04635416666666667 0.9 0.016145833333333335 0.9041666666666667 0.01171875 0.9041666666666667 0.007552083333333333 0.8888888888888888 0 0.8851851851851852 0 0.8689814814814815 0.003125 0.8662037037037037 0.00546875 0.8583333333333333 0.013541666666666667 0.850925925925926 0.024739583333333332 0.8305555555555556 0.052083333333333336 0.8 0.05911458333333333 0.7861111111111111 0.06744791666666666 0.7814814814814814 0.08802083333333334 0.7805555555555556
4 0.46927083333333336 0.47175925925925927 0.4708333333333333 0.4736111111111111 0.4708333333333333 0.4837962962962963 0.4671875 0.48657407407407405 0.46067708333333335 0.4842592592592593 0.46119791666666665 0.4736111111111111 0.4630208333333333 0.4708333333333333 0.46901041666666665 0.47175925925925927
4 0.46796875 0.44675925925925924 0.4708333333333333 0.44907407407407407 0.471875 0.4546296296296296 0.4713541666666667 0.46435185185185185 0.46927083333333336 0.4671296296296296 0.46328125 0.4671296296296296 0.4596354166666667 0.4625 0.4596354166666667 0.45092592592592595 0.46770833333333334 0.44675925925925924
4 0.4479166666666667 0.4425925925925926 0.44973958333333336 0.4532407407407407 0.4466145833333333 0.45740740740740743 0.44088541666666664 0.4564814814814815 0.44036458333333334 0.45092592592592595 0.4421875 0.4425925925925926 0.44765625 0.4425925925925926
4 0.3528645833333333 0.8222222222222222 0.3572916666666667 0.8379629629629629 0.35703125 0.8518518518518519 0.3489583333333333 0.8796296296296297 0.33203125 0.8828703703703704 0.32734375 0.8787037037037037 0.32864583333333336 0.8550925925925926 0.33125 0.8453703703703703 0.33932291666666664 0.8236111111111111 0.35260416666666666 0.8222222222222222
4 0.4390625 0.5995370370370371 0.4421875 0.600462962962963 0.44296875 0.6050925925925926 0.44244791666666666 0.6171296296296296 0.4390625 0.6203703703703703 0.43776041666666665 0.612037037037037 0.4390625 0.6
4 0.4627604166666667 0.6 0.465625 0.6023148148148149 0.4661458333333333 0.6083333333333333 0.465625 0.6231481481481481 0.46328125 0.6273148148148148 0.45286458333333335 0.6263888888888889 0.45078125 0.6231481481481481 0.45286458333333335 0.6023148148148149 0.4625 0.6
4 0.20052083333333334 0.8662037037037037 0.20208333333333334 0.8699074074074075 0.20546875 0.8703703703703703 0.2078125 0.8694444444444445 0.20625 0.8662037037037037 0.21380208333333334 0.8662037037037037 0.21432291666666667 0.8731481481481481 0.19557291666666668 0.9115740740740741 0.16822916666666668 0.9583333333333334 0.16484375 0.9606481481481481 0.15390625 0.9513888888888888 0.15130208333333334 0.9148148148148149 0.16119791666666666 0.8967592592592593 0.17447916666666666 0.8916666666666667 0.18177083333333333 0.8800925925925925 0.20026041666666666 0.8662037037037037
3 0.10234375 0.8939814814814815 0.11458333333333333 0.9078703703703703 0.11614583333333334 0.9208333333333333 0.11901041666666666 0.9180555555555555 0.11979166666666667 0.9078703703703703 0.12317708333333334 0.9064814814814814 0.125 0.9078703703703703 0.12578125 0.9148148148148149 0.12916666666666668 0.9185185185185185 0.13333333333333333 0.9189814814814815 0.13697916666666668 0.9143518518518519 0.13802083333333334 0.9189814814814815 0.13697916666666668 0.9356481481481481 0.1234375 0.9648148148148148 0.1203125 0.9689814814814814 0.11432291666666666 0.9694444444444444 0.10625 0.9921296296296296 0.09713541666666667 0.999537037037037 0.05807291666666667 0.9944444444444445 0.05546875 0.9680555555555556 0.05651041666666667 0.9273148148148148 0.0671875 0.8967592592592593 0.08828125 0.8976851851851851 0.10208333333333333 0.8939814814814815
1 0.44192708333333336 0.4425925925925926 0.4473958333333333 0.4425925925925926 0.44947916666666665 0.45046296296296295 0.44817708333333334 0.4564814814814815 0.44114583333333335 0.4564814814814815 0.44192708333333336 0.44305555555555554
1 0.4356770833333333 0.4300925925925926 0.44088541666666664 0.4324074074074074 0.44140625 0.44074074074074077 0.43854166666666666 0.44351851851851853 0.43359375 0.4425925925925926 0.43307291666666664 0.43425925925925923 0.4354166666666667 0.4305555555555556
1 0.44635416666666666 0.4273148148148148 0.45 0.43425925925925923 0.44895833333333335 0.4388888888888889 0.44635416666666666 0.4398148148148148 0.4432291666666667 0.4388888888888889 0.44192708333333336 0.43287037037037035 0.44609375 0.4273148148148148
1 0.5122395833333333 0.5041666666666667 0.5171875 0.5083333333333333 0.51796875 0.5157407407407407 0.5153645833333333 0.5203703703703704 0.5033854166666667 0.5185185185185185 0.5020833333333333 0.5106481481481482 0.49713541666666666 0.5189814814814815 0.49244791666666665 0.5157407407407407 0.49296875 0.5092592592592593 0.49505208333333334 0.5064814814814815 0.5119791666666667 0.5041666666666667
2 0.4513020833333333 0.4673611111111111 0.007291666666666667 0.011574074074074073
2 0.25859375 0.9717592592592592 0.26171875 0.975925925925926 0.265625 0.9717592592592592 0.2669270833333333 0.975462962962963 0.2674479166666667 0.9888888888888889 0.26328125 0.999537037037037 0.25494791666666666 0.999537037037037 0.2552083333333333 0.9810185185185185 0.25833333333333336 0.9722222222222222
2 0.3419270833333333 0.6847222222222222 0.3450520833333333 0.6912037037037037 0.34296875 0.7083333333333334 0.33880208333333334 0.7129629629629629 0.33619791666666665 0.7101851851851851 0.3377604166666667 0.6898148148148148 0.3416666666666667 0.6851851851851852
2 0.46432291666666664 0.5708333333333333 0.46380208333333334 0.5574074074074075 0.465625 0.5555555555555556 0.4674479166666667 0.5574074074074075 0.46796875 0.5662037037037037 0.4669270833333333 0.5722222222222222 0.46458333333333335 0.5708333333333333
2 0.4393229166666667 0.600925925925926 0.44244791666666666 0.6023148148148149 0.44244791666666666 0.6185185185185185 0.4388020833333333 0.6194444444444445 0.43776041666666665 0.6069444444444444 0.4390625 0.6013888888888889