4 0.34140625 0.8796296296296297 0.3536458333333333 0.8893518518518518 0.35598958333333336 0.8962962962962963 0.35625 0.9148148148148149 0.3536458333333333 0.9282407407407407 0.34479166666666666 0.9393518518518519 0.3416666666666667 0.9555555555555556 0.3385416666666667 0.9587962962962963 0.33098958333333334 0.9546296296296296 0.3072916666666667 0.961574074074074 0.3033854166666667 0.9606481481481481 0.30026041666666664 0.9523148148148148 0.2984375 0.9319444444444445 0.30026041666666664 0.9222222222222223 0.3125 0.8916666666666667 0.32109375 0.8805555555555555 0.3411458333333333 0.8796296296296297
4 0.05651041666666667 0.7902777777777777 0.058333333333333334 0.7930555555555555 0.059375 0.8069444444444445 0.05546875 0.8143518518518519 0.05859375 0.8180555555555555 0.06067708333333333 0.8337962962962963 0.06197916666666667 0.8467592592592592 0.06067708333333333 0.8629629629629629 0.05572916666666667 0.8652777777777778 0.05364583333333333 0.8796296296296297 0.03984375 0.8875 0.026041666666666668 0.8800925925925925 0.03515625 0.8657407407407407 0.037760416666666664 0.8550925925925926 0.03723958333333333 0.8453703703703703 0.03203125 0.8384259259259259 0.050520833333333334 0.825 0.05260416666666667 0.8175925925925925 0.04635416666666667 0.8166666666666667 0.038802083333333334 0.8203703703703704 0.039322916666666666 0.8245370370370371 0.03671875 0.8282407407407407 0.035416666666666666 0.8236111111111111 0.0328125 0.8226851851851852 0.011979166666666667 0.8296296296296296 0.009895833333333333 0.8236111111111111 0.009635416666666667 0.8134259259259259 0.01484375 0.7967592592592593 0.019010416666666665 0.7925925925925926 0.05625 0.7902777777777777
4 0.44375 0.6636574074074074 0.013541666666666667 0.024537037037037038
4 0.20364583333333333 0.8902777777777777 0.20546875 0.8958333333333334 0.203125 0.9004629629629629 0.2015625 0.9138888888888889 0.20364583333333333 0.9291666666666667 0.20286458333333332 0.9444444444444444 0.19036458333333334 0.9587962962962963 0.18567708333333333 0.9685185185185186 0.17473958333333334 0.9671296296296297 0.15859375 0.9564814814814815 0.1578125 0.950462962962963 0.16223958333333333 0.9416666666666667 0.165625 0.9254629629629629 0.16354166666666667 0.9078703703703703 0.17838541666666666 0.8902777777777777 0.20338541666666668 0.8902777777777777
4 0.3145833333333333 0.8314814814814815 0.32083333333333336 0.837037037037037 0.3223958333333333 0.8416666666666667 0.32135416666666666 0.8675925925925926 0.3106770833333333 0.8847222222222222 0.29791666666666666 0.8870370370370371 0.2828125 0.8861111111111111 0.28151041666666665 0.8837962962962963 0.28098958333333335 0.8685185185185185 0.28489583333333335 0.8523148148148149 0.29583333333333334 0.8342592592592593 0.3143229166666667 0.8314814814814815
4 0.4703125 0.6101851851851852 0.47239583333333335 0.6199074074074075 0.4671875 0.624537037037037 0.4625 0.6162037037037037 0.4666666666666667 0.6092592592592593 0.4700520833333333 0.6101851851851852
4 0.33046875 0.7708333333333334 0.3341145833333333 0.7856481481481481 0.3341145833333333 0.7986111111111112 0.33203125 0.8055555555555556 0.32708333333333334 0.8115740740740741 0.30859375 0.8125 0.30494791666666665 0.8106481481481481 0.3046875 0.8013888888888889 0.31145833333333334 0.7759259259259259 0.31692708333333336 0.7703703703703704 0.3302083333333333 0.7708333333333334
4 0.44973958333333336 0.5944444444444444 0.45208333333333334 0.6023148148148149 0.44947916666666665 0.6083333333333333 0.44557291666666665 0.6074074074074074 0.44427083333333334 0.6023148148148149 0.44609375 0.5944444444444444 0.44947916666666665 0.5944444444444444
4 0.4322916666666667 0.6050925925925926 0.43463541666666666 0.6087962962962963 0.4348958333333333 0.6231481481481481 0.43359375 0.6287037037037037 0.43046875 0.6310185185185185 0.4239583333333333 0.6296296296296297 0.4231770833333333 0.612037037037037 0.42526041666666664 0.6060185185185185 0.43203125 0.6050925925925926
4 0.12369791666666667 0.7791666666666667 0.13802083333333334 0.7819444444444444 0.13723958333333333 0.8199074074074074 0.12317708333333334 0.8217592592592593 0.11614583333333334 0.8268518518518518 0.10807291666666667 0.825462962962963 0.0953125 0.8439814814814814 0.07786458333333333 0.8416666666666667 0.07994791666666666 0.812962962962963 0.07916666666666666 0.799537037037037 0.08072916666666667 0.7930555555555555 0.08385416666666666 0.7888888888888889 0.09921875 0.7814814814814814 0.1015625 0.7865740740740741 0.10234375 0.8069444444444445 0.10416666666666667 0.8023148148148148 0.103125 0.7865740740740741 0.10494791666666667 0.7805555555555556 0.1234375 0.7791666666666667
4 0.1765625 0.9680555555555556 0.18541666666666667 0.9699074074074074 0.18984375 0.9763888888888889 0.19427083333333334 0.9912037037037037 0.19322916666666667 0.999537037037037 0.13151041666666666 0.999537037037037 0.1328125 0.9944444444444445 0.14375 0.9805555555555555 0.15416666666666667 0.9712962962962963 0.17630208333333333 0.9680555555555556
4 0.41171875 0.836574074074074 0.41484375 0.8375 0.41848958333333336 0.8453703703703703 0.41875 0.8634259259259259 0.41458333333333336 0.8819444444444444 0.4114583333333333 0.8870370370370371 0.4080729166666667 0.8828703703703704 0.40520833333333334 0.8467592592592592 0.40703125 0.8384259259259259 0.4114583333333333 0.836574074074074
4 0.4549479166666667 0.6402777777777777 0.45755208333333336 0.649537037037037 0.45677083333333335 0.6569444444444444 0.44947916666666665 0.6597222222222222 0.4466145833333333 0.6541666666666667 0.4479166666666667 0.6416666666666667 0.44947916666666665 0.6388888888888888 0.4546875 0.6402777777777777
4 0.42239583333333336 0.7472222222222222 0.4322916666666667 0.7490740740740741 0.4361979166666667 0.7546296296296297 0.4356770833333333 0.7828703703703703 0.4296875 0.7976851851851852 0.42552083333333335 0.8023148148148148 0.41119791666666666 0.8013888888888889 0.4080729166666667 0.7967592592592593 0.41015625 0.7620370370370371 0.41458333333333336 0.7523148148148148 0.42213541666666665 0.7472222222222222
3 0.0328125 0.7893518518518519 0.05520833333333333 0.7898148148148149 0.05807291666666667 0.7925925925925926 0.06171875 0.8523148148148149 0.06067708333333333 0.8629629629629629 0.05572916666666667 0.8657407407407407 0.054427083333333334 0.8777777777777778 0.0484375 0.8837962962962963 0.040625 0.8865740740740741 0.0359375 0.8814814814814815 0.028125 0.8791666666666667 0.02734375 0.8768518518518519 0.034895833333333334 0.8671296296296296 0.0375 0.8560185185185185 0.03619791666666667 0.8467592592592592 0.03229166666666667 0.8486111111111111 0.031510416666666666 0.8384259259259259 0.0359375 0.8351851851851851 0.0375 0.8300925925925926 0.030729166666666665 0.8240740740740741 0.015625 0.8296296296296296 0.010416666666666666 0.825462962962963 0.009635416666666667 0.8138888888888889 0.015885416666666666 0.7953703703703704 0.032552083333333336 0.7898148148148149
3 0.42630208333333336 0.6657407407407407 0.4356770833333333 0.6662037037037037 0.4390625 0.6824074074074075 0.4361979166666667 0.7194444444444444 0.42864583333333334 0.736574074074074 0.4231770833333333 0.7328703703703704 0.4075520833333333 0.7319444444444444 0.40572916666666664 0.7277777777777777 0.40651041666666665 0.7060185185185185 0.4153645833333333 0.6861111111111111 0.41744791666666664 0.6699074074074074 0.42161458333333335 0.6657407407407407 0.42604166666666665 0.6657407407407407
1 0.4674479166666667 0.6092592592592593 0.47109375 0.611574074074074 0.47239583333333335 0.6199074074074075 0.4669270833333333 0.6240740740740741 0.4640625 0.6212962962962963 0.46328125 0.6162037037037037 0.4671875 0.6092592592592593
1 0.4390625 0.6268518518518519 0.4484375 0.6324074074074074 0.45078125 0.6375 0.44583333333333336 0.6425925925925926 0.42994791666666665 0.6435185185185185 0.4278645833333333 0.6402777777777777 0.4283854166666667 0.6347222222222222 0.4388020833333333 0.6273148148148148
2 0.4140625 0.8384259259259259 0.41848958333333336 0.8467592592592592 0.41848958333333336 0.8657407407407407 0.41432291666666665 0.8833333333333333 0.41171875 0.8870370370370371 0.4078125 0.8810185185185185 0.40598958333333335 0.8453703703703703 0.4078125 0.8393518518518519 0.41380208333333335 0.8384259259259259