4 0.06197916666666667 0.7148148148148148 0.09244791666666667 0.7157407407407408 0.0953125 0.7226851851851852 0.09375 0.7342592592592593 0.0625 0.7421296296296296 0.05677083333333333 0.7416666666666667 0.05130208333333333 0.7222222222222222 0.05260416666666667 0.7166666666666667 0.06171875 0.7148148148148148
4 0.4427083333333333 0.6212962962962963 0.44583333333333336 0.6226851851851852 0.4471354166666667 0.6291666666666667 0.44635416666666666 0.6351851851851852 0.44375 0.6370370370370371 0.4393229166666667 0.6370370370370371 0.43802083333333336 0.6337962962962963 0.4390625 0.6217592592592592 0.44244791666666666 0.6212962962962963
4 0.34791666666666665 0.7104166666666667 0.008333333333333333 0.02546296296296296
4 0.26223958333333336 0.7328703703703704 0.26614583333333336 0.736574074074074 0.27265625 0.7324074074074074 0.2794270833333333 0.7388888888888889 0.2791666666666667 0.7481481481481481 0.27317708333333335 0.7532407407407408 0.25859375 0.7532407407407408 0.25703125 0.7509259259259259 0.2565104166666667 0.7361111111111112 0.25807291666666665 0.7328703703703704 0.26197916666666665 0.7328703703703704
4 0.45625 0.6476851851851851 0.45807291666666666 0.6527777777777778 0.45625 0.675 0.45 0.6717592592592593 0.4505208333333333 0.6504629629629629 0.45234375 0.6472222222222223 0.45598958333333334 0.6476851851851851
4 0.39296875 0.6703703703703704 0.39427083333333335 0.6712962962962963 0.39375 0.6921296296296297 0.38645833333333335 0.6898148148148148 0.38697916666666665 0.6712962962962963 0.3927083333333333 0.6703703703703704
4 0.30364583333333334 0.7064814814814815 0.3059895833333333 0.7129629629629629 0.30572916666666666 0.7199074074074074 0.30416666666666664 0.7273148148148149 0.30078125 0.7305555555555555 0.296875 0.7305555555555555 0.296875 0.7199074074074074 0.3 0.7074074074074074 0.3033854166666667 0.7064814814814815
4 0.33151041666666664 0.7046296296296296 0.3346354166666667 0.7092592592592593 0.334375 0.7236111111111111 0.33151041666666664 0.7277777777777777 0.32786458333333335 0.7273148148148149 0.328125 0.7097222222222223 0.33125 0.7050925925925926
4 0.36953125 0.6981481481481482 0.37135416666666665 0.7101851851851851 0.37005208333333334 0.7180555555555556 0.36770833333333336 0.7199074074074074 0.36484375 0.7171296296296297 0.3640625 0.7046296296296296 0.36614583333333334 0.6986111111111111 0.3692708333333333 0.6981481481481482
1 0.4390625 0.6222222222222222 0.44505208333333335 0.6222222222222222 0.446875 0.6282407407407408 0.44609375 0.6351851851851852 0.4390625 0.6365740740740741 0.4390625 0.6226851851851852
1 0.3515625 0.7768518518518519 0.3609375 0.7791666666666667 0.3684895833333333 0.7893518518518519 0.36744791666666665 0.8208333333333333 0.36041666666666666 0.8245370370370371 0.35598958333333336 0.8356481481481481 0.35078125 0.8300925925925926 0.34036458333333336 0.8291666666666667 0.32447916666666665 0.8356481481481481 0.3221354166666667 0.8226851851851852 0.3229166666666667 0.8074074074074075 0.32786458333333335 0.7907407407407407 0.33255208333333336 0.7824074074074074 0.33932291666666664 0.7773148148148148 0.35130208333333335 0.7768518518518519
1 0.43125 0.6680555555555555 0.4390625 0.6759259259259259 0.4390625 0.6865740740740741 0.42291666666666666 0.6902777777777778 0.4200520833333333 0.687037037037037 0.42083333333333334 0.674537037037037 0.4270833333333333 0.6680555555555555 0.4309895833333333 0.6680555555555555
2 0.34921875 0.7023148148148148 0.35104166666666664 0.711574074074074 0.34869791666666666 0.7226851851851852 0.34479166666666666 0.7212962962962963 0.34401041666666665 0.7083333333333334 0.3453125 0.7027777777777777 0.3489583333333333 0.7023148148148148
2 0.3678385416666667 0.7106481481481481 0.007552083333333333 0.019444444444444445
2 0.2591145833333333 0.7328703703703704 0.26536458333333335 0.736574074074074 0.27265625 0.7342592592592593 0.27578125 0.7361111111111112 0.2786458333333333 0.7444444444444445 0.2760416666666667 0.7523148148148148 0.26223958333333336 0.7532407407407408 0.25859375 0.7532407407407408 0.25625 0.7481481481481481 0.2565104166666667 0.737037037037037 0.25885416666666666 0.7328703703703704
2 0.33359375 0.7083333333333334 0.33489583333333334 0.7212962962962963 0.33151041666666664 0.7277777777777777 0.32786458333333335 0.7277777777777777 0.32786458333333335 0.7129629629629629 0.3299479166666667 0.7074074074074074 0.3333333333333333 0.7083333333333334
2 0.30364583333333334 0.7069444444444445 0.30572916666666666 0.7194444444444444 0.30364583333333334 0.7287037037037037 0.30104166666666665 0.7305555555555555 0.29713541666666665 0.7305555555555555 0.29661458333333335 0.7231481481481481 0.2989583333333333 0.7101851851851851 0.3033854166666667 0.7069444444444445