4 0.3703125 0.8273148148148148 0.3731770833333333 0.8351851851851851 0.3731770833333333 0.8574074074074074 0.3625 0.9 0.35546875 0.8972222222222223 0.3333333333333333 0.8976851851851851 0.33098958333333334 0.8912037037037037 0.33098958333333334 0.8699074074074075 0.33619791666666665 0.8564814814814815 0.3385416666666667 0.8393518518518519 0.3421875 0.8310185185185185 0.35130208333333335 0.825925925925926 0.37005208333333334 0.8273148148148148
4 0.46328125 0.45185185185185184 0.465625 0.4601851851851852 0.4609375 0.4685185185185185 0.45807291666666666 0.46620370370370373 0.45703125 0.4564814814814815 0.45989583333333334 0.4513888888888889 0.4630208333333333 0.45185185185185184
4 0.023697916666666666 0.7402777777777778 0.026041666666666668 0.7435185185185185 0.028385416666666666 0.774074074074074 0.0234375 0.8 0.020833333333333332 0.8074074074074075 0.008072916666666667 0.8189814814814815 0.0018229166666666667 0.8287037037037037 0 0.8287037037037037 0 0.7425925925925926 0.0234375 0.7402777777777778
4 0.4 0.5680555555555555 0.005729166666666666 0.022222222222222223
4 0.11484375 0.7930555555555555 0.11666666666666667 0.7986111111111112 0.11666666666666667 0.8481481481481481 0.11302083333333333 0.8518518518518519 0.09244791666666667 0.8583333333333333 0.08723958333333333 0.8648148148148148 0.07447916666666667 0.8708333333333333 0.06927083333333334 0.8675925925925926 0.06770833333333333 0.8412037037037037 0.06458333333333334 0.8699074074074075 0.05546875 0.8625 0.05677083333333333 0.8143518518518519 0.06432291666666666 0.8092592592592592 0.06744791666666666 0.8166666666666667 0.0703125 0.8018518518518518 0.07447916666666667 0.7962962962962963 0.11458333333333333 0.7930555555555555
4 0.027864583333333335 0.850462962962963 0.03203125 0.8597222222222223 0.0375 0.8652777777777778 0.040625 0.8912037037037037 0.043229166666666666 0.8935185185185185 0.053385416666666664 0.8856481481481482 0.058854166666666666 0.888425925925926 0.05703125 0.9009259259259259 0.058333333333333334 0.9217592592592593 0.054427083333333334 0.9287037037037037 0.04348958333333333 0.9384259259259259 0.040625 0.9361111111111111 0.0390625 0.9268518518518518 0.03619791666666667 0.9259259259259259 0.03307291666666667 0.9319444444444445 0.011197916666666667 0.9518518518518518 0.0015625 0.9648148148148148 0 0.9648148148148148 0 0.8537037037037037 0.027604166666666666 0.850462962962963
4 0.46145833333333336 0.48009259259259257 0.46510416666666665 0.4837962962962963 0.4661458333333333 0.4935185185185185 0.46510416666666665 0.49722222222222223 0.46145833333333336 0.4981481481481482 0.45651041666666664 0.4976851851851852 0.4557291666666667 0.4949074074074074 0.45598958333333334 0.4842592592592593 0.46119791666666665 0.48009259259259257
4 0.4356770833333333 0.42685185185185187 0.44036458333333334 0.43657407407407406 0.44088541666666664 0.45694444444444443 0.43984375 0.46064814814814814 0.43411458333333336 0.4615740740740741 0.43072916666666666 0.4597222222222222 0.4283854166666667 0.4324074074074074 0.43125 0.4273148148148148 0.4354166666666667 0.42685185185185187
4 0.45026041666666666 0.44814814814814813 0.45338541666666665 0.4537037037037037 0.45364583333333336 0.4597222222222222 0.4518229166666667 0.46296296296296297 0.44375 0.4597222222222222 0.44427083333333334 0.45 0.45 0.44814814814814813
4 0.10833333333333334 0.8564814814814815 0.12604166666666666 0.8583333333333333 0.12838541666666667 0.8625 0.12838541666666667 0.8731481481481481 0.10989583333333333 0.9013888888888889 0.0921875 0.9226851851851852 0.08333333333333333 0.9180555555555555 0.08333333333333333 0.9004629629629629 0.08723958333333333 0.8787037037037037 0.09765625 0.862037037037037 0.10807291666666667 0.8564814814814815
4 0.47421875 0.5222222222222223 0.47630208333333335 0.5291666666666667 0.4739583333333333 0.5393518518518519 0.4700520833333333 0.5337962962962963 0.4700520833333333 0.5254629629629629 0.4739583333333333 0.5222222222222223
4 0.38359375 0.5782407407407407 0.38671875 0.5787037037037037 0.3885416666666667 0.5847222222222223 0.38697916666666665 0.5981481481481481 0.38359375 0.600462962962963 0.38203125 0.5888888888888889 0.38359375 0.5787037037037037
1 0.45546875 0.5175925925925926 0.4591145833333333 0.5217592592592593 0.46015625 0.5365740740740741 0.45755208333333336 0.538425925925926 0.44817708333333334 0.5356481481481481 0.44947916666666665 0.5199074074074074 0.4552083333333333 0.5175925925925926
1 0.34713541666666664 0.600462962962963 0.3609375 0.6092592592592593 0.3611979166666667 0.6162037037037037 0.35598958333333336 0.6226851851851852 0.3416666666666667 0.6203703703703703 0.33828125 0.6050925925925926 0.3411458333333333 0.6013888888888889 0.346875 0.600462962962963
1 0.45338541666666665 0.4699074074074074 0.4557291666666667 0.4791666666666667 0.45364583333333336 0.4861111111111111 0.44583333333333336 0.48333333333333334 0.44635416666666666 0.4703703703703704 0.453125 0.4699074074074074
2 0.40078125 0.5574074074074075 0.40260416666666665 0.5652777777777778 0.40130208333333334 0.5782407407407407 0.39739583333333334 0.5731481481481482 0.39765625 0.5611111111111111 0.4005208333333333 0.5578703703703703
2 0.4119791666666667 0.7347222222222223 0.41484375 0.7393518518518518 0.4153645833333333 0.75 0.41484375 0.7638888888888888 0.4122395833333333 0.7694444444444445 0.41015625 0.7680555555555556 0.40677083333333336 0.7527777777777778 0.4075520833333333 0.7412037037037037 0.41171875 0.7347222222222223
2 0.38359375 0.5787037037037037 0.38828125 0.5842592592592593 0.38697916666666665 0.5981481481481481 0.38359375 0.600462962962963 0.38203125 0.5884259259259259 0.38359375 0.5791666666666667
2 0.45338541666666665 0.5847222222222223 0.45598958333333334 0.5916666666666667 0.45338541666666665 0.6069444444444444 0.4513020833333333 0.6050925925925926 0.45 0.5953703703703703 0.45078125 0.587037037037037 0.453125 0.5847222222222223
2 0.31484375 0.6620370370370371 0.31666666666666665 0.6648148148148149 0.31536458333333334 0.6791666666666667 0.3104166666666667 0.6875 0.3072916666666667 0.6861111111111111 0.30833333333333335 0.6717592592592593 0.3109375 0.663425925925926 0.3145833333333333 0.6620370370370371
2 0.4739583333333333 0.5222222222222223 0.47604166666666664 0.5273148148148148 0.47421875 0.5393518518518519 0.47161458333333334 0.5388888888888889 0.4703125 0.5342592592592592 0.4703125 0.5254629629629629 0.47369791666666666 0.5222222222222223
2 0.390625 0.5643518518518519 0.39401041666666664 0.5685185185185185 0.39348958333333334 0.5837962962962963 0.390625 0.5856481481481481 0.3893229166666667 0.5819444444444445 0.39036458333333335 0.5648148148148148