4 0.35182291666666665 0.737037037037037 0.3609375 0.7388888888888889 0.36302083333333335 0.7509259259259259 0.3625 0.7666666666666667 0.35625 0.7930555555555555 0.35234375 0.799537037037037 0.3359375 0.7986111111111112 0.33203125 0.7930555555555555 0.33828125 0.7532407407407408 0.34401041666666665 0.7393518518518518 0.3515625 0.737037037037037
4 0.5088541666666667 0.5046296296296297 0.5171875 0.5083333333333333 0.5182291666666666 0.5189814814814815 0.5158854166666667 0.5222222222222223 0.49296875 0.5185185185185185 0.4942708333333333 0.5083333333333333 0.50859375 0.5046296296296297
4 0.05416666666666667 0.7796296296296297 0.05703125 0.7842592592592592 0.05755208333333333 0.7921296296296296 0.05390625 0.8023148148148148 0.02109375 0.8416666666666667 0.015625 0.8449074074074074 0.01015625 0.8236111111111111 0 0.8282407407407407 0 0.8115740740740741 0.032552083333333336 0.7824074074074074 0.05390625 0.7796296296296297
4 0.16848958333333333 0.8236111111111111 0.17526041666666667 0.8287037037037037 0.1765625 0.8328703703703704 0.17708333333333334 0.8736111111111111 0.17578125 0.8791666666666667 0.15807291666666667 0.9 0.15416666666666667 0.9018518518518519 0.15078125 0.8925925925925926 0.14739583333333334 0.9004629629629629 0.134375 0.9027777777777778 0.12552083333333333 0.8972222222222223 0.12604166666666666 0.8523148148148149 0.14322916666666666 0.8310185185185185 0.15729166666666666 0.8291666666666667 0.16197916666666667 0.8245370370370371 0.16822916666666668 0.8236111111111111
4 0.030729166666666665 0.9273148148148148 0.03984375 0.9388888888888889 0.04296875 0.9708333333333333 0.03984375 0.9888888888888889 0.029166666666666667 0.9962962962962963 0.00546875 0.9976851851851852 0 0.9962962962962963 0 0.9319444444444445 0.03046875 0.9273148148148148
4 0.21744791666666666 0.8643518518518518 0.2171875 0.8699074074074075 0.20703125 0.8921296296296296 0.17526041666666667 0.950462962962963 0.16848958333333333 0.9574074074074074 0.15833333333333333 0.9532407407407407 0.15520833333333334 0.9458333333333333 0.15364583333333334 0.9212962962962963 0.15677083333333333 0.9055555555555556 0.16588541666666667 0.8925925925925926 0.18255208333333334 0.8912037037037037 0.18567708333333333 0.8768518518518519 0.19244791666666666 0.874537037037037 0.19921875 0.8662037037037037 0.20989583333333334 0.8629629629629629 0.2171875 0.8643518518518518
4 0.10598958333333333 0.8916666666666667 0.11458333333333333 0.9041666666666667 0.11875 0.9328703703703703 0.12161458333333333 0.9333333333333333 0.12291666666666666 0.9273148148148148 0.1265625 0.9287037037037037 0.12994791666666666 0.924537037037037 0.13203125 0.9430555555555555 0.13072916666666667 0.9527777777777777 0.12291666666666666 0.9675925925925926 0.1171875 0.9699074074074074 0.10651041666666666 0.9912037037037037 0.10182291666666667 0.9944444444444445 0.08880208333333334 0.987037037037037 0.06380208333333333 0.9888888888888889 0.059895833333333336 0.9731481481481481 0.0609375 0.9217592592592593 0.07161458333333333 0.8935185185185185 0.09114583333333333 0.8958333333333334 0.10572916666666667 0.8916666666666667
4 0.4390625 0.43796296296296294 0.44375 0.4449074074074074 0.44427083333333334 0.449537037037037 0.44140625 0.45231481481481484 0.4348958333333333 0.45 0.4354166666666667 0.4393518518518518 0.4388020833333333 0.43842592592592594
4 0.4434895833333333 0.4527777777777778 0.446875 0.46064814814814814 0.44635416666666666 0.4671296296296296 0.4434895833333333 0.46944444444444444 0.43723958333333335 0.4671296296296296 0.43776041666666665 0.45555555555555555 0.4432291666666667 0.4527777777777778
4 0.4158854166666667 0.6351851851851852 0.4127604166666667 0.675 0.403125 0.6773148148148148 0.39765625 0.6754629629629629 0.3971354166666667 0.6717592592592593 0.39739583333333334 0.6574074074074074 0.4010416666666667 0.6375 0.40651041666666665 0.6333333333333333 0.415625 0.6351851851851852
4 0.46796875 0.4638888888888889 0.4708333333333333 0.4675925925925926 0.47161458333333334 0.4777777777777778 0.46770833333333334 0.48194444444444445 0.46328125 0.48194444444444445 0.46145833333333336 0.47824074074074074 0.4627604166666667 0.46574074074074073 0.46770833333333334 0.4638888888888889
4 0.0921875 0.7791666666666667 0.0953125 0.7870370370370371 0.09661458333333334 0.8041666666666667 0.09166666666666666 0.8208333333333333 0.08984375 0.8379629629629629 0.0796875 0.8523148148148149 0.07083333333333333 0.875 0.05755208333333333 0.8935185185185185 0.05078125 0.8981481481481481 0.03046875 0.9013888888888889 0.019010416666666665 0.8981481481481481 0.01796875 0.8861111111111111 0.015885416666666666 0.8819444444444444 0.008333333333333333 0.887962962962963 0.0036458333333333334 0.8865740740740741 0.0020833333333333333 0.8731481481481481 0.007291666666666667 0.8643518518518518 0.008333333333333333 0.8555555555555555 0.012239583333333333 0.8518518518518519 0.015625 0.8425925925925926 0.020052083333333335 0.8435185185185186 0.03333333333333333 0.8245370370370371 0.05416666666666667 0.8013888888888889 0.06276041666666667 0.7865740740740741 0.075 0.7796296296296297 0.09192708333333334 0.7791666666666667
4 0.4635416666666667 0.47962962962962963 0.46822916666666664 0.4837962962962963 0.46770833333333334 0.4962962962962963 0.46041666666666664 0.4976851851851852 0.4588541666666667 0.49444444444444446 0.459375 0.48518518518518516 0.46328125 0.48009259259259257
4 0.45416666666666666 0.46944444444444444 0.45546875 0.47824074074074074 0.45364583333333336 0.48148148148148145 0.4479166666666667 0.4810185185185185 0.446875 0.47685185185185186 0.4484375 0.46944444444444444 0.45390625 0.46944444444444444
4 0.4466145833333333 0.4 0.44973958333333336 0.4041666666666667 0.44973958333333336 0.4078703703703704 0.44635416666666666 0.412962962962963 0.44244791666666666 0.41203703703703703 0.44114583333333335 0.4083333333333333 0.4427083333333333 0.4009259259259259 0.44635416666666666 0.4
4 0.1734375 0.8907407407407407 0.1890625 0.8949074074074074 0.19427083333333334 0.9087962962962963 0.18958333333333333 0.9226851851851852 0.17552083333333332 0.95 0.16822916666666668 0.9578703703703704 0.15677083333333333 0.950925925925926 0.15364583333333334 0.9328703703703703 0.15390625 0.9189814814814815 0.15651041666666668 0.9050925925925926 0.1640625 0.8935185185185185 0.17317708333333334 0.8907407407407407
1 0.4471354166666667 0.4009259259259259 0.44973958333333336 0.4078703703703704 0.44635416666666666 0.4125 0.44244791666666666 0.4115740740740741 0.44114583333333335 0.4074074074074074 0.4427083333333333 0.4013888888888889 0.446875 0.4009259259259259
1 0.5119791666666667 0.5050925925925925 0.5177083333333333 0.5111111111111111 0.5182291666666666 0.5185185185185185 0.515625 0.5217592592592593 0.5020833333333333 0.5189814814814815 0.50234375 0.5083333333333333 0.51171875 0.5050925925925925
1 0.4395833333333333 0.43842592592592594 0.44427083333333334 0.44907407407407407 0.440625 0.45231481481481484 0.4348958333333333 0.449537037037037 0.4354166666666667 0.4398148148148148 0.4393229166666667 0.43842592592592594
1 0.4666666666666667 0.5685185185185185 0.4703125 0.5717592592592593 0.4708333333333333 0.5763888888888888 0.4703125 0.5907407407407408 0.4669270833333333 0.5921296296296297 0.4578125 0.5916666666666667 0.45703125 0.5884259259259259 0.459375 0.5699074074074074 0.46640625 0.5685185185185185
1 0.4440104166666667 0.4537037037037037 0.44609375 0.4564814814814815 0.4466145833333333 0.4652777777777778 0.4434895833333333 0.46944444444444444 0.4388020833333333 0.4689814814814815 0.43723958333333335 0.4652777777777778 0.43776041666666665 0.45601851851851855 0.44375 0.4537037037037037
1 0.4669270833333333 0.4634259259259259 0.4705729166666667 0.4666666666666667 0.4708333333333333 0.48009259259259257 0.4622395833333333 0.48055555555555557 0.4622395833333333 0.4675925925925926 0.4666666666666667 0.4638888888888889
1 0.45026041666666666 0.43842592592592594 0.45364583333333336 0.44537037037037036 0.45078125 0.45092592592592595 0.44635416666666666 0.45 0.44505208333333335 0.44675925925925924 0.44635416666666666 0.44027777777777777 0.45 0.43842592592592594
1 0.4401041666666667 0.412962962962963 0.4434895833333333 0.4166666666666667 0.44296875 0.42592592592592593 0.43671875 0.425 0.43697916666666664 0.4152777777777778 0.43984375 0.412962962962963