4 0.446875 0.44675925925925924 0.4510416666666667 0.4527777777777778 0.45 0.46064814814814814 0.4440104166666667 0.46064814814814814 0.44166666666666665 0.45694444444444443 0.44296875 0.45046296296296295 0.4466145833333333 0.44675925925925924
4 0.4328125 0.44675925925925924 0.43671875 0.44907407407407407 0.44036458333333334 0.4597222222222222 0.440625 0.48055555555555557 0.4390625 0.4842592592592593 0.4309895833333333 0.4847222222222222 0.42864583333333334 0.4847222222222222 0.42734375 0.48055555555555557 0.4265625 0.4597222222222222 0.428125 0.45231481481481484 0.43255208333333334 0.44675925925925924
4 0.019010416666666665 0.7013888888888888 0.021354166666666667 0.7060185185185185 0.023697916666666666 0.7268518518518519 0.0234375 0.7444444444444445 0.020052083333333335 0.7606481481481482 0.016145833333333335 0.7680555555555556 0.0015625 0.7814814814814814 0 0.7814814814814814 0 0.7018518518518518 0.01875 0.7013888888888888
4 0.435546875 0.6032407407407407 0.006510416666666667 0.024074074074074074
4 0.021875 0.7962962962962963 0.024739583333333332 0.8046296296296296 0.030989583333333334 0.8106481481481481 0.034895833333333334 0.8421296296296297 0.05390625 0.8398148148148148 0.05807291666666667 0.8449074074074074 0.059375 0.8518518518518519 0.058333333333333334 0.8731481481481481 0.03671875 0.8902777777777777 0.03177083333333333 0.8657407407407407 0.025 0.8638888888888889 0.023177083333333334 0.8583333333333333 0.01953125 0.8555555555555555 0.00859375 0.8643518518518518 0 0.8666666666666667 0 0.799074074074074 0.021614583333333333 0.7962962962962963
4 0.4044270833333333 0.5115740740740741 0.40546875 0.5273148148148148 0.40390625 0.5291666666666667 0.40078125 0.5259259259259259 0.4041666666666667 0.5120370370370371
4 0.42864583333333334 0.4324074074074074 0.43020833333333336 0.4393518518518518 0.42604166666666665 0.4462962962962963 0.4236979166666667 0.44305555555555554 0.4231770833333333 0.43472222222222223 0.425 0.43148148148148147 0.4283854166666667 0.4324074074074074
4 0.4622395833333333 0.4726851851851852 0.46458333333333335 0.4828703703703704 0.46432291666666664 0.487962962962963 0.4622395833333333 0.4898148148148148 0.4552083333333333 0.48657407407407405 0.45598958333333334 0.4726851851851852 0.46197916666666666 0.4726851851851852
4 0.3765625 0.6263888888888889 0.38046875 0.6324074074074074 0.3796875 0.6481481481481481 0.3768229166666667 0.6527777777777778 0.37421875 0.6513888888888889 0.3731770833333333 0.6351851851851852 0.3765625 0.6268518518518519
4 0.10989583333333333 0.750462962962963 0.11197916666666667 0.7550925925925925 0.11328125 0.7865740740740741 0.11302083333333333 0.8027777777777778 0.11119791666666666 0.8069444444444445 0.09557291666666666 0.8092592592592592 0.07942708333333333 0.8189814814814815 0.07630208333333334 0.8152777777777778 0.075 0.8064814814814815 0.07109375 0.8050925925925926 0.06744791666666666 0.8083333333333333 0.0640625 0.8 0.061197916666666664 0.8101851851851852 0.05364583333333333 0.8194444444444444 0.051041666666666666 0.8175925925925925 0.050520833333333334 0.8092592592592592 0.05 0.7722222222222223 0.052083333333333336 0.7675925925925926 0.05703125 0.7638888888888888 0.05911458333333333 0.7662037037037037 0.061197916666666664 0.7875 0.06302083333333333 0.7861111111111111 0.06145833333333333 0.7833333333333333 0.0625 0.7620370370370371 0.06536458333333334 0.7555555555555555 0.07786458333333333 0.7509259259259259 0.10963541666666667 0.750462962962963
4 0.4127604166666667 0.6166666666666667 0.41640625 0.6189814814814815 0.4192708333333333 0.625462962962963 0.41901041666666666 0.6412037037037037 0.41484375 0.6550925925925926 0.4078125 0.6518518518518519 0.39739583333333334 0.6541666666666667 0.39609375 0.6476851851851851 0.3963541666666667 0.6347222222222222 0.4 0.6194444444444445 0.4041666666666667 0.6162037037037037 0.4125 0.6166666666666667
4 0.1046875 0.8092592592592592 0.12317708333333334 0.812037037037037 0.12395833333333334 0.8212962962962963 0.09609375 0.8560185185185185 0.08151041666666667 0.8662037037037037 0.07838541666666667 0.8550925925925926 0.08385416666666666 0.8236111111111111 0.09505208333333333 0.8106481481481481 0.10442708333333334 0.8092592592592592
4 0.30364583333333334 0.9277777777777778 0.30494791666666665 0.9296296296296296 0.30364583333333334 0.9513888888888888 0.29921875 0.9578703703703704 0.29661458333333335 0.9675925925925926 0.29322916666666665 0.9675925925925926 0.2908854166666667 0.9564814814814815 0.2911458333333333 0.9388888888888889 0.3033854166666667 0.9282407407407407
1 0.41510416666666666 0.4134259259259259 0.41640625 0.41759259259259257 0.41510416666666666 0.42314814814814816 0.41041666666666665 0.4217592592592593 0.41119791666666666 0.41388888888888886 0.41484375 0.4134259259259259
1 0.3502604166666667 0.5875 0.35989583333333336 0.5925925925925926 0.36302083333333335 0.600462962962963 0.35911458333333335 0.6083333333333333 0.34401041666666665 0.6101851851851852 0.33932291666666664 0.6069444444444444 0.3375 0.5916666666666667 0.3416666666666667 0.5879629629629629 0.35 0.5875
1 0.46119791666666665 0.45416666666666666 0.46458333333333335 0.45740740740740743 0.46510416666666665 0.4625 0.4635416666666667 0.4671296296296296 0.46041666666666664 0.4685185185185185 0.45598958333333334 0.46805555555555556 0.4546875 0.45925925925925926 0.45677083333333335 0.4537037037037037 0.4609375 0.45416666666666666
1 0.39036458333333335 0.7546296296296297 0.39895833333333336 0.7574074074074074 0.40130208333333334 0.7620370370370371 0.40078125 0.774074074074074 0.39557291666666666 0.8009259259259259 0.39401041666666664 0.8032407407407407 0.3729166666666667 0.8037037037037037 0.3697916666666667 0.799074074074074 0.3734375 0.7587962962962963 0.39010416666666664 0.7550925925925925
2 0.3106770833333333 0.6407407407407407 0.3138020833333333 0.6476851851851851 0.31197916666666664 0.663425925925926 0.30703125 0.6666666666666666 0.30572916666666666 0.6620370370370371 0.30703125 0.6453703703703704 0.3104166666666667 0.6412037037037037
2 0.4361979166666667 0.5953703703703703 0.43802083333333336 0.5990740740740741 0.43802083333333336 0.6092592592592593 0.4361979166666667 0.6148148148148148 0.43411458333333336 0.6134259259259259 0.4322916666666667 0.6023148148148149 0.4328125 0.5972222222222222 0.4359375 0.5953703703703703
2 0.41484375 0.49907407407407406 0.41640625 0.5046296296296297 0.41484375 0.512962962962963 0.4122395833333333 0.5087962962962963 0.4122395833333333 0.5013888888888889 0.41458333333333336 0.49907407407407406
2 0.3671875 0.6175925925925926 0.3684895833333333 0.6282407407407408 0.36614583333333334 0.6398148148148148 0.36276041666666664 0.6370370370370371 0.36223958333333334 0.6226851851851852 0.36692708333333335 0.6175925925925926
2 0.34869791666666666 0.6444444444444445 0.35104166666666664 0.6476851851851851 0.35078125 0.6541666666666667 0.3458333333333333 0.6615740740740741 0.34322916666666664 0.6601851851851852 0.34270833333333334 0.6467592592592593 0.3484375 0.6444444444444445
2 0.37994791666666666 0.6328703703703704 0.37994791666666666 0.6462962962962963 0.3770833333333333 0.6527777777777778 0.37395833333333334 0.6509259259259259 0.3734375 0.6365740740740741 0.37473958333333335 0.6333333333333333 0.3796875 0.6328703703703704
2 0.4036458333333333 0.5210648148148148 0.005208333333333333 0.016203703703703703
2 0.29322916666666665 0.9356481481481481 0.296875 0.937962962962963 0.30026041666666664 0.9300925925925926 0.3046875 0.9319444444444445 0.30364583333333334 0.950462962962963 0.29661458333333335 0.9671296296296297 0.29322916666666665 0.9671296296296297 0.2911458333333333 0.9569444444444445 0.29140625 0.9388888888888889 0.29296875 0.9361111111111111