4 0.44453125 0.5078703703703704 0.4473958333333333 0.5157407407407407 0.44609375 0.5236111111111111 0.4390625 0.5231481481481481 0.43802083333333336 0.5199074074074074 0.4390625 0.5092592592592593 0.44427083333333334 0.5078703703703704
4 0.78125 0.4666666666666667 0.7854166666666667 0.4708333333333333 0.7856770833333333 0.4736111111111111 0.7830729166666667 0.475 0.7765625 0.47453703703703703 0.7739583333333333 0.4703703703703704 0.77578125 0.46620370370370373 0.7809895833333333 0.4666666666666667
4 0.40963541666666664 0.6449074074074074 0.4127604166666667 0.6476851851851851 0.41458333333333336 0.6648148148148149 0.41328125 0.6685185185185185 0.4080729166666667 0.6708333333333333 0.4002604166666667 0.6699074074074074 0.39869791666666665 0.6611111111111111 0.40260416666666665 0.6467592592592593 0.409375 0.6449074074074074
4 0.4356770833333333 0.44814814814814813 0.4393229166666667 0.4564814814814815 0.4388020833333333 0.4634259259259259 0.43697916666666664 0.4652777777777778 0.43046875 0.4634259259259259 0.43125 0.45 0.4354166666666667 0.44814814814814813
4 0.07395833333333333 0.9324074074074075 0.08333333333333333 0.9462962962962963 0.08541666666666667 0.9805555555555555 0.07734375 0.9884259259259259 0.053385416666666664 0.9888888888888889 0.047135416666666666 0.9962962962962963 0.03177083333333333 0.9912037037037037 0.032552083333333336 0.9597222222222223 0.03802083333333333 0.9495370370370371 0.03958333333333333 0.937962962962963 0.04296875 0.9324074074074075 0.04895833333333333 0.9351851851851852 0.07369791666666667 0.9324074074074075
4 0.20208333333333334 0.9060185185185186 0.21692708333333333 0.9097222222222222 0.21953125 0.9217592592592593 0.2171875 0.9361111111111111 0.203125 0.961574074074074 0.19270833333333334 0.9532407407407407 0.18776041666666668 0.9527777777777777 0.184375 0.9430555555555555 0.18697916666666667 0.9254629629629629 0.1921875 0.9111111111111111 0.1953125 0.9064814814814814 0.20182291666666666 0.9060185185185186
4 0.18020833333333333 0.850925925925926 0.20026041666666666 0.8523148148148149 0.20338541666666668 0.8583333333333333 0.20286458333333332 0.8949074074074074 0.1859375 0.9194444444444444 0.16171875 0.9171296296296296 0.15625 0.9138888888888889 0.15729166666666666 0.8731481481481481 0.16328125 0.8675925925925926 0.17161458333333332 0.8523148148148149 0.17994791666666668 0.850925925925926
4 0.5309895833333333 0.5731481481481482 0.53515625 0.5768518518518518 0.5348958333333333 0.5824074074074074 0.51953125 0.5884259259259259 0.5140625 0.5851851851851851 0.5153645833333333 0.5777777777777777 0.521875 0.5717592592592593 0.5307291666666667 0.5731481481481482
4 0.41458333333333336 0.6981481481481482 0.41822916666666665 0.7027777777777777 0.4197916666666667 0.7134259259259259 0.41822916666666665 0.7305555555555555 0.41510416666666666 0.7388888888888889 0.40286458333333336 0.7407407407407407 0.40078125 0.7407407407407407 0.39947916666666666 0.7356481481481482 0.4 0.7166666666666667 0.40625 0.7 0.41432291666666665 0.6981481481481482
4 0.45755208333333336 0.44722222222222224 0.459375 0.449537037037037 0.45859375 0.45555555555555555 0.453125 0.46296296296296297 0.4505208333333333 0.4597222222222222 0.4510416666666667 0.4527777777777778 0.45286458333333335 0.44814814814814813 0.45729166666666665 0.44722222222222224
4 0.44635416666666666 0.7689814814814815 0.4510416666666667 0.7703703703703704 0.4552083333333333 0.7759259259259259 0.4552083333333333 0.8037037037037037 0.45364583333333336 0.8111111111111111 0.44973958333333336 0.8134259259259259 0.43697916666666664 0.8125 0.4348958333333333 0.8074074074074075 0.4348958333333333 0.7935185185185185 0.43776041666666665 0.775 0.44036458333333334 0.7703703703703704 0.44609375 0.7689814814814815
4 0.46796875 0.562037037037037 0.471875 0.5675925925925925 0.47213541666666664 0.5745370370370371 0.4703125 0.5763888888888888 0.46432291666666664 0.5731481481481482 0.46484375 0.5625 0.46770833333333334 0.562037037037037
4 0.11276041666666667 0.9027777777777778 0.11770833333333333 0.9055555555555556 0.14427083333333332 0.9050925925925926 0.14869791666666668 0.9120370370370371 0.15442708333333333 0.9351851851851852 0.16171875 0.9319444444444445 0.16510416666666666 0.9356481481481481 0.16484375 0.9597222222222223 0.153125 0.9791666666666666 0.1484375 0.9949074074074075 0.13307291666666668 0.9958333333333333 0.12708333333333333 0.9921296296296296 0.10625 0.9949074074074075 0.1015625 0.9912037037037037 0.10026041666666667 0.9787037037037037 0.1015625 0.9319444444444445 0.1125 0.9032407407407408
1 0.4510416666666667 0.549074074074074 0.4549479166666667 0.5560185185185185 0.4549479166666667 0.5643518518518519 0.45260416666666664 0.5675925925925925 0.44609375 0.5675925925925925 0.44427083333333334 0.5648148148148148 0.44609375 0.5504629629629629 0.45078125 0.549074074074074
1 0.43255208333333334 0.6171296296296296 0.4354166666666667 0.6180555555555556 0.4375 0.6231481481481481 0.43697916666666664 0.6416666666666667 0.4354166666666667 0.6449074074074074 0.42578125 0.6453703703703704 0.42291666666666666 0.6407407407407407 0.4236979166666667 0.6319444444444444 0.4283854166666667 0.6189814814814815 0.4322916666666667 0.6171296296296296
2 0.35234375 0.725462962962963 0.35598958333333336 0.7296296296296296 0.35234375 0.750462962962963 0.34869791666666666 0.7532407407407408 0.34713541666666664 0.7486111111111111 0.34869791666666666 0.7287037037037037 0.35208333333333336 0.725925925925926