0 0.3390625 0.7546296296296297 0.3450520833333333 0.7555555555555555 0.34661458333333334 0.7597222222222222 0.34765625 0.7930555555555555 0.34348958333333335 0.8203703703703704 0.3299479166666667 0.8541666666666666 0.3138020833333333 0.8564814814814815 0.3067708333333333 0.8560185185185185 0.30364583333333334 0.8523148148148149 0.30364583333333334 0.8046296296296296 0.32057291666666665 0.7569444444444444 0.33880208333333334 0.7546296296296297
0 0.47421875 0.5476851851851852 0.4744791666666667 0.5847222222222223 0.4739583333333333 0.5893518518518519 0.47161458333333334 0.5907407407407408 0.46119791666666665 0.5888888888888889 0.46041666666666664 0.5708333333333333 0.4635416666666667 0.5481481481481482 0.4739583333333333 0.5476851851851852
4 0.3893229166666667 0.7129629629629629 0.3924479166666667 0.7203703703703703 0.39401041666666664 0.7416666666666667 0.38697916666666665 0.763425925925926 0.3697916666666667 0.762962962962963 0.3684895833333333 0.7537037037037037 0.37057291666666664 0.7379629629629629 0.3765625 0.7185185185185186 0.3807291666666667 0.7129629629629629 0.3890625 0.7129629629629629
4 0.46458333333333335 0.44722222222222224 0.46875 0.4527777777777778 0.46901041666666665 0.4564814814814815 0.4671875 0.4583333333333333 0.4596354166666667 0.45694444444444443 0.46067708333333335 0.449537037037037 0.46432291666666664 0.44722222222222224
4 0.0125 0.9314814814814815 0.025 0.9425925925925925 0.029427083333333333 0.9629629629629629 0.038802083333333334 0.9606481481481481 0.04505208333333333 0.9638888888888889 0.047135416666666666 0.9736111111111111 0.047135416666666666 0.9925925925925926 0.04375 0.999537037037037 0 0.9976851851851852 0 0.9361111111111111 0.012239583333333333 0.9314814814814815
4 0.42630208333333336 0.5171296296296296 0.42890625 0.5203703703703704 0.42864583333333334 0.5375 0.42734375 0.5430555555555555 0.4236979166666667 0.5449074074074074 0.41640625 0.5435185185185185 0.415625 0.5351851851851852 0.41822916666666665 0.5185185185185185 0.42604166666666665 0.5171296296296296
4 0.044270833333333336 0.7814814814814814 0.04739583333333333 0.7893518518518519 0.04609375 0.7967592592592593 0.0015625 0.8532407407407407 0 0.8532407407407407 0 0.8013888888888889 0.021354166666666667 0.7819444444444444 0.0375 0.7787037037037037 0.04401041666666667 0.7814814814814814
4 0.4549479166666667 0.5537037037037037 0.45729166666666665 0.5587962962962963 0.45729166666666665 0.5722222222222222 0.44947916666666665 0.575925925925926 0.44479166666666664 0.5726851851851852 0.44557291666666665 0.5583333333333333 0.4484375 0.5532407407407407 0.4546875 0.5537037037037037
4 0.41380208333333335 0.9023148148148148 0.42161458333333335 0.9092592592592592 0.42291666666666666 0.9217592592592593 0.41744791666666664 0.9657407407407408 0.41484375 0.9708333333333333 0.39010416666666664 0.9703703703703703 0.38697916666666665 0.9648148148148148 0.3927083333333333 0.9111111111111111 0.4005208333333333 0.9032407407407408 0.41354166666666664 0.9023148148148148
4 0.0609375 0.8958333333333334 0.07421875 0.899537037037037 0.09479166666666666 0.8962962962962963 0.09791666666666667 0.9027777777777778 0.11015625 0.9111111111111111 0.11015625 0.9180555555555555 0.1125 0.9203703703703704 0.11822916666666666 0.9185185185185185 0.11640625 0.9111111111111111 0.11953125 0.9078703703703703 0.13515625 0.9148148148148149 0.13645833333333332 0.9287037037037037 0.13359375 0.937962962962963 0.11822916666666666 0.9643518518518519 0.10494791666666667 0.9814814814814815 0.09895833333333333 0.9944444444444445 0.09296875 0.999537037037037 0.07890625 0.9972222222222222 0.051041666666666666 0.999537037037037 0.04869791666666667 0.9962962962962963 0.04791666666666667 0.9277777777777778 0.05677083333333333 0.899537037037037 0.06067708333333333 0.8958333333333334
4 0.4473958333333333 0.43495370370370373 0.007291666666666667 0.0125
4 0.45 0.4689814814814815 0.4518229166666667 0.4726851851851852 0.4518229166666667 0.48518518518518516 0.44947916666666665 0.49212962962962964 0.44296875 0.49027777777777776 0.4421875 0.47314814814814815 0.44453125 0.4689814814814815 0.44973958333333336 0.4689814814814815
4 0.51953125 0.500462962962963 0.5229166666666667 0.5027777777777778 0.5252604166666667 0.5092592592592593 0.525 0.5148148148148148 0.51953125 0.5199074074074074 0.50859375 0.5180555555555556 0.5026041666666666 0.512962962962963 0.5015625 0.5087962962962963 0.50859375 0.5013888888888889 0.5192708333333333 0.500462962962963
4 0.16380208333333332 0.8245370370370371 0.16901041666666666 0.8347222222222223 0.16875 0.8800925925925925 0.14505208333333333 0.9078703703703703 0.14036458333333332 0.8976851851851851 0.13697916666666668 0.899074074074074 0.13359375 0.9055555555555556 0.12005208333333334 0.9055555555555556 0.11640625 0.9027777777777778 0.11510416666666666 0.8976851851851851 0.11510416666666666 0.8587962962962963 0.12265625 0.8449074074074074 0.13359375 0.8324074074074074 0.14817708333333332 0.8324074074074074 0.15286458333333333 0.8240740740740741 0.16354166666666667 0.8245370370370371
4 0.075 0.7787037037037037 0.08359375 0.7819444444444444 0.0859375 0.7930555555555555 0.08359375 0.8282407407407407 0.07916666666666666 0.8412037037037037 0.06640625 0.8611111111111112 0.06067708333333333 0.8768518518518519 0.04453125 0.8976851851851851 0.029947916666666668 0.9041666666666667 0.010416666666666666 0.9055555555555556 0 0.9032407407407408 0 0.8546296296296296 0.02109375 0.825 0.040625 0.8046296296296296 0.048177083333333336 0.7930555555555555 0.04973958333333333 0.7861111111111111 0.061197916666666664 0.7796296296296297 0.07473958333333333 0.7787037037037037
4 0.4390625 0.399537037037037 0.44166666666666665 0.40925925925925927 0.4401041666666667 0.412962962962963 0.4354166666666667 0.412962962962963 0.434375 0.4101851851851852 0.43515625 0.4009259259259259 0.4388020833333333 0.399537037037037
4 0.46015625 0.5125 0.46432291666666664 0.5157407407407407 0.46510416666666665 0.5305555555555556 0.46380208333333334 0.5351851851851852 0.45989583333333334 0.5361111111111111 0.45364583333333336 0.5342592592592592 0.45234375 0.5291666666666667 0.45364583333333336 0.5157407407407407 0.45989583333333334 0.5125
4 0.4546875 0.41898148148148145 0.45598958333333334 0.4263888888888889 0.45338541666666665 0.42962962962962964 0.44973958333333336 0.4236111111111111 0.4544270833333333 0.41898148148148145
4 0.4778645833333333 0.5226851851851851 0.48151041666666666 0.5305555555555556 0.48151041666666666 0.5430555555555555 0.47890625 0.5449074074074074 0.47369791666666666 0.5449074074074074 0.46979166666666666 0.5398148148148149 0.47109375 0.5259259259259259 0.47317708333333336 0.5226851851851851 0.47760416666666666 0.5226851851851851
4 0.4544270833333333 0.3875 0.45651041666666664 0.38935185185185184 0.45677083333333335 0.3939814814814815 0.45286458333333335 0.40046296296296297 0.44921875 0.4 0.44895833333333335 0.3921296296296296 0.44973958333333336 0.3888888888888889 0.45416666666666666 0.3875
4 0.20989583333333334 0.8652777777777778 0.21119791666666668 0.8671296296296296 0.21015625 0.874537037037037 0.19270833333333334 0.9087962962962963 0.18463541666666666 0.9189814814814815 0.16458333333333333 0.9574074074074074 0.15807291666666667 0.9638888888888889 0.14583333333333334 0.9541666666666667 0.14348958333333334 0.9462962962962963 0.14322916666666666 0.9212962962962963 0.15 0.9064814814814814 0.1578125 0.8958333333333334 0.17890625 0.8847222222222222 0.19557291666666668 0.8662037037037037 0.20963541666666666 0.8652777777777778
4 0.46458333333333335 0.449537037037037 0.4708333333333333 0.4625 0.4705729166666667 0.49166666666666664 0.4666666666666667 0.49722222222222223 0.45989583333333334 0.49722222222222223 0.45651041666666664 0.4912037037037037 0.4588541666666667 0.4597222222222222 0.46432291666666664 0.449537037037037
3 0.4669270833333333 0.4532407407407407 0.47109375 0.4634259259259259 0.46979166666666666 0.49398148148148147 0.4669270833333333 0.49722222222222223 0.45989583333333334 0.49722222222222223 0.45677083333333335 0.49166666666666664 0.4588541666666667 0.4597222222222222 0.45989583333333334 0.4564814814814815 0.4666666666666667 0.4537037037037037
1 0.46458333333333335 0.44722222222222224 0.46901041666666665 0.4532407407407407 0.4669270833333333 0.4583333333333333 0.45989583333333334 0.4564814814814815 0.46067708333333335 0.449537037037037 0.46432291666666664 0.44722222222222224
1 0.51640625 0.5 0.5223958333333333 0.5023148148148148 0.5252604166666667 0.5101851851851852 0.52421875 0.5162037037037037 0.5190104166666667 0.5199074074074074 0.5091145833333334 0.5180555555555556 0.5028645833333333 0.5120370370370371 0.5046875 0.5050925925925925 0.5161458333333333 0.5
1 0.453125 0.4185185185185185 0.45598958333333334 0.4212962962962963 0.45546875 0.42824074074074076 0.45286458333333335 0.42962962962962964 0.45 0.42592592592592593 0.45026041666666666 0.4217592592592593 0.45286458333333335 0.41898148148148145
1 0.44036458333333334 0.5069444444444444 0.4427083333333333 0.5231481481481481 0.4401041666666667 0.5259259259259259 0.43385416666666665 0.5259259259259259 0.43255208333333334 0.5231481481481481 0.43411458333333336 0.5083333333333333 0.4401041666666667 0.5069444444444444
2 0.33932291666666664 0.6861111111111111 0.3421875 0.6888888888888889 0.3421875 0.7018518518518518 0.3359375 0.7111111111111111 0.334375 0.7101851851851851 0.33489583333333334 0.6967592592592593 0.3390625 0.6861111111111111
2 0.40130208333333334 0.662962962962963 0.40260416666666665 0.6648148148148149 0.40234375 0.6787037037037037 0.3984375 0.6819444444444445 0.3966145833333333 0.6666666666666666 0.39765625 0.662962962962963 0.4010416666666667 0.662962962962963
2 0.3921875 0.625 0.39401041666666664 0.6347222222222222 0.390625 0.6444444444444445 0.38828125 0.6407407407407407 0.38828125 0.6300925925925925 0.39010416666666664 0.624537037037037 0.3919270833333333 0.625
2 0.36875 0.6773148148148148 0.36953125 0.6842592592592592 0.36614583333333334 0.6976851851851852 0.3640625 0.6953703703703704 0.3640625 0.6810185185185185 0.3658854166666667 0.6768518518518518 0.3684895833333333 0.6773148148148148