4 0.37447916666666664 0.9819444444444444 0.38697916666666665 0.987037037037037 0.38776041666666666 0.999537037037037 0.35390625 0.999537037037037 0.35442708333333334 0.9953703703703703 0.36223958333333334 0.9847222222222223 0.37421875 0.9819444444444444
4 0.11510416666666666 0.9092592592592592 0.13697916666666668 0.9060185185185186 0.13880208333333333 0.925 0.13385416666666666 0.9314814814814815 0.1296875 0.9319444444444445 0.13723958333333333 0.9337962962962963 0.1390625 0.9462962962962963 0.13671875 0.961574074074074 0.1265625 0.9773148148148149 0.12161458333333333 0.9796296296296296 0.11276041666666667 0.9925925925925926 0.10651041666666666 0.9912037037037037 0.10572916666666667 0.9861111111111112 0.10442708333333334 0.9912037037037037 0.09765625 0.9875 0.0890625 0.9921296296296296 0.08151041666666667 0.9884259259259259 0.0796875 0.9814814814814815 0.07942708333333333 0.9435185185185185 0.08098958333333334 0.9324074074074075 0.09557291666666666 0.9148148148148149 0.10442708333333334 0.9101851851851852 0.11484375 0.9092592592592592
4 0.046875 0.8481481481481481 0.05130208333333333 0.8555555555555555 0.053385416666666664 0.875 0.04479166666666667 0.9120370370370371 0.028385416666666666 0.9393518518518519 0.019791666666666666 0.9601851851851851 0.0015625 0.9810185185185185 0 0.9810185185185185 0 0.875 0.022395833333333334 0.8513888888888889 0.046614583333333334 0.8481481481481481
4 0.42890625 0.4236111111111111 0.43359375 0.4263888888888889 0.43697916666666664 0.43287037037037035 0.4361979166666667 0.44583333333333336 0.434375 0.449537037037037 0.4283854166666667 0.449537037037037 0.42473958333333334 0.44583333333333336 0.42526041666666664 0.4263888888888889 0.42864583333333334 0.4236111111111111
4 0.4328125 0.5231481481481481 0.4348958333333333 0.5259259259259259 0.4356770833333333 0.5337962962962963 0.4354166666666667 0.5439814814814815 0.43333333333333335 0.5458333333333333 0.42526041666666664 0.5458333333333333 0.4236979166666667 0.5430555555555555 0.42526041666666664 0.5259259259259259 0.43255208333333334 0.5231481481481481
1 0.3953125 0.7152777777777778 0.39817708333333335 0.7175925925925926 0.3997395833333333 0.7245370370370371 0.3984375 0.7467592592592592 0.3958333333333333 0.7583333333333333 0.3802083333333333 0.7615740740740741 0.3770833333333333 0.7597222222222222 0.37604166666666666 0.7555555555555555 0.37890625 0.7356481481481482 0.38619791666666664 0.7171296296296297 0.39505208333333336 0.7152777777777778
1 0.42734375 0.5916666666666667 0.4309895833333333 0.6018518518518519 0.4309895833333333 0.611574074074074 0.4283854166666667 0.6185185185185185 0.4231770833333333 0.6194444444444445 0.4166666666666667 0.6171296296296296 0.4166666666666667 0.6023148148148149 0.4203125 0.5925925925925926 0.4270833333333333 0.5916666666666667
1 0.45989583333333334 0.6231481481481481 0.46510416666666665 0.6296296296296297 0.46328125 0.6541666666666667 0.45286458333333335 0.6527777777777778 0.4505208333333333 0.6476851851851851 0.4518229166666667 0.6268518518518519 0.4596354166666667 0.6231481481481481
1 0.365625 0.7824074074074074 0.36770833333333336 0.7902777777777777 0.36770833333333336 0.8050925925925926 0.36276041666666664 0.8268518518518518 0.35911458333333335 0.8291666666666667 0.34401041666666665 0.8282407407407407 0.34270833333333334 0.8226851851851852 0.34375 0.8018518518518518 0.35052083333333334 0.7875 0.359375 0.7819444444444444 0.3653645833333333 0.7824074074074074
1 0.5268229166666667 0.5611111111111111 0.53515625 0.5703703703703704 0.5359375 0.5777777777777777 0.5338541666666666 0.5814814814814815 0.5221354166666666 0.5791666666666667 0.51875 0.575 0.5171875 0.5638888888888889 0.5265625 0.5611111111111111
1 0.440625 0.7759259259259259 0.44947916666666665 0.7824074074074074 0.4473958333333333 0.7865740740740741 0.44583333333333336 0.8125 0.4434895833333333 0.8148148148148148 0.4283854166666667 0.8143518518518519 0.4270833333333333 0.8101851851851852 0.42864583333333334 0.7791666666666667 0.44036458333333334 0.7759259259259259
2 0.46380208333333334 0.5050925925925925 0.46848958333333335 0.5125 0.4671875 0.5189814814814815 0.46041666666666664 0.5162037037037037 0.46041666666666664 0.5074074074074074 0.4635416666666667 0.5050925925925925
2 0.36744791666666665 0.7180555555555556 0.36875 0.7328703703703704 0.36614583333333334 0.7453703703703703 0.36380208333333336 0.7462962962962963 0.36171875 0.736574074074074 0.3619791666666667 0.725462962962963 0.36328125 0.7203703703703703 0.3671875 0.7180555555555556
2 0.32890625 0.7375 0.3302083333333333 0.7407407407407407 0.3296875 0.7550925925925925 0.32447916666666665 0.7666666666666667 0.321875 0.763425925925926 0.3234375 0.7402777777777778 0.32447916666666665 0.737037037037037 0.32864583333333336 0.7375