4 0.4 0.687037037037037 0.4041666666666667 0.6925925925925925 0.4036458333333333 0.7101851851851851 0.39765625 0.7337962962962963 0.3765625 0.7337962962962963 0.375 0.7310185185185185 0.37473958333333335 0.7157407407407408 0.37916666666666665 0.6935185185185185 0.38177083333333334 0.6888888888888889 0.3997395833333333 0.687037037037037
4 0.42526041666666664 0.4212962962962963 0.4278645833333333 0.425 0.42552083333333335 0.4351851851851852 0.421875 0.4337962962962963 0.42083333333333334 0.42962962962962964 0.42135416666666664 0.42268518518518516 0.425 0.4212962962962963
4 0.0203125 0.7180555555555556 0.02265625 0.7203703703703703 0.025 0.7435185185185185 0.022916666666666665 0.7712962962962963 0.019791666666666666 0.7833333333333333 0.0018229166666666667 0.8013888888888889 0 0.8013888888888889 0 0.7189814814814814 0.020052083333333335 0.7180555555555556
4 0.36953125 0.4476851851851852 0.37161458333333336 0.45 0.37161458333333336 0.45740740740740743 0.36614583333333334 0.4638888888888889 0.36354166666666665 0.46111111111111114 0.3640625 0.4527777777777778 0.3651041666666667 0.44907407407407407 0.3692708333333333 0.4476851851851852
4 0.42864583333333334 0.3921296296296296 0.43072916666666666 0.3972222222222222 0.42890625 0.40185185185185185 0.42265625 0.3990740740740741 0.42421875 0.39305555555555555 0.4283854166666667 0.3921296296296296
4 0.4635416666666667 0.46064814814814814 0.46588541666666666 0.4634259259259259 0.46588541666666666 0.47685185185185186 0.4640625 0.4777777777777778 0.45651041666666664 0.475 0.45807291666666666 0.4652777777777778 0.46328125 0.46064814814814814
4 0.08229166666666667 0.7694444444444445 0.10104166666666667 0.7717592592592593 0.11276041666666667 0.7694444444444445 0.1140625 0.774537037037037 0.1140625 0.8245370370370371 0.10963541666666667 0.8287037037037037 0.09427083333333333 0.8300925925925926 0.08489583333333334 0.8236111111111111 0.06796875 0.8398148148148148 0.06536458333333334 0.8393518518518519 0.0640625 0.8337962962962963 0.06354166666666666 0.8416666666666667 0.0609375 0.8458333333333333 0.05625 0.8458333333333333 0.05234375 0.8402777777777778 0.05260416666666667 0.7916666666666666 0.057291666666666664 0.7851851851851852 0.06067708333333333 0.7898148148148149 0.0640625 0.787962962962963 0.06536458333333334 0.7763888888888889 0.06744791666666666 0.7736111111111111 0.08203125 0.7694444444444445
4 0.45729166666666665 0.44074074074074077 0.4625 0.4476851851851852 0.46328125 0.4527777777777778 0.46067708333333335 0.45601851851851855 0.45416666666666666 0.4527777777777778 0.4544270833333333 0.4449074074074074 0.45703125 0.44074074074074077
4 0.43046875 0.43842592592592594 0.43828125 0.4388888888888889 0.44114583333333335 0.45 0.44036458333333334 0.4699074074074074 0.42994791666666665 0.4703703703703704 0.4278645833333333 0.449537037037037 0.43046875 0.4388888888888889
4 0.42526041666666664 0.6412037037037037 0.42864583333333334 0.6430555555555556 0.43046875 0.6523148148148148 0.42864583333333334 0.6680555555555555 0.42526041666666664 0.6685185185185185 0.42291666666666666 0.6555555555555556 0.42526041666666664 0.6416666666666667
4 0.446875 0.43796296296296294 0.45026041666666666 0.4393518518518518 0.4513020833333333 0.44305555555555554 0.44973958333333336 0.45046296296296295 0.4466145833333333 0.4527777777777778 0.4427083333333333 0.45092592592592595 0.44114583333333335 0.44351851851851853 0.44192708333333336 0.4388888888888889 0.4466145833333333 0.43796296296296294
3 0.04479166666666667 0.7777777777777778 0.058333333333333334 0.7791666666666667 0.06302083333333333 0.799074074074074 0.06302083333333333 0.8310185185185185 0.0609375 0.8444444444444444 0.04348958333333333 0.8680555555555556 0.04114583333333333 0.8773148148148148 0.043229166666666666 0.8791666666666667 0.05390625 0.8703703703703703 0.06067708333333333 0.8773148148148148 0.06197916666666667 0.887962962962963 0.061197916666666664 0.8972222222222223 0.053385416666666664 0.899074074074074 0.04010416666666667 0.9125 0.03671875 0.9092592592592592 0.03411458333333333 0.8935185185185185 0.029427083333333333 0.888425925925926 0.012239583333333333 0.9013888888888889 0 0.9060185185185186 0 0.8083333333333333 0.008854166666666666 0.799074074074074 0.04453125 0.7777777777777778
3 0.13151041666666666 0.8097222222222222 0.13385416666666666 0.8157407407407408 0.14609375 0.8166666666666667 0.1453125 0.8208333333333333 0.09583333333333334 0.8842592592592593 0.08541666666666667 0.8921296296296296 0.08072916666666667 0.8898148148148148 0.07916666666666666 0.8782407407407408 0.08411458333333334 0.8486111111111111 0.0875 0.8402777777777778 0.09140625 0.8342592592592593 0.0984375 0.8300925925925926 0.1125 0.8296296296296296 0.12838541666666667 0.8101851851851852 0.13125 0.8097222222222222
1 0.42526041666666664 0.4212962962962963 0.4278645833333333 0.425 0.42526041666666664 0.4351851851851852 0.42161458333333335 0.43287037037037035 0.42083333333333334 0.4287037037037037 0.42161458333333335 0.4222222222222222 0.425 0.4212962962962963
1 0.41171875 0.4111111111111111 0.4114583333333333 0.4074074074074074 0.41484375 0.4013888888888889 0.4197916666666667 0.4041666666666667 0.4192708333333333 0.4111111111111111 0.4119791666666667 0.4111111111111111
1 0.3453125 0.5916666666666667 0.35833333333333334 0.5986111111111111 0.36015625 0.6023148148148149 0.359375 0.6111111111111112 0.3528645833333333 0.6152777777777778 0.3416666666666667 0.6134259259259259 0.33619791666666665 0.5967592592592592 0.3380208333333333 0.5935185185185186 0.3450520833333333 0.5921296296296297
1 0.45078125 0.45416666666666666 0.45364583333333336 0.45694444444444443 0.4544270833333333 0.462037037037037 0.45390625 0.4666666666666667 0.4515625 0.4675925925925926 0.4466145833333333 0.4671296296296296 0.4453125 0.4634259259259259 0.44583333333333336 0.4564814814814815 0.4505208333333333 0.45416666666666666
1 0.45703125 0.4412037037037037 0.45989583333333334 0.44212962962962965 0.4627604166666667 0.449537037037037 0.4630208333333333 0.4532407407407407 0.46015625 0.45601851851851855 0.45416666666666666 0.4527777777777778 0.4546875 0.4449074074074074 0.45677083333333335 0.4412037037037037
1 0.46171875 0.4888888888888889 0.4630208333333333 0.4935185185185185 0.46171875 0.5050925925925925 0.45416666666666666 0.5050925925925925 0.45286458333333335 0.5018518518518519 0.4546875 0.4888888888888889 0.46145833333333336 0.4888888888888889
1 0.35625 0.9287037037037037 0.36614583333333334 0.9347222222222222 0.36744791666666665 0.9398148148148148 0.36614583333333334 0.9652777777777778 0.359375 0.9847222222222223 0.35911458333333335 0.9944444444444445 0.35651041666666666 0.999537037037037 0.33671875 0.999537037037037 0.33515625 0.9972222222222222 0.32734375 0.999537037037037 0.32083333333333336 0.9953703703703703 0.32109375 0.9819444444444444 0.3302083333333333 0.9462962962962963 0.328125 0.9384259259259259 0.34270833333333334 0.9291666666666667 0.35598958333333336 0.9287037037037037
2 0.42864583333333334 0.6472222222222223 0.43020833333333336 0.6597222222222222 0.42864583333333334 0.6680555555555555 0.4265625 0.6685185185185185 0.42526041666666664 0.6685185185185185 0.4234375 0.6509259259259259 0.42526041666666664 0.6458333333333334 0.4283854166666667 0.6472222222222223
2 0.47213541666666664 0.5185185185185185 0.4744791666666667 0.5212962962962963 0.47421875 0.5342592592592592 0.47161458333333334 0.5365740740740741 0.46875 0.5351851851851852 0.46848958333333335 0.5305555555555556 0.46979166666666666 0.5189814814814815 0.471875 0.5185185185185185
2 0.4609375 0.5453703703703704 0.46328125 0.5537037037037037 0.46041666666666664 0.5638888888888889 0.4583333333333333 0.5606481481481481 0.45807291666666666 0.5513888888888889 0.46067708333333335 0.5453703703703704