4 0.453125 0.6333333333333333 0.45651041666666664 0.6370370370370371 0.45677083333333335 0.6541666666666667 0.45338541666666665 0.6587962962962963 0.44973958333333336 0.649074074074074 0.44635416666666666 0.6574074074074074 0.4421875 0.6574074074074074 0.4401041666666667 0.6541666666666667 0.44140625 0.6370370370370371 0.45286458333333335 0.6333333333333333
4 0.4359375 0.5800925925925926 0.4390625 0.5842592592592593 0.4390625 0.5916666666666667 0.43723958333333335 0.5930555555555556 0.4328125 0.5925925925925926 0.43203125 0.5898148148148148 0.43255208333333334 0.5837962962962963 0.4356770833333333 0.5800925925925926
4 0.7799479166666666 0.7152777777777778 0.78671875 0.7166666666666667 0.7903645833333334 0.7208333333333333 0.7927083333333333 0.7310185185185185 0.8033854166666666 0.7337962962962963 0.8080729166666667 0.7402777777777778 0.80703125 0.75 0.8036458333333333 0.7546296296296297 0.78359375 0.7583333333333333 0.7760416666666666 0.7550925925925925 0.7723958333333333 0.75 0.7653645833333333 0.7513888888888889 0.7580729166666667 0.7458333333333333 0.75625 0.7402777777777778 0.7580729166666667 0.7300925925925926 0.7708333333333334 0.7240740740740741 0.7729166666666667 0.7152777777777778 0.7796875 0.7152777777777778
4 0.3731770833333333 0.6643518518518519 0.3768229166666667 0.6685185185185185 0.3765625 0.6865740740740741 0.3731770833333333 0.6898148148148148 0.37161458333333336 0.6861111111111111 0.37083333333333335 0.6731481481481482 0.3729166666666667 0.6648148148148149
4 0.348046875 0.6893518518518519 0.007552083333333333 0.024074074074074074
4 0.03671875 0.7171296296296297 0.03984375 0.7305555555555555 0.04375 0.7300925925925926 0.046614583333333334 0.7171296296296297 0.05026041666666667 0.7171296296296297 0.053125 0.7240740740740741 0.0484375 0.7324074074074074 0.05026041666666667 0.7541666666666667 0.043229166666666666 0.7541666666666667 0.03984375 0.7356481481481482 0.03802083333333333 0.7550925925925925 0.03567708333333333 0.7592592592592593 0.029947916666666668 0.7587962962962963 0.029427083333333333 0.7532407407407408 0.030989583333333334 0.7240740740740741 0.036458333333333336 0.7171296296296297
4 0.4080729166666667 0.6143518518518518 0.4161458333333333 0.6300925925925925 0.41744791666666664 0.6398148148148148 0.4161458333333333 0.6513888888888889 0.4075520833333333 0.662962962962963 0.4010416666666667 0.6666666666666666 0.39296875 0.6638888888888889 0.39140625 0.6407407407407407 0.3924479166666667 0.6263888888888889 0.39765625 0.6157407407407407 0.4078125 0.6143518518518518
1 0.2875 0.8796296296296297 0.30130208333333336 0.8930555555555556 0.30364583333333334 0.9064814814814814 0.30364583333333334 0.9199074074074074 0.3 0.9384259259259259 0.29296875 0.9398148148148148 0.2838541666666667 0.9523148148148148 0.2791666666666667 0.9740740740740741 0.24322916666666666 0.9708333333333333 0.23072916666666668 0.975925925925926 0.22734375 0.975 0.221875 0.9638888888888889 0.221875 0.9453703703703704 0.22395833333333334 0.9296296296296296 0.2375 0.9 0.24791666666666667 0.8865740740740741 0.2557291666666667 0.8814814814814815 0.26796875 0.8782407407407408 0.2872395833333333 0.8796296296296297
1 0.42239583333333336 0.6546296296296297 0.42994791666666665 0.6611111111111111 0.43046875 0.6717592592592593 0.42864583333333334 0.675 0.42161458333333335 0.6763888888888889 0.41901041666666666 0.6754629629629629 0.41822916666666665 0.6708333333333333 0.415625 0.6773148148148148 0.4088541666666667 0.675 0.409375 0.6638888888888889 0.41302083333333334 0.6578703703703703 0.42213541666666665 0.6546296296296297
1 0.4361979166666667 0.5805555555555556 0.4390625 0.5851851851851851 0.4390625 0.5912037037037037 0.43723958333333335 0.5930555555555556 0.4322916666666667 0.5916666666666667 0.4322916666666667 0.5847222222222223 0.4359375 0.5805555555555556
2 0.35572916666666665 0.6717592592592593 0.359375 0.6773148148148148 0.3575520833333333 0.6921296296296297 0.3536458333333333 0.6925925925925925 0.35208333333333336 0.6814814814814815 0.35572916666666665 0.6722222222222223
2 0.2515625 0.7217592592592592 0.2565104166666667 0.7268518518518519 0.25729166666666664 0.7412037037037037 0.23671875 0.7407407407407407 0.2375 0.725 0.24609375 0.7268518518518519 0.2513020833333333 0.7222222222222222
2 0.3489583333333333 0.6782407407407407 0.35130208333333335 0.6847222222222222 0.35130208333333335 0.6925925925925925 0.34869791666666666 0.700925925925926 0.3453125 0.700925925925926 0.34427083333333336 0.6958333333333333 0.3453125 0.6800925925925926 0.34869791666666666 0.6782407407407407
2 0.30026041666666664 0.6944444444444444 0.30364583333333334 0.6944444444444444 0.30546875 0.7013888888888888 0.30364583333333334 0.7162037037037037 0.29739583333333336 0.7166666666666667 0.30026041666666664 0.6949074074074074
2 0.37395833333333334 0.6662037037037037 0.3765625 0.6685185185185185 0.37734375 0.6819444444444445 0.3763020833333333 0.6875 0.3736979166666667 0.6898148148148148 0.37213541666666666 0.6888888888888889 0.37109375 0.6796296296296296 0.37135416666666665 0.6712962962962963 0.3736979166666667 0.6662037037037037