4 0.3416666666666667 0.7712962962962963 0.34296875 0.7935185185185185 0.33932291666666664 0.8037037037037037 0.33515625 0.8060185185185185 0.3223958333333333 0.8037037037037037 0.32083333333333336 0.7949074074074074 0.32135416666666666 0.7796296296296297 0.32708333333333334 0.7708333333333334 0.34140625 0.7712962962962963
4 0.34817708333333336 0.8865740740740741 0.35572916666666665 0.9027777777777778 0.3528645833333333 0.9143518518518519 0.3567708333333333 0.925 0.35572916666666665 0.9601851851851851 0.340625 0.975 0.33645833333333336 0.9842592592592593 0.33567708333333335 0.9944444444444445 0.33203125 0.999537037037037 0.3182291666666667 0.999537037037037 0.3140625 0.9967592592592592 0.3106770833333333 0.999537037037037 0.27838541666666666 0.999537037037037 0.27734375 0.9898148148148148 0.28151041666666665 0.9685185185185186 0.28151041666666665 0.9194444444444444 0.28411458333333334 0.9138888888888889 0.31171875 0.8870370370370371 0.31953125 0.8847222222222222 0.34791666666666665 0.8865740740740741
4 0.05390625 0.7717592592592593 0.054427083333333334 0.7824074074074074 0.05807291666666667 0.7898148148148149 0.05859375 0.8074074074074075 0.05364583333333333 0.8453703703703703 0.050520833333333334 0.8430555555555556 0.05026041666666667 0.8300925925925926 0.04739583333333333 0.825 0.0125 0.8351851851851851 0 0.8351851851851851 0 0.8310185185185185 0.01171875 0.8212962962962963 0.0109375 0.8166666666666667 0.013802083333333333 0.8078703703703703 0.01328125 0.8037037037037037 0.0234375 0.7791666666666667 0.03125 0.774537037037037 0.05364583333333333 0.7717592592592593
4 0.7703125 0.7736111111111111 0.7768229166666667 0.7759259259259259 0.7809895833333333 0.7930555555555555 0.7901041666666667 0.7953703703703704 0.79296875 0.8074074074074075 0.8057291666666667 0.8138888888888889 0.8033854166666666 0.825462962962963 0.7932291666666667 0.8314814814814815 0.7799479166666666 0.8310185185185185 0.765625 0.8217592592592593 0.7515625 0.8185185185185185 0.7447916666666666 0.8106481481481481 0.7447916666666666 0.7921296296296296 0.7473958333333334 0.7824074074074074 0.7619791666666667 0.7736111111111111 0.7700520833333333 0.7736111111111111
4 0.45091145833333335 0.7696759259259259 0.009114583333333334 0.02824074074074074
4 0.19765625 0.8958333333333334 0.21276041666666667 0.9087962962962963 0.21328125 0.9291666666666667 0.2078125 0.9513888888888888 0.19583333333333333 0.9550925925925926 0.18671875 0.9629629629629629 0.18333333333333332 0.9740740740740741 0.17890625 0.9787037037037037 0.17395833333333333 0.9745370370370371 0.14479166666666668 0.9800925925925926 0.13307291666666668 0.9800925925925926 0.13046875 0.9745370370370371 0.13359375 0.9476851851851852 0.14244791666666667 0.9319444444444445 0.14375 0.925 0.14947916666666666 0.9208333333333333 0.16119791666666666 0.9041666666666667 0.16796875 0.899537037037037 0.17864583333333334 0.8958333333333334 0.19739583333333333 0.8958333333333334
4 0.09244791666666667 0.7819444444444444 0.09869791666666666 0.7925925925925926 0.10234375 0.7833333333333333 0.10572916666666667 0.7893518518518519 0.10807291666666667 0.7842592592592592 0.11223958333333334 0.7819444444444444 0.13125 0.7814814814814814 0.13411458333333334 0.7851851851851852 0.13411458333333334 0.8 0.1125 0.8064814814814815 0.109375 0.7976851851851852 0.10729166666666666 0.7976851851851852 0.10729166666666666 0.8078703703703703 0.10234375 0.8111111111111111 0.0984375 0.8083333333333333 0.0953125 0.799074074074074 0.09427083333333333 0.8106481481481481 0.0765625 0.8157407407407408 0.07239583333333334 0.8138888888888889 0.075 0.7902777777777777 0.078125 0.7856481481481481 0.0921875 0.7819444444444444
4 0.3216145833333333 0.8111111111111111 0.32447916666666665 0.8125 0.33125 0.8245370370370371 0.32890625 0.8453703703703703 0.3234375 0.8476851851851852 0.31744791666666666 0.8564814814814815 0.29453125 0.8569444444444444 0.290625 0.8532407407407407 0.2916666666666667 0.8379629629629629 0.29973958333333334 0.8180555555555555 0.3059895833333333 0.8134259259259259 0.32135416666666666 0.8111111111111111
4 0.47317708333333336 0.6995370370370371 0.47421875 0.7106481481481481 0.47161458333333334 0.7171296296296297 0.46796875 0.7185185185185186 0.4640625 0.7166666666666667 0.46432291666666664 0.7027777777777777 0.4666666666666667 0.6972222222222222 0.47291666666666665 0.6995370370370371
4 0.43307291666666664 0.6759259259259259 0.43671875 0.6861111111111111 0.4356770833333333 0.6944444444444444 0.43255208333333334 0.6976851851851852 0.42526041666666664 0.6967592592592593 0.4244791666666667 0.687037037037037 0.42578125 0.6787037037037037 0.4328125 0.6759259259259259
4 0.42630208333333336 0.700925925925926 0.4390625 0.7050925925925926 0.440625 0.7092592592592593 0.4393229166666667 0.7143518518518519 0.428125 0.7166666666666667 0.41901041666666666 0.7134259259259259 0.4205729166666667 0.7069444444444445 0.42604166666666665 0.700925925925926
4 0.4231770833333333 0.7523148148148148 0.42578125 0.7550925925925925 0.42604166666666665 0.7694444444444445 0.42526041666666664 0.7773148148148148 0.42213541666666665 0.7805555555555556 0.4114583333333333 0.7800925925925926 0.40989583333333335 0.7717592592592593 0.41119791666666666 0.7537037037037037 0.42291666666666666 0.7523148148148148
4 0.45546875 0.7069444444444445 0.45755208333333336 0.7106481481481481 0.45807291666666666 0.7208333333333333 0.45338541666666665 0.725 0.44609375 0.7222222222222222 0.4453125 0.7152777777777778 0.44895833333333335 0.7078703703703704 0.4552083333333333 0.7069444444444445
4 0.36744791666666665 0.7578703703703704 0.37109375 0.7615740740740741 0.3734375 0.7722222222222223 0.35625 0.7921296296296296 0.35260416666666666 0.7898148148148149 0.35182291666666665 0.7828703703703703 0.35520833333333335 0.7643518518518518 0.359375 0.7583333333333333 0.3671875 0.7578703703703704
3 0.40130208333333334 0.737037037037037 0.40859375 0.7402777777777778 0.41041666666666665 0.7481481481481481 0.40989583333333335 0.8046296296296296 0.4078125 0.8143518518518519 0.39453125 0.8351851851851851 0.36276041666666664 0.8337962962962963 0.35885416666666664 0.8212962962962963 0.3580729166666667 0.7902777777777777 0.37994791666666666 0.7652777777777777 0.38385416666666666 0.7402777777777778 0.38984375 0.737037037037037 0.4010416666666667 0.737037037037037
1 0.45390625 0.7069444444444445 0.45677083333333335 0.7092592592592593 0.45807291666666666 0.7203703703703703 0.45338541666666665 0.7245370370370371 0.44609375 0.7217592592592592 0.4453125 0.7152777777777778 0.4484375 0.7083333333333334 0.45364583333333336 0.7069444444444445
2 0.45143229166666665 0.7706018518518518 0.007552083333333333 0.02638888888888889