0 0.44036458333333334 0.6787037037037037 0.4440104166666667 0.6819444444444445 0.44427083333333334 0.6925925925925925 0.43984375 0.7546296296296297 0.4356770833333333 0.7620370370370371 0.41640625 0.7597222222222222 0.415625 0.736574074074074 0.4171875 0.7129629629629629 0.4231770833333333 0.6824074074074075 0.42864583333333334 0.6782407407407407 0.4401041666666667 0.6787037037037037
4 0.45026041666666666 0.625 0.45546875 0.6291666666666667 0.45703125 0.6472222222222223 0.45651041666666664 0.6555555555555556 0.4513020833333333 0.6592592592592592 0.4421875 0.6592592592592592 0.43984375 0.6541666666666667 0.44192708333333336 0.6277777777777778 0.45 0.625
4 0.45546875 0.4777777777777778 0.4578125 0.4837962962962963 0.45755208333333336 0.5009259259259259 0.4552083333333333 0.5273148148148148 0.45286458333333335 0.5314814814814814 0.4393229166666667 0.5300925925925926 0.43828125 0.5208333333333334 0.4434895833333333 0.4810185185185185 0.44869791666666664 0.47685185185185186 0.4552083333333333 0.4777777777777778
4 0.06953125 0.7342592592592593 0.0734375 0.7379629629629629 0.07526041666666666 0.7523148148148148 0.075 0.7657407407407407 0.06979166666666667 0.7902777777777777 0.058854166666666666 0.8083333333333333 0.04895833333333333 0.8305555555555556 0.03229166666666667 0.8476851851851852 0.00546875 0.85 0 0.8486111111111111 0 0.7870370370370371 0.00625 0.7768518518518519 0.005989583333333334 0.7722222222222223 0.0020833333333333333 0.7657407407407407 0.00625 0.7518518518518519 0.0046875 0.7425925925925926 0.01484375 0.737037037037037 0.0296875 0.736574074074074 0.03307291666666667 0.7375 0.036458333333333336 0.7458333333333333 0.05416666666666667 0.7342592592592593 0.06927083333333334 0.7342592592592593
4 0.44140625 0.41574074074074074 0.44479166666666664 0.4212962962962963 0.4453125 0.42962962962962964 0.4432291666666667 0.43333333333333335 0.43802083333333336 0.43333333333333335 0.4359375 0.42916666666666664 0.4359375 0.41805555555555557 0.44114583333333335 0.41574074074074074
4 0.42916666666666664 0.5148148148148148 0.4309895833333333 0.5189814814814815 0.4317708333333333 0.5361111111111111 0.42890625 0.5393518518518519 0.421875 0.5398148148148149 0.41901041666666666 0.5370370370370371 0.4203125 0.5222222222222223 0.4234375 0.5152777777777777 0.42890625 0.5148148148148148
4 0.43020833333333336 0.4152777777777778 0.43255208333333334 0.4185185185185185 0.43255208333333334 0.42453703703703705 0.43046875 0.42777777777777776 0.42526041666666664 0.4273148148148148 0.4239583333333333 0.4222222222222222 0.42526041666666664 0.4152777777777778 0.42994791666666665 0.4152777777777778
4 0.453125 0.44537037037037036 0.453125 0.43842592592592594 0.4557291666666667 0.43425925925925923 0.45989583333333334 0.43472222222222223 0.46171875 0.44305555555555554 0.4596354166666667 0.44675925925925924 0.45338541666666665 0.44537037037037036
4 0.15807291666666667 0.7819444444444444 0.15989583333333332 0.8027777777777778 0.159375 0.8324074074074074 0.15572916666666667 0.8388888888888889 0.14713541666666666 0.8425925925925926 0.13463541666666667 0.8574074074074074 0.13098958333333333 0.8550925925925926 0.13020833333333334 0.836574074074074 0.12786458333333334 0.8537037037037037 0.10885416666666667 0.8541666666666666 0.10677083333333333 0.8518518518518519 0.10520833333333333 0.8143518518518519 0.10651041666666666 0.8050925925925926 0.12291666666666666 0.7842592592592592 0.1578125 0.7819444444444444
4 0.42578125 0.6351851851851852 0.43046875 0.6402777777777777 0.43203125 0.65 0.4296875 0.6638888888888889 0.4265625 0.6680555555555555 0.41380208333333335 0.6680555555555555 0.4122395833333333 0.6652777777777777 0.41484375 0.6370370370370371 0.42552083333333335 0.6351851851851852
4 0.05130208333333333 0.8393518518518519 0.06432291666666666 0.8430555555555556 0.08515625 0.8407407407407408 0.09375 0.8523148148148149 0.09791666666666667 0.8782407407407408 0.1015625 0.8773148148148148 0.10208333333333333 0.8731481481481481 0.10911458333333333 0.8731481481481481 0.115625 0.8800925925925925 0.10911458333333333 0.9083333333333333 0.078125 0.9439814814814815 0.0640625 0.9375 0.04244791666666667 0.9398148148148148 0.03802083333333333 0.9356481481481481 0.03619791666666667 0.9300925925925926 0.03697916666666667 0.8722222222222222 0.046614583333333334 0.8435185185185186 0.051041666666666666 0.8393518518518519
4 0.4359375 0.44074074074074077 0.4375 0.45740740740740743 0.4356770833333333 0.462037037037037 0.42864583333333334 0.4615740740740741 0.4270833333333333 0.4583333333333333 0.4278645833333333 0.4425925925925926 0.4356770833333333 0.44074074074074077
4 0.4747395833333333 0.48518518518518516 0.47630208333333335 0.5055555555555555 0.47265625 0.5101851851851852 0.46536458333333336 0.5078703703703704 0.46458333333333335 0.49027777777777776 0.4669270833333333 0.4842592592592593 0.4744791666666667 0.48518518518518516
4 0.4088541666666667 0.5199074074074074 0.4125 0.5226851851851851 0.41328125 0.5407407407407407 0.4109375 0.5611111111111111 0.4078125 0.5652777777777778 0.39557291666666666 0.5638888888888889 0.39375 0.5606481481481481 0.3932291666666667 0.5458333333333333 0.39765625 0.5231481481481481 0.40859375 0.5199074074074074
4 0.46119791666666665 0.46064814814814814 0.4635416666666667 0.4736111111111111 0.4609375 0.4773148148148148 0.45625 0.4773148148148148 0.45338541666666665 0.4736111111111111 0.4549479166666667 0.46064814814814814 0.4596354166666667 0.4583333333333333 0.4609375 0.46064814814814814
4 0.43723958333333335 0.3824074074074074 0.4388020833333333 0.387037037037037 0.4359375 0.3939814814814815 0.4322916666666667 0.3925925925925926 0.4317708333333333 0.3861111111111111 0.43515625 0.3814814814814815 0.43697916666666664 0.3824074074074074
4 0.4421875 0.5597222222222222 0.4466145833333333 0.5638888888888889 0.4473958333333333 0.5712962962962963 0.44635416666666666 0.5847222222222223 0.4434895833333333 0.5888888888888889 0.4328125 0.5888888888888889 0.43072916666666666 0.5814814814814815 0.43333333333333335 0.5638888888888889 0.4356770833333333 0.5601851851851852 0.44192708333333336 0.5597222222222222
4 0.45651041666666664 0.5805555555555556 0.4583333333333333 0.5930555555555556 0.45625 0.6037037037037037 0.453125 0.6032407407407407 0.45208333333333334 0.5953703703703703 0.45286458333333335 0.5842592592592593 0.45625 0.5805555555555556
4 0.15234375 0.8439814814814814 0.171875 0.8449074074074074 0.17552083333333332 0.8592592592592593 0.16197916666666667 0.8875 0.14609375 0.9101851851851852 0.140625 0.9078703703703703 0.13671875 0.9004629629629629 0.13463541666666667 0.8902777777777777 0.13489583333333333 0.8763888888888889 0.13828125 0.8592592592592593 0.14296875 0.8490740740740741 0.15208333333333332 0.8439814814814814
4 0.45989583333333334 0.4425925925925926 0.4622395833333333 0.4476851851851852 0.4630208333333333 0.45694444444444443 0.45989583333333334 0.4597222222222222 0.45390625 0.45694444444444443 0.45338541666666665 0.44583333333333336 0.4596354166666667 0.44305555555555554
3 0.196875 0.8226851851851852 0.19817708333333334 0.8277777777777777 0.19661458333333334 0.8314814814814815 0.17395833333333333 0.8643518518518518 0.15078125 0.9055555555555556 0.1453125 0.9106481481481481 0.13880208333333333 0.9037037037037037 0.13515625 0.8912037037037037 0.13541666666666666 0.875 0.13932291666666666 0.8560185185185185 0.14348958333333334 0.8476851851851852 0.15104166666666666 0.8430555555555556 0.16484375 0.8421296296296297 0.17708333333333334 0.825 0.19661458333333334 0.8226851851851852
3 0.15494791666666666 0.7814814814814814 0.15833333333333333 0.7828703703703703 0.159375 0.8314814814814815 0.15442708333333333 0.8384259259259259 0.14583333333333334 0.8425925925925926 0.13671875 0.8560185185185185 0.13229166666666667 0.8555555555555555 0.13203125 0.8416666666666667 0.13411458333333334 0.8347222222222223 0.13229166666666667 0.8314814814814815 0.13255208333333332 0.8245370370370371 0.13359375 0.8222222222222222 0.14088541666666668 0.8240740740740741 0.14765625 0.8212962962962963 0.1484375 0.8092592592592592 0.14322916666666666 0.8092592592592592 0.14036458333333332 0.8018518518518518 0.13385416666666666 0.8018518518518518 0.13046875 0.7935185185185185 0.1265625 0.8032407407407407 0.12317708333333334 0.799537037037037 0.11015625 0.8069444444444445 0.11041666666666666 0.8106481481481481 0.10677083333333333 0.8175925925925925 0.10651041666666666 0.8291666666666667 0.10963541666666667 0.8356481481481481 0.11848958333333333 0.8384259259259259 0.11822916666666666 0.8449074074074074 0.10572916666666667 0.8435185185185186 0.103125 0.8490740740740741 0.10572916666666667 0.8527777777777777 0.12447916666666667 0.8532407407407407 0.12421875 0.8486111111111111 0.1203125 0.8449074074074074 0.12552083333333333 0.8384259259259259 0.1265625 0.8310185185185185 0.128125 0.8648148148148148 0.12604166666666666 0.8800925925925925 0.11588541666666667 0.8925925925925926 0.10260416666666666 0.9180555555555555 0.078125 0.9439814814814815 0.0640625 0.937962962962963 0.04296875 0.9402777777777778 0.03619791666666667 0.9328703703703703 0.03515625 0.8925925925925926 0.036458333333333336 0.8703703703703703 0.04973958333333333 0.8347222222222223 0.06067708333333333 0.8194444444444444 0.09192708333333334 0.7875 0.12473958333333333 0.7842592592592592 0.14375 0.7856481481481481 0.1546875 0.7814814814814814
1 0.4361979166666667 0.3824074074074074 0.43854166666666666 0.387037037037037 0.4356770833333333 0.3939814814814815 0.4322916666666667 0.3921296296296296 0.4317708333333333 0.38657407407407407 0.4359375 0.3824074074074074
1 0.46041666666666664 0.4601851851851852 0.46328125 0.4703703703703704 0.46328125 0.475462962962963 0.46041666666666664 0.4773148148148148 0.4557291666666667 0.47685185185185186 0.45338541666666665 0.47129629629629627 0.4552083333333333 0.46064814814814814 0.46015625 0.4601851851851852
1 0.42682291666666666 0.37453703703703706 0.42916666666666664 0.3800925925925926 0.42604166666666665 0.38472222222222224 0.421875 0.3837962962962963 0.42161458333333335 0.37916666666666665 0.4236979166666667 0.37453703703703706 0.4265625 0.37453703703703706
1 0.46015625 0.44351851851851853 0.4630208333333333 0.45555555555555555 0.46015625 0.4601851851851852 0.4544270833333333 0.4587962962962963 0.45338541666666665 0.4513888888888889 0.45390625 0.44583333333333336 0.45989583333333334 0.44351851851851853
2 0.46770833333333334 0.525 0.46927083333333336 0.538425925925926 0.4671875 0.5430555555555555 0.46510416666666665 0.538425925925926 0.46458333333333335 0.5277777777777778 0.4674479166666667 0.525
2 0.45651041666666664 0.5819444444444445 0.45807291666666666 0.5898148148148148 0.45651041666666664 0.6037037037037037 0.45286458333333335 0.6023148148148149 0.45208333333333334 0.5949074074074074 0.453125 0.5847222222222223 0.45625 0.5819444444444445
2 0.45924479166666665 0.555787037037037 0.004427083333333333 0.018055555555555554
2 0.41822916666666665 0.49074074074074076 0.4205729166666667 0.4949074074074074 0.4203125 0.5046296296296297 0.41822916666666665 0.5069444444444444 0.4161458333333333 0.5023148148148148 0.41796875 0.4912037037037037