4 0.446875 0.4393518518518518 0.44921875 0.4449074074074074 0.4471354166666667 0.45092592592592595 0.44244791666666666 0.45092592592592595 0.440625 0.44722222222222224 0.44244791666666666 0.44027777777777777 0.4466145833333333 0.4393518518518518
4 0.45338541666666665 0.43148148148148147 0.4546875 0.4393518518518518 0.453125 0.44305555555555554 0.4473958333333333 0.4393518518518518 0.44921875 0.43194444444444446 0.453125 0.43148148148148147
4 0.3625 0.8805555555555555 0.37005208333333334 0.8824074074074074 0.37864583333333335 0.8902777777777777 0.37994791666666666 0.9212962962962963 0.37838541666666664 0.9388888888888889 0.36640625 0.9935185185185185 0.3606770833333333 0.999537037037037 0.32265625 0.999537037037037 0.32109375 0.9962962962962963 0.3221354166666667 0.9810185185185185 0.31979166666666664 0.9537037037037037 0.34140625 0.8898148148148148 0.35234375 0.8800925925925925 0.36223958333333334 0.8805555555555555
4 0.4622395833333333 0.45787037037037037 0.46432291666666664 0.46296296296296297 0.46432291666666664 0.4736111111111111 0.45729166666666665 0.4759259259259259 0.4549479166666667 0.4722222222222222 0.45546875 0.4601851851851852 0.46197916666666666 0.45787037037037037
4 0.4361979166666667 0.4476851851851852 0.44088541666666664 0.4583333333333333 0.440625 0.47962962962962963 0.4390625 0.4828703703703704 0.43020833333333336 0.4842592592592593 0.42682291666666666 0.4810185185185185 0.42630208333333336 0.4564814814814815 0.42890625 0.4476851851851852 0.4359375 0.4476851851851852
4 0.4114583333333333 0.5013888888888889 0.41328125 0.5074074074074074 0.4114583333333333 0.5185185185185185 0.40859375 0.5138888888888888 0.4088541666666667 0.5046296296296297 0.41119791666666666 0.5013888888888889
4 0.01953125 0.6833333333333333 0.023177083333333334 0.7037037037037037 0.022395833333333334 0.7310185185185185 0.015885416666666666 0.750462962962963 0.0018229166666666667 0.7620370370370371 0 0.7620370370370371 0 0.6842592592592592 0.019270833333333334 0.6833333333333333
4 0.35572916666666665 0.6810185185185185 0.3533854166666667 0.6787037037037037 0.3528645833333333 0.6717592592592593 0.3541666666666667 0.6518518518518519 0.35911458333333335 0.6504629629629629 0.3606770833333333 0.6601851851851852 0.3606770833333333 0.6712962962962963 0.35598958333333336 0.6805555555555556
4 0.10989583333333333 0.7319444444444444 0.11197916666666667 0.7407407407407407 0.1125 0.7851851851851852 0.10911458333333333 0.787962962962963 0.09791666666666667 0.787962962962963 0.08177083333333333 0.8013888888888889 0.06901041666666667 0.7958333333333333 0.06848958333333334 0.7930555555555555 0.071875 0.7865740740740741 0.07135416666666666 0.7810185185185186 0.0640625 0.7791666666666667 0.05807291666666667 0.787962962962963 0.05234375 0.7898148148148149 0.050520833333333334 0.7828703703703703 0.050520833333333334 0.7518518518518519 0.05755208333333333 0.7444444444444445 0.06067708333333333 0.7583333333333333 0.06354166666666666 0.737037037037037 0.06692708333333333 0.7337962962962963 0.10963541666666667 0.7319444444444444
4 0.41875 0.5824074074074074 0.4265625 0.5875 0.42578125 0.6060185185185185 0.421875 0.6166666666666667 0.4122395833333333 0.6143518518518518 0.40859375 0.6171296296296296 0.40651041666666665 0.6162037037037037 0.40546875 0.6106481481481482 0.40546875 0.5986111111111111 0.4078125 0.587037037037037 0.4109375 0.5833333333333334 0.41848958333333336 0.5824074074074074
4 0.43072916666666666 0.43333333333333335 0.43307291666666664 0.4393518518518518 0.42890625 0.44675925925925924 0.42526041666666664 0.4439814814814815 0.42421875 0.4356481481481482 0.42526041666666664 0.43194444444444446 0.43046875 0.43333333333333335
4 0.4669270833333333 0.5120370370370371 0.4703125 0.5171296296296296 0.4703125 0.5277777777777778 0.4669270833333333 0.5305555555555556 0.46328125 0.5287037037037037 0.46432291666666664 0.5162037037037037 0.4666666666666667 0.5125
4 0.11276041666666667 0.788425925925926 0.12369791666666667 0.7916666666666666 0.12473958333333333 0.7967592592592593 0.12291666666666666 0.8004629629629629 0.09583333333333334 0.8314814814814815 0.08151041666666667 0.8430555555555556 0.07838541666666667 0.8305555555555556 0.0828125 0.8037037037037037 0.0953125 0.7902777777777777 0.1125 0.7888888888888889
3 0.019791666666666666 0.7726851851851851 0.024739583333333332 0.7837962962962963 0.03125 0.7902777777777777 0.032552083333333336 0.8199074074074074 0.051041666666666666 0.8185185185185185 0.05546875 0.8208333333333333 0.05520833333333333 0.8416666666666667 0.05182291666666667 0.8555555555555555 0.03619791666666667 0.8685185185185185 0.029427083333333333 0.8490740740740741 0.017447916666666667 0.8532407407407407 0.014322916666666666 0.8587962962962963 0.017447916666666667 0.8847222222222222 0.009114583333333334 0.8921296296296296 0 0.8851851851851852 0 0.8736111111111111 0.0020833333333333333 0.8726851851851852 0.00390625 0.8662037037037037 0 0.8592592592592593 0 0.7754629629629629 0.01953125 0.7726851851851851
1 0.42942708333333335 0.43194444444444446 0.43307291666666664 0.4393518518518518 0.42864583333333334 0.44583333333333336 0.42526041666666664 0.44351851851851853 0.42421875 0.4356481481481482 0.42526041666666664 0.43194444444444446 0.42916666666666664 0.43194444444444446
1 0.34869791666666666 0.5763888888888888 0.3653645833333333 0.5819444444444445 0.36692708333333335 0.5884259259259259 0.36614583333333334 0.5949074074074074 0.35911458333333335 0.5986111111111111 0.3411458333333333 0.5981481481481481 0.3385416666666667 0.5856481481481481 0.33958333333333335 0.5805555555555556 0.3484375 0.5768518518518518
1 0.4153645833333333 0.41388888888888886 0.4161458333333333 0.4212962962962963 0.4127604166666667 0.42268518518518516 0.409375 0.4217592592592593 0.41015625 0.4148148148148148 0.41510416666666666 0.41388888888888886
1 0.40546875 0.6847222222222222 0.4119791666666667 0.6884259259259259 0.41328125 0.6921296296296297 0.4127604166666667 0.7083333333333334 0.4078125 0.7245370370370371 0.39010416666666664 0.7236111111111111 0.38723958333333336 0.7208333333333333 0.38984375 0.6888888888888889 0.39427083333333335 0.6851851851851852 0.40520833333333334 0.6847222222222222
2 0.31276041666666665 0.6263888888888889 0.31484375 0.6296296296296297 0.31276041666666665 0.6467592592592593 0.3106770833333333 0.6523148148148148 0.3072916666666667 0.6537037037037037 0.30546875 0.6467592592592593 0.3067708333333333 0.6296296296296297 0.31015625 0.625462962962963 0.3125 0.6263888888888889
2 0.35703125 0.6657407407407407 0.008333333333333333 0.030555555555555555
2 0.39739583333333334 0.5166666666666667 0.39817708333333335 0.5328703703703703 0.39375 0.5324074074074074 0.39427083333333335 0.5222222222222223 0.3971354166666667 0.5171296296296296
2 0.4390625 0.5615740740740741 0.44166666666666665 0.5708333333333333 0.44114583333333335 0.5810185185185185 0.4388020833333333 0.5833333333333334 0.43697916666666664 0.5805555555555556 0.43645833333333334 0.5666666666666667 0.4388020833333333 0.562037037037037
2 0.4114583333333333 0.5023148148148148 0.41328125 0.5092592592592593 0.41171875 0.5185185185185185 0.40859375 0.513425925925926 0.40911458333333334 0.5050925925925925 0.41119791666666666 0.5023148148148148
2 0.32447916666666665 0.6569444444444444 0.33125 0.6592592592592592 0.33255208333333336 0.6643518518518519 0.33125 0.674074074074074 0.32838541666666665 0.6787037037037037 0.32447916666666665 0.6796296296296296 0.32317708333333334 0.6759259259259259 0.32447916666666665 0.6574074074074074
2 0.4671875 0.512962962962963 0.4708333333333333 0.5208333333333334 0.4700520833333333 0.5282407407407408 0.4671875 0.5305555555555556 0.4635416666666667 0.5291666666666667 0.46458333333333335 0.5162037037037037 0.4669270833333333 0.512962962962963
2 0.35234375 0.762962962962963 0.3533854166666667 0.7759259259259259 0.34869791666666666 0.7902777777777777 0.3455729166666667 0.7888888888888889 0.34401041666666665 0.7671296296296296 0.3453125 0.763425925925926 0.35208333333333336 0.762962962962963