4 0.4239583333333333 0.5537037037037037 0.42630208333333336 0.5564814814814815 0.42682291666666666 0.5643518518518519 0.4236979166666667 0.5671296296296297 0.41875 0.5662037037037037 0.41770833333333335 0.5606481481481481 0.41901041666666666 0.5546296296296296 0.4236979166666667 0.5537037037037037
4 0.41692708333333334 0.5726851851851852 0.42083333333333334 0.575 0.42526041666666664 0.5888888888888889 0.4244791666666667 0.6055555555555555 0.41822916666666665 0.6180555555555556 0.40572916666666664 0.6199074074074075 0.40182291666666664 0.6157407407407407 0.4010416666666667 0.5990740740740741 0.403125 0.5819444444444445 0.4109375 0.5726851851851852 0.4166666666666667 0.5726851851851852
4 0.42942708333333335 0.5680555555555555 0.4317708333333333 0.5708333333333333 0.4317708333333333 0.575462962962963 0.42864583333333334 0.5893518518518519 0.42526041666666664 0.5879629629629629 0.42291666666666666 0.5708333333333333 0.42916666666666664 0.5680555555555555
4 0.43984375 0.5949074074074074 0.44583333333333336 0.6023148148148149 0.44557291666666665 0.612037037037037 0.44296875 0.6143518518518518 0.43515625 0.6134259259259259 0.43307291666666664 0.6097222222222223 0.434375 0.5981481481481481 0.4395833333333333 0.5949074074074074
4 0.44375 0.6199074074074075 0.446875 0.6236111111111111 0.4466145833333333 0.6481481481481481 0.44505208333333335 0.6509259259259259 0.4356770833333333 0.6518518518518519 0.4322916666666667 0.6518518518518519 0.4296875 0.6476851851851851 0.43020833333333336 0.6273148148148148 0.43515625 0.6194444444444445 0.4434895833333333 0.6199074074074075
4 0.0828125 0.7222222222222222 0.09739583333333333 0.7240740740740741 0.096875 0.7643518518518518 0.08020833333333334 0.7662037037037037 0.07135416666666666 0.7722222222222223 0.06796875 0.7796296296296297 0.06067708333333333 0.7856481481481481 0.05625 0.7824074074074074 0.05286458333333333 0.7708333333333334 0.04739583333333333 0.7680555555555556 0.04635416666666667 0.7620370370370371 0.04973958333333333 0.7444444444444445 0.046875 0.7398148148148148 0.046614583333333334 0.7328703703703704 0.05625 0.7236111111111111 0.08255208333333333 0.7222222222222222
4 0.4234375 0.5296296296296297 0.42578125 0.5365740740740741 0.42291666666666666 0.5407407407407407 0.41901041666666666 0.5398148148148149 0.41822916666666665 0.5324074074074074 0.4231770833333333 0.5296296296296297
4 0.4454427083333333 0.580787037037037 0.011197916666666667 0.01898148148148148
4 0.44166666666666665 0.5375 0.44375 0.5425925925925926 0.44244791666666666 0.5481481481481482 0.43776041666666665 0.5472222222222223 0.43645833333333334 0.5435185185185185 0.4390625 0.5375 0.44140625 0.5375
1 0.42421875 0.5541666666666667 0.42682291666666666 0.5638888888888889 0.42265625 0.5675925925925925 0.41822916666666665 0.5652777777777778 0.41796875 0.5574074074074075 0.42083333333333334 0.5537037037037037 0.4239583333333333 0.5541666666666667
1 0.390625 0.6365740740740741 0.40338541666666666 0.6439814814814815 0.4049479166666667 0.6472222222222223 0.40390625 0.6537037037037037 0.3997395833333333 0.6574074074074074 0.3802083333333333 0.6597222222222222 0.3697916666666667 0.6560185185185186 0.36796875 0.649537037037037 0.36875 0.6430555555555556 0.3796875 0.6361111111111111 0.39036458333333335 0.6365740740740741
1 0.42239583333333336 0.5296296296296297 0.42526041666666664 0.5319444444444444 0.42552083333333335 0.538425925925926 0.42213541666666665 0.5407407407407407 0.41822916666666665 0.537962962962963 0.41822916666666665 0.5328703703703703 0.42213541666666665 0.5296296296296297
1 0.4393229166666667 0.5375 0.4432291666666667 0.5393518518518519 0.4434895833333333 0.5467592592592593 0.43697916666666664 0.5462962962962963 0.4390625 0.537962962962963