4 0.34817708333333336 0.8662037037037037 0.35494791666666664 0.8694444444444445 0.3619791666666667 0.8800925925925925 0.36380208333333336 0.9004629629629629 0.36276041666666664 0.9101851851851852 0.3546875 0.9203703703703704 0.3489583333333333 0.9337962962962963 0.31927083333333334 0.9430555555555555 0.3138020833333333 0.9421296296296297 0.3106770833333333 0.9324074074074075 0.30911458333333336 0.9199074074074074 0.3106770833333333 0.9060185185185186 0.32109375 0.8791666666666667 0.3268229166666667 0.8699074074074075 0.3346354166666667 0.8662037037037037 0.34791666666666665 0.8662037037037037
4 0.45078125 0.5912037037037037 0.45208333333333334 0.5953703703703703 0.4510416666666667 0.6027777777777777 0.44557291666666665 0.6023148148148149 0.44375 0.5986111111111111 0.44583333333333336 0.5902777777777778 0.4505208333333333 0.5912037037037037
4 0.4265625 0.5824074074074074 0.4276041666666667 0.5888888888888889 0.42526041666666664 0.5930555555555556 0.4200520833333333 0.5921296296296297 0.4192708333333333 0.5861111111111111 0.42135416666666664 0.5805555555555556 0.42630208333333336 0.5824074074074074
4 0.058854166666666666 0.8268518518518518 0.06067708333333333 0.8287037037037037 0.06302083333333333 0.8527777777777777 0.0609375 0.8638888888888889 0.05546875 0.8685185185185185 0.05364583333333333 0.8828703703703704 0.0421875 0.8870370370370371 0.03984375 0.875462962962963 0.037760416666666664 0.8865740740740741 0.033854166666666664 0.888425925925926 0.029427083333333333 0.887962962962963 0.025260416666666667 0.8833333333333333 0.03177083333333333 0.8736111111111111 0.03125 0.8662037037037037 0.02734375 0.8592592592592593 0.027083333333333334 0.8546296296296296 0.03333333333333333 0.8490740740740741 0.03307291666666667 0.8449074074074074 0.036458333333333336 0.8439814814814814 0.037760416666666664 0.8490740740740741 0.042708333333333334 0.8490740740740741 0.04114583333333333 0.8444444444444444 0.043229166666666666 0.8347222222222223 0.05859375 0.8268518518518518
4 0.051041666666666666 0.7398148148148148 0.054427083333333334 0.7712962962962963 0.053385416666666664 0.7759259259259259 0.02890625 0.7898148148148149 0.00625 0.7976851851851852 0 0.7976851851851852 0 0.7921296296296296 0.002864583333333333 0.7898148148148149 0 0.7856481481481481 0 0.7462962962962963 0.026041666666666668 0.7407407407407407 0.05078125 0.7398148148148148
4 0.17630208333333333 0.9101851851851852 0.18984375 0.9115740740740741 0.18619791666666666 0.925 0.18671875 0.9652777777777778 0.18203125 0.9777777777777777 0.17291666666666666 0.9847222222222223 0.16822916666666668 0.9949074074074075 0.16484375 0.9949074074074075 0.16119791666666666 0.9828703703703704 0.14401041666666667 0.9824074074074074 0.14088541666666668 0.9805555555555555 0.1390625 0.9740740740740741 0.14661458333333333 0.9537037037037037 0.14765625 0.924537037037037 0.16145833333333334 0.9101851851851852 0.17604166666666668 0.9101851851851852
4 0.30859375 0.8421296296296297 0.3143229166666667 0.8569444444444444 0.31276041666666665 0.8796296296296297 0.3059895833333333 0.8875 0.30026041666666664 0.9018518518518519 0.296875 0.9041666666666667 0.2908854166666667 0.9004629629629629 0.2734375 0.9055555555555556 0.26927083333333335 0.9 0.26901041666666664 0.8861111111111111 0.27369791666666665 0.8694444444444445 0.2825520833333333 0.850925925925926 0.28880208333333335 0.8453703703703703 0.30833333333333335 0.8421296296296297
4 0.43359375 0.6013888888888889 0.4348958333333333 0.6041666666666666 0.434375 0.6231481481481481 0.42916666666666664 0.6263888888888889 0.4236979166666667 0.6236111111111111 0.4231770833333333 0.6055555555555555 0.4265625 0.600925925925926 0.43333333333333335 0.6013888888888889
4 0.32135416666666666 0.7768518518518519 0.3260416666666667 0.7833333333333333 0.32864583333333336 0.8069444444444445 0.31796875 0.8217592592592593 0.30078125 0.8222222222222222 0.296875 0.8212962962962963 0.29635416666666664 0.8175925925925925 0.29661458333333335 0.8074074074074075 0.30026041666666664 0.7925925925925926 0.30755208333333334 0.7791666666666667 0.32109375 0.7768518518518519
4 0.3489583333333333 0.9421296296296297 0.35078125 0.9541666666666667 0.35598958333333336 0.9564814814814815 0.35651041666666666 0.9592592592592593 0.35572916666666665 0.9958333333333333 0.3536458333333333 0.999537037037037 0.3419270833333333 0.999537037037037 0.34140625 0.9657407407407408 0.34713541666666664 0.9518518518518518 0.34869791666666666 0.9425925925925925
4 0.11979166666666667 0.7782407407407408 0.13828125 0.7814814814814814 0.13776041666666666 0.8194444444444444 0.11927083333333334 0.8245370370370371 0.11692708333333333 0.8148148148148148 0.10859375 0.8027777777777778 0.10182291666666667 0.8148148148148148 0.1 0.8402777777777778 0.09583333333333334 0.8435185185185186 0.084375 0.8435185185185186 0.07942708333333333 0.8398148148148148 0.07838541666666667 0.8347222222222223 0.08072916666666667 0.7935185185185185 0.08489583333333334 0.787962962962963 0.09895833333333333 0.7805555555555556 0.10130208333333333 0.7847222222222222 0.10234375 0.8027777777777778 0.10494791666666667 0.7814814814814814 0.10911458333333333 0.7782407407407408 0.11953125 0.7782407407407408
4 0.4309895833333333 0.7407407407407407 0.43776041666666665 0.7444444444444445 0.44088541666666664 0.7583333333333333 0.44114583333333335 0.7726851851851851 0.42916666666666664 0.7944444444444444 0.41744791666666664 0.7935185185185185 0.4122395833333333 0.7875 0.4114583333333333 0.7800925925925926 0.41432291666666665 0.7490740740740741 0.421875 0.7412037037037037 0.43072916666666666 0.7407407407407407
4 0.43046875 0.6615740740740741 0.4375 0.6652777777777777 0.43984375 0.6842592592592592 0.43697916666666664 0.7125 0.43333333333333335 0.7199074074074074 0.4322916666666667 0.7300925925925926 0.4296875 0.7314814814814815 0.40911458333333334 0.7287037037037037 0.4075520833333333 0.7083333333333334 0.40859375 0.6995370370370371 0.41640625 0.6819444444444445 0.41822916666666665 0.6657407407407407 0.42161458333333335 0.6615740740740741 0.43020833333333336 0.6615740740740741
4 0.4205729166666667 0.8342592592592593 0.42239583333333336 0.8375 0.421875 0.8583333333333333 0.41822916666666665 0.8703703703703703 0.41484375 0.8731481481481481 0.4119791666666667 0.8662037037037037 0.4109375 0.8287037037037037 0.41822916666666665 0.8263888888888888 0.4203125 0.8342592592592593
3 0.05807291666666667 0.8263888888888888 0.06041666666666667 0.8282407407407407 0.06145833333333333 0.8416666666666667 0.06380208333333333 0.8453703703703703 0.06067708333333333 0.8652777777777778 0.05520833333333333 0.8689814814814815 0.05520833333333333 0.8763888888888889 0.05260416666666667 0.8837962962962963 0.0421875 0.8870370370370371 0.03958333333333333 0.875462962962963 0.0375 0.8856481481481482 0.034375 0.887962962962963 0.02578125 0.8837962962962963 0.03203125 0.8712962962962963 0.027083333333333334 0.8564814814814815 0.02890625 0.8453703703703703 0.03619791666666667 0.8412037037037037 0.03984375 0.8430555555555556 0.042708333333333334 0.8347222222222223 0.0578125 0.8263888888888888
1 0.45026041666666666 0.5907407407407408 0.4518229166666667 0.5949074074074074 0.4518229166666667 0.6013888888888889 0.45026041666666666 0.6027777777777777 0.44583333333333336 0.6023148148148149 0.44375 0.5986111111111111 0.44609375 0.5902777777777778 0.45 0.5907407407407408
1 0.42526041666666664 0.5819444444444445 0.42734375 0.5856481481481481 0.42578125 0.5925925925925926 0.42083333333333334 0.5925925925925926 0.4192708333333333 0.5884259259259259 0.42109375 0.5814814814814815 0.425 0.5819444444444445
1 0.45338541666666665 0.6342592592592593 0.45625 0.6370370370370371 0.4583333333333333 0.649074074074074 0.45625 0.6532407407407408 0.44973958333333336 0.6537037037037037 0.4471354166666667 0.6504629629629629 0.4473958333333333 0.6402777777777777 0.44947916666666665 0.6351851851851852 0.453125 0.6342592592592593
1 0.4427083333333333 0.6504629629629629 0.4473958333333333 0.6518518518518519 0.45 0.6564814814814814 0.45026041666666666 0.6689814814814815 0.4388020833333333 0.6699074074074074 0.43697916666666664 0.6611111111111111 0.4390625 0.6541666666666667 0.44244791666666666 0.6509259259259259
1 0.4401041666666667 0.6222222222222222 0.44973958333333336 0.6291666666666667 0.45078125 0.6333333333333333 0.44583333333333336 0.6375 0.4354166666666667 0.6388888888888888 0.42994791666666665 0.6375 0.42942708333333335 0.6305555555555555 0.43984375 0.6222222222222222
2 0.3458333333333333 0.9611111111111111 0.35651041666666666 0.9703703703703703 0.3567708333333333 0.9856481481481482 0.35390625 0.999537037037037 0.34270833333333334 0.999537037037037 0.3411458333333333 0.9694444444444444 0.3419270833333333 0.9643518518518519 0.3455729166666667 0.9611111111111111
2 0.325 0.7300925925925926 0.3263020833333333 0.7453703703703703 0.3216145833333333 0.7523148148148148 0.31875 0.7513888888888889 0.31875 0.737037037037037 0.32109375 0.7310185185185185 0.32473958333333336 0.7300925925925926
2 0.17734375 0.9106481481481481 0.18958333333333333 0.9115740740740741 0.1890625 0.9175925925925926 0.18619791666666666 0.9217592592592593 0.18567708333333333 0.9356481481481481 0.18385416666666668 0.9388888888888889 0.18567708333333333 0.9458333333333333 0.18619791666666666 0.9666666666666667 0.18229166666666666 0.9777777777777777 0.1734375 0.9847222222222223 0.16848958333333333 0.9949074074074075 0.16484375 0.9949074074074075 0.16145833333333334 0.9847222222222223 0.140625 0.9805555555555555 0.13932291666666666 0.9731481481481481 0.14713541666666666 0.9527777777777777 0.14739583333333334 0.925 0.1609375 0.9106481481481481 0.17708333333333334 0.9106481481481481
2 0.41901041666666666 0.8430555555555556 0.421875 0.8449074074074074 0.421875 0.8574074074074074 0.41848958333333336 0.8699074074074075 0.4153645833333333 0.8726851851851852 0.4119791666666667 0.8652777777777778 0.4114583333333333 0.8412037037037037 0.41484375 0.8379629629629629 0.41875 0.8430555555555556