4 0.38723958333333336 0.5226851851851851 0.3893229166666667 0.5347222222222222 0.38697916666666665 0.5393518518518519 0.38333333333333336 0.5370370370370371 0.38359375 0.5277777777777778 0.38697916666666665 0.5226851851851851
4 0.4322916666666667 0.4449074074074074 0.4388020833333333 0.4564814814814815 0.4395833333333333 0.4736111111111111 0.43671875 0.4842592592592593 0.4270833333333333 0.48564814814814816 0.4244791666666667 0.4837962962962963 0.42161458333333335 0.46111111111111114 0.42421875 0.45185185185185184 0.43203125 0.4449074074074074
4 0.4044270833333333 0.5097222222222222 0.40703125 0.5143518518518518 0.40625 0.524074074074074 0.40390625 0.5259259259259259 0.40234375 0.5217592592592593 0.40208333333333335 0.5157407407407407 0.4041666666666667 0.5101851851851852
4 0.019010416666666665 0.6569444444444444 0.022916666666666665 0.6995370370370371 0.019791666666666666 0.7180555555555556 0.01640625 0.7240740740740741 0.0018229166666666667 0.7342592592592593 0 0.7342592592592593 0 0.6578703703703703 0.01875 0.6569444444444444
4 0.42630208333333336 0.5435185185185185 0.4315104166666667 0.5458333333333333 0.43359375 0.55 0.43307291666666664 0.5643518518518519 0.42890625 0.5731481481481482 0.41770833333333335 0.5726851851851852 0.41510416666666666 0.5675925925925925 0.4171875 0.5472222222222223 0.42604166666666665 0.5435185185185185
4 0.39114583333333336 0.7356481481481482 0.4049479166666667 0.7416666666666667 0.40572916666666664 0.7731481481481481 0.39895833333333336 0.8138888888888889 0.39557291666666666 0.8199074074074074 0.38958333333333334 0.8226851851851852 0.38697916666666665 0.8305555555555556 0.3729166666666667 0.8296296296296296 0.37057291666666664 0.8217592592592593 0.36614583333333334 0.8185185185185185 0.36770833333333336 0.7976851851851852 0.36640625 0.774074074074074 0.37421875 0.7689814814814815 0.37005208333333334 0.7620370370370371 0.3765625 0.7425925925925926 0.38125 0.7375 0.39088541666666665 0.7356481481481482
4 0.4322916666666667 0.4148148148148148 0.43645833333333334 0.41435185185185186 0.4390625 0.41944444444444445 0.43802083333333336 0.425462962962963 0.43255208333333334 0.42592592592592593 0.4322916666666667 0.4152777777777778
4 0.32890625 0.6592592592592592 0.33307291666666666 0.662962962962963 0.33359375 0.6722222222222223 0.33307291666666666 0.6782407407407407 0.32864583333333336 0.6842592592592592 0.3263020833333333 0.6824074074074075 0.325 0.6703703703703704 0.3255208333333333 0.6638888888888889 0.32864583333333336 0.6592592592592592
4 0.07473958333333333 0.7050925925925926 0.09270833333333334 0.7050925925925926 0.10911458333333333 0.7097222222222223 0.1109375 0.7175925925925926 0.1109375 0.7513888888888889 0.11223958333333334 0.7555555555555555 0.109375 0.7587962962962963 0.0921875 0.7601851851851852 0.08072916666666667 0.7736111111111111 0.07083333333333333 0.7717592592592593 0.06432291666666666 0.775 0.06171875 0.7722222222222223 0.0609375 0.7481481481481481 0.06302083333333333 0.7449074074074075 0.061197916666666664 0.7273148148148149 0.06197916666666667 0.7134259259259259 0.06380208333333333 0.7083333333333334 0.07447916666666667 0.7050925925925926
4 0.050520833333333334 0.787962962962963 0.05520833333333333 0.7916666666666666 0.053385416666666664 0.8060185185185185 0.05416666666666667 0.8180555555555555 0.0515625 0.825 0.03671875 0.8375 0.03359375 0.836574074074074 0.032552083333333336 0.8328703703703704 0.030989583333333334 0.8004629629629629 0.0328125 0.7953703703703704 0.03984375 0.7898148148148149 0.05026041666666667 0.787962962962963
4 0.10677083333333333 0.7597222222222222 0.1203125 0.7597222222222222 0.1234375 0.7652777777777777 0.08177083333333333 0.8060185185185185 0.07916666666666666 0.8046296296296296 0.07786458333333333 0.7930555555555555 0.08229166666666667 0.7726851851851851 0.09192708333333334 0.7611111111111111 0.10651041666666666 0.7597222222222222
4 0.35572916666666665 0.5606481481481481 0.3729166666666667 0.5680555555555555 0.37421875 0.5708333333333333 0.3731770833333333 0.5805555555555556 0.36875 0.5833333333333334 0.340625 0.5856481481481481 0.33932291666666664 0.5731481481481482 0.34140625 0.5675925925925925 0.34869791666666666 0.562037037037037 0.35546875 0.5611111111111111
4 0.31484375 0.7069444444444445 0.3203125 0.711574074074074 0.32109375 0.7245370370370371 0.31927083333333334 0.7319444444444444 0.3140625 0.7398148148148148 0.3106770833333333 0.7384259259259259 0.31015625 0.7106481481481481 0.3106770833333333 0.7074074074074074 0.3145833333333333 0.7069444444444445
4 0.415625 0.4097222222222222 0.41770833333333335 0.4111111111111111 0.41822916666666665 0.41805555555555557 0.4153645833333333 0.42314814814814816 0.4109375 0.4222222222222222 0.409375 0.4185185185185185 0.41119791666666666 0.41064814814814815 0.4153645833333333 0.4097222222222222
3 0.01640625 0.7398148148148148 0.019270833333333334 0.7407407407407407 0.021354166666666667 0.7490740740740741 0.030208333333333334 0.7611111111111111 0.0328125 0.7967592592592593 0.04635416666666667 0.788425925925926 0.05390625 0.7898148148148149 0.054427083333333334 0.7944444444444444 0.051041666666666666 0.8245370370370371 0.03723958333333333 0.8361111111111111 0.03463541666666667 0.8356481481481481 0.03307291666666667 0.8314814814814815 0.0296875 0.8074074074074075 0.01875 0.8064814814814815 0.01484375 0.8106481481481481 0.013020833333333334 0.8194444444444444 0.016145833333333335 0.850462962962963 0.009895833333333333 0.8555555555555555 0 0.850462962962963 0 0.8287037037037037 0.00859375 0.8208333333333333 0 0.8148148148148148 0 0.7430555555555556 0.016145833333333335 0.7398148148148148
1 0.41692708333333334 0.612037037037037 0.42421875 0.6171296296296296 0.421875 0.6425925925925926 0.41901041666666666 0.6439814814814815 0.40546875 0.6439814814814815 0.40338541666666666 0.637962962962963 0.40651041666666665 0.6162037037037037 0.4166666666666667 0.612037037037037
1 0.4361979166666667 0.41435185185185186 0.4393229166666667 0.4212962962962963 0.4361979166666667 0.4263888888888889 0.4322916666666667 0.425462962962963 0.4315104166666667 0.4217592592592593 0.4322916666666667 0.4152777777777778 0.4359375 0.41435185185185186
1 0.45859375 0.44537037037037036 0.4635416666666667 0.45185185185185184 0.4627604166666667 0.4564814814814815 0.4591145833333333 0.45787037037037037 0.4552083333333333 0.45694444444444443 0.4544270833333333 0.4527777777777778 0.45546875 0.44722222222222224 0.4583333333333333 0.44537037037037036
2 0.4114583333333333 0.4759259259259259 0.41302083333333334 0.47962962962962963 0.4114583333333333 0.49027777777777776 0.40859375 0.4842592592592593 0.409375 0.4773148148148148 0.41119791666666666 0.4759259259259259
2 0.29322916666666665 0.6930555555555555 0.29661458333333335 0.6986111111111111 0.29635416666666664 0.7069444444444445 0.29010416666666666 0.7185185185185186 0.2872395833333333 0.7166666666666667 0.2872395833333333 0.6958333333333333 0.29296875 0.6930555555555555
2 0.33203125 0.6601851851851852 0.3338541666666667 0.6675925925925926 0.33307291666666666 0.6782407407407407 0.32838541666666665 0.6842592592592592 0.3263020833333333 0.6819444444444445 0.32526041666666666 0.6662037037037037 0.32786458333333335 0.6583333333333333 0.33177083333333335 0.6601851851851852
2 0.38359375 0.5388888888888889 0.38359375 0.5277777777777778 0.38697916666666665 0.5236111111111111 0.3890625 0.5365740740740741 0.38385416666666666 0.5388888888888889
2 0.4427083333333333 0.5273148148148148 0.44479166666666664 0.5314814814814814 0.44479166666666664 0.5449074074074074 0.44244791666666666 0.5476851851851852 0.4401041666666667 0.5435185185185185 0.4401041666666667 0.5324074074074074 0.44244791666666666 0.5277777777777778
2 0.3106770833333333 0.6097222222222223 0.3140625 0.6152777777777778 0.3106770833333333 0.6347222222222222 0.30703125 0.6370370370370371 0.30416666666666664 0.6333333333333333 0.30625 0.6157407407407407 0.3104166666666667 0.6101851851851852
2 0.4046875 0.5111111111111111 0.40677083333333336 0.5138888888888888 0.40703125 0.5199074074074074 0.4044270833333333 0.5259259259259259 0.40234375 0.5203703703703704 0.4044270833333333 0.5111111111111111
2 0.3875 0.6319444444444444 0.38828125 0.6425925925925926 0.38697916666666665 0.6509259259259259 0.3854166666666667 0.6513888888888889 0.38333333333333336 0.6504629629629629 0.38229166666666664 0.6365740740740741 0.38359375 0.6314814814814815 0.38723958333333336 0.6319444444444444
2 0.46380208333333334 0.5037037037037037 0.4674479166666667 0.5083333333333333 0.46536458333333336 0.5208333333333334 0.46041666666666664 0.5180555555555556 0.4635416666666667 0.5037037037037037
2 0.3106770833333333 0.7087962962962963 0.31875 0.7111111111111111 0.32109375 0.7199074074074074 0.31979166666666664 0.7305555555555555 0.3140625 0.7398148148148148 0.3111979166666667 0.7388888888888889 0.3106770833333333 0.7092592592592593