4 0.46510416666666665 0.5347222222222222 0.4669270833333333 0.5393518518518519 0.4669270833333333 0.5541666666666667 0.46484375 0.5564814814814815 0.45677083333333335 0.5546296296296296 0.4583333333333333 0.5356481481481481 0.46484375 0.5347222222222222
4 0.03463541666666667 0.8486111111111111 0.040364583333333336 0.850925925925926 0.044270833333333336 0.8652777777777778 0.04453125 0.8800925925925925 0.04088541666666667 0.8972222222222223 0.0375 0.9087962962962963 0.023958333333333335 0.9324074074074075 0.013020833333333334 0.9597222222222223 0.0015625 0.9740740740740741 0 0.9740740740740741 0 0.8648148148148148 0.0125 0.8518518518518519 0.034375 0.8486111111111111
4 0.45651041666666664 0.47638888888888886 0.46067708333333335 0.4787037037037037 0.4609375 0.487962962962963 0.4544270833333333 0.4875 0.45416666666666666 0.48055555555555557 0.45625 0.47685185185185186
4 0.12994791666666666 0.9055555555555556 0.13203125 0.9115740740740741 0.1328125 0.9319444444444445 0.13098958333333333 0.961574074074074 0.10625 0.9953703703703703 0.09427083333333333 0.9930555555555556 0.08854166666666667 0.9958333333333333 0.07473958333333333 0.9912037037037037 0.0734375 0.9884259259259259 0.0734375 0.9342592592592592 0.08515625 0.9171296296296296 0.09140625 0.9125 0.121875 0.9092592592592592 0.1296875 0.9055555555555556
4 0.31197916666666664 0.9814814814814815 0.31744791666666666 0.9912037037037037 0.31796875 0.999537037037037 0.28932291666666665 0.999537037037037 0.29270833333333335 0.9879629629629629 0.296875 0.9824074074074074 0.31171875 0.9814814814814815
1 0.56875 0.5689814814814815 0.5822916666666667 0.5814814814814815 0.5822916666666667 0.5861111111111111 0.5786458333333333 0.5888888888888889 0.5557291666666667 0.5837962962962963 0.5541666666666667 0.5787037037037037 0.55546875 0.5736111111111111 0.56328125 0.5685185185185185 0.5684895833333333 0.5689814814814815
1 0.4015625 0.600925925925926 0.4044270833333333 0.6023148148148149 0.40546875 0.6074074074074074 0.40572916666666664 0.6236111111111111 0.4044270833333333 0.6296296296296297 0.40130208333333334 0.6324074074074074 0.39036458333333335 0.6324074074074074 0.3888020833333333 0.6287037037037037 0.3893229166666667 0.6175925925925926 0.3927083333333333 0.6060185185185185 0.39557291666666666 0.6018518518518519 0.40130208333333334 0.600925925925926
1 0.40546875 0.7759259259259259 0.41119791666666666 0.7768518518518519 0.41484375 0.7824074074074074 0.41432291666666665 0.8 0.41041666666666665 0.8162037037037037 0.4078125 0.8189814814814815 0.39375 0.8185185185185185 0.390625 0.812962962962963 0.39427083333333335 0.7796296296296297 0.396875 0.7763888888888889 0.40520833333333334 0.7759259259259259
1 0.43125 0.875 0.43723958333333335 0.8805555555555555 0.43255208333333334 0.9291666666666667 0.42942708333333335 0.9324074074074075 0.42552083333333335 0.9300925925925926 0.4080729166666667 0.9310185185185185 0.40703125 0.924537037037037 0.41119791666666666 0.8902777777777777 0.41015625 0.8768518518518519 0.41796875 0.8736111111111111 0.4309895833333333 0.875
1 0.4322916666666667 0.6671296296296296 0.4354166666666667 0.6689814814814815 0.43697916666666664 0.675 0.4354166666666667 0.6958333333333333 0.4328125 0.6986111111111111 0.42239583333333336 0.6990740740740741 0.41875 0.6967592592592593 0.41796875 0.6893518518518519 0.42109375 0.6689814814814815 0.43203125 0.6671296296296296
1 0.38515625 0.7236111111111111 0.38828125 0.725925925925926 0.390625 0.7328703703703704 0.39140625 0.7513888888888889 0.3854166666666667 0.7675925925925926 0.3776041666666667 0.7703703703703704 0.36796875 0.7685185185185185 0.36822916666666666 0.7444444444444445 0.375 0.7263888888888889 0.3848958333333333 0.7236111111111111
1 0.46119791666666665 0.6208333333333333 0.46328125 0.6231481481481481 0.4635416666666667 0.6375 0.4630208333333333 0.6416666666666667 0.46015625 0.6430555555555556 0.4515625 0.6425925925925926 0.45026041666666666 0.6342592592592593 0.45260416666666664 0.6208333333333333 0.4609375 0.6208333333333333
2 0.32473958333333336 0.7407407407407407 0.32473958333333336 0.7569444444444444 0.32135416666666666 0.762962962962963 0.31744791666666666 0.7620370370370371 0.31744791666666666 0.7527777777777778 0.32083333333333336 0.7412037037037037 0.32447916666666665 0.7407407407407407