4 0.45729166666666665 0.43425925925925923 0.46067708333333335 0.44027777777777777 0.45989583333333334 0.44814814814814813 0.45755208333333336 0.4486111111111111 0.45260416666666664 0.44351851851851853 0.45364583333333336 0.4361111111111111 0.45703125 0.43425925925925923
4 0 0.8097222222222222 0.015625 0.7944444444444444 0.030989583333333334 0.7708333333333334 0.04973958333333333 0.7546296296296297 0.06145833333333333 0.7509259259259259 0.07447916666666667 0.7523148148148148 0.07838541666666667 0.7731481481481481 0.07838541666666667 0.7819444444444444 0.07213541666666666 0.8097222222222222 0.06380208333333333 0.8208333333333333 0.05130208333333333 0.8490740740740741 0.032552083333333336 0.8699074074074075 0 0.8712962962962963 0 0.8101851851851852
4 0.4427083333333333 0.42685185185185187 0.4466145833333333 0.43703703703703706 0.446875 0.44305555555555554 0.44479166666666664 0.44537037037037036 0.43723958333333335 0.4425925925925926 0.43776041666666665 0.4287037037037037 0.44244791666666666 0.42685185185185187
4 0.420703125 0.5569444444444445 0.01484375 0.028703703703703703
4 0.45651041666666664 0.43842592592592594 0.46145833333333336 0.4449074074074074 0.4622395833333333 0.4532407407407407 0.46015625 0.45555555555555555 0.4546875 0.4532407407407407 0.45390625 0.44537037037037036 0.45625 0.4388888888888889
4 0.45 0.6462962962962963 0.45208333333333334 0.6504629629629629 0.4513020833333333 0.6824074074074075 0.44869791666666664 0.7097222222222223 0.44635416666666666 0.7148148148148148 0.42916666666666664 0.7129629629629629 0.4283854166666667 0.6828703703703703 0.4354166666666667 0.6476851851851851 0.44973958333333336 0.6462962962962963
4 0.45625 0.6060185185185185 0.4622395833333333 0.612037037037037 0.46041666666666664 0.6194444444444445 0.4609375 0.6314814814814815 0.45989583333333334 0.6356481481481482 0.453125 0.6370370370370371 0.44583333333333336 0.6337962962962963 0.446875 0.6125 0.44947916666666665 0.6069444444444444 0.45598958333333334 0.6060185185185185
4 0.08515625 0.862037037037037 0.09791666666666667 0.8782407407407408 0.09895833333333333 0.9115740740740741 0.10234375 0.9120370370370371 0.109375 0.9060185185185186 0.11328125 0.9064814814814814 0.11432291666666666 0.9115740740740741 0.11145833333333334 0.9287037037037037 0.10572916666666667 0.9388888888888889 0.09895833333333333 0.9412037037037037 0.09401041666666667 0.9527777777777777 0.08515625 0.9648148148148148 0.06875 0.9578703703703704 0.045572916666666664 0.9634259259259259 0.04010416666666667 0.9550925925925926 0.03854166666666667 0.9388888888888889 0.040364583333333336 0.9078703703703703 0.0390625 0.8925925925925926 0.04869791666666667 0.8652777777777778 0.08489583333333334 0.862037037037037
4 0.430859375 0.4664351851851852 0.01171875 0.022685185185185187
4 0.4010416666666667 0.5509259259259259 0.40677083333333336 0.5537037037037037 0.4078125 0.562962962962963 0.40572916666666664 0.5893518518518519 0.4010416666666667 0.600462962962963 0.38723958333333336 0.6 0.38515625 0.5935185185185186 0.3854166666666667 0.5708333333333333 0.3890625 0.5569444444444445 0.40078125 0.5509259259259259
4 0.4734375 0.4791666666666667 0.478125 0.4828703703703704 0.47708333333333336 0.5 0.4747395833333333 0.5041666666666667 0.46640625 0.5013888888888889 0.46510416666666665 0.48518518518518516 0.4666666666666667 0.47962962962962963 0.47317708333333336 0.4791666666666667
4 0.1578125 0.8009259259259259 0.16197916666666667 0.8064814814814815 0.16223958333333333 0.8467592592592592 0.15833333333333333 0.8560185185185185 0.14739583333333334 0.8652777777777778 0.13984375 0.8759259259259259 0.13671875 0.8763888888888889 0.13359375 0.8703703703703703 0.1234375 0.8773148148148148 0.10911458333333333 0.8740740740740741 0.10703125 0.8444444444444444 0.10807291666666667 0.8240740740740741 0.12317708333333334 0.8037037037037037 0.15755208333333334 0.8013888888888889
4 0.015885416666666666 0.9601851851851851 0.020052083333333335 0.9680555555555556 0.026822916666666665 0.9717592592592592 0.0296875 0.9768518518518519 0.030729166666666665 0.999537037037037 0 0.999537037037037 0 0.9662037037037037 0.015625 0.9601851851851851
4 0.4578125 0.4777777777777778 0.459375 0.48055555555555557 0.4588541666666667 0.5046296296296297 0.45651041666666664 0.5287037037037037 0.45364583333333336 0.5300925925925926 0.44296875 0.5287037037037037 0.44192708333333336 0.5097222222222222 0.44557291666666665 0.48009259259259257 0.44973958333333336 0.47638888888888886 0.45755208333333336 0.4777777777777778
4 0.16484375 0.862037037037037 0.17213541666666668 0.8643518518518518 0.1765625 0.8726851851851852 0.17786458333333333 0.8800925925925925 0.17526041666666667 0.8912037037037037 0.15078125 0.9287037037037037 0.14375 0.9291666666666667 0.13828125 0.9212962962962963 0.13697916666666668 0.9060185185185186 0.14114583333333333 0.8805555555555555 0.15052083333333333 0.8662037037037037 0.16458333333333333 0.8625
4 0.46067708333333335 0.4601851851851852 0.46328125 0.46435185185185185 0.46380208333333334 0.47175925925925927 0.45989583333333334 0.47824074074074074 0.4546875 0.47638888888888886 0.45364583333333336 0.4703703703703704 0.45598958333333334 0.46111111111111114 0.46041666666666664 0.4601851851851852
4 0.171875 0.8523148148148149 0.18567708333333333 0.8412037037037037 0.19947916666666668 0.8398148148148148 0.20052083333333334 0.8453703703703703 0.19635416666666666 0.8555555555555555 0.15416666666666667 0.925 0.15104166666666666 0.9287037037037037 0.14401041666666667 0.9291666666666667 0.14036458333333332 0.924537037037037 0.13697916666666668 0.9152777777777777 0.13802083333333334 0.8870370370370371 0.14739583333333334 0.8689814814814815 0.16692708333333334 0.8601851851851852 0.17161458333333332 0.8564814814814815 0.17213541666666668 0.8527777777777777
3 0.4713541666666667 0.47824074074074074 0.4783854166666667 0.4828703703703704 0.47708333333333336 0.5013888888888889 0.47421875 0.5046296296296297 0.46640625 0.5009259259259259 0.46536458333333336 0.48148148148148145 0.47109375 0.47824074074074074
3 0.1828125 0.8402777777777778 0.20104166666666667 0.8379629629629629 0.20026041666666666 0.8467592592592592 0.15859375 0.9185185185185185 0.15104166666666666 0.9287037037037037 0.14401041666666667 0.9287037037037037 0.13880208333333333 0.9217592592592593 0.13697916666666668 0.913425925925926 0.13802083333333334 0.8902777777777777 0.14661458333333333 0.8689814814814815 0.16302083333333334 0.8611111111111112 0.16822916666666668 0.8513888888888889 0.1828125 0.8407407407407408
1 0.458203125 0.449537037037037 0.00859375 0.012962962962962963
1 0.43020833333333336 0.4287037037037037 0.43359375 0.43194444444444446 0.43255208333333334 0.4425925925925926 0.42604166666666665 0.4393518518518518 0.42630208333333336 0.43194444444444446 0.42994791666666665 0.4287037037037037
1 0.45989583333333334 0.45925925925925926 0.46328125 0.4652777777777778 0.46328125 0.475462962962963 0.4591145833333333 0.4777777777777778 0.45364583333333336 0.4740740740740741 0.4549479166666667 0.4634259259259259 0.4596354166666667 0.4597222222222222
1 0.44609375 0.5537037037037037 0.44947916666666665 0.5569444444444445 0.45026041666666666 0.5615740740740741 0.44947916666666665 0.5791666666666667 0.4473958333333333 0.5814814814814815 0.43723958333333335 0.5810185185185185 0.43515625 0.5782407407407407 0.43697916666666664 0.5569444444444445 0.44583333333333336 0.5537037037037037
1 0.45729166666666665 0.43425925925925923 0.46041666666666664 0.43796296296296294 0.46015625 0.44583333333333336 0.4578125 0.4476851851851852 0.45234375 0.4425925925925926 0.45390625 0.4356481481481482 0.45703125 0.43425925925925923
1 0.43515625 0.625 0.43671875 0.6287037037037037 0.4361979166666667 0.6425925925925926 0.4322916666666667 0.6532407407407408 0.41953125 0.6523148148148148 0.41848958333333336 0.6402777777777777 0.42291666666666666 0.6240740740740741 0.4348958333333333 0.625
2 0.41484375 0.5125 0.4161458333333333 0.5185185185185185 0.41484375 0.5287037037037037 0.4114583333333333 0.5268518518518519 0.4114583333333333 0.5185185185185185 0.41458333333333336 0.5125
2 0.46041666666666664 0.5773148148148148 0.005729166666666666 0.021296296296296296
2 0.45989583333333334 0.537962962962963 0.4635416666666667 0.5393518518518519 0.46380208333333334 0.55 0.46328125 0.5527777777777778 0.45989583333333334 0.5513888888888889 0.45989583333333334 0.538425925925926
2 0.42526041666666664 0.5189814814814815 0.42864583333333334 0.5189814814814815 0.4296875 0.5254629629629629 0.42864583333333334 0.5347222222222222 0.42526041666666664 0.5342592592592592 0.42526041666666664 0.5194444444444445