0 0.47604166666666664 0.49583333333333335 0.48098958333333336 0.5 0.48046875 0.5282407407407408 0.4786458333333333 0.5305555555555556 0.47109375 0.5305555555555556 0.46822916666666664 0.5263888888888889 0.46901041666666665 0.5013888888888889 0.4713541666666667 0.49675925925925923 0.47578125 0.49583333333333335
4 0.45338541666666665 0.3875 0.4557291666666667 0.39166666666666666 0.45338541666666665 0.40046296296296297 0.45 0.399537037037037 0.44895833333333335 0.39537037037037037 0.44973958333333336 0.3902777777777778 0.453125 0.3875
4 0.4122395833333333 0.7222222222222222 0.41484375 0.7273148148148149 0.41484375 0.7342592592592593 0.41119791666666666 0.7509259259259259 0.4080729166666667 0.7472222222222222 0.4078125 0.7282407407407407 0.4119791666666667 0.7222222222222222
4 0.446875 0.42314814814814816 0.44947916666666665 0.43194444444444446 0.4473958333333333 0.43703703703703706 0.44166666666666665 0.43657407407407406 0.4401041666666667 0.4324074074074074 0.44192708333333336 0.42407407407407405 0.4466145833333333 0.42314814814814816
4 0.4666666666666667 0.4824074074074074 0.46953125 0.4935185185185185 0.4669270833333333 0.5009259259259259 0.45989583333333334 0.5 0.45859375 0.49444444444444446 0.46015625 0.4828703703703704 0.46640625 0.4824074074074074
4 0.44036458333333334 0.5263888888888889 0.4421875 0.5291666666666667 0.44114583333333335 0.5537037037037037 0.43463541666666666 0.5560185185185185 0.42916666666666664 0.5532407407407407 0.4309895833333333 0.5291666666666667 0.4401041666666667 0.5263888888888889
4 0.40182291666666664 0.5907407407407408 0.4088541666666667 0.5935185185185186 0.41041666666666665 0.6162037037037037 0.4041666666666667 0.6282407407407408 0.3958333333333333 0.6296296296296297 0.390625 0.6268518518518519 0.39036458333333335 0.6129629629629629 0.39375 0.5976851851851852 0.39739583333333334 0.5916666666666667 0.4015625 0.5907407407407408
4 0.0453125 0.7796296296296297 0.048177083333333336 0.7824074074074074 0.04973958333333333 0.7893518518518519 0.049479166666666664 0.7953703703703704 0.046614583333333334 0.8009259259259259 0.0015625 0.8546296296296296 0 0.8546296296296296 0 0.8046296296296296 0.024739583333333332 0.7824074074074074 0.04505208333333333 0.7796296296296297
4 0.2078125 0.8652777777777778 0.21041666666666667 0.8662037037037037 0.21145833333333333 0.8703703703703703 0.20677083333333332 0.8833333333333333 0.1921875 0.9120370370370371 0.16171875 0.961574074074074 0.1546875 0.9592592592592593 0.14713541666666666 0.9472222222222222 0.14583333333333334 0.9282407407407407 0.15052083333333333 0.9083333333333333 0.15833333333333333 0.8976851851851851 0.17682291666666666 0.8907407407407407 0.18359375 0.8773148148148148 0.19947916666666668 0.8657407407407407 0.20755208333333333 0.8652777777777778
4 0.5127604166666667 0.5018518518518519 0.5174479166666667 0.5078703703703704 0.5177083333333333 0.5152777777777777 0.515625 0.5185185185185185 0.49270833333333336 0.5152777777777777 0.4921875 0.5097222222222222 0.4942708333333333 0.5046296296296297 0.5125 0.5018518518518519
4 0.4817708333333333 0.4810185185185185 0.484375 0.49212962962962964 0.48072916666666665 0.49722222222222223 0.475 0.49537037037037035 0.47421875 0.49074074074074076 0.4765625 0.48194444444444445 0.48151041666666666 0.4810185185185185
4 0.32916666666666666 0.9189814814814815 0.3307291666666667 0.9217592592592593 0.3296875 0.937037037037037 0.32447916666666665 0.9518518518518518 0.3221354166666667 0.9537037037037037 0.31927083333333334 0.9333333333333333 0.32057291666666665 0.9217592592592593 0.32890625 0.9189814814814815
4 0.16197916666666667 0.8240740740740741 0.16822916666666668 0.8273148148148148 0.17005208333333333 0.8328703703703704 0.16979166666666667 0.8800925925925925 0.14739583333333334 0.9083333333333333 0.14401041666666667 0.9060185185185186 0.14088541666666668 0.8981481481481481 0.12942708333333333 0.9027777777777778 0.11822916666666666 0.9009259259259259 0.11796875 0.8583333333333333 0.13411458333333334 0.8337962962962963 0.14973958333333334 0.8324074074074074 0.1546875 0.8245370370370371 0.16171875 0.8240740740740741
4 0.07421875 0.7791666666666667 0.08541666666666667 0.7814814814814814 0.0890625 0.7976851851851852 0.08854166666666667 0.8092592592592592 0.08385416666666666 0.8208333333333333 0.08177083333333333 0.8384259259259259 0.06979166666666667 0.8597222222222223 0.06145833333333333 0.8800925925925925 0.046614583333333334 0.8976851851851851 0.019270833333333334 0.9050925925925926 0.0067708333333333336 0.9050925925925926 0.0033854166666666668 0.9018518518518519 0.0020833333333333333 0.8870370370370371 0 0.8856481481481482 0 0.8560185185185185 0.04348958333333333 0.8050925925925926 0.05520833333333333 0.7856481481481481 0.06171875 0.7810185185185186 0.07395833333333333 0.7791666666666667
4 0.33255208333333336 0.7842592592592592 0.33567708333333335 0.7865740740740741 0.33697916666666666 0.7935185185185185 0.33489583333333334 0.8050925925925926 0.33151041666666664 0.8106481481481481 0.32890625 0.8069444444444445 0.32838541666666665 0.787962962962963 0.33229166666666665 0.7842592592592592
4 0.4375 0.37592592592592594 0.4427083333333333 0.37453703703703706 0.44453125 0.3800925925925926 0.4434895833333333 0.38472222222222224 0.4375 0.38472222222222224 0.4361979166666667 0.38333333333333336 0.4375 0.3763888888888889
4 0.45 0.44722222222222224 0.453125 0.45 0.45364583333333336 0.4564814814814815 0.44947916666666665 0.46064814814814814 0.44609375 0.4546296296296296 0.44973958333333336 0.44722222222222224
4 0.46015625 0.5064814814814815 0.46328125 0.5083333333333333 0.46510416666666665 0.5152777777777777 0.46484375 0.5226851851851851 0.46171875 0.5259259259259259 0.45546875 0.5259259259259259 0.45364583333333336 0.5226851851851851 0.4549479166666667 0.5092592592592593 0.45989583333333334 0.5064814814814815
3 0.016666666666666666 0.9310185185185185 0.028125 0.9430555555555555 0.0328125 0.9629629629629629 0.036458333333333336 0.9601851851851851 0.047135416666666666 0.9634259259259259 0.04921875 0.975462962962963 0.048177083333333336 0.9912037037037037 0.046614583333333334 0.9962962962962963 0.042708333333333334 0.999537037037037 0 0.9976851851851852 0 0.9356481481481481 0.01640625 0.9310185185185185
3 0.09739583333333333 0.8967592592592593 0.11276041666666667 0.9138888888888889 0.11692708333333333 0.9064814814814814 0.13697916666666668 0.9060185185185186 0.13984375 0.9189814814814815 0.13697916666666668 0.9375 0.11276041666666667 0.9740740740740741 0.10729166666666666 0.9763888888888889 0.09947916666666666 0.9949074074074075 0.09192708333333334 0.999537037037037 0.0734375 0.999537037037037 0.07135416666666666 0.9972222222222222 0.05546875 0.999537037037037 0.05260416666666667 0.9949074074074075 0.049479166666666664 0.9842592592592593 0.04921875 0.9597222222222223 0.05130208333333333 0.9365740740740741 0.05026041666666667 0.9287037037037037 0.06067708333333333 0.8967592592592593 0.07161458333333333 0.899074074074074 0.09713541666666667 0.8967592592592593
1 0.4552083333333333 0.38935185185185184 0.45546875 0.39537037037037037 0.45338541666666665 0.40046296296296297 0.45 0.399537037037037 0.44921875 0.39305555555555555 0.45234375 0.38796296296296295 0.4549479166666667 0.38935185185185184
1 0.5119791666666667 0.5018518518518519 0.5169270833333334 0.5064814814814815 0.5174479166666667 0.5152777777777777 0.515625 0.5180555555555556 0.5052083333333334 0.5152777777777777 0.5065104166666666 0.5115740740740741 0.50234375 0.5050925925925925 0.51171875 0.5018518518518519
1 0.48203125 0.48194444444444445 0.484375 0.49212962962962964 0.48125 0.49675925925925923 0.475 0.4949074074074074 0.4744791666666667 0.48935185185185187 0.47734375 0.48148148148148145 0.4817708333333333 0.48194444444444445
1 0.44947916666666665 0.6638888888888889 0.45364583333333336 0.6652777777777777 0.45703125 0.675 0.4557291666666667 0.6962962962962963 0.45364583333333336 0.6995370370370371 0.4390625 0.6990740740740741 0.43776041666666665 0.6953703703703704 0.44088541666666664 0.6680555555555555 0.44921875 0.6638888888888889
1 0.409375 0.6402777777777777 0.41119791666666666 0.6439814814814815 0.4122395833333333 0.6615740740740741 0.4078125 0.675 0.3953125 0.675 0.39401041666666664 0.663425925925926 0.39921875 0.6435185185185185 0.40911458333333334 0.6402777777777777
1 0.4401041666666667 0.4097222222222222 0.4434895833333333 0.4134259259259259 0.44375 0.4185185185185185 0.43984375 0.4217592592592593 0.4359375 0.41712962962962963 0.43645833333333334 0.41203703703703703 0.43984375 0.4097222222222222
1 0.43333333333333335 0.4203703703703704 0.43723958333333335 0.42453703703703705 0.43723958333333335 0.4287037037037037 0.434375 0.4300925925925926 0.43072916666666666 0.42962962962962964 0.42942708333333335 0.4263888888888889 0.43307291666666664 0.4203703703703704
1 0.4356770833333333 0.3939814814814815 0.43828125 0.399537037037037 0.43802083333333336 0.4041666666666667 0.4356770833333333 0.40694444444444444 0.4309895833333333 0.40324074074074073 0.43203125 0.39490740740740743 0.4354166666666667 0.3939814814814815
2 0.33932291666666664 0.6828703703703703 0.34322916666666664 0.687037037037037 0.3421875 0.7018518518518518 0.3385416666666667 0.7111111111111111 0.33541666666666664 0.711574074074074 0.3346354166666667 0.6888888888888889 0.3390625 0.6828703703703703
2 0.3294270833333333 0.9203703703703704 0.3296875 0.937037037037037 0.32447916666666665 0.9513888888888888 0.321875 0.9537037037037037 0.31927083333333334 0.9328703703703703 0.32109375 0.9217592592592593 0.32916666666666666 0.9203703703703704
2 0.26953125 0.9402777777777778 0.2708333333333333 0.9425925925925925 0.2703125 0.9564814814814815 0.26197916666666665 0.9773148148148149 0.2596354166666667 0.9736111111111111 0.26197916666666665 0.9453703703703704 0.26927083333333335 0.9402777777777778
2 0.33541666666666664 0.7875 0.33645833333333336 0.799074074074074 0.33177083333333335 0.8101851851851852 0.32916666666666666 0.8074074074074075 0.32864583333333336 0.7893518518518519 0.33515625 0.7875
2 0.41302083333333334 0.7282407407407407 0.41458333333333336 0.7347222222222223 0.41119791666666666 0.7509259259259259 0.4083333333333333 0.7476851851851852 0.4080729166666667 0.7305555555555555 0.4127604166666667 0.7282407407407407