4 0.42604166666666665 0.8055555555555556 0.42890625 0.8148148148148148 0.4296875 0.8277777777777777 0.42526041666666664 0.8467592592592592 0.42265625 0.8490740740740741 0.41953125 0.8416666666666667 0.41796875 0.8087962962962963 0.421875 0.8046296296296296 0.42578125 0.8055555555555556
4 0.36354166666666665 0.8449074074074074 0.3731770833333333 0.8587962962962963 0.371875 0.8842592592592593 0.36484375 0.8967592592592593 0.36354166666666665 0.9078703703703703 0.33515625 0.9143518518518519 0.32916666666666666 0.9125 0.3263020833333333 0.899537037037037 0.3263020833333333 0.8833333333333333 0.33151041666666664 0.8666666666666667 0.3416666666666667 0.8458333333333333 0.34661458333333334 0.8435185185185186 0.36328125 0.8449074074074074
4 0.05026041666666667 0.7375 0.053125 0.7416666666666667 0.05416666666666667 0.7712962962962963 0.05130208333333333 0.7833333333333333 0.03567708333333333 0.7935185185185185 0.022395833333333334 0.7921296296296296 0.015364583333333333 0.8004629629629629 0.005729166666666666 0.8032407407407407 0 0.8018518518518518 0 0.7458333333333333 0.02578125 0.7388888888888889 0.05 0.7375
4 0.4359375 0.5680555555555555 0.4393229166666667 0.5726851851851852 0.43828125 0.5791666666666667 0.43333333333333335 0.5777777777777777 0.43307291666666664 0.5708333333333333 0.4356770833333333 0.5680555555555555
4 0.4578125 0.6 0.4622395833333333 0.6050925925925926 0.4630208333333333 0.6162037037037037 0.45651041666666664 0.6194444444444445 0.45286458333333335 0.6180555555555556 0.45208333333333334 0.6101851851851852 0.45338541666666665 0.6027777777777777 0.45755208333333336 0.6
4 0.0578125 0.7921296296296296 0.059375 0.8027777777777778 0.06614583333333333 0.8111111111111111 0.065625 0.8152777777777778 0.015885416666666666 0.8384259259259259 0.013541666666666667 0.8351851851851851 0.012760416666666666 0.8166666666666667 0.015625 0.8027777777777778 0.019010416666666665 0.8060185185185185 0.023177083333333334 0.8037037037037037 0.017708333333333333 0.8018518518518518 0.0203125 0.7935185185185185 0.040364583333333336 0.7981481481481482 0.05286458333333333 0.7916666666666666 0.05755208333333333 0.7921296296296296
4 0.44635416666666666 0.6393518518518518 0.45078125 0.6472222222222223 0.4515625 0.6578703703703703 0.45 0.6597222222222222 0.44088541666666664 0.6592592592592592 0.43828125 0.6550925925925926 0.4421875 0.6416666666666667 0.44609375 0.6393518518518518
4 0.4401041666666667 0.7282407407407407 0.44296875 0.7328703703703704 0.44192708333333336 0.7652777777777777 0.4390625 0.7726851851851851 0.4322916666666667 0.7782407407407408 0.42135416666666664 0.7768518518518519 0.4171875 0.7726851851851851 0.41692708333333334 0.7671296296296296 0.42239583333333336 0.7555555555555555 0.41875 0.7513888888888889 0.41822916666666665 0.7472222222222222 0.4200520833333333 0.736574074074074 0.425 0.7282407407407407 0.43984375 0.7282407407407407
4 0.28619791666666666 0.8759259259259259 0.2942708333333333 0.8851851851851852 0.29322916666666665 0.9157407407407407 0.2825520833333333 0.924537037037037 0.2791666666666667 0.9388888888888889 0.27630208333333334 0.9435185185185185 0.2682291666666667 0.9416666666666667 0.24817708333333333 0.9467592592592593 0.24348958333333334 0.9425925925925925 0.24322916666666666 0.9217592592592593 0.25859375 0.8851851851851852 0.2677083333333333 0.8763888888888889 0.2859375 0.8759259259259259
4 0.42552083333333335 0.5699074074074074 0.42890625 0.5768518518518518 0.42890625 0.5814814814814815 0.42604166666666665 0.5842592592592593 0.42161458333333335 0.5837962962962963 0.4197916666666667 0.5782407407407407 0.42135416666666664 0.5708333333333333 0.42526041666666664 0.5699074074074074
4 0.44609375 0.5782407407407407 0.45078125 0.5810185185185185 0.4510416666666667 0.5898148148148148 0.44583333333333336 0.5912037037037037 0.4434895833333333 0.5884259259259259 0.44375 0.5814814814814815 0.44583333333333336 0.5787037037037037
4 0.3059895833333333 0.7925925925925926 0.3104166666666667 0.7949074074074074 0.31354166666666666 0.8037037037037037 0.3140625 0.8245370370370371 0.30364583333333334 0.8421296296296297 0.29661458333333335 0.8393518518518519 0.28359375 0.8425925925925926 0.2796875 0.8398148148148148 0.2791666666666667 0.8300925925925926 0.2869791666666667 0.8041666666666667 0.29244791666666664 0.7953703703703704 0.30572916666666666 0.7925925925925926
4 0.45286458333333335 0.6226851851851852 0.45651041666666664 0.6263888888888889 0.45703125 0.6398148148148148 0.44921875 0.6412037037037037 0.4473958333333333 0.637962962962963 0.4479166666666667 0.6268518518518519 0.45260416666666664 0.6231481481481481
4 0.36276041666666664 0.9078703703703703 0.36614583333333334 0.9083333333333333 0.36744791666666665 0.9180555555555555 0.37135416666666665 0.9263888888888889 0.37005208333333334 0.9527777777777777 0.36276041666666664 0.9708333333333333 0.36041666666666666 0.9680555555555556 0.3572916666666667 0.9287037037037037 0.36276041666666664 0.9083333333333333
4 0.11979166666666667 0.775 0.13854166666666667 0.7800925925925926 0.13802083333333334 0.8203703703703704 0.12291666666666666 0.8217592592592593 0.11979166666666667 0.8245370370370371 0.109375 0.8078703703703703 0.10677083333333333 0.8083333333333333 0.10208333333333333 0.8152777777777778 0.10208333333333333 0.8319444444444445 0.09895833333333333 0.8430555555555556 0.08515625 0.8421296296296297 0.07994791666666666 0.8388888888888889 0.08151041666666667 0.7930555555555555 0.08489583333333334 0.787962962962963 0.09895833333333333 0.7805555555555556 0.10234375 0.7800925925925926 0.10572916666666667 0.7875 0.10885416666666667 0.7754629629629629 0.11953125 0.775
4 0.44427083333333334 0.6129629629629629 0.4515625 0.6189814814814815 0.45286458333333335 0.6236111111111111 0.44635416666666666 0.6287037037037037 0.43723958333333335 0.6300925925925925 0.4322916666666667 0.6296296296296297 0.4315104166666667 0.6208333333333333 0.4395833333333333 0.611574074074074 0.4427083333333333 0.6101851851851852 0.4440104166666667 0.6129629629629629
4 0.4669270833333333 0.5907407407407408 0.47161458333333334 0.5953703703703703 0.4713541666666667 0.6060185185185185 0.46640625 0.6074074074074074 0.4625 0.6023148148148149 0.4622395833333333 0.5953703703703703 0.4666666666666667 0.5912037037037037
4 0.42994791666666665 0.5925925925925926 0.43307291666666664 0.5944444444444444 0.43463541666666666 0.6055555555555555 0.434375 0.6157407407407407 0.4309895833333333 0.6199074074074075 0.42291666666666666 0.6171296296296296 0.42265625 0.5981481481481481 0.42526041666666664 0.5930555555555556 0.4296875 0.5925925925925926
3 0.43645833333333334 0.6513888888888889 0.44088541666666664 0.6708333333333333 0.440625 0.6847222222222222 0.4390625 0.6981481481481482 0.43255208333333334 0.7212962962962963 0.42552083333333335 0.7185185185185186 0.4127604166666667 0.7199074074074074 0.41015625 0.7125 0.40989583333333335 0.6967592592592593 0.421875 0.6523148148148148 0.4361979166666667 0.6513888888888889
1 0.44244791666666666 0.6129629629629629 0.4513020833333333 0.6189814814814815 0.45260416666666664 0.624537037037037 0.44505208333333335 0.6291666666666667 0.4322916666666667 0.6296296296296297 0.43072916666666666 0.6236111111111111 0.43203125 0.6199074074074075 0.4421875 0.6134259259259259
1 0.4576822916666667 0.6097222222222223 0.011197916666666667 0.019444444444444445
1 0.4466145833333333 0.6388888888888888 0.4510416666666667 0.6472222222222223 0.4515625 0.6578703703703703 0.44973958333333336 0.6597222222222222 0.4390625 0.6583333333333333 0.4390625 0.6509259259259259 0.44140625 0.6439814814814815 0.44635416666666666 0.6388888888888888
1 0.4669270833333333 0.5912037037037037 0.4713541666666667 0.5949074074074074 0.4713541666666667 0.6060185185185185 0.4669270833333333 0.6074074074074074 0.4630208333333333 0.6032407407407407 0.4622395833333333 0.5953703703703703 0.4666666666666667 0.5916666666666667
2 0.3619791666666667 0.9263888888888889 0.3697916666666667 0.9300925925925926 0.37083333333333335 0.9333333333333333 0.3697916666666667 0.9537037037037037 0.36302083333333335 0.9703703703703703 0.359375 0.9657407407407408 0.3578125 0.9356481481481481 0.3580729166666667 0.9277777777777778 0.36171875 0.9263888888888889