4 0.44453125 0.524537037037037 0.44635416666666666 0.5310185185185186 0.44505208333333335 0.5365740740740741 0.4393229166666667 0.5337962962962963 0.43984375 0.5263888888888889 0.44427083333333334 0.524537037037037
4 0.41640625 0.5592592592592592 0.4239583333333333 0.5666666666666667 0.42578125 0.5763888888888888 0.42526041666666664 0.5949074074074074 0.41848958333333336 0.6064814814814815 0.4041666666666667 0.6041666666666666 0.40390625 0.5736111111111111 0.40729166666666666 0.5662037037037037 0.4161458333333333 0.5592592592592592
4 0.44166666666666665 0.5921296296296297 0.4440104166666667 0.6027777777777777 0.44296875 0.6097222222222223 0.44088541666666664 0.6106481481481482 0.4317708333333333 0.6097222222222223 0.4315104166666667 0.600462962962963 0.434375 0.5916666666666667 0.44140625 0.5921296296296297
4 0.44114583333333335 0.6194444444444445 0.44453125 0.625 0.44296875 0.6467592592592593 0.4395833333333333 0.6541666666666667 0.4356770833333333 0.6550925925925926 0.42604166666666665 0.6513888888888889 0.42630208333333336 0.6263888888888889 0.42864583333333334 0.6199074074074075 0.44088541666666664 0.6194444444444445
4 0.08333333333333333 0.7226851851851852 0.09583333333333334 0.7226851851851852 0.09921875 0.725925925925926 0.09895833333333333 0.7657407407407407 0.08072916666666667 0.7675925925925926 0.07057291666666667 0.775 0.06458333333333334 0.7870370370370371 0.062239583333333334 0.787962962962963 0.05859375 0.7865740740740741 0.05390625 0.775 0.05 0.7791666666666667 0.04765625 0.7671296296296296 0.049479166666666664 0.7555555555555555 0.0484375 0.7287037037037037 0.05026041666666667 0.725462962962963 0.06171875 0.7231481481481481 0.08307291666666666 0.7226851851851852
4 0.4234375 0.5365740740740741 0.42604166666666665 0.5453703703703704 0.4236979166666667 0.5509259259259259 0.41848958333333336 0.5504629629629629 0.41692708333333334 0.5467592592592593 0.41848958333333336 0.5375 0.4231770833333333 0.5365740740740741
4 0.42552083333333335 0.5162037037037037 0.42734375 0.524537037037037 0.42526041666666664 0.5273148148148148 0.4205729166666667 0.524537037037037 0.42109375 0.5175925925925926 0.42526041666666664 0.5162037037037037
4 0.45651041666666664 0.5884259259259259 0.46328125 0.5912037037037037 0.4627604166666667 0.6027777777777777 0.45598958333333334 0.6050925925925926 0.45390625 0.6018518518518519 0.45651041666666664 0.5888888888888889
4 0.42890625 0.562962962962963 0.009375 0.020370370370370372
4 0.09739583333333333 0.7675925925925926 0.09921875 0.7689814814814815 0.09713541666666667 0.7726851851851851 0.06770833333333333 0.7893518518518519 0.06588541666666667 0.7865740740740741 0.06666666666666667 0.7819444444444444 0.07395833333333333 0.7722222222222223 0.08203125 0.7675925925925926 0.09713541666666667 0.7675925925925926
1 0.42942708333333335 0.5527777777777778 0.4328125 0.5564814814814815 0.43333333333333335 0.5680555555555555 0.42916666666666664 0.5726851851851852 0.42578125 0.5699074074074074 0.4244791666666667 0.5606481481481481 0.42552083333333335 0.5541666666666667 0.42916666666666664 0.5527777777777778
1 0.42239583333333336 0.5365740740740741 0.425 0.5398148148148149 0.42604166666666665 0.5462962962962963 0.4234375 0.5509259259259259 0.4171875 0.5476851851851852 0.41770833333333335 0.5388888888888889 0.42213541666666665 0.5365740740740741
1 0.3809895833333333 0.6282407407407408 0.3963541666666667 0.6370370370370371 0.396875 0.6472222222222223 0.39401041666666664 0.65 0.37057291666666664 0.6518518518518519 0.3611979166666667 0.6486111111111111 0.3609375 0.6365740740740741 0.37265625 0.6282407407407408 0.3807291666666667 0.6282407407407408
1 0.42578125 0.5166666666666667 0.42734375 0.5222222222222223 0.42604166666666665 0.5268518518518519 0.4205729166666667 0.524074074074074 0.421875 0.5166666666666667 0.42552083333333335 0.5166666666666667