4 0.4635416666666667 0.562037037037037 0.465625 0.5666666666666667 0.46588541666666666 0.5782407407407407 0.459375 0.5800925925925926 0.45416666666666666 0.5777777777777777 0.4549479166666667 0.5638888888888889 0.46328125 0.562037037037037
4 0.02421875 0.8342592592592593 0.0328125 0.8351851851851851 0.03697916666666667 0.8416666666666667 0.039322916666666666 0.8643518518518518 0.033854166666666664 0.8949074074074074 0.019270833333333334 0.9162037037037037 0.0015625 0.9513888888888888 0 0.9513888888888888 0 0.8430555555555556 0.009114583333333334 0.8361111111111111 0.023958333333333335 0.8342592592592593
4 0.3375 0.8634259259259259 0.34270833333333334 0.8800925925925925 0.3419270833333333 0.9009259259259259 0.33255208333333336 0.9296296296296296 0.32057291666666665 0.9337962962962963 0.3098958333333333 0.9337962962962963 0.3072916666666667 0.9310185185185185 0.30859375 0.8962962962962963 0.32083333333333336 0.8662037037037037 0.3296875 0.861574074074074 0.3372395833333333 0.8634259259259259
4 0.12395833333333334 0.8921296296296296 0.12682291666666667 0.9064814814814814 0.12473958333333333 0.9462962962962963 0.11432291666666666 0.9634259259259259 0.10859375 0.9666666666666667 0.09921875 0.9791666666666666 0.09192708333333334 0.975462962962963 0.08359375 0.9782407407407407 0.06770833333333333 0.9731481481481481 0.06588541666666667 0.9597222222222223 0.06640625 0.9217592592592593 0.084375 0.8972222222222223 0.12369791666666667 0.8921296296296296
4 0.37421875 0.6685185185185185 0.3768229166666667 0.6722222222222223 0.37838541666666664 0.6851851851851852 0.3765625 0.7018518518518518 0.37135416666666665 0.7106481481481481 0.3575520833333333 0.7101851851851851 0.35572916666666665 0.700462962962963 0.36328125 0.6712962962962963 0.3671875 0.6680555555555555 0.37395833333333334 0.6685185185185185
4 0.038802083333333334 0.9689814814814814 0.049479166666666664 0.9800925925925926 0.04973958333333333 0.999537037037037 0.016666666666666666 0.999537037037037 0.012760416666666666 0.9962962962962963 0.0046875 0.999537037037037 0 0.9958333333333333 0 0.9708333333333333 0.03854166666666667 0.9689814814814814
4 0.4276041666666667 0.6444444444444445 0.43255208333333334 0.6472222222222223 0.43359375 0.6509259259259259 0.43255208333333334 0.6648148148148149 0.42864583333333334 0.675 0.41901041666666666 0.675 0.4158854166666667 0.6694444444444444 0.41796875 0.6476851851851851 0.42734375 0.6444444444444445
4 0.16588541666666667 0.9291666666666667 0.17005208333333333 0.9328703703703703 0.16848958333333333 0.9421296296296297 0.13463541666666667 0.999537037037037 0.096875 0.999537037037037 0.10182291666666667 0.9805555555555555 0.10911458333333333 0.9666666666666667 0.12005208333333334 0.9638888888888889 0.14088541666666668 0.9412037037037037 0.15442708333333333 0.9361111111111111 0.15130208333333334 0.9319444444444445 0.15364583333333334 0.9296296296296296 0.165625 0.9291666666666667
4 0.46536458333333336 0.4981481481481482 0.4674479166666667 0.5009259259259259 0.46796875 0.513425925925926 0.4666666666666667 0.5185185185185185 0.46432291666666664 0.5189814814814815 0.4596354166666667 0.5185185185185185 0.4583333333333333 0.5115740740740741 0.45989583333333334 0.49907407407407406 0.46510416666666665 0.4981481481481482
3 0.036458333333333336 0.9675925925925926 0.04921875 0.9805555555555555 0.04973958333333333 0.999537037037037 0 0.999537037037037 0 0.9708333333333333 0.013020833333333334 0.9731481481481481 0.03619791666666667 0.9675925925925926
3 0.43046875 0.43425925925925923 0.43385416666666665 0.43796296296296294 0.43671875 0.45 0.43671875 0.45925925925925926 0.43333333333333335 0.4625 0.4270833333333333 0.46111111111111114 0.425 0.4546296296296296 0.42473958333333334 0.4356481481481482 0.43020833333333336 0.43425925925925923
1 0.44114583333333335 0.5805555555555556 0.44427083333333334 0.5842592592592593 0.4453125 0.5916666666666667 0.44479166666666664 0.6018518518518519 0.4427083333333333 0.6041666666666666 0.43255208333333334 0.6037037037037037 0.43072916666666666 0.6 0.4322916666666667 0.5837962962962963 0.4348958333333333 0.5805555555555556 0.44088541666666664 0.5805555555555556
1 0.4236979166666667 0.8324074074074074 0.4317708333333333 0.8384259259259259 0.4278645833333333 0.8453703703703703 0.42526041666666664 0.8824074074074074 0.40729166666666666 0.8819444444444444 0.4044270833333333 0.8782407407407408 0.40729166666666666 0.8361111111111111 0.41119791666666666 0.8328703703703704 0.4234375 0.8324074074074074
1 0.4473958333333333 0.6925925925925925 0.4518229166666667 0.6967592592592593 0.45234375 0.7111111111111111 0.44921875 0.7134259259259259 0.44947916666666665 0.7282407407407407 0.44609375 0.7291666666666666 0.43463541666666666 0.7282407407407407 0.43255208333333334 0.7185185185185186 0.43515625 0.6953703703703704 0.4393229166666667 0.6921296296296297 0.4471354166666667 0.6925925925925925