4 0.4114583333333333 0.5569444444444445 0.41484375 0.5597222222222222 0.41484375 0.5708333333333333 0.41119791666666666 0.5782407407407407 0.409375 0.5699074074074074 0.4114583333333333 0.5574074074074075
4 0.43307291666666664 0.449537037037037 0.43645833333333334 0.45787037037037037 0.43255208333333334 0.462037037037037 0.42864583333333334 0.4615740740740741 0.42734375 0.45555555555555555 0.42890625 0.45046296296296295 0.4328125 0.449537037037037
4 0.39479166666666665 0.5310185185185186 0.39765625 0.5388888888888889 0.39739583333333334 0.5467592592592593 0.39479166666666665 0.549537037037037 0.3921875 0.5430555555555555 0.3921875 0.5361111111111111 0.39453125 0.5310185185185186
4 0.10546875 0.7421296296296296 0.11614583333333334 0.7435185185185185 0.11692708333333333 0.7486111111111111 0.07447916666666667 0.7851851851851852 0.07317708333333334 0.7828703703703703 0.07369791666666667 0.7662037037037037 0.07786458333333333 0.7546296296296297 0.08828125 0.7439814814814815 0.10520833333333333 0.7421296296296296
4 0.46380208333333334 0.5111111111111111 0.4669270833333333 0.5148148148148148 0.4666666666666667 0.525 0.46380208333333334 0.5287037037037037 0.46041666666666664 0.5268518518518519 0.45989583333333334 0.5236111111111111 0.4635416666666667 0.5111111111111111
4 0.012760416666666666 0.6439814814814815 0.01640625 0.6476851851851851 0.018489583333333334 0.6703703703703704 0.017447916666666667 0.6888888888888889 0.011979166666666667 0.7060185185185185 0.0018229166666666667 0.7129629629629629 0 0.7129629629629629 0 0.6472222222222223 0.0125 0.6439814814814815
4 0.4166666666666667 0.6416666666666667 0.4231770833333333 0.6439814814814815 0.4244791666666667 0.6472222222222223 0.4244791666666667 0.6703703703703704 0.4197916666666667 0.6939814814814815 0.41171875 0.7032407407407407 0.40130208333333334 0.7023148148148148 0.39739583333333334 0.6967592592592593 0.39739583333333334 0.6601851851851852 0.40338541666666666 0.6435185185185185 0.41640625 0.6416666666666667
4 0.26953125 0.7384259259259259 0.2755208333333333 0.7476851851851852 0.27447916666666666 0.7615740740740741 0.27317708333333335 0.7685185185185185 0.265625 0.7787037037037037 0.2640625 0.7472222222222222 0.26223958333333336 0.7412037037037037 0.26927083333333335 0.7384259259259259
4 0.45078125 0.43796296296296294 0.453125 0.4462962962962963 0.45026041666666666 0.45 0.44583333333333336 0.44907407407407407 0.4440104166666667 0.4444444444444444 0.44609375 0.4375 0.4505208333333333 0.43796296296296294
4 0.10625 0.6912037037037037 0.1078125 0.6990740740740741 0.10755208333333334 0.7412037037037037 0.0890625 0.7435185185185185 0.07447916666666667 0.7601851851851852 0.06770833333333333 0.7574074074074074 0.06380208333333333 0.7486111111111111 0.06041666666666667 0.7555555555555555 0.05416666666666667 0.7606481481481482 0.04505208333333333 0.7583333333333333 0.04479166666666667 0.7393518518518518 0.046875 0.725925925925926 0.055989583333333336 0.7263888888888889 0.06067708333333333 0.7199074074074074 0.0640625 0.7199074074074074 0.06692708333333333 0.712037037037037 0.07395833333333333 0.7050925925925926 0.10598958333333333 0.6912037037037037
4 0.4479166666666667 0.5092592592592593 0.44947916666666665 0.5115740740740741 0.44947916666666665 0.5236111111111111 0.44765625 0.5254629629629629 0.44505208333333335 0.524074074074074 0.44453125 0.5166666666666667 0.4453125 0.5101851851851852 0.44765625 0.5092592592592593
4 0.41848958333333336 0.43148148148148147 0.421875 0.43796296296296294 0.41953125 0.4449074074074074 0.4125 0.44212962962962965 0.41328125 0.4351851851851852 0.41822916666666665 0.43148148148148147
4 0.43203125 0.4652777777777778 0.4356770833333333 0.47685185185185186 0.4356770833333333 0.49074074074074076 0.43255208333333334 0.5023148148148148 0.42916666666666664 0.5064814814814815 0.4197916666666667 0.5078703703703704 0.4171875 0.5050925925925925 0.415625 0.4861111111111111 0.4166666666666667 0.47685185185185186 0.42421875 0.4648148148148148 0.4317708333333333 0.4652777777777778
4 0.4361979166666667 0.5226851851851851 0.4401041666666667 0.5282407407407408 0.43828125 0.5462962962962963 0.42942708333333335 0.5486111111111112 0.42526041666666664 0.5458333333333333 0.4270833333333333 0.5259259259259259 0.4296875 0.5222222222222223 0.4359375 0.5226851851851851
4 0.209375 0.8032407407407407 0.21432291666666667 0.8208333333333333 0.21119791666666668 0.8282407407407407 0.203125 0.8375 0.20078125 0.8351851851851851 0.20026041666666666 0.8074074074074075 0.20260416666666667 0.8013888888888889 0.20911458333333333 0.8032407407407407
1 0.43203125 0.44907407407407407 0.4356770833333333 0.4527777777777778 0.4359375 0.4587962962962963 0.4278645833333333 0.4597222222222222 0.4278645833333333 0.45231481481481484 0.4317708333333333 0.449537037037037
1 0.41848958333333336 0.43194444444444446 0.42161458333333335 0.43796296296296294 0.42135416666666664 0.4425925925925926 0.41901041666666666 0.4449074074074074 0.4125 0.44212962962962965 0.41328125 0.4356481481481482 0.41822916666666665 0.43194444444444446
1 0.36666666666666664 0.5643518518518519 0.3802083333333333 0.5708333333333333 0.38125 0.5791666666666667 0.37994791666666666 0.5837962962962963 0.35052083333333334 0.5875 0.3455729166666667 0.5842592592592593 0.3453125 0.5722222222222222 0.35572916666666665 0.5638888888888889 0.36640625 0.5643518518518519
1 0.44973958333333336 0.4375 0.453125 0.44537037037037036 0.45 0.45 0.44427083333333334 0.44583333333333336 0.44609375 0.43796296296296294 0.44947916666666665 0.4375
1 0.42578125 0.5680555555555555 0.43333333333333335 0.5740740740740741 0.43255208333333334 0.5912037037037037 0.42916666666666664 0.5939814814814814 0.41796875 0.5935185185185186 0.4166666666666667 0.5907407407407408 0.41770833333333335 0.5745370370370371 0.42135416666666664 0.5689814814814815 0.42552083333333335 0.5680555555555555
1 0.45416666666666666 0.44907407407407407 0.45859375 0.4527777777777778 0.45729166666666665 0.4597222222222222 0.4510416666666667 0.45925925925925926 0.4505208333333333 0.4527777777777778 0.45390625 0.44907407407407407
2 0.30755208333333334 0.6125 0.3104166666666667 0.6143518518518518 0.3111979166666667 0.6199074074074075 0.3106770833333333 0.6305555555555555 0.30755208333333334 0.6347222222222222 0.3033854166666667 0.6324074074074074 0.30416666666666664 0.6194444444444445 0.3072916666666667 0.6125
2 0.20364583333333333 0.8009259259259259 0.20963541666666666 0.8023148148148148 0.21484375 0.8189814814814815 0.21171875 0.8277777777777777 0.203125 0.8375 0.20078125 0.8351851851851851 0.2 0.812962962962963 0.20078125 0.8055555555555556 0.20338541666666668 0.8009259259259259
2 0.40130208333333334 0.5055555555555555 0.40338541666666666 0.5120370370370371 0.403125 0.5199074074074074 0.40130208333333334 0.5226851851851851 0.3984375 0.5143518518518518 0.4010416666666667 0.5055555555555555
2 0.3731770833333333 0.5458333333333333 0.3765625 0.5486111111111112 0.37734375 0.5560185185185185 0.3765625 0.562962962962963 0.371875 0.5638888888888889 0.37109375 0.5578703703703703 0.3731770833333333 0.5462962962962963
2 0.27057291666666666 0.7407407407407407 0.2752604166666667 0.7476851851851852 0.27395833333333336 0.7648148148148148 0.265625 0.7787037037037037 0.2635416666666667 0.7435185185185185 0.2703125 0.7407407407407407
2 0.39453125 0.5324074074074074 0.3971354166666667 0.5370370370370371 0.39765625 0.5435185185185185 0.3971354166666667 0.5476851851851852 0.39427083333333335 0.55 0.3921875 0.5430555555555555 0.39427083333333335 0.5324074074074074
2 0.46536458333333336 0.5125 0.4669270833333333 0.5222222222222223 0.4640625 0.5287037037037037 0.46015625 0.5259259259259259 0.46015625 0.5199074074074074 0.4627604166666667 0.5120370370370371 0.46510416666666665 0.5125
2 0.41354166666666664 0.5601851851851852 0.41484375 0.5689814814814815 0.41171875 0.5782407407407407 0.409375 0.5745370370370371 0.40963541666666664 0.5666666666666667 0.41119791666666666 0.5597222222222222 0.41328125 0.5601851851851852
2 0.44609375 0.5092592592592593 0.44921875 0.5125 0.44895833333333335 0.5231481481481481 0.44505208333333335 0.5236111111111111 0.44583333333333336 0.5097222222222222
2 0.19609375 0.8763888888888889 0.20286458333333332 0.8837962962962963 0.209375 0.8800925925925925 0.2109375 0.8819444444444444 0.21302083333333333 0.8939814814814815 0.20989583333333334 0.9125 0.19921875 0.9268518518518518 0.19609375 0.9347222222222222 0.19270833333333334 0.9347222222222222 0.19270833333333334 0.9180555555555555 0.190625 0.9083333333333333 0.19244791666666666 0.8953703703703704 0.19166666666666668 0.8833333333333333 0.19244791666666666 0.8791666666666667 0.19583333333333333 0.8768518518518519