4 0.43020833333333336 0.5356481481481481 0.43385416666666665 0.5388888888888889 0.4354166666666667 0.5472222222222223 0.4354166666666667 0.5564814814814815 0.43203125 0.5611111111111111 0.4283854166666667 0.5606481481481481 0.42630208333333336 0.5472222222222223 0.42682291666666666 0.5388888888888889 0.42994791666666665 0.5356481481481481
4 0.4200520833333333 0.5462962962962963 0.42552083333333335 0.5537037037037037 0.4278645833333333 0.5643518518518519 0.42578125 0.5824074074074074 0.4197916666666667 0.5907407407407408 0.40729166666666666 0.5902777777777778 0.4049479166666667 0.5675925925925925 0.4080729166666667 0.5518518518518518 0.41510416666666666 0.5462962962962963 0.4197916666666667 0.5462962962962963
4 0.42916666666666664 0.6175925925925926 0.4393229166666667 0.6189814814814815 0.44140625 0.6231481481481481 0.43984375 0.6481481481481481 0.4356770833333333 0.6560185185185186 0.42421875 0.6550925925925926 0.42239583333333336 0.6513888888888889 0.42291666666666666 0.6259259259259259 0.42526041666666664 0.6199074074074075 0.42890625 0.6175925925925926
4 0.06458333333333334 0.7180555555555556 0.09921875 0.7199074074074074 0.10052083333333334 0.725925925925926 0.10026041666666667 0.7638888888888888 0.0796875 0.7671296296296296 0.06953125 0.7763888888888889 0.06380208333333333 0.7861111111111111 0.06067708333333333 0.7851851851851852 0.05364583333333333 0.775 0.04921875 0.7814814814814814 0.048177083333333336 0.7569444444444444 0.046614583333333334 0.7550925925925925 0.04479166666666667 0.7638888888888888 0.045572916666666664 0.7828703703703703 0.04375 0.7865740740740741 0.03619791666666667 0.7861111111111111 0.035416666666666666 0.7833333333333333 0.03723958333333333 0.7342592592592593 0.04453125 0.7282407407407407 0.046875 0.7444444444444445 0.05026041666666667 0.7222222222222222 0.06432291666666666 0.7180555555555556
4 0.42161458333333335 0.5175925925925926 0.425 0.5226851851851851 0.425 0.5324074074074074 0.41692708333333334 0.5310185185185186 0.41796875 0.5208333333333334 0.42135416666666664 0.5180555555555556
4 0.44375 0.5569444444444445 0.44947916666666665 0.5606481481481481 0.44947916666666665 0.5787037037037037 0.4359375 0.5740740740740741 0.43697916666666664 0.5611111111111111 0.4434895833333333 0.5569444444444445
4 0.4283854166666667 0.5041666666666667 0.4296875 0.5115740740740741 0.4276041666666667 0.513425925925926 0.42265625 0.5125 0.421875 0.5083333333333333 0.4239583333333333 0.5032407407407408 0.428125 0.5041666666666667
4 0.09296875 0.7648148148148148 0.10130208333333333 0.7652777777777777 0.10208333333333333 0.7689814814814815 0.07135416666666666 0.7898148148148149 0.06744791666666666 0.7898148148148149 0.0671875 0.7851851851851852 0.0734375 0.7717592592592593 0.08463541666666667 0.7652777777777777 0.09270833333333334 0.7648148148148148
4 0.45989583333333334 0.575925925925926 0.46380208333333334 0.5824074074074074 0.4627604166666667 0.5916666666666667 0.45546875 0.5921296296296297 0.4557291666666667 0.5842592592592593 0.4596354166666667 0.5763888888888888
1 0.43255208333333334 0.5370370370370371 0.4354166666666667 0.5481481481481482 0.43515625 0.5564814814814815 0.43255208333333334 0.5606481481481481 0.4283854166666667 0.5597222222222222 0.42604166666666665 0.5472222222222223 0.42864583333333334 0.5356481481481481 0.4322916666666667 0.5370370370370371
1 0.44609375 0.5106481481481482 0.4484375 0.5171296296296296 0.4484375 0.5222222222222223 0.44609375 0.5236111111111111 0.4427083333333333 0.5236111111111111 0.44088541666666664 0.5189814814814815 0.44244791666666666 0.5097222222222222 0.44583333333333336 0.5106481481481482
1 0.43723958333333335 0.5851851851851851 0.4421875 0.5884259259259259 0.4427083333333333 0.6027777777777777 0.44140625 0.6055555555555555 0.42916666666666664 0.6032407407407407 0.4309895833333333 0.5884259259259259 0.43697916666666664 0.5851851851851851
1 0.37395833333333334 0.6180555555555556 0.39036458333333335 0.6273148148148148 0.39166666666666666 0.6375 0.3880208333333333 0.6407407407407407 0.36432291666666666 0.6416666666666667 0.35625 0.6402777777777777 0.3546875 0.6370370370370371 0.35494791666666664 0.6268518518518519 0.3645833333333333 0.6199074074074075 0.3736979166666667 0.6180555555555556
1 0.42526041666666664 0.5027777777777778 0.42890625 0.5055555555555555 0.4296875 0.5115740740740741 0.42239583333333336 0.5120370370370371 0.42239583333333336 0.5050925925925925 0.425 0.5032407407407408
2 0.304296875 0.6726851851851852 0.009114583333333334 0.024074074074074074
2 0.39739583333333334 0.5722222222222222 0.39869791666666665 0.5745370370370371 0.39765625 0.5884259259259259 0.39427083333333335 0.5879629629629629 0.39505208333333336 0.5745370370370371 0.3971354166666667 0.5722222222222222