0 0.47994791666666664 0.4671296296296296 0.4830729166666667 0.4740740740740741 0.48359375 0.49027777777777776 0.48125 0.4949074074074074 0.47317708333333336 0.49166666666666664 0.4739583333333333 0.4740740740740741 0.47604166666666664 0.46805555555555556 0.4796875 0.4671296296296296
4 0.3614583333333333 0.7148148148148148 0.36953125 0.7166666666666667 0.3703125 0.7342592592592593 0.36822916666666666 0.750462962962963 0.3619791666666667 0.7712962962962963 0.34765625 0.7726851851851851 0.3424479166666667 0.7699074074074074 0.3419270833333333 0.7574074074074074 0.34791666666666665 0.725925925925926 0.35260416666666666 0.7157407407407408 0.3611979166666667 0.7148148148148148
4 0.5119791666666667 0.5046296296296297 0.5171875 0.5083333333333333 0.51796875 0.5185185185185185 0.515625 0.5217592592592593 0.4942708333333333 0.5194444444444445 0.49244791666666665 0.5162037037037037 0.49453125 0.5078703703703704 0.51171875 0.5046296296296297
4 0.44583333333333336 0.45046296296296295 0.4479166666666667 0.45925925925925926 0.44609375 0.4652777777777778 0.4390625 0.4648148148148148 0.43802083333333336 0.4601851851851852 0.43984375 0.45046296296296295 0.44557291666666665 0.45046296296296295
4 0.41848958333333336 0.6180555555555556 0.4205729166666667 0.6222222222222222 0.41875 0.6537037037037037 0.41640625 0.6583333333333333 0.40703125 0.6592592592592592 0.4036458333333333 0.6587962962962963 0.40234375 0.6523148148148148 0.4044270833333333 0.625462962962963 0.4080729166666667 0.6185185185185185 0.41822916666666665 0.6180555555555556
4 0.16927083333333334 0.8245370370370371 0.175 0.8305555555555556 0.17604166666666668 0.8356481481481481 0.17630208333333333 0.8759259259259259 0.17291666666666666 0.8842592592592593 0.16302083333333334 0.8939814814814815 0.15442708333333333 0.9074074074074074 0.14739583333333334 0.8953703703703704 0.14322916666666666 0.9018518518518519 0.12526041666666668 0.9013888888888889 0.12369791666666667 0.8972222222222223 0.12421875 0.8569444444444444 0.12604166666666666 0.8513888888888889 0.13932291666666666 0.8337962962962963 0.15494791666666666 0.8300925925925926 0.1609375 0.8245370370370371 0.16901041666666666 0.8245370370370371
4 0.026302083333333334 0.9277777777777778 0.03723958333333333 0.9388888888888889 0.04244791666666667 0.9648148148148148 0.050520833333333334 0.9606481481481481 0.057291666666666664 0.9662037037037037 0.05755208333333333 0.9944444444444445 0.04973958333333333 0.999537037037037 0.031510416666666666 0.999537037037037 0.03046875 0.9972222222222222 0.002864583333333333 0.999537037037037 0 0.9972222222222222 0 0.9333333333333333 0.026041666666666668 0.9277777777777778
4 0.43828125 0.44212962962962965 0.009375 0.013888888888888888
4 0.44947916666666665 0.46620370370370373 0.4544270833333333 0.4685185185185185 0.4552083333333333 0.4773148148148148 0.44765625 0.47824074074074074 0.44921875 0.4666666666666667
4 0.050520833333333334 0.7800925925925926 0.05572916666666667 0.788425925925926 0.053385416666666664 0.8013888888888889 0.015885416666666666 0.8472222222222222 0.008854166666666666 0.8513888888888889 0.00703125 0.8495370370370371 0.007291666666666667 0.8282407407407407 0 0.8268518518518518 0 0.8097222222222222 0.03125 0.7828703703703703 0.05026041666666667 0.7800925925925926
4 0.46484375 0.4828703703703704 0.46796875 0.4888888888888889 0.4669270833333333 0.49907407407407406 0.45859375 0.49675925925925923 0.4596354166666667 0.48564814814814816 0.46458333333333335 0.4828703703703704
4 0.46380208333333334 0.5763888888888888 0.46848958333333335 0.5800925925925926 0.4703125 0.5884259259259259 0.46953125 0.5986111111111111 0.4671875 0.600925925925926 0.45651041666666664 0.600925925925926 0.45546875 0.5986111111111111 0.45729166666666665 0.5782407407407407 0.4635416666666667 0.5763888888888888
4 0.10286458333333333 0.8930555555555556 0.11354166666666667 0.9078703703703703 0.11588541666666667 0.9342592592592592 0.11796875 0.9384259259259259 0.12994791666666666 0.9342592592592592 0.13151041666666666 0.9425925925925925 0.13072916666666667 0.950925925925926 0.12317708333333334 0.9662037037037037 0.11380208333333333 0.9666666666666667 0.11015625 0.9819444444444444 0.10208333333333333 0.9958333333333333 0.09661458333333334 0.9953703703703703 0.08880208333333334 0.9893518518518518 0.0609375 0.9921296296296296 0.058333333333333334 0.9777777777777777 0.058333333333333334 0.9569444444444445 0.05911458333333333 0.9217592592592593 0.06484375 0.9115740740740741 0.06927083333333334 0.8962962962962963 0.08932291666666667 0.8972222222222223 0.10260416666666666 0.8930555555555556
4 0.30703125 0.9708333333333333 0.31171875 0.9837962962962963 0.31276041666666665 0.999537037037037 0.28020833333333334 0.999537037037037 0.28958333333333336 0.9722222222222222 0.3067708333333333 0.9708333333333333
4 0.09192708333333334 0.7819444444444444 0.0953125 0.8064814814814815 0.09114583333333333 0.8199074074074074 0.0890625 0.8375 0.07942708333333333 0.850925925925926 0.06822916666666666 0.8782407407407408 0.05026041666666667 0.8986111111111111 0.019791666666666666 0.9023148148148148 0.01484375 0.9013888888888889 0.0125 0.8861111111111111 0.003125 0.8842592592592593 0.00234375 0.875462962962963 0.0046875 0.8560185185185185 0.016666666666666666 0.8467592592592592 0.024739583333333332 0.8337962962962963 0.05078125 0.8046296296296296 0.06276041666666667 0.7851851851851852 0.07604166666666666 0.7796296296296297 0.09166666666666666 0.7819444444444444
4 0.4703125 0.44583333333333336 0.47161458333333334 0.4564814814814815 0.4674479166666667 0.4615740740740741 0.4609375 0.4597222222222222 0.459375 0.45231481481481484 0.4630208333333333 0.44675925925925924 0.4700520833333333 0.44583333333333336
4 0.44635416666666666 0.3990740740740741 0.44973958333333336 0.4041666666666667 0.44973958333333336 0.4078703703703704 0.44609375 0.4125 0.4427083333333333 0.4125 0.44114583333333335 0.40879629629629627 0.44192708333333336 0.4023148148148148 0.44609375 0.3990740740740741
4 0.17395833333333333 0.8925925925925926 0.18854166666666666 0.8972222222222223 0.190625 0.9004629629629629 0.19140625 0.9120370370370371 0.18958333333333333 0.9217592592592593 0.17526041666666667 0.9495370370370371 0.16822916666666668 0.9587962962962963 0.15416666666666667 0.9523148148148148 0.15234375 0.9398148148148148 0.153125 0.9180555555555555 0.16145833333333334 0.8967592592592593 0.16640625 0.8925925925925926 0.17369791666666667 0.8925925925925926
4 0.48072916666666665 0.4666666666666667 0.4830729166666667 0.47314814814814815 0.48359375 0.4912037037037037 0.478125 0.4949074074074074 0.47317708333333336 0.49166666666666664 0.47369791666666666 0.47453703703703703 0.47682291666666665 0.4666666666666667 0.48046875 0.4666666666666667
4 0.9356770833333333 0.4101851851851852 0.9390625 0.4115740740740741 0.9395833333333333 0.41805555555555557 0.9333333333333333 0.4185185185185185 0.9328125 0.4134259259259259 0.9354166666666667 0.41064814814814815
1 0.5130208333333334 0.5050925925925925 0.5171875 0.5087962962962963 0.51796875 0.5166666666666667 0.5158854166666667 0.5212962962962963 0.5026041666666666 0.5189814814814815 0.5018229166666667 0.512962962962963 0.5 0.5189814814814815 0.49270833333333336 0.5171296296296296 0.4947916666666667 0.5078703703703704 0.5127604166666667 0.5050925925925925
1 0.44973958333333336 0.4356481481481482 0.453125 0.4425925925925926 0.45078125 0.44722222222222224 0.44453125 0.44583333333333336 0.44453125 0.43842592592592594 0.44947916666666665 0.4356481481481482
1 0.46484375 0.4824074074074074 0.46796875 0.4875 0.4666666666666667 0.49907407407407406 0.45859375 0.4962962962962963 0.46015625 0.4842592592592593 0.46458333333333335 0.4824074074074074
1 0.4627604166666667 0.4666666666666667 0.46901041666666665 0.4666666666666667 0.471875 0.47685185185185186 0.46979166666666666 0.4824074074074074 0.46197916666666666 0.4824074074074074 0.4627604166666667 0.4671296296296296
1 0.44036458333333334 0.4111111111111111 0.4427083333333333 0.41435185185185186 0.4432291666666667 0.4212962962962963 0.4401041666666667 0.42314814814814816 0.43645833333333334 0.4222222222222222 0.4354166666666667 0.41898148148148145 0.43671875 0.41203703703703703 0.4401041666666667 0.4111111111111111
2 0.4505208333333333 0.4671296296296296 0.4546875 0.4703703703703704 0.4552083333333333 0.47638888888888886 0.45338541666666665 0.4791666666666667 0.4471354166666667 0.4773148148148148 0.45026041666666666 0.4671296296296296
2 0.4669270833333333 0.5356481481481481 0.4700520833333333 0.5393518518518519 0.46979166666666666 0.55 0.4669270833333333 0.5518518518518518 0.465625 0.5467592592592593 0.4669270833333333 0.5361111111111111
2 0.44609375 0.5810185185185185 0.44609375 0.5662037037037037 0.44869791666666664 0.5638888888888889 0.44973958333333336 0.5796296296296296 0.44635416666666666 0.5810185185185185
2 0.34270833333333334 0.6851851851851852 0.34609375 0.6888888888888889 0.34427083333333336 0.7027777777777777 0.3419270833333333 0.7101851851851851 0.3385416666666667 0.7129629629629629 0.33697916666666666 0.7101851851851851 0.3380208333333333 0.6907407407407408 0.3424479166666667 0.6851851851851852