4 0.3458333333333333 0.7662037037037037 0.3484375 0.7689814814814815 0.3484375 0.7731481481481481 0.3455729166666667 0.7967592592592593 0.3424479166666667 0.8 0.33177083333333335 0.8018518518518518 0.32760416666666664 0.8013888888888889 0.32578125 0.7958333333333333 0.32786458333333335 0.7689814814814815 0.3455729166666667 0.7662037037037037
4 0.05234375 0.7657407407407407 0.058333333333333334 0.7921296296296296 0.05546875 0.8342592592592593 0.05390625 0.8439814814814814 0.050520833333333334 0.8458333333333333 0.05 0.8263888888888888 0.04765625 0.8208333333333333 0 0.8287037037037037 0 0.8189814814814815 0.0067708333333333336 0.8106481481481481 0.008072916666666667 0.8037037037037037 0.008072916666666667 0.7967592592592593 0.004427083333333333 0.7898148148148149 0.005208333333333333 0.7861111111111111 0.015625 0.7824074074074074 0.025520833333333333 0.7680555555555556 0.052083333333333336 0.7657407407407407
4 0.77578125 0.775 0.7807291666666667 0.7921296296296296 0.7895833333333333 0.7939814814814815 0.7932291666666667 0.8064814814814815 0.8059895833333334 0.8134259259259259 0.8036458333333333 0.8263888888888888 0.7908854166666667 0.8296296296296296 0.7791666666666667 0.8296296296296296 0.7671875 0.8194444444444444 0.7575520833333333 0.8189814814814815 0.7450520833333333 0.8111111111111111 0.74453125 0.7976851851851852 0.74765625 0.7824074074074074 0.7614583333333333 0.774074074074074 0.7755208333333333 0.775
4 0.4510416666666667 0.7620370370370371 0.453125 0.7643518518518518 0.45390625 0.7759259259259259 0.45286458333333335 0.7842592592592592 0.45078125 0.7856481481481481 0.44817708333333334 0.7837962962962963 0.44505208333333335 0.7694444444444445 0.4471354166666667 0.763425925925926 0.45078125 0.7620370370370371
4 0.09427083333333333 0.7796296296296297 0.0984375 0.7865740740740741 0.10130208333333333 0.7819444444444444 0.10364583333333334 0.7828703703703703 0.10390625 0.7898148148148149 0.10625 0.7944444444444444 0.10546875 0.8032407407407407 0.0984375 0.8041666666666667 0.0953125 0.8004629629629629 0.09270833333333334 0.8069444444444445 0.07526041666666666 0.8106481481481481 0.07317708333333334 0.8069444444444445 0.075 0.7861111111111111 0.08151041666666667 0.7805555555555556 0.09401041666666667 0.7796296296296297
4 0.46796875 0.7023148148148148 0.47161458333333334 0.7060185185185185 0.4713541666666667 0.7175925925925926 0.46875 0.7203703703703703 0.4630208333333333 0.7162037037037037 0.4640625 0.7064814814814815 0.46770833333333334 0.7023148148148148
4 0.43359375 0.6773148148148148 0.4359375 0.6819444444444445 0.4361979166666667 0.6902777777777778 0.4322916666666667 0.6976851851851852 0.425 0.6962962962962963 0.42473958333333334 0.6837962962962963 0.4283854166666667 0.6763888888888889 0.43333333333333335 0.6773148148148148
4 0.42578125 0.7027777777777777 0.4348958333333333 0.7046296296296296 0.43984375 0.7106481481481481 0.4393229166666667 0.7143518518518519 0.4356770833333333 0.7175925925925926 0.42630208333333336 0.7180555555555556 0.4197916666666667 0.7175925925925926 0.41770833333333335 0.7134259259259259 0.42109375 0.7060185185185185 0.42552083333333335 0.7027777777777777
4 0.41875 0.7574074074074074 0.4244791666666667 0.7689814814814815 0.4231770833333333 0.7791666666666667 0.4192708333333333 0.7819444444444444 0.41067708333333336 0.7819444444444444 0.40729166666666666 0.7763888888888889 0.41119791666666666 0.7578703703703704 0.41848958333333336 0.7574074074074074
4 0.36575520833333336 0.7668981481481482 0.020572916666666666 0.02638888888888889
4 0.31015625 0.8907407407407407 0.3385416666666667 0.8935185185185185 0.3453125 0.9092592592592592 0.3453125 0.9180555555555555 0.34270833333333334 0.924074074074074 0.346875 0.9319444444444445 0.3453125 0.9740740740740741 0.33203125 0.9824074074074074 0.3223958333333333 0.999537037037037 0.29635416666666664 0.999537037037037 0.2947916666666667 0.9972222222222222 0.2635416666666667 0.999537037037037 0.26171875 0.9949074074074075 0.26276041666666666 0.9282407407407407 0.2640625 0.925 0.296875 0.8930555555555556 0.3098958333333333 0.8907407407407407
3 0.390625 0.736574074074074 0.4044270833333333 0.7388888888888889 0.4075520833333333 0.7449074074074075 0.4078125 0.8074074074074075 0.40598958333333335 0.8148148148148148 0.39166666666666666 0.836574074074074 0.3802083333333333 0.8314814814814815 0.359375 0.8333333333333334 0.3541666666666667 0.8240740740740741 0.35234375 0.8037037037037037 0.35494791666666664 0.7842592592592592 0.3734375 0.7689814814814815 0.37786458333333334 0.7560185185185185 0.3796875 0.7412037037037037 0.39036458333333335 0.737037037037037
1 0.21354166666666666 0.875 0.22083333333333333 0.8763888888888889 0.23125 0.8870370370370371 0.23125 0.9078703703703703 0.22734375 0.9287037037037037 0.21927083333333333 0.9291666666666667 0.21171875 0.9337962962962963 0.20755208333333333 0.9388888888888889 0.203125 0.950925925925926 0.19166666666666668 0.9495370370370371 0.16588541666666667 0.9532407407407407 0.15859375 0.95 0.15729166666666666 0.9388888888888889 0.16015625 0.9217592592592593 0.1703125 0.899537037037037 0.18932291666666667 0.8787037037037037 0.21328125 0.875
1 0.32864583333333336 0.8032407407407407 0.33359375 0.8069444444444445 0.33671875 0.8138888888888889 0.33697916666666666 0.8314814814814815 0.33489583333333334 0.8379629629629629 0.32473958333333336 0.8444444444444444 0.30416666666666664 0.8462962962962963 0.30052083333333335 0.8421296296296297 0.30026041666666664 0.8333333333333334 0.30625 0.8152777777777778 0.3138020833333333 0.8050925925925926 0.32838541666666665 0.8032407407407407
1 0.46770833333333334 0.7032407407407407 0.47161458333333334 0.7064814814814815 0.4700520833333333 0.7199074074074074 0.46328125 0.7166666666666667 0.46484375 0.7055555555555556 0.4674479166666667 0.7032407407407407
1 0.45338541666666665 0.7083333333333334 0.45703125 0.7129629629629629 0.45651041666666664 0.7236111111111111 0.44583333333333336 0.7231481481481481 0.44453125 0.7203703703703703 0.44635416666666666 0.7125 0.453125 0.7083333333333334
1 0.37083333333333335 0.7541666666666667 0.37473958333333335 0.7592592592592593 0.37447916666666664 0.7680555555555556 0.359375 0.7796296296296297 0.35572916666666665 0.774537037037037 0.3580729166666667 0.7587962962962963 0.36223958333333334 0.7546296296296297 0.37057291666666664 0.7541666666666667
2 0.45026041666666666 0.763425925925926 0.45364583333333336 0.7685185185185185 0.45338541666666665 0.7819444444444444 0.4505208333333333 0.7856481481481481 0.44817708333333334 0.7837962962962963 0.44635416666666666 0.7722222222222223 0.4473958333333333 0.7657407407407407 0.45 0.763425925925926