4 0.43333333333333335 0.42962962962962964 0.4395833333333333 0.43842592592592594 0.44114583333333335 0.4486111111111111 0.4401041666666667 0.45787037037037037 0.43359375 0.45925925925925926 0.42864583333333334 0.4583333333333333 0.4265625 0.44722222222222224 0.4276041666666667 0.43148148148148147 0.43307291666666664 0.42962962962962964
4 0.39401041666666664 0.5564814814814815 0.39739583333333334 0.5578703703703703 0.3966145833333333 0.5740740740740741 0.39296875 0.5740740740740741 0.3919270833333333 0.5638888888888889 0.39375 0.5569444444444445
4 0.023177083333333334 0.774537037037037 0.029427083333333333 0.7787037037037037 0.032552083333333336 0.7930555555555555 0.028385416666666666 0.8319444444444445 0.026041666666666668 0.8388888888888889 0.008333333333333333 0.8634259259259259 0.0015625 0.8768518518518519 0 0.8768518518518519 0 0.8444444444444444 0.0036458333333333334 0.8416666666666667 0 0.8384259259259259 0 0.7773148148148148 0.022916666666666665 0.774537037037037
4 0.11458333333333333 0.8236111111111111 0.11953125 0.8263888888888888 0.12109375 0.8314814814814815 0.12083333333333333 0.8736111111111111 0.10963541666666667 0.8912037037037037 0.0953125 0.9074074074074074 0.07864583333333333 0.9106481481481481 0.07447916666666667 0.9069444444444444 0.0640625 0.9064814814814814 0.06067708333333333 0.9027777777777778 0.0609375 0.8527777777777777 0.07447916666666667 0.8384259259259259 0.08776041666666666 0.8305555555555556 0.11432291666666666 0.8236111111111111
4 0.12994791666666666 0.8953703703703704 0.13489583333333333 0.9041666666666667 0.13385416666666666 0.9143518518518519 0.10572916666666667 0.9569444444444445 0.09557291666666666 0.9666666666666667 0.08984375 0.9629629629629629 0.08723958333333333 0.9537037037037037 0.08958333333333333 0.9287037037037037 0.09453125 0.9120370370370371 0.10677083333333333 0.8967592592592593 0.1296875 0.8953703703703704
4 0.46432291666666664 0.48564814814814816 0.46770833333333334 0.49027777777777776 0.46770833333333334 0.4986111111111111 0.46380208333333334 0.5027777777777778 0.4596354166666667 0.5013888888888889 0.45859375 0.49444444444444446 0.46015625 0.48703703703703705 0.4640625 0.48564814814814816
4 0.4390625 0.6972222222222222 0.44140625 0.7092592592592593 0.4390625 0.7236111111111111 0.43645833333333334 0.7268518518518519 0.43411458333333336 0.7203703703703703 0.43333333333333335 0.7060185185185185 0.4356770833333333 0.6958333333333333 0.4388020833333333 0.6972222222222222
3 0.07864583333333333 0.8291666666666667 0.0796875 0.8319444444444445 0.07838541666666667 0.8356481481481481 0.07109375 0.8435185185185186 0.06770833333333333 0.8435185185185186 0.06041666666666667 0.8550925925925926 0.0609375 0.8731481481481481 0.05859375 0.9013888888888889 0.06822916666666666 0.9143518518518519 0.07109375 0.9226851851851852 0.0703125 0.9458333333333333 0.06692708333333333 0.9495370370370371 0.06640625 0.9560185185185185 0.06041666666666667 0.9671296296296297 0.03619791666666667 0.987037037037037 0.025520833333333333 0.999537037037037 0 0.9972222222222222 0 0.8796296296296297 0.019010416666666665 0.8532407407407407 0.029166666666666667 0.850925925925926 0.04114583333333333 0.8379629629629629 0.053125 0.8314814814814815 0.07838541666666667 0.8291666666666667
3 0.14505208333333333 0.8657407407407407 0.1609375 0.8662037037037037 0.15989583333333332 0.8763888888888889 0.10572916666666667 0.9569444444444445 0.0953125 0.9685185185185186 0.08854166666666667 0.9634259259259259 0.08723958333333333 0.9564814814814815 0.08958333333333333 0.9282407407407407 0.09427083333333333 0.9120370370370371 0.10572916666666667 0.8972222222222223 0.11510416666666666 0.8939814814814815 0.12395833333333334 0.8861111111111111 0.13932291666666666 0.8662037037037037 0.14479166666666668 0.8657407407407407
1 0.44505208333333335 0.5185185185185185 0.44973958333333336 0.5236111111111111 0.44895833333333335 0.5361111111111111 0.446875 0.537962962962963 0.43984375 0.537962962962963 0.43776041666666665 0.5351851851851852 0.43854166666666666 0.5208333333333334 0.44479166666666664 0.5185185185185185
1 0.44869791666666664 0.5972222222222222 0.453125 0.6023148148148149 0.45286458333333335 0.6217592592592592 0.45026041666666666 0.624537037037037 0.44036458333333334 0.6240740740740741 0.43854166666666666 0.6203703703703703 0.44036458333333334 0.5995370370370371 0.4484375 0.5972222222222222
1 0.45755208333333336 0.5393518518518519 0.4609375 0.5435185185185185 0.46119791666666665 0.5569444444444445 0.459375 0.5601851851851852 0.4546875 0.5606481481481481 0.44921875 0.5592592592592592 0.44869791666666664 0.5467592592592593 0.4510416666666667 0.5398148148148149 0.45729166666666665 0.5393518518518519
1 0.28671875 0.8180555555555555 0.2947916666666667 0.8208333333333333 0.2984375 0.8305555555555556 0.29921875 0.8458333333333333 0.296875 0.8666666666666667 0.2916666666666667 0.874537037037037 0.2828125 0.8981481481481481 0.259375 0.899537037037037 0.25494791666666666 0.8958333333333334 0.25416666666666665 0.8819444444444444 0.2596354166666667 0.8560185185185185 0.26328125 0.8518518518518519 0.2752604166666667 0.8236111111111111 0.2864583333333333 0.8180555555555555
1 0.35052083333333334 0.6240740740740741 0.35625 0.6273148148148148 0.35885416666666664 0.6333333333333333 0.3575520833333333 0.6402777777777777 0.3515625 0.6439814814814815 0.3450520833333333 0.6430555555555556 0.3390625 0.6282407407407408 0.3416666666666667 0.6222222222222222 0.3502604166666667 0.6240740740740741
1 0.446875 0.4861111111111111 0.44947916666666665 0.48703703703703705 0.4510416666666667 0.49212962962962964 0.45 0.5037037037037037 0.44114583333333335 0.5018518518518519 0.44166666666666665 0.49027777777777776 0.4466145833333333 0.4861111111111111
2 0.40703125 0.5511574074074074 0.005729166666666666 0.018055555555555554
2 0.4373697916666667 0.7122685185185185 0.008072916666666667 0.03009259259259259
2 0.3151041666666667 0.6837962962962963 0.3184895833333333 0.687037037037037 0.31744791666666666 0.7032407407407407 0.3106770833333333 0.712037037037037 0.3104166666666667 0.6916666666666667 0.31484375 0.6837962962962963
2 0.39505208333333336 0.5578703703703703 0.39739583333333334 0.5597222222222222 0.39791666666666664 0.5680555555555555 0.3966145833333333 0.5740740740740741 0.39401041666666664 0.5763888888888888 0.3921875 0.5634259259259259 0.39479166666666665 0.5578703703703703