4 0.396875 0.7092592592592593 0.39739583333333334 0.7347222222222223 0.390625 0.763425925925926 0.37473958333333335 0.7620370370370371 0.3734375 0.7476851851851852 0.3765625 0.7222222222222222 0.3802083333333333 0.7097222222222223 0.3966145833333333 0.7092592592592593
4 0.50859375 0.5087962962962963 0.5161458333333333 0.5120370370370371 0.5177083333333333 0.5212962962962963 0.51640625 0.5259259259259259 0.51171875 0.5273148148148148 0.5052083333333334 0.5208333333333334 0.5083333333333333 0.5092592592592593
4 0.05026041666666667 0.9055555555555556 0.059895833333333336 0.9180555555555555 0.06328125 0.9449074074074074 0.06354166666666666 0.9625 0.050520833333333334 0.9699074074074074 0.02421875 0.9699074074074074 0.019010416666666665 0.9828703703703704 0.01796875 0.9939814814814815 0.012239583333333333 0.9972222222222222 0.0046875 0.9972222222222222 0.002864583333333333 0.9930555555555556 0.0036458333333333334 0.9347222222222222 0.015364583333333333 0.9097222222222222 0.05 0.9055555555555556
4 0.3072916666666667 0.8476851851851852 0.32447916666666665 0.8486111111111111 0.3268229166666667 0.8523148148148149 0.3268229166666667 0.8837962962962963 0.3145833333333333 0.9291666666666667 0.3109375 0.9333333333333333 0.2916666666666667 0.9333333333333333 0.28828125 0.9319444444444445 0.2864583333333333 0.9259259259259259 0.28802083333333334 0.9046296296296297 0.29375 0.8773148148148148 0.3033854166666667 0.850462962962963 0.30703125 0.8481481481481481
4 0.1234375 0.8740740740740741 0.13177083333333334 0.8865740740740741 0.13359375 0.9092592592592592 0.14609375 0.9138888888888889 0.14635416666666667 0.9296296296296296 0.14401041666666667 0.9402777777777778 0.13541666666666666 0.9476851851851852 0.12578125 0.9671296296296297 0.12135416666666667 0.9699074074074074 0.10703125 0.9652777777777778 0.08489583333333334 0.9675925925925926 0.08098958333333334 0.9638888888888889 0.0796875 0.9606481481481481 0.0796875 0.9032407407407408 0.08932291666666667 0.8759259259259259 0.10651041666666666 0.8777777777777778 0.12317708333333334 0.8740740740740741
4 0.20078125 0.8768518518518519 0.20364583333333333 0.8796296296296297 0.20546875 0.8870370370370371 0.20598958333333334 0.8944444444444445 0.20390625 0.9041666666666667 0.19244791666666666 0.9254629629629629 0.18229166666666666 0.9388888888888889 0.17135416666666667 0.9300925925925926 0.17005208333333333 0.9046296296296297 0.17135416666666667 0.8907407407407407 0.18046875 0.8763888888888889 0.20052083333333334 0.8768518518518519
4 0.46588541666666666 0.4824074074074074 0.009375 0.017592592592592594
4 0.1859375 0.8175925925925925 0.18880208333333334 0.8212962962962963 0.18958333333333333 0.8273148148148148 0.18984375 0.8611111111111112 0.18671875 0.8680555555555556 0.16848958333333333 0.8898148148148148 0.14036458333333332 0.8833333333333333 0.13984375 0.8416666666666667 0.1546875 0.8194444444444444 0.18567708333333333 0.8175925925925925
4 0.06067708333333333 0.9629629629629629 0.07395833333333333 0.9777777777777777 0.07604166666666666 0.9884259259259259 0.07526041666666666 0.999537037037037 0.016927083333333332 0.999537037037037 0.015885416666666666 0.9944444444444445 0.019791666666666666 0.9773148148148149 0.023958333333333335 0.9689814814814814 0.046614583333333334 0.9703703703703703 0.06041666666666667 0.9634259259259259
4 0.4446614583333333 0.43333333333333335 0.009114583333333334 0.013888888888888888
4 0.46067708333333335 0.5152777777777777 0.45989583333333334 0.5305555555555556 0.45729166666666665 0.5291666666666667 0.45703125 0.5180555555555556 0.46041666666666664 0.5152777777777777
4 0.45390625 0.48148148148148145 0.45729166666666665 0.4912037037037037 0.4546875 0.4949074074074074 0.44947916666666665 0.4949074074074074 0.4484375 0.49166666666666664 0.44895833333333335 0.48333333333333334 0.45364583333333336 0.48148148148148145
4 0.48203125 0.45740740740740743 0.48489583333333336 0.4601851851851852 0.48541666666666666 0.47129629629629627 0.48411458333333335 0.4777777777777778 0.48098958333333336 0.48055555555555557 0.47734375 0.48055555555555557 0.47578125 0.47175925925925927 0.47734375 0.46064814814814814 0.4817708333333333 0.45740740740740743
4 0.46822916666666664 0.46064814814814814 0.47109375 0.4666666666666667 0.4703125 0.4740740740740741 0.46197916666666666 0.4708333333333333 0.4635416666666667 0.4615740740740741 0.46796875 0.46064814814814814
4 0.4427083333333333 0.47175925925925927 0.4440104166666667 0.487962962962963 0.4359375 0.4898148148148148 0.4359375 0.4740740740740741 0.4390625 0.4708333333333333 0.44244791666666666 0.47175925925925927
3 0.225 0.8513888888888889 0.22734375 0.8523148148148149 0.22734375 0.8555555555555555 0.22421875 0.8657407407407407 0.19296875 0.925 0.1828125 0.9388888888888889 0.17135416666666667 0.9319444444444445 0.16979166666666667 0.8976851851851851 0.17421875 0.8842592592592593 0.18020833333333333 0.8763888888888889 0.190625 0.874537037037037 0.21302083333333333 0.8523148148148149 0.22473958333333333 0.8513888888888889
1 0.5138020833333333 0.5101851851851852 0.5174479166666667 0.5185185185185185 0.515625 0.5268518518518519 0.51171875 0.5268518518518519 0.5059895833333333 0.5189814814814815 0.50859375 0.5092592592592593 0.5135416666666667 0.5101851851851852
1 0.4432291666666667 0.45092592592592595 0.44505208333333335 0.4587962962962963 0.44375 0.4634259259259259 0.43697916666666664 0.46111111111111114 0.43776041666666665 0.45231481481481484 0.44296875 0.45092592592592595
1 0.45364583333333336 0.4546296296296296 0.45651041666666664 0.4634259259259259 0.45598958333333334 0.4666666666666667 0.4518229166666667 0.46805555555555556 0.44921875 0.4675925925925926 0.4479166666666667 0.4615740740740741 0.44895833333333335 0.4564814814814815 0.45338541666666665 0.4546296296296296
1 0.47161458333333334 0.5407407407407407 0.4752604166666667 0.5430555555555555 0.47630208333333335 0.5504629629629629 0.47552083333333334 0.5587962962962963 0.47369791666666666 0.5611111111111111 0.46328125 0.5583333333333333 0.46432291666666664 0.5430555555555555 0.4713541666666667 0.5407407407407407
2 0.4739583333333333 0.5050925925925925 0.47682291666666665 0.5115740740740741 0.47630208333333335 0.5189814814814815 0.4734375 0.5189814814814815 0.4739583333333333 0.5055555555555555
2 0.45989583333333334 0.5148148148148148 0.46119791666666665 0.5189814814814815 0.46041666666666664 0.5291666666666667 0.45729166666666665 0.5273148148148148 0.45729166666666665 0.5180555555555556 0.4596354166666667 0.5152777777777777