4 0.4513020833333333 0.42685185185185187 0.4546875 0.43194444444444446 0.453125 0.43842592592592594 0.4479166666666667 0.4351851851851852 0.4471354166666667 0.42824074074074076 0.4510416666666667 0.42685185185185187
4 0 0.6430555555555556 0.018229166666666668 0.6430555555555556 0.021354166666666667 0.6708333333333333 0.01640625 0.7027777777777777 0 0.7162037037037037 0 0.6435185185185185
4 0.30442708333333335 0.6851851851851852 0.30833333333333335 0.6898148148148148 0.30833333333333335 0.7037037037037037 0.30364583333333334 0.7152777777777778 0.30052083333333335 0.7175925925925926 0.2989583333333333 0.6916666666666667 0.30026041666666664 0.6865740740740741 0.30416666666666664 0.6851851851851852
4 0.4356770833333333 0.4101851851851852 0.43802083333333336 0.41435185185185186 0.4359375 0.4217592592592593 0.4322916666666667 0.4217592592592593 0.4296875 0.41712962962962963 0.4317708333333333 0.4101851851851852 0.4354166666666667 0.4101851851851852
4 0.09270833333333334 0.6888888888888889 0.0953125 0.6912037037037037 0.10625 0.6898148148148148 0.109375 0.6925925925925925 0.10989583333333333 0.7379629629629629 0.09479166666666666 0.7402777777777778 0.08020833333333334 0.750462962962963 0.075 0.7574074074074074 0.06770833333333333 0.7532407407407408 0.06354166666666666 0.7560185185185185 0.058854166666666666 0.7481481481481481 0.05911458333333333 0.7550925925925925 0.054427083333333334 0.7597222222222222 0.04973958333333333 0.7583333333333333 0.046875 0.7527777777777778 0.04791666666666667 0.7337962962962963 0.052083333333333336 0.7273148148148149 0.04791666666666667 0.7203703703703703 0.04791666666666667 0.7064814814814815 0.05416666666666667 0.7018518518518518 0.057291666666666664 0.7074074074074074 0.06041666666666667 0.6958333333333333 0.06432291666666666 0.6921296296296297 0.09244791666666667 0.6888888888888889
4 0.44583333333333336 0.5078703703703704 0.44635416666666666 0.5231481481481481 0.44453125 0.5259259259259259 0.44192708333333336 0.5259259259259259 0.44140625 0.5152777777777777 0.44244791666666666 0.5083333333333333 0.44557291666666665 0.5078703703703704
4 0.41484375 0.4101851851851852 0.41901041666666666 0.4115740740740741 0.4192708333333333 0.42268518518518516 0.4171875 0.425 0.4114583333333333 0.4236111111111111 0.4114583333333333 0.41388888888888886 0.41458333333333336 0.41064814814814815
4 0.43307291666666664 0.4486111111111111 0.4356770833333333 0.45231481481481484 0.43776041666666665 0.4634259259259259 0.43645833333333334 0.48333333333333334 0.43307291666666664 0.4875 0.421875 0.4875 0.41901041666666666 0.4638888888888889 0.42161458333333335 0.4527777777777778 0.4283854166666667 0.44675925925925924 0.4328125 0.4486111111111111
4 0.43255208333333334 0.5226851851851851 0.43776041666666665 0.5287037037037037 0.43645833333333334 0.5462962962962963 0.4356770833333333 0.549537037037037 0.42630208333333336 0.55 0.42161458333333335 0.549537037037037 0.42161458333333335 0.5291666666666667 0.425 0.5236111111111111 0.4322916666666667 0.5226851851851851
4 0.43307291666666664 0.4324074074074074 0.4361979166666667 0.4398148148148148 0.42942708333333335 0.44583333333333336 0.4278645833333333 0.4356481481481482 0.4328125 0.4324074074074074
4 0.46432291666666664 0.4981481481481482 0.4674479166666667 0.5041666666666667 0.4671875 0.5120370370370371 0.46432291666666664 0.5157407407407407 0.46041666666666664 0.5120370370370371 0.46145833333333336 0.5023148148148148 0.4640625 0.4981481481481482
4 0.11380208333333333 0.7412037037037037 0.12083333333333333 0.7444444444444445 0.12057291666666667 0.7486111111111111 0.08854166666666667 0.7791666666666667 0.07838541666666667 0.7842592592592592 0.07630208333333334 0.7680555555555556 0.08072916666666667 0.7527777777777778 0.0953125 0.7407407407407407 0.11354166666666667 0.7412037037037037
4 0.4588541666666667 0.43842592592592594 0.46119791666666665 0.4449074074074074 0.4596354166666667 0.449537037037037 0.45338541666666665 0.44907407407407407 0.45260416666666664 0.44583333333333336 0.45416666666666666 0.43796296296296294 0.45859375 0.43842592592592594
4 0.4078125 0.6717592592592593 0.4171875 0.6782407407407407 0.4166666666666667 0.7111111111111111 0.40963541666666664 0.7375 0.4049479166666667 0.7402777777777778 0.38776041666666666 0.7379629629629629 0.3841145833333333 0.7347222222222223 0.3841145833333333 0.6986111111111111 0.3921875 0.675 0.4075520833333333 0.6717592592592593
4 0.26901041666666664 0.7625 0.26979166666666665 0.7662037037037037 0.27395833333333336 0.7689814814814815 0.27682291666666664 0.7675925925925926 0.2794270833333333 0.7601851851851852 0.2799479166666667 0.7662037037037037 0.2794270833333333 0.7898148148148149 0.26848958333333334 0.8074074074074075 0.265625 0.7902777777777777 0.265625 0.7675925925925926 0.26901041666666664 0.762962962962963
1 0.43307291666666664 0.4324074074074074 0.4361979166666667 0.4388888888888889 0.43072916666666666 0.44212962962962965 0.4283854166666667 0.44166666666666665 0.4278645833333333 0.4356481481481482 0.4328125 0.4324074074074074
1 0.42552083333333335 0.5791666666666667 0.4283854166666667 0.5884259259259259 0.4283854166666667 0.6018518518518519 0.42630208333333336 0.6060185185185185 0.41119791666666666 0.6046296296296296 0.4114583333333333 0.5916666666666667 0.4140625 0.5814814814814815 0.41770833333333335 0.5782407407407407 0.42526041666666664 0.5791666666666667
1 0.4356770833333333 0.4101851851851852 0.43802083333333336 0.41435185185185186 0.4356770833333333 0.4217592592592593 0.4315104166666667 0.42083333333333334 0.4296875 0.4152777777777778 0.4315104166666667 0.41064814814814815 0.4354166666666667 0.4101851851851852
1 0.36328125 0.5537037037037037 0.3765625 0.5606481481481481 0.378125 0.5666666666666667 0.3768229166666667 0.5731481481481482 0.3458333333333333 0.5782407407407407 0.34088541666666666 0.5745370370370371 0.3421875 0.562962962962963 0.35572916666666665 0.5532407407407407 0.36302083333333335 0.5537037037037037
1 0.45755208333333336 0.4375 0.46067708333333335 0.44166666666666665 0.46015625 0.44907407407407407 0.453125 0.44814814814814813 0.45364583333333336 0.4393518518518518 0.45729166666666665 0.4375
2 0.4078125 0.4828703703703704 0.4078125 0.4976851851851852 0.4041666666666667 0.49583333333333335 0.4044270833333333 0.4842592592592593 0.4075520833333333 0.4828703703703704
2 0.509375 0.4981481481481482 0.5138020833333333 0.5018518518518519 0.5138020833333333 0.5069444444444444 0.50859375 0.5115740740740741 0.5052083333333334 0.5097222222222222 0.5041666666666667 0.5009259259259259 0.5091145833333334 0.4981481481481482
2 0.46432291666666664 0.49907407407407406 0.4674479166666667 0.5050925925925925 0.4669270833333333 0.512962962962963 0.46432291666666664 0.5157407407407407 0.46041666666666664 0.5125 0.4609375 0.5050925925925925 0.4640625 0.49907407407407406
2 0.2625 0.7287037037037037 0.2640625 0.7328703703703704 0.2635416666666667 0.7476851851851852 0.2552083333333333 0.7592592592592593 0.25234375 0.7569444444444444 0.2518229166666667 0.7328703703703704 0.25442708333333336 0.7291666666666666 0.26223958333333336 0.7287037037037037
2 0.26953125 0.7666666666666667 0.2752604166666667 0.7699074074074074 0.2794270833333333 0.7671296296296296 0.2796875 0.7861111111111111 0.27708333333333335 0.7958333333333333 0.26901041666666664 0.8078703703703703 0.2671875 0.8046296296296296 0.265625 0.7898148148148149 0.265625 0.7689814814814815 0.26927083333333335 0.7666666666666667
2 0.3809895833333333 0.5273148148148148 0.3828125 0.5398148148148149 0.3802083333333333 0.5435185185185185 0.37786458333333334 0.5416666666666666 0.37734375 0.5351851851851852 0.37838541666666664 0.5287037037037037 0.3807291666666667 0.5273148148148148
2 0.30416666666666664 0.6856481481481481 0.30807291666666664 0.6893518518518519 0.30807291666666664 0.7041666666666667 0.30364583333333334 0.7152777777777778 0.30026041666666664 0.7175925925925926 0.29921875 0.6921296296296297 0.30026041666666664 0.6875 0.30390625 0.6856481481481481
2 0.30494791666666665 0.6263888888888889 0.30520833333333336 0.6092592592592593 0.3072916666666667 0.6032407407407407 0.3104166666666667 0.6013888888888889 0.31197916666666664 0.6046296296296296 0.3125 0.6194444444444445 0.3106770833333333 0.624537037037037 0.30520833333333336 0.6263888888888889
2 0.44375 0.5087962962962963 0.44583333333333336 0.5097222222222222 0.4466145833333333 0.5157407407407407 0.44609375 0.524537037037037 0.4432291666666667 0.5259259259259259 0.44166666666666665 0.5231481481481481 0.44166666666666665 0.512962962962963 0.4434895833333333 0.5087962962962963
2 0.40078125 0.5125 0.40260416666666665 0.5189814814814815 0.4010416666666667 0.5287037037037037 0.39739583333333334 0.524537037037037 0.39765625 0.5162037037037037 0.4005208333333333 0.5125
2 0.4015625 0.5810185185185185 0.40390625 0.5837962962962963 0.40390625 0.5893518518518519 0.403125 0.5953703703703703 0.40078125 0.5976851851851852 0.39817708333333335 0.5953703703703703 0.39791666666666664 0.587037037037037 0.39869791666666665 0.5824074074074074 0.40130208333333334 0.5810185185185185