4 0.4635416666666667 0.4828703703703704 0.4671875 0.48842592592592593 0.465625 0.5018518518518519 0.46119791666666665 0.5037037037037037 0.4588541666666667 0.49907407407407406 0.4591145833333333 0.4875 0.46328125 0.48333333333333334
4 0.0296875 0.8203703703703704 0.03463541666666667 0.8236111111111111 0.03723958333333333 0.8439814814814814 0.03697916666666667 0.8527777777777777 0.030729166666666665 0.8824074074074074 0.0018229166666666667 0.9337962962962963 0 0.9337962962962963 0 0.8305555555555556 0.015104166666666667 0.8217592592592593 0.029427083333333333 0.8203703703703704
4 0.41484375 0.5351851851851852 0.41484375 0.5513888888888889 0.4109375 0.55 0.4114583333333333 0.5361111111111111 0.41458333333333336 0.5351851851851852
4 0.35833333333333334 0.6944444444444444 0.3625 0.6967592592592593 0.3658854166666667 0.7064814814814815 0.3619791666666667 0.7337962962962963 0.35833333333333334 0.7416666666666667 0.34296875 0.7425925925925926 0.34036458333333336 0.7407407407407407 0.33932291666666664 0.7328703703703704 0.34401041666666665 0.7097222222222223 0.3502604166666667 0.6962962962962963 0.3580729166666667 0.6944444444444444
4 0.5075520833333333 0.5425925925925926 0.5096354166666667 0.5462962962962963 0.5096354166666667 0.5537037037037037 0.5088541666666667 0.5569444444444445 0.50546875 0.5578703703703703 0.5015625 0.5569444444444445 0.5018229166666667 0.5523148148148148 0.50390625 0.5439814814814815 0.5072916666666667 0.5425925925925926
4 0.32109375 0.7162037037037037 0.3203125 0.737037037037037 0.3143229166666667 0.7458333333333333 0.3125 0.7425925925925926 0.3138020833333333 0.7208333333333333 0.31744791666666666 0.7162037037037037 0.32083333333333336 0.7162037037037037
4 0.1203125 0.8703703703703703 0.12317708333333334 0.8726851851851852 0.125 0.8828703703703704 0.12421875 0.9287037037037037 0.10208333333333333 0.9574074074074074 0.09505208333333333 0.9597222222222223 0.0671875 0.9560185185185185 0.06484375 0.9476851851851852 0.0640625 0.9101851851851852 0.0671875 0.9009259259259259 0.08828125 0.8800925925925925 0.10572916666666667 0.8782407407407408 0.11145833333333334 0.8694444444444445 0.12005208333333334 0.8703703703703703
4 0 0.9537037037037037 0.02109375 0.9541666666666667 0.03671875 0.95 0.040364583333333336 0.9583333333333334 0.04791666666666667 0.9634259259259259 0.049479166666666664 0.9935185185185185 0.047135416666666666 0.9972222222222222 0.04088541666666667 0.9976851851851852 0 0.9958333333333333 0 0.9541666666666667
4 0.42994791666666665 0.4115740740740741 0.4317708333333333 0.4185185185185185 0.42864583333333334 0.42453703703703705 0.4239583333333333 0.4212962962962963 0.42526041666666664 0.41435185185185186 0.4296875 0.4115740740740741
4 0.43411458333333336 0.6078703703703704 0.4375 0.6138888888888889 0.4356770833333333 0.6328703703703704 0.4244791666666667 0.6328703703703704 0.42265625 0.6282407407407408 0.425 0.6097222222222223 0.43385416666666665 0.6078703703703704
4 0.12135416666666667 0.9486111111111111 0.134375 0.9523148148148148 0.13776041666666666 0.9597222222222223 0.13697916666666668 0.9773148148148149 0.1234375 0.999537037037037 0.0921875 0.999537037037037 0.09166666666666666 0.9962962962962963 0.09427083333333333 0.9907407407407407 0.09713541666666667 0.9703703703703703 0.10572916666666667 0.9518518518518518 0.11015625 0.9481481481481482 0.12109375 0.9486111111111111
1 0.4434895833333333 0.5532407407407407 0.4466145833333333 0.5574074074074075 0.44765625 0.5689814814814815 0.44609375 0.5740740740740741 0.44296875 0.5745370370370371 0.4356770833333333 0.5740740740740741 0.43385416666666665 0.5685185185185185 0.43723958333333335 0.5537037037037037 0.4432291666666667 0.5532407407407407
1 0.44765625 0.6444444444444445 0.45260416666666664 0.6467592592592593 0.45390625 0.6504629629629629 0.45416666666666666 0.6722222222222223 0.45286458333333335 0.6759259259259259 0.4440104166666667 0.6768518518518518 0.4388020833333333 0.674537037037037 0.4388020833333333 0.65 0.4421875 0.6449074074074074 0.4473958333333333 0.6444444444444445
1 0.43020833333333336 0.7541666666666667 0.43802083333333336 0.7583333333333333 0.4356770833333333 0.7916666666666666 0.43333333333333335 0.7967592592592593 0.41822916666666665 0.7958333333333333 0.415625 0.7902777777777777 0.41796875 0.7583333333333333 0.42213541666666665 0.7546296296296297 0.42994791666666665 0.7541666666666667
1 0.30364583333333334 0.9263888888888889 0.3104166666666667 0.9296296296296296 0.3140625 0.9365740740740741 0.31614583333333335 0.9574074074074074 0.3143229166666667 0.9773148148148149 0.3046875 0.999537037037037 0.27369791666666665 0.999537037037037 0.2734375 0.9972222222222222 0.27708333333333335 0.9810185185185185 0.2755208333333333 0.9703703703703703 0.28072916666666664 0.9648148148148148 0.29244791666666664 0.9319444444444445 0.3033854166666667 0.9263888888888889
1 0.45989583333333334 0.5393518518518519 0.46640625 0.5430555555555555 0.4666666666666667 0.5569444444444445 0.4557291666666667 0.5564814814814815 0.45625 0.5425925925925926 0.4596354166666667 0.5398148148148149
1 0.42994791666666665 0.4125 0.4315104166666667 0.41944444444444445 0.42864583333333334 0.42453703703703705 0.42526041666666664 0.42407407407407405 0.42421875 0.4199074074074074 0.42578125 0.41435185185185186 0.4296875 0.4125
2 0.41484375 0.5356481481481481 0.41458333333333336 0.5518518518518518 0.4109375 0.55 0.4114583333333333 0.5361111111111111 0.41458333333333336 0.5356481481481481
2 0.5044270833333333 0.5435185185185185 0.5083333333333333 0.5430555555555555 0.5096354166666667 0.5467592592592593 0.50859375 0.5569444444444445 0.5026041666666666 0.5574074074074075 0.5020833333333333 0.55 0.5044270833333333 0.5439814814814815
2 0.423046875 0.5326388888888889 0.0049479166666666664 0.014351851851851852
2 0.31276041666666665 0.7449074074074075 0.3140625 0.7208333333333333 0.3182291666666667 0.7166666666666667 0.32109375 0.7166666666666667 0.321875 0.7203703703703703 0.32057291666666665 0.7347222222222223 0.31744791666666666 0.7421296296296296 0.31302083333333336 0.7449074074074075