4 0.029166666666666667 0.836574074074074 0.03671875 0.8384259259259259 0.03958333333333333 0.8587962962962963 0.034375 0.9004629629629629 0.021614583333333333 0.9166666666666666 0.009895833333333333 0.9430555555555555 0.0018229166666666667 0.9541666666666667 0 0.9541666666666667 0 0.850462962962963 0.008854166666666666 0.8407407407407408 0.02890625 0.836574074074074
4 0.34036458333333336 0.8472222222222222 0.3458333333333333 0.8523148148148149 0.3484375 0.8726851851851852 0.34661458333333334 0.8907407407407407 0.3390625 0.9143518518518519 0.32083333333333336 0.9166666666666666 0.31692708333333336 0.9166666666666666 0.3140625 0.912962962962963 0.31536458333333334 0.8800925925925925 0.32760416666666664 0.850462962962963 0.34010416666666665 0.8472222222222222
4 0.3768229166666667 0.6615740740740741 0.37994791666666666 0.6638888888888889 0.38203125 0.6824074074074075 0.3796875 0.6944444444444444 0.37552083333333336 0.7037037037037037 0.3625 0.7032407407407407 0.36015625 0.6990740740740741 0.35989583333333336 0.6930555555555555 0.3625 0.6763888888888889 0.36614583333333334 0.6662037037037037 0.36953125 0.6620370370370371 0.3765625 0.6615740740740741
4 0.4236979166666667 0.8523148148148149 0.42890625 0.8546296296296296 0.42994791666666665 0.8592592592592593 0.42890625 0.8740740740740741 0.42578125 0.8842592592592593 0.42552083333333335 0.9009259259259259 0.421875 0.9060185185185186 0.4041666666666667 0.9055555555555556 0.40182291666666664 0.8972222222222223 0.40520833333333334 0.8694444444444445 0.403125 0.8555555555555555 0.4114583333333333 0.8518518518518519 0.4234375 0.8523148148148149
4 0.0859375 0.8888888888888888 0.08958333333333333 0.8907407407407407 0.09088541666666666 0.8949074074074074 0.084375 0.9 0.06744791666666666 0.9226851851851852 0.06510416666666667 0.9527777777777777 0.05625 0.975 0.05078125 0.9777777777777777 0.043229166666666666 0.9763888888888889 0.0375 0.9703703703703703 0.008072916666666667 0.975925925925926 0 0.9712962962962963 0 0.9583333333333334 0.020833333333333332 0.9305555555555556 0.029166666666666667 0.9236111111111112 0.03359375 0.9148148148148149 0.03984375 0.9111111111111111 0.057291666666666664 0.8916666666666667 0.08567708333333333 0.8888888888888888
4 0.04010416666666667 0.9717592592592592 0.044270833333333336 0.9782407407407407 0.05625 0.9810185185185185 0.05677083333333333 0.9842592592592593 0.05260416666666667 0.9861111111111112 0.05078125 0.999537037037037 0.0171875 0.999537037037037 0.015885416666666666 0.9972222222222222 0 0.9962962962962963 0 0.9731481481481481 0.01484375 0.975925925925926 0.03984375 0.9717592592592592
4 0.42578125 0.42083333333333334 0.428125 0.4263888888888889 0.42552083333333335 0.4324074074074074 0.421875 0.4310185185185185 0.4203125 0.425462962962963 0.42161458333333335 0.4212962962962963 0.42552083333333335 0.42083333333333334
4 0.12005208333333334 0.9662037037037037 0.1265625 0.9671296296296297 0.12994791666666666 0.9560185185185185 0.14869791666666668 0.9319444444444445 0.16380208333333332 0.9305555555555556 0.171875 0.9314814814814815 0.17317708333333334 0.9361111111111111 0.1375 0.999537037037037 0.09765625 0.999537037037037 0.10130208333333333 0.9842592592592593 0.109375 0.9699074074074074 0.11979166666666667 0.9662037037037037
4 0.46484375 0.500462962962963 0.46770833333333334 0.5027777777777778 0.46796875 0.5180555555555556 0.4661458333333333 0.5212962962962963 0.45989583333333334 0.5212962962962963 0.45859375 0.5185185185185185 0.45989583333333334 0.5009259259259259 0.46458333333333335 0.500462962962963
3 0.11770833333333333 0.8865740740740741 0.1234375 0.8870370370370371 0.12760416666666666 0.899537037037037 0.12838541666666667 0.9166666666666666 0.12708333333333333 0.9444444444444444 0.12526041666666668 0.950925925925926 0.11770833333333333 0.9634259259259259 0.10911458333333333 0.9689814814814814 0.10208333333333333 0.9805555555555555 0.08307291666666666 0.9902777777777778 0.0671875 0.9726851851851852 0.06796875 0.9217592592592593 0.08541666666666667 0.9004629629629629 0.090625 0.8972222222222223 0.10625 0.8962962962962963 0.11744791666666667 0.8865740740740741
3 0.42890625 0.4324074074074074 0.43333333333333335 0.4356481481481482 0.43671875 0.44675925925925924 0.4375 0.45787037037037037 0.4356770833333333 0.4615740740740741 0.4283854166666667 0.4615740740740741 0.42630208333333336 0.4587962962962963 0.425 0.4361111111111111 0.42864583333333334 0.4324074074074074
1 0.4309895833333333 0.6092592592592593 0.43072916666666666 0.5958333333333333 0.43203125 0.5888888888888889 0.4348958333333333 0.586574074074074 0.4432291666666667 0.5888888888888889 0.44453125 0.6078703703703704 0.44296875 0.6111111111111112 0.43125 0.6092592592592593
1 0.4627604166666667 0.5662037037037037 0.46458333333333335 0.5675925925925925 0.46588541666666666 0.5810185185185185 0.4635416666666667 0.5851851851851851 0.4544270833333333 0.5824074074074074 0.4552083333333333 0.5675925925925925 0.4625 0.5662037037037037
1 0.4354166666666667 0.7064814814814815 0.44505208333333335 0.7041666666666667 0.4510416666666667 0.7097222222222223 0.44869791666666664 0.7166666666666667 0.4505208333333333 0.7236111111111111 0.44869791666666664 0.7407407407407407 0.4322916666666667 0.7407407407407407 0.43203125 0.7226851851851852 0.4354166666666667 0.7069444444444445
1 0.4296875 0.6550925925925926 0.4322916666666667 0.6578703703703703 0.4322916666666667 0.6625 0.42864583333333334 0.6842592592592592 0.41510416666666666 0.6824074074074075 0.41432291666666665 0.6708333333333333 0.41822916666666665 0.6555555555555556 0.4244791666666667 0.6532407407407408 0.42942708333333335 0.6550925925925926