4 0.06744791666666666 0.7967592592592593 0.06953125 0.8 0.06979166666666667 0.8106481481481481 0.0546875 0.8324074074074074 0.0453125 0.8416666666666667 0.04192708333333333 0.8495370370370371 0.0359375 0.8527777777777777 0.03307291666666667 0.8587962962962963 0.0328125 0.8662037037037037 0.029427083333333333 0.8685185185185185 0.02578125 0.8601851851851852 0.022916666666666665 0.8689814814814815 0.012760416666666666 0.8847222222222222 0.005208333333333333 0.887962962962963 0 0.8875 0 0.8425925925925926 0.01171875 0.8384259259259259 0.019010416666666665 0.8393518518518519 0.022135416666666668 0.8416666666666667 0.02265625 0.8490740740740741 0.022916666666666665 0.8416666666666667 0.03697916666666667 0.8347222222222223 0.034375 0.8300925925925926 0.025260416666666667 0.8282407407407407 0.024739583333333332 0.8166666666666667 0.046875 0.7962962962962963 0.0671875 0.7967592592592593
4 0.4544270833333333 0.6912037037037037 0.46145833333333336 0.6990740740740741 0.45989583333333334 0.7236111111111111 0.45703125 0.7310185185185185 0.44479166666666664 0.7300925925925926 0.44244791666666666 0.725 0.44505208333333335 0.6953703703703704 0.4471354166666667 0.6921296296296297 0.45416666666666666 0.6912037037037037
4 0.0890625 0.899074074074074 0.09401041666666667 0.9018518518518519 0.11979166666666667 0.9 0.12760416666666666 0.9106481481481481 0.13125 0.9324074074074075 0.13385416666666666 0.9342592592592592 0.14088541666666668 0.9314814814814815 0.14479166666666668 0.9342592592592592 0.14401041666666667 0.9513888888888888 0.14140625 0.9634259259259259 0.12161458333333333 0.9953703703703703 0.11692708333333333 0.9972222222222222 0.08072916666666667 0.9972222222222222 0.07630208333333334 0.9944444444444445 0.07604166666666666 0.9287037037037037 0.08489583333333334 0.9023148148148148 0.08880208333333334 0.899074074074074
4 0.21380208333333334 0.8796296296296297 0.22369791666666666 0.8814814814814815 0.22083333333333333 0.8939814814814815 0.20416666666666666 0.9217592592592593 0.19270833333333334 0.9467592592592593 0.17864583333333334 0.9666666666666667 0.16875 0.9569444444444445 0.16875 0.9421296296296297 0.16692708333333334 0.9356481481481481 0.16796875 0.9180555555555555 0.17552083333333332 0.9032407407407408 0.19270833333333334 0.8981481481481481 0.203125 0.8847222222222222 0.21354166666666666 0.8796296296296297
4 0.4005208333333333 0.6509259259259259 0.403125 0.6578703703703703 0.40390625 0.6689814814814815 0.40182291666666664 0.6782407407407407 0.39817708333333335 0.6805555555555556 0.3890625 0.6800925925925926 0.38697916666666665 0.6717592592592593 0.39114583333333336 0.6518518518518519 0.4002604166666667 0.6509259259259259
4 0.16276041666666666 0.8407407407407408 0.17708333333333334 0.8398148148148148 0.18567708333333333 0.8435185185185186 0.18671875 0.8467592592592592 0.18619791666666666 0.8912037037037037 0.18255208333333334 0.8976851851851851 0.17395833333333333 0.9037037037037037 0.16979166666666667 0.9115740740740741 0.16484375 0.9143518518518519 0.14427083333333332 0.9120370370370371 0.1375 0.9092592592592592 0.13619791666666667 0.9055555555555556 0.13619791666666667 0.8662037037037037 0.14973958333333334 0.8449074074074074 0.1625 0.8407407407407408
4 0.09947916666666666 0.7939814814814815 0.10442708333333334 0.7972222222222223 0.10703125 0.812962962962963 0.10390625 0.8453703703703703 0.10026041666666667 0.8541666666666666 0.09140625 0.8657407407407407 0.08359375 0.8875 0.07109375 0.9032407407407408 0.0640625 0.9078703703703703 0.03619791666666667 0.9101851851851852 0.03046875 0.9078703703703703 0.03203125 0.8907407407407407 0.028645833333333332 0.887962962962963 0.026822916666666665 0.8736111111111111 0.03567708333333333 0.850925925925926 0.04010416666666667 0.8490740740740741 0.07630208333333334 0.8 0.08541666666666667 0.7944444444444444 0.09921875 0.7939814814814815
4 0.43333333333333335 0.41435185185185186 0.43671875 0.4185185185185185 0.43671875 0.4351851851851852 0.43255208333333334 0.43796296296296294 0.42864583333333334 0.4375 0.4270833333333333 0.4300925925925926 0.4276041666666667 0.41805555555555557 0.43307291666666664 0.41435185185185186
4 0.44609375 0.4217592592592593 0.44973958333333336 0.4324074074074074 0.4484375 0.43657407407407406 0.44453125 0.4388888888888889 0.4393229166666667 0.4375 0.43854166666666666 0.4305555555555556 0.44192708333333336 0.4222222222222222 0.44583333333333336 0.4217592592592593
3 0.04791666666666667 0.9342592592592592 0.054947916666666666 0.9421296296296297 0.06067708333333333 0.9648148148148148 0.06432291666666666 0.9625 0.07239583333333334 0.9662037037037037 0.07265625 0.9944444444444445 0.06822916666666666 0.999537037037037 0 0.9976851851851852 0 0.9569444444444445 0.0020833333333333333 0.9560185185185185 0.009635416666666667 0.937962962962963 0.04244791666666667 0.9319444444444445 0.04765625 0.9342592592592592
1 0.4432291666666667 0.487962962962963 0.4453125 0.5023148148148148 0.4421875 0.5050925925925925 0.4359375 0.5046296296296297 0.4356770833333333 0.4949074074074074 0.43802083333333336 0.487962962962963 0.44296875 0.487962962962963
1 0.4236979166666667 0.6152777777777778 0.42734375 0.6175925925925926 0.42890625 0.624537037037037 0.4276041666666667 0.6435185185185185 0.4239583333333333 0.6472222222222223 0.41432291666666665 0.6472222222222223 0.4122395833333333 0.6444444444444445 0.41380208333333335 0.6296296296296297 0.41796875 0.6175925925925926 0.4234375 0.6152777777777778
1 0.42526041666666664 0.9069444444444444 0.43203125 0.9097222222222222 0.43411458333333336 0.9148148148148149 0.42942708333333335 0.9560185185185185 0.42864583333333334 0.9601851851851851 0.42630208333333336 0.9606481481481481 0.40703125 0.9606481481481481 0.40546875 0.9574074074074074 0.40572916666666664 0.9421296296296297 0.4088541666666667 0.9217592592592593 0.4075520833333333 0.9111111111111111 0.41354166666666664 0.9074074074074074 0.425 0.9069444444444444
1 0.39140625 0.737037037037037 0.39609375 0.7421296296296296 0.396875 0.7694444444444445 0.39114583333333336 0.7893518518518519 0.37942708333333336 0.7907407407407407 0.3731770833333333 0.7888888888888889 0.37395833333333334 0.7620370370370371 0.38177083333333334 0.7402777777777778 0.39114583333333336 0.737037037037037
1 0.5236979166666667 0.5439814814814815 0.5283854166666667 0.55 0.5200520833333333 0.5611111111111111 0.5106770833333333 0.5574074074074075 0.5104166666666666 0.5504629629629629 0.5182291666666666 0.5439814814814815 0.5234375 0.5439814814814815
1 0.44557291666666665 0.5347222222222222 0.4484375 0.5472222222222223 0.4466145833333333 0.5555555555555556 0.43828125 0.5555555555555556 0.43645833333333334 0.5523148148148148 0.4390625 0.5375 0.4453125 0.5347222222222222