4 0.7630208333333334 0.7689814814814815 0.77578125 0.7712962962962963 0.7791666666666667 0.7856481481481481 0.7901041666666667 0.7893518518518519 0.8059895833333334 0.8069444444444445 0.8036458333333333 0.8212962962962963 0.7908854166666667 0.825925925925926 0.77890625 0.8245370370370371 0.7721354166666666 0.8143518518518519 0.7716145833333333 0.8074074074074075 0.7661458333333333 0.7962962962962963 0.7622395833333333 0.7930555555555555 0.75859375 0.7976851851851852 0.7518229166666667 0.799074074074074 0.7489583333333333 0.8078703703703703 0.7447916666666666 0.8041666666666667 0.7447916666666666 0.7888888888888889 0.746875 0.7782407407407408 0.7627604166666667 0.7689814814814815
4 0.034895833333333334 0.7532407407407408 0.03984375 0.7560185185185185 0.05182291666666667 0.7546296296296297 0.0546875 0.7578703703703704 0.054427083333333334 0.7699074074074074 0.058333333333333334 0.7759259259259259 0.05859375 0.7800925925925926 0.05651041666666667 0.8185185185185185 0.05364583333333333 0.8300925925925926 0.0515625 0.8268518518518518 0.050520833333333334 0.8060185185185185 0.023697916666666666 0.8106481481481481 0.015625 0.8064814814814815 0.01328125 0.8106481481481481 0 0.8097222222222222 0 0.799537037037037 0.0049479166666666664 0.8004629629629629 0.007291666666666667 0.7902777777777777 0.00703125 0.7675925925925926 0.02578125 0.7550925925925925 0.03463541666666667 0.7532407407407408
4 0.44947916666666665 0.7606481481481482 0.4518229166666667 0.7708333333333334 0.44947916666666665 0.7856481481481481 0.44583333333333336 0.7847222222222222 0.4427083333333333 0.7712962962962963 0.44296875 0.7648148148148148 0.44921875 0.7606481481481482
4 0.24401041666666667 0.8439814814814814 0.2518229166666667 0.8476851851851852 0.25859375 0.8574074074074074 0.25859375 0.875 0.25494791666666666 0.8921296296296296 0.24192708333333332 0.8967592592592593 0.23489583333333333 0.9092592592592592 0.22916666666666666 0.9064814814814814 0.20364583333333333 0.9106481481481481 0.19947916666666668 0.9106481481481481 0.19609375 0.9064814814814814 0.19557291666666668 0.8944444444444445 0.1984375 0.8796296296296297 0.20651041666666667 0.8625 0.22005208333333334 0.8472222222222222 0.24375 0.8439814814814814
4 0.3416666666666667 0.7847222222222222 0.34427083333333336 0.7902777777777777 0.3421875 0.8208333333333333 0.33880208333333334 0.825925925925926 0.3184895833333333 0.8277777777777777 0.3151041666666667 0.8245370370370371 0.31484375 0.8175925925925925 0.31692708333333336 0.8046296296296296 0.3216145833333333 0.7935185185185185 0.32526041666666666 0.7893518518518519 0.34140625 0.7847222222222222
4 0.45390625 0.7087962962962963 0.45651041666666664 0.7166666666666667 0.45651041666666664 0.7212962962962963 0.45390625 0.7231481481481481 0.44583333333333336 0.7226851851851852 0.4434895833333333 0.7180555555555556 0.44557291666666665 0.7101851851851851 0.45364583333333336 0.7087962962962963
4 0.46953125 0.7013888888888888 0.47161458333333334 0.7060185185185185 0.4703125 0.7212962962962963 0.46484375 0.7203703703703703 0.46328125 0.7166666666666667 0.46458333333333335 0.7032407407407407 0.46927083333333336 0.7013888888888888
4 0.09479166666666666 0.7717592592592593 0.09583333333333334 0.7777777777777778 0.09322916666666667 0.7935185185185185 0.07994791666666666 0.7967592592592593 0.07421875 0.7967592592592593 0.07447916666666667 0.7837962962962963 0.07682291666666667 0.7754629629629629 0.08151041666666667 0.7722222222222223 0.09453125 0.7717592592592593
4 0.41458333333333336 0.7560185185185185 0.42239583333333336 0.7662037037037037 0.42239583333333336 0.7754629629629629 0.41822916666666665 0.7805555555555556 0.4044270833333333 0.7805555555555556 0.403125 0.7777777777777778 0.403125 0.7685185185185185 0.40572916666666664 0.7583333333333333 0.41432291666666665 0.7560185185185185
4 0.42526041666666664 0.7407407407407407 0.42578125 0.7615740740740741 0.42265625 0.7638888888888888 0.41822916666666665 0.7620370370370371 0.41692708333333334 0.7550925925925925 0.42161458333333335 0.7416666666666667 0.425 0.7407407407407407
4 0.37057291666666664 0.7453703703703703 0.3729166666666667 0.7513888888888889 0.37109375 0.7620370370370371 0.36328125 0.7685185185185185 0.35963541666666665 0.7652777777777777 0.3609375 0.7546296296296297 0.3640625 0.7476851851851852 0.3703125 0.7453703703703703
4 0.2903645833333333 0.899074074074074 0.3140625 0.9013888888888889 0.3190104166666667 0.9069444444444444 0.32395833333333335 0.9199074074074074 0.32447916666666665 0.9291666666666667 0.3216145833333333 0.9398148148148148 0.32708333333333334 0.9458333333333333 0.32734375 0.975462962962963 0.32526041666666666 0.9944444444444445 0.3190104166666667 0.999537037037037 0.28177083333333336 0.999537037037037 0.28046875 0.9972222222222222 0.275 0.999537037037037 0.265625 0.9967592592592592 0.26328125 0.999537037037037 0.25286458333333334 0.999537037037037 0.2518229166666667 0.9972222222222222 0.24661458333333333 0.999537037037037 0.22369791666666666 0.9953703703703703 0.2234375 0.9476851851851852 0.22682291666666668 0.9412037037037037 0.2671875 0.9041666666666667 0.27838541666666666 0.899537037037037 0.29010416666666666 0.899074074074074
3 0.40078125 0.7356481481481482 0.403125 0.7444444444444445 0.403125 0.8078703703703703 0.40078125 0.8175925925925925 0.39348958333333334 0.8212962962962963 0.390625 0.8314814814814815 0.3848958333333333 0.8375 0.37578125 0.8319444444444445 0.36171875 0.8319444444444445 0.35234375 0.8375 0.34453125 0.8148148148148148 0.34479166666666666 0.7861111111111111 0.35104166666666664 0.7782407407407408 0.3697916666666667 0.7657407407407407 0.37213541666666666 0.7537037037037037 0.37135416666666665 0.7449074074074075 0.37473958333333335 0.7379629629629629 0.3846354166666667 0.7347222222222223 0.4005208333333333 0.7356481481481482
3 0.7690104166666667 0.7689814814814815 0.7760416666666666 0.7712962962962963 0.77890625 0.7847222222222222 0.78984375 0.7888888888888889 0.8059895833333334 0.8069444444444445 0.8036458333333333 0.8208333333333333 0.7908854166666667 0.825925925925926 0.77890625 0.8245370370370371 0.7666666666666667 0.8023148148148148 0.765625 0.7958333333333333 0.7622395833333333 0.8018518518518518 0.7520833333333333 0.8009259259259259 0.7484375 0.8083333333333333 0.7453125 0.8037037037037037 0.7447916666666666 0.7902777777777777 0.7471354166666667 0.7777777777777778 0.76171875 0.7689814814814815 0.76875 0.7689814814814815
1 0.45234375 0.7083333333333334 0.4552083333333333 0.712037037037037 0.45651041666666664 0.7189814814814814 0.453125 0.7231481481481481 0.44583333333333336 0.7222222222222222 0.44375 0.7185185185185186 0.44479166666666664 0.711574074074074 0.45208333333333334 0.7083333333333334
1 0.42864583333333334 0.7018518518518518 0.43697916666666664 0.7069444444444445 0.4395833333333333 0.7097222222222223 0.4390625 0.7125 0.42213541666666665 0.7166666666666667 0.41848958333333336 0.7157407407407408 0.41770833333333335 0.7087962962962963 0.42421875 0.7023148148148148 0.4283854166666667 0.7018518518518518
1 0.42526041666666664 0.7412037037037037 0.42578125 0.7611111111111111 0.42239583333333336 0.7638888888888888 0.41822916666666665 0.7625 0.41640625 0.7583333333333333 0.421875 0.7421296296296296 0.425 0.7412037037037037