4 0.4661458333333333 0.49537037037037035 0.46796875 0.5120370370370371 0.46458333333333335 0.5148148148148148 0.45598958333333334 0.5125 0.45651041666666664 0.5 0.45859375 0.49444444444444446 0.46588541666666666 0.49537037037037035
4 0.44296875 0.4125 0.44583333333333336 0.4203703703703704 0.4440104166666667 0.425 0.43828125 0.42268518518518516 0.4390625 0.41435185185185186 0.4427083333333333 0.4125
4 0.16171875 0.8240740740740741 0.16848958333333333 0.8314814814814815 0.16848958333333333 0.8800925925925925 0.14427083333333332 0.9078703703703703 0.1375 0.9023148148148148 0.12369791666666667 0.9050925925925926 0.11666666666666667 0.9018518518518519 0.11536458333333334 0.8583333333333333 0.13333333333333333 0.8333333333333334 0.14817708333333332 0.8319444444444445 0.15234375 0.8245370370370371 0.16145833333333334 0.8240740740740741
4 0.0125 0.9314814814814815 0.025 0.9430555555555555 0.029427083333333333 0.9625 0.04348958333333333 0.9648148148148148 0.045572916666666664 0.9680555555555556 0.04739583333333333 0.9907407407407407 0.04401041666666667 0.999537037037037 0 0.9976851851851852 0 0.9365740740740741 0.012239583333333333 0.9314814814814815
4 0.03984375 0.7791666666666667 0.04453125 0.7819444444444444 0.04791666666666667 0.7898148148148149 0.04635416666666667 0.7967592592592593 0.024739583333333332 0.8212962962962963 0.0015625 0.8527777777777777 0 0.8527777777777777 0 0.8009259259259259 0.02265625 0.7814814814814814 0.03958333333333333 0.7791666666666667
4 0.33958333333333335 0.8694444444444445 0.34296875 0.8712962962962963 0.3463541666666667 0.8800925925925925 0.34791666666666665 0.9023148148148148 0.33619791666666665 0.9472222222222222 0.33151041666666664 0.9523148148148148 0.3106770833333333 0.950925925925926 0.30859375 0.9425925925925925 0.30885416666666665 0.9333333333333333 0.31171875 0.9111111111111111 0.31484375 0.9064814814814814 0.32369791666666664 0.8763888888888889 0.32786458333333335 0.8708333333333333 0.33932291666666664 0.8694444444444445
4 0.061197916666666664 0.8962962962962963 0.07265625 0.899537037037037 0.09505208333333333 0.8972222222222223 0.09791666666666667 0.9032407407407408 0.10494791666666667 0.9083333333333333 0.10598958333333333 0.9236111111111112 0.12109375 0.9185185185185185 0.12213541666666666 0.9138888888888889 0.11901041666666666 0.9111111111111111 0.13307291666666668 0.9115740740740741 0.13489583333333333 0.9166666666666666 0.13541666666666666 0.9328703703703703 0.13359375 0.9388888888888889 0.11041666666666666 0.975925925925926 0.10494791666666667 0.9796296296296296 0.09895833333333333 0.9949074074074075 0.09322916666666667 0.999537037037037 0.07369791666666667 0.999537037037037 0.07239583333333334 0.9972222222222222 0.053385416666666664 0.999537037037037 0.04895833333333333 0.9953703703703703 0.047135416666666666 0.9648148148148148 0.04791666666666667 0.9282407407407407 0.053385416666666664 0.9152777777777777 0.05703125 0.899537037037037 0.0609375 0.8962962962962963
4 0.44973958333333336 0.43703703703703706 0.45260416666666664 0.44537037037037036 0.45234375 0.449537037037037 0.44973958333333336 0.45185185185185184 0.44609375 0.45046296296296295 0.4453125 0.4462962962962963 0.44609375 0.44027777777777777 0.44947916666666665 0.43703703703703706
4 0.4432291666666667 0.375 0.44453125 0.38055555555555554 0.4421875 0.38425925925925924 0.4375 0.3837962962962963 0.43671875 0.3800925925925926 0.4390625 0.37407407407407406 0.44296875 0.375
4 0.51328125 0.500462962962963 0.5174479166666667 0.5050925925925925 0.5182291666666666 0.5157407407407407 0.5161458333333333 0.5194444444444445 0.4940104166666667 0.5157407407407407 0.49244791666666665 0.5120370370370371 0.49453125 0.5032407407407408 0.5130208333333334 0.500462962962963
4 0.07473958333333333 0.7791666666666667 0.08151041666666667 0.7805555555555556 0.08515625 0.7861111111111111 0.0859375 0.8101851851851852 0.08151041666666667 0.8361111111111111 0.06640625 0.862037037037037 0.061197916666666664 0.8759259259259259 0.043229166666666666 0.8986111111111111 0.03046875 0.9046296296296297 0.00625 0.9060185185185186 0 0.9032407407407408 0 0.8537037037037037 0.020833333333333332 0.8240740740740741 0.04088541666666667 0.8046296296296296 0.04765625 0.7930555555555555 0.04895833333333333 0.7865740740740741 0.06041666666666667 0.7800925925925926 0.07447916666666667 0.7791666666666667
4 0.459375 0.525 0.46171875 0.5296296296296297 0.4625 0.5398148148148149 0.46041666666666664 0.5449074074074074 0.4557291666666667 0.5453703703703704 0.45 0.5430555555555555 0.45026041666666666 0.5324074074074074 0.453125 0.525 0.4591145833333333 0.525
4 0.4669270833333333 0.44305555555555554 0.47161458333333334 0.44583333333333336 0.47161458333333334 0.48148148148148145 0.4596354166666667 0.4810185185185185 0.46041666666666664 0.4462962962962963 0.4666666666666667 0.44351851851851853
4 0.4752604166666667 0.5171296296296296 0.47942708333333334 0.5217592592592593 0.47942708333333334 0.5527777777777778 0.47760416666666666 0.5555555555555556 0.4674479166666667 0.5546296296296296 0.465625 0.55 0.4669270833333333 0.5226851851851851 0.4703125 0.5175925925925926 0.475 0.5171296296296296
4 0.4466145833333333 0.49675925925925923 0.44817708333333334 0.5157407407407407 0.44609375 0.5199074074074074 0.44166666666666665 0.5203703703703704 0.43671875 0.5189814814814815 0.43723958333333335 0.49907407407407406 0.4388020833333333 0.49583333333333335 0.44635416666666666 0.49675925925925923
4 0.4361979166666667 0.3888888888888889 0.4388020833333333 0.3962962962962963 0.4361979166666667 0.40046296296296297 0.43125 0.3976851851851852 0.43203125 0.3912037037037037 0.4359375 0.3888888888888889
4 0.20677083333333332 0.8652777777777778 0.20989583333333334 0.8666666666666667 0.21015625 0.8726851851851852 0.19765625 0.8962962962962963 0.19244791666666666 0.9111111111111111 0.18359375 0.9203703703703704 0.16484375 0.9574074074074074 0.15807291666666667 0.9629629629629629 0.15234375 0.9601851851851851 0.14348958333333334 0.9462962962962963 0.14453125 0.9148148148148149 0.1578125 0.8958333333333334 0.17864583333333334 0.8842592592592593 0.19635416666666666 0.8662037037037037 0.20651041666666667 0.8652777777777778
4 0.41875 0.5527777777777778 0.4200520833333333 0.5675925925925925 0.41848958333333336 0.5814814814814815 0.4158854166666667 0.5847222222222223 0.409375 0.5851851851851851 0.40520833333333334 0.5833333333333334 0.40390625 0.5777777777777777 0.40677083333333336 0.5574074074074075 0.4109375 0.5518518518518518 0.41848958333333336 0.5527777777777778
4 0.26796875 0.9694444444444444 0.2703125 0.999537037037037 0.22135416666666666 0.999537037037037 0.22395833333333334 0.9884259259259259 0.23255208333333333 0.9703703703703703 0.2677083333333333 0.9694444444444444
1 0.44244791666666666 0.4125 0.44479166666666664 0.4152777777777778 0.44557291666666665 0.42314814814814816 0.4388020833333333 0.42407407407407405 0.4390625 0.4152777777777778 0.4421875 0.412962962962963
1 0.43020833333333336 0.5657407407407408 0.4322916666666667 0.5694444444444444 0.43307291666666664 0.5805555555555556 0.43203125 0.5888888888888889 0.4296875 0.5916666666666667 0.4205729166666667 0.5912037037037037 0.41901041666666666 0.5879629629629629 0.42161458333333335 0.5717592592592593 0.42526041666666664 0.5657407407407408 0.42994791666666665 0.5657407407407408
1 0.478125 0.49583333333333335 0.48151041666666666 0.49722222222222223 0.4830729166666667 0.5046296296296297 0.48072916666666665 0.5148148148148148 0.47239583333333335 0.5115740740740741 0.4734375 0.4986111111111111 0.4778645833333333 0.49583333333333335
1 0.43776041666666665 0.7421296296296296 0.44635416666666666 0.7481481481481481 0.44583333333333336 0.7662037037037037 0.44192708333333336 0.7837962962962963 0.425 0.7837962962962963 0.42239583333333336 0.7800925925925926 0.42604166666666665 0.7453703703703703 0.4375 0.7421296296296296
1 0.43645833333333334 0.40185185185185185 0.4393229166666667 0.40694444444444444 0.43645833333333334 0.4125 0.4322916666666667 0.4115740740740741 0.4317708333333333 0.40879629629629627 0.43307291666666664 0.4027777777777778 0.4361979166666667 0.40185185185185185
1 0.5138020833333333 0.5009259259259259 0.5166666666666667 0.5032407407407408 0.5177083333333333 0.5083333333333333 0.51796875 0.5157407407407407 0.5158854166666667 0.5189814814814815 0.4942708333333333 0.5157407407407407 0.49244791666666665 0.5120370370370371 0.49453125 0.5032407407407408 0.5135416666666667 0.5009259259259259
2 0.37734375 0.9171296296296296 0.38125 0.9208333333333333 0.38177083333333334 0.9333333333333333 0.3768229166666667 0.9476851851851852 0.3731770833333333 0.9388888888888889 0.37265625 0.924537037037037 0.3734375 0.9180555555555555 0.3770833333333333 0.9171296296296296
2 0.36276041666666664 0.700462962962963 0.36614583333333334 0.7013888888888888 0.36484375 0.7162037037037037 0.36276041666666664 0.7194444444444444 0.35989583333333336 0.7175925925925926 0.35989583333333336 0.7027777777777777 0.3625 0.700925925925926
2 0.37109375 0.7731481481481481 0.3731770833333333 0.7759259259259259 0.3731770833333333 0.7865740740740741 0.36953125 0.7962962962962963 0.36640625 0.7976851851851852 0.3651041666666667 0.7791666666666667 0.36614583333333334 0.774074074074074 0.37083333333333335 0.7731481481481481