0 0.36171875 0.6722222222222223 0.37109375 0.675 0.3723958333333333 0.6995370370370371 0.3692708333333333 0.7231481481481481 0.3609375 0.7453703703703703 0.35651041666666666 0.7486111111111111 0.3385416666666667 0.7476851851851852 0.33697916666666666 0.7194444444444444 0.340625 0.6921296296296297 0.34869791666666666 0.6763888888888889 0.35234375 0.6726851851851852 0.3614583333333333 0.6722222222222223
0 0.46588541666666666 0.575462962962963 0.4671875 0.5773148148148148 0.4674479166666667 0.5958333333333333 0.4661458333333333 0.6194444444444445 0.46328125 0.6240740740740741 0.45078125 0.6226851851851852 0.44947916666666665 0.6023148148148149 0.45338541666666665 0.5763888888888888 0.465625 0.575462962962963
4 0.4552083333333333 0.5296296296296297 0.45729166666666665 0.5467592592592593 0.45651041666666664 0.5513888888888889 0.45338541666666665 0.5527777777777778 0.44583333333333336 0.5523148148148148 0.44427083333333334 0.5462962962962963 0.44765625 0.5291666666666667 0.4549479166666667 0.5296296296296297
4 0.44427083333333334 0.45694444444444443 0.44765625 0.4597222222222222 0.44869791666666664 0.4671296296296296 0.44817708333333334 0.475 0.4440104166666667 0.4777777777777778 0.43984375 0.47685185185185186 0.43828125 0.47129629629629627 0.4390625 0.4583333333333333 0.4440104166666667 0.45694444444444443
4 0.4283854166666667 0.49722222222222223 0.4283854166666667 0.5185185185185185 0.4236979166666667 0.5231481481481481 0.4171875 0.5212962962962963 0.41796875 0.5018518518518519 0.4205729166666667 0.4976851851851852 0.428125 0.49722222222222223
4 0.15572916666666667 0.8268518518518518 0.16145833333333334 0.8310185185185185 0.16328125 0.8384259259259259 0.16276041666666666 0.8796296296296297 0.15494791666666666 0.8939814814814815 0.14739583333333334 0.899074074074074 0.14088541666666668 0.9083333333333333 0.13723958333333333 0.9083333333333333 0.13359375 0.899537037037037 0.13151041666666666 0.9041666666666667 0.1265625 0.9064814814814814 0.109375 0.9046296296296297 0.10911458333333333 0.8587962962962963 0.11145833333333334 0.8523148148148149 0.12578125 0.8347222222222223 0.14088541666666668 0.8333333333333334 0.14739583333333334 0.8273148148148148 0.15546875 0.8268518518518518
4 0.46067708333333335 0.4773148148148148 0.46328125 0.4810185185185185 0.46432291666666664 0.49074074074074076 0.46380208333333334 0.5055555555555555 0.46041666666666664 0.5115740740740741 0.45026041666666666 0.5101851851851852 0.44869791666666664 0.5050925925925925 0.45026041666666666 0.4875 0.45651041666666664 0.4773148148148148 0.46041666666666664 0.4773148148148148
4 0.05703125 0.899074074074074 0.062239583333333334 0.9013888888888889 0.08828125 0.899537037037037 0.1 0.9111111111111111 0.09973958333333334 0.9254629629629629 0.10234375 0.9337962962962963 0.11276041666666667 0.9273148148148148 0.11770833333333333 0.9351851851851852 0.11380208333333333 0.9629629629629629 0.10572916666666667 0.975462962962963 0.09895833333333333 0.9777777777777777 0.09322916666666667 0.9958333333333333 0.08619791666666667 0.999537037037037 0.078125 0.9972222222222222 0.07552083333333333 0.999537037037037 0.04609375 0.999537037037037 0.041666666666666664 0.9949074074074075 0.039322916666666666 0.9782407407407407 0.04140625 0.9277777777777778 0.05026041666666667 0.9023148148148148 0.05677083333333333 0.899074074074074
4 0.4010416666666667 0.6467592592592593 0.40546875 0.6504629629629629 0.40729166666666666 0.663425925925926 0.4049479166666667 0.6791666666666667 0.4010416666666667 0.687037037037037 0.38645833333333335 0.6847222222222222 0.3880208333333333 0.6680555555555555 0.3932291666666667 0.649537037037037 0.39609375 0.6462962962962963 0.40078125 0.6467592592592593
4 0.06848958333333334 0.7805555555555556 0.075 0.7824074074074074 0.08020833333333334 0.799074074074074 0.07942708333333333 0.8101851851851852 0.07239583333333334 0.8388888888888889 0.065625 0.8490740740740741 0.05546875 0.874537037037037 0.04114583333333333 0.8944444444444445 0.029427083333333333 0.9027777777777778 0.013541666666666667 0.9069444444444444 0 0.9064814814814814 0 0.8453703703703703 0.01015625 0.8300925925925926 0.04791666666666667 0.7861111111111111 0.055989583333333336 0.7814814814814814 0.06822916666666666 0.7805555555555556
4 0.4309895833333333 0.4 0.43333333333333335 0.4046296296296296 0.43072916666666666 0.4078703703703704 0.42630208333333336 0.4074074074074074 0.42526041666666664 0.4046296296296296 0.4270833333333333 0.399537037037037 0.43072916666666666 0.4
4 0.45208333333333334 0.44907407407407407 0.45338541666666665 0.4439814814814815 0.46015625 0.44212962962962965 0.46145833333333336 0.449537037037037 0.45989583333333334 0.4537037037037037 0.45651041666666664 0.4546296296296296 0.45234375 0.449537037037037
4 0.4640625 0.5745370370370371 0.4671875 0.5777777777777777 0.4671875 0.5819444444444445 0.46588541666666666 0.6194444444444445 0.46328125 0.6240740740740741 0.4513020833333333 0.6231481481481481 0.44947916666666665 0.6194444444444445 0.44947916666666665 0.6083333333333333 0.45286458333333335 0.5773148148148148 0.46380208333333334 0.5745370370370371
4 0.20286458333333332 0.8699074074074075 0.20286458333333332 0.8759259259259259 0.17734375 0.9236111111111112 0.17552083333333332 0.9305555555555556 0.15807291666666667 0.9606481481481481 0.15104166666666666 0.9675925925925926 0.140625 0.9606481481481481 0.13619791666666667 0.9425925925925925 0.13697916666666668 0.9282407407407407 0.1453125 0.9046296296296297 0.153125 0.8972222222222223 0.16119791666666666 0.8953703703703704 0.17864583333333334 0.875 0.20260416666666667 0.8699074074074075
3 0.009114583333333334 0.9342592592592592 0.018489583333333334 0.9458333333333333 0.022395833333333334 0.9699074074074074 0.03723958333333333 0.9708333333333333 0.04010416666666667 0.9833333333333333 0.040364583333333336 0.9944444444444445 0.03802083333333333 0.999537037037037 0 0.9967592592592592 0 0.9351851851851852 0.008854166666666666 0.9342592592592592
1 0.5234375 0.5032407407407408 0.5328125 0.5046296296296297 0.5359375 0.5115740740740741 0.534375 0.5185185185185185 0.5265625 0.5212962962962963 0.5151041666666667 0.5194444444444445 0.5122395833333333 0.5152777777777777 0.5153645833333333 0.5078703703703704 0.5231770833333333 0.5032407407407408
1 0.45677083333333335 0.44814814814814813 0.009375 0.012037037037037037
1 0.46875 0.549074074074074 0.4713541666666667 0.5513888888888889 0.47239583333333335 0.5606481481481481 0.47213541666666664 0.5685185185185185 0.46953125 0.5722222222222222 0.46328125 0.5717592592592593 0.46067708333333335 0.5643518518518519 0.4622395833333333 0.5523148148148148 0.46848958333333335 0.549074074074074
1 0.42890625 0.39861111111111114 0.43359375 0.40370370370370373 0.4309895833333333 0.4078703703703704 0.42552083333333335 0.4050925925925926 0.42552083333333335 0.4009259259259259 0.42864583333333334 0.39861111111111114
1 0.4322916666666667 0.47824074074074074 0.4359375 0.48009259259259257 0.43776041666666665 0.49444444444444446 0.4283854166666667 0.49444444444444446 0.42916666666666664 0.48194444444444445 0.43203125 0.4787037037037037
1 0.4453125 0.5777777777777777 0.44765625 0.5851851851851851 0.4473958333333333 0.5986111111111111 0.440625 0.6018518518518519 0.4348958333333333 0.600925925925926 0.43463541666666666 0.586574074074074 0.4375 0.5782407407407407 0.44505208333333335 0.5777777777777777
2 0.41015625 0.611574074074074 0.41119791666666666 0.6203703703703703 0.4083333333333333 0.6287037037037037 0.40598958333333335 0.6259259259259259 0.4049479166666667 0.6152777777777778 0.4075520833333333 0.6106481481481482 0.40989583333333335 0.611574074074074
2 0.4234375 0.8592592592592593 0.42421875 0.8648148148148148 0.42161458333333335 0.8773148148148148 0.41796875 0.8768518518518519 0.41692708333333334 0.8638888888888889 0.41822916666666665 0.8583333333333333 0.4231770833333333 0.8592592592592593
2 0.39817708333333335 0.5861111111111111 0.4005208333333333 0.5962962962962963 0.4 0.6023148148148149 0.39791666666666664 0.6046296296296296 0.3953125 0.600462962962963 0.3953125 0.5912037037037037 0.39791666666666664 0.5861111111111111
2 0.4703125 0.5203703703703704 0.47161458333333334 0.5259259259259259 0.4705729166666667 0.5356481481481481 0.46822916666666664 0.5351851851851852 0.4669270833333333 0.5296296296296297 0.4700520833333333 0.5208333333333334