0 0.29791666666666666 0.8870370370370371 0.30104166666666665 0.9407407407407408 0.29348958333333336 0.9736111111111111 0.28880208333333335 0.9837962962962963 0.28932291666666665 0.9916666666666667 0.28489583333333335 0.999537037037037 0.23489583333333333 0.999537037037037 0.23385416666666667 0.9842592592592593 0.23723958333333334 0.9773148148148149 0.24114583333333334 0.9513888888888888 0.26536458333333335 0.8893518518518518 0.26875 0.8861111111111111 0.29765625 0.8870370370370371
0 0.47630208333333335 0.5263888888888889 0.47890625 0.5319444444444444 0.47760416666666666 0.5611111111111111 0.47604166666666664 0.5643518518518519 0.4669270833333333 0.5643518518518519 0.46458333333333335 0.5578703703703703 0.4669270833333333 0.5287037037037037 0.47604166666666664 0.5263888888888889
4 0.43359375 0.5439814814814815 0.4359375 0.5462962962962963 0.4375 0.562962962962963 0.43645833333333334 0.5671296296296297 0.4317708333333333 0.5685185185185185 0.4265625 0.5675925925925925 0.42552083333333335 0.5606481481481481 0.42864583333333334 0.5458333333333333 0.43333333333333335 0.5439814814814815
4 0.46979166666666666 0.44675925925925924 0.47239583333333335 0.4685185185185185 0.4703125 0.48703703703703705 0.45859375 0.4842592592592593 0.459375 0.449537037037037 0.46328125 0.44537037037037036 0.46953125 0.44675925925925924
4 0.44244791666666666 0.40694444444444444 0.44479166666666664 0.41898148148148145 0.43854166666666666 0.4212962962962963 0.43671875 0.4185185185185185 0.43723958333333335 0.4111111111111111 0.4421875 0.4074074074074074
4 0.4640625 0.49907407407407406 0.4669270833333333 0.5027777777777778 0.4669270833333333 0.5157407407407407 0.46536458333333336 0.5189814814814815 0.45989583333333334 0.5199074074074074 0.4552083333333333 0.5166666666666667 0.45598958333333334 0.5037037037037037 0.4578125 0.49953703703703706 0.46380208333333334 0.49907407407407406
4 0.01640625 0.9300925925925926 0.026302083333333334 0.9425925925925925 0.029427083333333333 0.9546296296296296 0.04401041666666667 0.9564814814814815 0.04739583333333333 0.9777777777777777 0.046875 0.9935185185185185 0.04348958333333333 0.999537037037037 0 0.999537037037037 0 0.9342592592592592 0.016145833333333335 0.9300925925925926
4 0.040625 0.7782407407407408 0.04453125 0.7800925925925926 0.047135416666666666 0.7865740740740741 0.04453125 0.7986111111111112 0.0018229166666666667 0.850925925925926 0 0.850925925925926 0 0.8032407407407407 0.008072916666666667 0.7925925925925926 0.021354166666666667 0.7824074074074074 0.040364583333333336 0.7782407407407408
4 0.359375 0.8115740740740741 0.36171875 0.8143518518518519 0.36432291666666666 0.8291666666666667 0.3645833333333333 0.8462962962962963 0.35963541666666665 0.8699074074074075 0.35234375 0.8814814814814815 0.33255208333333336 0.8805555555555555 0.33046875 0.8763888888888889 0.33125 0.8629629629629629 0.3346354166666667 0.8453703703703703 0.3419270833333333 0.8226851851851852 0.34869791666666666 0.8134259259259259 0.35911458333333335 0.8115740740740741
4 0.09322916666666667 0.8949074074074074 0.10494791666666667 0.9074074074074074 0.10677083333333333 0.9254629629629629 0.12057291666666667 0.925 0.12526041666666668 0.9421296296296297 0.12083333333333333 0.9587962962962963 0.11276041666666667 0.9712962962962963 0.10494791666666667 0.9782407407407407 0.09635416666666667 0.9962962962962963 0.06067708333333333 0.9967592592592592 0.05703125 0.999537037037037 0.0484375 0.9953703703703703 0.046875 0.9495370370370371 0.04869791666666667 0.9236111111111112 0.05651041666666667 0.899537037037037 0.06041666666666667 0.8949074074074074 0.07421875 0.8986111111111111 0.09296875 0.8949074074074074
4 0.44973958333333336 0.43657407407407406 0.45208333333333334 0.44583333333333336 0.44947916666666665 0.44907407407407407 0.4453125 0.4462962962962963 0.44583333333333336 0.43796296296296294 0.44947916666666665 0.43657407407407406
4 0.5153645833333333 0.5009259259259259 0.5190104166666667 0.5111111111111111 0.5190104166666667 0.5157407407407407 0.5153645833333333 0.5194444444444445 0.5020833333333333 0.512962962962963 0.49453125 0.5148148148148148 0.49322916666666666 0.5115740740740741 0.4947916666666667 0.5032407407407408 0.5151041666666667 0.5009259259259259
4 0.16171875 0.8231481481481482 0.16510416666666666 0.8245370370370371 0.16875 0.8314814814814815 0.16848958333333333 0.8796296296296297 0.15963541666666667 0.8921296296296296 0.14427083333333332 0.9064814814814814 0.140625 0.899074074074074 0.13541666666666666 0.9023148148148148 0.11614583333333334 0.9004629629629629 0.11510416666666666 0.8583333333333333 0.12630208333333334 0.8388888888888889 0.13333333333333333 0.8314814814814815 0.14791666666666667 0.8305555555555556 0.1515625 0.8240740740740741 0.16145833333333334 0.8231481481481482
4 0.07838541666666667 0.7782407407407408 0.08385416666666666 0.7824074074074074 0.0859375 0.7925925925925926 0.0828125 0.8310185185185185 0.06666666666666667 0.8606481481481482 0.06145833333333333 0.875462962962963 0.04348958333333333 0.8981481481481481 0.03177083333333333 0.9027777777777778 0.008854166666666666 0.9050925925925926 0 0.9013888888888889 0 0.8537037037037037 0.020572916666666666 0.825462962962963 0.04453125 0.7986111111111112 0.05130208333333333 0.7865740740740741 0.0609375 0.7796296296296297 0.078125 0.7782407407407408
4 0.45729166666666665 0.5324074074074074 0.4609375 0.5388888888888889 0.46119791666666665 0.5481481481481482 0.45677083333333335 0.5532407407407407 0.44947916666666665 0.5523148148148148 0.44869791666666664 0.5435185185185185 0.45078125 0.5337962962962963 0.45703125 0.5324074074074074
4 0.43723958333333335 0.38796296296296295 0.4393229166666667 0.39444444444444443 0.4361979166666667 0.399537037037037 0.43255208333333334 0.3976851851851852 0.4322916666666667 0.3921296296296296 0.43359375 0.38842592592592595 0.43697916666666664 0.38796296296296295
4 0.4466145833333333 0.4861111111111111 0.44973958333333336 0.4949074074074074 0.44973958333333336 0.5064814814814815 0.44505208333333335 0.5101851851851852 0.4390625 0.5092592592592593 0.43854166666666666 0.4935185185185185 0.43984375 0.4875 0.44635416666666666 0.4861111111111111
4 0.20390625 0.8629629629629629 0.21041666666666667 0.8662037037037037 0.20807291666666666 0.8773148148148148 0.19791666666666666 0.8953703703703704 0.19192708333333333 0.9115740740740741 0.184375 0.9189814814814815 0.17135416666666667 0.9453703703703704 0.16197916666666667 0.9601851851851851 0.15859375 0.962037037037037 0.153125 0.9601851851851851 0.14375 0.9476851851851852 0.14401041666666667 0.9138888888888889 0.15807291666666667 0.8944444444444445 0.17109375 0.8907407407407407 0.17916666666666667 0.8842592592592593 0.18515625 0.875 0.20364583333333333 0.8629629629629629
4 0.41848958333333336 0.5398148148148149 0.42239583333333336 0.5435185185185185 0.42239583333333336 0.5625 0.41848958333333336 0.5712962962962963 0.40989583333333335 0.5708333333333333 0.4075520833333333 0.5652777777777778 0.41067708333333336 0.5430555555555555 0.41822916666666665 0.5398148148148149
3 0.04375 0.9064814814814814 0.04609375 0.9115740740740741 0.04453125 0.9425925925925925 0.04739583333333333 0.9777777777777777 0.046614583333333334 0.9949074074074075 0.04348958333333333 0.999537037037037 0 0.999537037037037 0 0.9328703703703703 0.0046875 0.9277777777777778 0.017708333333333333 0.9287037037037037 0.015364583333333333 0.9203703703703704 0.008333333333333333 0.9180555555555555 0.01875 0.9111111111111111 0.0109375 0.9078703703703703 0.04348958333333333 0.9064814814814814
3 0.09401041666666667 0.8949074074074074 0.09791666666666667 0.9018518518518519 0.10442708333333334 0.9060185185185186 0.11171875 0.9189814814814815 0.11432291666666666 0.9180555555555555 0.11536458333333334 0.9074074074074074 0.12994791666666666 0.9069444444444444 0.134375 0.9111111111111111 0.13645833333333332 0.9287037037037037 0.12005208333333334 0.9611111111111111 0.10390625 0.9810185185185185 0.09765625 0.9953703703703703 0.08984375 0.999537037037037 0.07864583333333333 0.9972222222222222 0.05 0.999537037037037 0.04765625 0.9953703703703703 0.046875 0.9486111111111111 0.0484375 0.925 0.05807291666666667 0.8967592592592593 0.07630208333333334 0.8986111111111111 0.09375 0.8949074074074074
1 0.49635416666666665 0.5087962962962963 0.0067708333333333336 0.013888888888888888
1 0.5122395833333333 0.5 0.5161458333333333 0.5013888888888889 0.51875 0.5092592592592593 0.5190104166666667 0.5157407407407407 0.5158854166666667 0.5189814814814815 0.5088541666666667 0.5175925925925926 0.5046875 0.5120370370370371 0.5052083333333334 0.5046296296296297 0.5033854166666667 0.5018518518518519 0.5119791666666667 0.5
1 0.4356770833333333 0.387037037037037 0.4388020833333333 0.3902777777777778 0.43854166666666666 0.39675925925925926 0.4359375 0.399537037037037 0.43255208333333334 0.3972222222222222 0.4328125 0.38981481481481484 0.4354166666666667 0.3875
1 0.43671875 0.7800925925925926 0.44088541666666664 0.7842592592592592 0.44140625 0.8009259259259259 0.4359375 0.8263888888888888 0.41484375 0.825462962962963 0.4140625 0.8180555555555555 0.41901041666666666 0.7828703703703703 0.4270833333333333 0.7787037037037037 0.43645833333333334 0.7800925925925926
1 0.48046875 0.5037037037037037 0.4825520833333333 0.5106481481481482 0.48072916666666665 0.5212962962962963 0.47213541666666664 0.5189814814814815 0.47317708333333336 0.5069444444444444 0.4765625 0.5032407407407408 0.48020833333333335 0.5037037037037037
1 0.4427083333333333 0.37453703703703706 0.44557291666666665 0.3800925925925926 0.4434895833333333 0.38425925925925924 0.43854166666666666 0.3837962962962963 0.43723958333333335 0.3800925925925926 0.4390625 0.37453703703703706 0.44244791666666666 0.37453703703703706
2 0.33932291666666664 0.6837962962962963 0.3424479166666667 0.6856481481481481 0.3419270833333333 0.700462962962963 0.34010416666666665 0.7064814814814815 0.33541666666666664 0.7111111111111111 0.3341145833333333 0.7083333333333334 0.33489583333333334 0.6953703703703704 0.3390625 0.6837962962962963
2 0.3736979166666667 0.6736111111111112 0.37526041666666665 0.6768518518518518 0.37473958333333335 0.6888888888888889 0.37005208333333334 0.6930555555555555 0.36953125 0.675 0.3734375 0.6736111111111112
2 0.38046875 0.7333333333333333 0.38359375 0.7347222222222223 0.38385416666666666 0.7453703703703703 0.3802083333333333 0.7560185185185185 0.37786458333333334 0.7546296296296297 0.3765625 0.7412037037037037 0.3802083333333333 0.7333333333333333