4 0.4427083333333333 0.49444444444444446 0.446875 0.5018518518518519 0.44609375 0.5115740740740741 0.43776041666666665 0.5092592592592593 0.43828125 0.4976851851851852 0.44244791666666666 0.49444444444444446
4 0.44947916666666665 0.5365740740740741 0.45416666666666666 0.5430555555555555 0.45364583333333336 0.5550925925925926 0.4453125 0.5569444444444445 0.4432291666666667 0.5541666666666667 0.4440104166666667 0.5430555555555555 0.44921875 0.5370370370370371
4 0.7877604166666666 0.4527777777777778 0.7901041666666667 0.45740740740740743 0.7875 0.46111111111111114 0.7786458333333334 0.46064814814814814 0.7760416666666666 0.4564814814814815 0.7783854166666667 0.4527777777777778 0.7875 0.4527777777777778
4 0.4083333333333333 0.6356481481481482 0.4119791666666667 0.6407407407407407 0.4125 0.6564814814814814 0.41067708333333336 0.6611111111111111 0.4036458333333333 0.6625 0.39817708333333335 0.6606481481481481 0.39765625 0.6472222222222223 0.4010416666666667 0.6375 0.4080729166666667 0.6356481481481482
4 0.4356770833333333 0.4324074074074074 0.43854166666666666 0.43842592592592594 0.43802083333333336 0.44907407407407407 0.4359375 0.45185185185185184 0.43072916666666666 0.45092592592592595 0.42942708333333335 0.44074074074074077 0.43125 0.43333333333333335 0.4354166666666667 0.4324074074074074
4 0.07109375 0.9217592592592593 0.08072916666666667 0.9351851851851852 0.08567708333333333 0.9773148148148149 0.08098958333333334 0.9763888888888889 0.06796875 0.9819444444444444 0.05 0.9796296296296296 0.04609375 0.9842592592592593 0.04140625 0.999537037037037 0.02890625 0.999537037037037 0.02734375 0.9953703703703703 0.02578125 0.9787037037037037 0.0265625 0.9564814814814815 0.03046875 0.9416666666666667 0.0359375 0.9282407407407407 0.03958333333333333 0.924537037037037 0.07083333333333333 0.9217592592592593
4 0.203125 0.8958333333333334 0.21484375 0.8986111111111111 0.21744791666666666 0.9152777777777777 0.21354166666666666 0.9273148148148148 0.19947916666666668 0.9527777777777777 0.18776041666666668 0.9462962962962963 0.18307291666666667 0.9347222222222222 0.18255208333333334 0.9259259259259259 0.18515625 0.9115740740740741 0.19166666666666668 0.8972222222222223 0.20286458333333332 0.8958333333333334
4 0.13802083333333334 0.8925925925925926 0.14791666666666667 0.9041666666666667 0.15104166666666666 0.9222222222222223 0.16041666666666668 0.9217592592592593 0.1625 0.924537037037037 0.16302083333333334 0.9444444444444444 0.16145833333333334 0.9527777777777777 0.14348958333333334 0.9805555555555555 0.13723958333333333 0.9851851851851852 0.12447916666666667 0.9810185185185185 0.10572916666666667 0.9842592592592593 0.10208333333333333 0.9824074074074074 0.09765625 0.9768518518518519 0.09739583333333333 0.9597222222222223 0.09895833333333333 0.9231481481481482 0.10729166666666666 0.8972222222222223 0.13776041666666666 0.8925925925925926
4 0.5252604166666667 0.5587962962962963 0.5330729166666667 0.5615740740740741 0.534375 0.5703703703703704 0.5203125 0.575 0.5145833333333333 0.5726851851851852 0.5135416666666667 0.5671296296296297 0.51953125 0.5597222222222222 0.525 0.5587962962962963
4 0.08489583333333334 0.975925925925926 0.09557291666666666 0.9879629629629629 0.09557291666666666 0.999537037037037 0.04375 0.999537037037037 0.0390625 0.9944444444444445 0.05 0.9796296296296296 0.06848958333333334 0.9814814814814815 0.08463541666666667 0.9763888888888889
4 0.46796875 0.5462962962962963 0.47161458333333334 0.5518518518518518 0.4708333333333333 0.5601851851851852 0.4640625 0.5574074074074075 0.46484375 0.5467592592592593 0.46770833333333334 0.5462962962962963
4 0.41302083333333334 0.6949074074074074 0.41640625 0.7101851851851851 0.41484375 0.7310185185185185 0.4119791666666667 0.7356481481481482 0.4044270833333333 0.7375 0.39609375 0.7342592592592593 0.39557291666666666 0.7203703703703703 0.39765625 0.7101851851851851 0.4041666666666667 0.6958333333333333 0.4127604166666667 0.6949074074074074
4 0.4328125 0.6078703703703704 0.4356770833333333 0.611574074074074 0.43671875 0.6189814814814815 0.4356770833333333 0.6328703703703704 0.42526041666666664 0.6361111111111111 0.421875 0.6333333333333333 0.4231770833333333 0.6203703703703703 0.4278645833333333 0.6083333333333333 0.43255208333333334 0.6078703703703704
4 0.45807291666666666 0.43333333333333335 0.4583333333333333 0.4425925925925926 0.45338541666666665 0.4486111111111111 0.45078125 0.4462962962962963 0.4518229166666667 0.43657407407407406 0.4578125 0.43333333333333335
4 0.4505208333333333 0.7472222222222222 0.4546875 0.7513888888888889 0.45598958333333334 0.7574074074074074 0.4552083333333333 0.7814814814814814 0.45286458333333335 0.7902777777777777 0.4388020833333333 0.7902777777777777 0.4356770833333333 0.7814814814814814 0.4395833333333333 0.7513888888888889 0.44296875 0.7472222222222222 0.45026041666666666 0.7472222222222222
3 0.43697916666666664 0.43287037037037035 0.4388020833333333 0.44027777777777777 0.43802083333333336 0.44907407407407407 0.4356770833333333 0.45185185185185184 0.42994791666666665 0.45 0.42942708333333335 0.43703703703703706 0.4317708333333333 0.43194444444444446 0.43671875 0.43287037037037035
3 0.18697916666666667 0.8402777777777778 0.20130208333333333 0.8421296296296297 0.20182291666666666 0.8833333333333333 0.19895833333333332 0.8916666666666667 0.19114583333333332 0.8967592592592593 0.18567708333333333 0.9074074074074074 0.1828125 0.9087962962962963 0.17552083333333332 0.9037037037037037 0.1640625 0.9074074074074074 0.1546875 0.9032407407407408 0.15390625 0.8685185185185185 0.15729166666666666 0.8578703703703704 0.16822916666666668 0.8453703703703703 0.17473958333333334 0.8412037037037037 0.18671875 0.8402777777777778
2 0.46770833333333334 0.5467592592592593 0.471875 0.5532407407407407 0.47213541666666664 0.5583333333333333 0.4703125 0.5606481481481481 0.4640625 0.5574074074074075 0.46458333333333335 0.5486111111111112 0.4674479166666667 0.5467592592592593