4 0.4192708333333333 0.5638888888888889 0.42161458333333335 0.5717592592592593 0.421875 0.5824074074074074 0.41822916666666665 0.5912037037037037 0.4078125 0.5907407407407408 0.40572916666666664 0.5824074074074074 0.41119791666666666 0.5648148148148148 0.41901041666666666 0.5638888888888889
4 0.040364583333333336 0.850925925925926 0.04479166666666667 0.8560185185185185 0.047135416666666666 0.8782407407407408 0.040364583333333336 0.9157407407407407 0.02421875 0.9407407407407408 0.015625 0.9611111111111111 0.0015625 0.9787037037037037 0 0.9787037037037037 0 0.8699074074074075 0.015104166666666667 0.8550925925925926 0.04010416666666667 0.850925925925926
4 0.4627604166666667 0.5662037037037037 0.4666666666666667 0.5745370370370371 0.4674479166666667 0.5884259259259259 0.465625 0.5916666666666667 0.45625 0.5916666666666667 0.4549479166666667 0.5888888888888889 0.45651041666666664 0.5680555555555555 0.4625 0.5662037037037037
4 0.13020833333333334 0.9074074074074074 0.13385416666666666 0.9111111111111111 0.1359375 0.9356481481481481 0.13385416666666666 0.9421296296296297 0.13411458333333334 0.9597222222222223 0.12369791666666667 0.9782407407407407 0.10911458333333333 0.9953703703703703 0.09895833333333333 0.9925925925925926 0.090625 0.9953703703703703 0.07578125 0.9898148148148148 0.07395833333333333 0.9671296296296297 0.075 0.9388888888888889 0.0875 0.9203703703703704 0.0953125 0.9143518518518519 0.12395833333333334 0.9120370370370371 0.12994791666666666 0.9074074074074074
4 0.45390625 0.6736111111111112 0.46041666666666664 0.6782407407407407 0.4596354166666667 0.6986111111111111 0.45651041666666664 0.7023148148148148 0.44583333333333336 0.7018518518518518 0.44427083333333334 0.6990740740740741 0.44609375 0.6777777777777778 0.45364583333333336 0.6736111111111112
4 0.45651041666666664 0.4083333333333333 0.4583333333333333 0.41435185185185186 0.45364583333333336 0.4185185185185185 0.4505208333333333 0.41759259259259257 0.44947916666666665 0.4111111111111111 0.45234375 0.4074074074074074 0.45625 0.4083333333333333
3 0.42994791666666665 0.42777777777777776 0.43671875 0.4388888888888889 0.43645833333333334 0.4532407407407407 0.43463541666666666 0.4550925925925926 0.42734375 0.4537037037037037 0.4239583333333333 0.44351851851851853 0.42473958333333334 0.42916666666666664 0.4296875 0.42777777777777776
1 0.38723958333333336 0.9296296296296296 0.38958333333333334 0.9361111111111111 0.3890625 0.9597222222222223 0.38385416666666666 0.986574074074074 0.3802083333333333 0.9935185185185185 0.35885416666666664 0.9930555555555556 0.35572916666666665 0.9888888888888889 0.35572916666666665 0.9810185185185185 0.35885416666666664 0.9541666666666667 0.3640625 0.9319444444444445 0.3763020833333333 0.9277777777777778 0.38697916666666665 0.9296296296296296
1 0.30494791666666665 0.9777777777777777 0.30885416666666665 0.9842592592592593 0.30911458333333336 0.999537037037037 0.27786458333333336 0.999537037037037 0.28151041666666665 0.9884259259259259 0.2890625 0.9787037037037037 0.3046875 0.9777777777777777
1 0.4046875 0.6578703703703703 0.40989583333333335 0.6615740740740741 0.4119791666666667 0.6763888888888889 0.41041666666666665 0.6898148148148148 0.4075520833333333 0.6944444444444444 0.39427083333333335 0.6953703703703704 0.3924479166666667 0.6902777777777778 0.39348958333333334 0.6731481481481482 0.39869791666666665 0.6601851851851852 0.4044270833333333 0.6578703703703703
1 0.3575520833333333 0.8384259259259259 0.36276041666666664 0.8481481481481481 0.3640625 0.8560185185185185 0.36354166666666665 0.8726851851851852 0.359375 0.8907407407407407 0.35260416666666666 0.9050925925925926 0.33645833333333336 0.9069444444444444 0.33177083333333335 0.9050925925925926 0.3307291666666667 0.9004629629629629 0.3346354166666667 0.8708333333333333 0.3453125 0.8412037037037037 0.35 0.8379629629629629 0.3572916666666667 0.8384259259259259
1 0.5432291666666667 0.5671296296296297 0.5596354166666667 0.5777777777777777 0.5606770833333333 0.5861111111111111 0.5494791666666666 0.5875 0.53671875 0.5824074074074074 0.53515625 0.5777777777777777 0.5361979166666667 0.5717592592592593 0.54296875 0.5675925925925925
1 0.4200520833333333 0.763425925925926 0.42421875 0.7666666666666667 0.425 0.7731481481481481 0.42161458333333335 0.8032407407407407 0.41848958333333336 0.8069444444444445 0.4010416666666667 0.8055555555555556 0.4005208333333333 0.7925925925925926 0.40651041666666665 0.7652777777777777 0.4197916666666667 0.763425925925926
2 0.32109375 0.8560185185185185 0.32447916666666665 0.8601851851851852 0.32447916666666665 0.8699074074074075 0.3203125 0.8833333333333333 0.3177083333333333 0.8856481481481482 0.315625 0.8606481481481482 0.31744791666666666 0.8560185185185185 0.32083333333333336 0.8560185185185185
2 0.325 0.7462962962962963 0.3268229166666667 0.7583333333333333 0.32109375 0.7685185185185185 0.31979166666666664 0.7555555555555555 0.32109375 0.7481481481481481 0.32473958333333336 0.7462962962962963