0 0.43255208333333334 0.625 0.4359375 0.6300925925925925 0.4356770833333333 0.6430555555555556 0.43411458333333336 0.6486111111111111 0.42890625 0.6504629629629629 0.42526041666666664 0.6504629629629629 0.42421875 0.6472222222222223 0.4244791666666667 0.6324074074074074 0.4265625 0.6268518518518519 0.4322916666666667 0.625
4 0.45208333333333334 0.6226851851851852 0.45390625 0.6296296296296297 0.453125 0.6347222222222222 0.44765625 0.6342592592592593 0.44557291666666665 0.6300925925925925 0.44921875 0.6180555555555556 0.4518229166666667 0.6226851851851852
4 0.24427083333333333 0.8305555555555556 0.2604166666666667 0.8347222222222223 0.25546875 0.8777777777777778 0.2526041666666667 0.8842592592592593 0.24479166666666666 0.8912037037037037 0.22708333333333333 0.8833333333333333 0.22447916666666667 0.8796296296296297 0.22369791666666666 0.8731481481481481 0.22890625 0.8634259259259259 0.22994791666666667 0.8407407407407408 0.2375 0.8314814814814815 0.24401041666666667 0.8305555555555556
4 0.44192708333333336 0.6421296296296296 0.44427083333333334 0.6467592592592593 0.44296875 0.6523148148148148 0.4348958333333333 0.6504629629629629 0.4359375 0.6439814814814815 0.44166666666666665 0.6421296296296296
4 0.04010416666666667 0.7842592592592592 0.05364583333333333 0.7856481481481481 0.057291666666666664 0.7893518518518519 0.05625 0.8027777777777778 0.06067708333333333 0.8296296296296296 0.06067708333333333 0.8490740740740741 0.05859375 0.8587962962962963 0.05286458333333333 0.8694444444444445 0.023697916666666666 0.8824074074074074 0.019791666666666666 0.8777777777777778 0.02109375 0.8560185185185185 0.0234375 0.8490740740740741 0.0328125 0.8393518518518519 0.044270833333333336 0.8347222222222223 0.04114583333333333 0.825 0.0375 0.8208333333333333 0.03802083333333333 0.8171296296296297 0.024739583333333332 0.8134259259259259 0.008072916666666667 0.8152777777777778 0.005208333333333333 0.8101851851851852 0.011197916666666667 0.7930555555555555 0.015104166666666667 0.7875 0.03984375 0.7842592592592592
4 0.3502604166666667 0.7916666666666666 0.3528645833333333 0.8 0.35208333333333336 0.8208333333333333 0.34765625 0.8245370370370371 0.3453125 0.8314814814814815 0.32526041666666666 0.8337962962962963 0.32109375 0.8310185185185185 0.32109375 0.8148148148148148 0.3296875 0.7949074074074074 0.33489583333333334 0.7912037037037037 0.35 0.7916666666666666
4 0.4088541666666667 0.7828703703703703 0.42213541666666665 0.7851851851851852 0.4244791666666667 0.7925925925925926 0.425 0.8037037037037037 0.4239583333333333 0.8208333333333333 0.41822916666666665 0.837037037037037 0.41484375 0.8425925925925926 0.40859375 0.8449074074074074 0.39479166666666665 0.8435185185185186 0.39088541666666665 0.8379629629629629 0.39375 0.7967592592592593 0.3997395833333333 0.7861111111111111 0.40859375 0.7828703703703703
4 0.45338541666666665 0.662962962962963 0.45651041666666664 0.6699074074074074 0.45625 0.6814814814814815 0.45364583333333336 0.6837962962962963 0.44609375 0.6833333333333333 0.44453125 0.6759259259259259 0.44635416666666666 0.6657407407407407 0.453125 0.662962962962963
4 0.43359375 0.6259259259259259 0.4359375 0.6296296296296297 0.4356770833333333 0.6435185185185185 0.4328125 0.649074074074074 0.4265625 0.65 0.42421875 0.6472222222222223 0.4244791666666667 0.6305555555555555 0.428125 0.625462962962963 0.43333333333333335 0.6259259259259259
4 0.10572916666666667 0.7814814814814814 0.13411458333333334 0.7824074074074074 0.13697916666666668 0.7861111111111111 0.13645833333333332 0.8180555555555555 0.13385416666666666 0.8236111111111111 0.11614583333333334 0.8310185185185185 0.11223958333333334 0.8277777777777777 0.11145833333333334 0.812962962962963 0.10546875 0.8166666666666667 0.10208333333333333 0.8115740740740741 0.09947916666666666 0.8162037037037037 0.09765625 0.8310185185185185 0.09921875 0.8384259259259259 0.09765625 0.8416666666666667 0.07994791666666666 0.8458333333333333 0.07552083333333333 0.8416666666666667 0.07786458333333333 0.8018518518518518 0.07994791666666666 0.7935185185185185 0.08932291666666667 0.7861111111111111 0.09869791666666666 0.7833333333333333 0.10052083333333334 0.7888888888888889 0.09973958333333334 0.8050925925925926 0.10234375 0.8097222222222222 0.10546875 0.799537037037037 0.10442708333333334 0.7856481481481481 0.10572916666666667 0.7819444444444444
4 0.45989583333333334 0.6430555555555556 0.4635416666666667 0.6509259259259259 0.46380208333333334 0.6578703703703703 0.45755208333333336 0.6625 0.45286458333333335 0.6620370370370371 0.4515625 0.649537037037037 0.4549479166666667 0.6439814814814815 0.4596354166666667 0.6430555555555556
4 0.42239583333333336 0.6884259259259259 0.43203125 0.6916666666666667 0.434375 0.7018518518518518 0.43046875 0.7231481481481481 0.43255208333333334 0.7296296296296296 0.43203125 0.7398148148148148 0.42630208333333336 0.7620370370370371 0.42291666666666666 0.7648148148148148 0.40078125 0.763425925925926 0.3971354166666667 0.7416666666666667 0.39739583333333334 0.7337962962962963 0.403125 0.7185185185185186 0.40963541666666664 0.7138888888888889 0.40859375 0.7092592592592593 0.4114583333333333 0.6939814814814815 0.4153645833333333 0.6893518518518519 0.42213541666666665 0.6884259259259259
4 0.4375 0.611574074074074 0.43984375 0.6194444444444445 0.43697916666666664 0.6208333333333333 0.43307291666666664 0.6194444444444445 0.43255208333333334 0.6157407407407407 0.43385416666666665 0.611574074074074 0.43723958333333335 0.611574074074074
4 0.39088541666666665 0.8949074074074074 0.39609375 0.9078703703703703 0.3953125 0.9277777777777778 0.38697916666666665 0.9555555555555556 0.38359375 0.9555555555555556 0.38125 0.9462962962962963 0.3815104166666667 0.9296296296296296 0.378125 0.9009259259259259 0.3828125 0.8949074074074074 0.390625 0.8949074074074074
4 0.29322916666666665 0.950925925925926 0.30026041666666664 0.9518518518518518 0.3145833333333333 0.9634259259259259 0.31744791666666666 0.986574074074074 0.3151041666666667 0.999537037037037 0.24453125 0.9972222222222222 0.24479166666666666 0.9921296296296296 0.2513020833333333 0.975462962962963 0.2643229166666667 0.9550925925925926 0.2752604166666667 0.950462962962963 0.29296875 0.950925925925926
3 0.10572916666666667 0.7824074074074074 0.134375 0.7824074074074074 0.13697916666666668 0.7861111111111111 0.13515625 0.8217592592592593 0.11588541666666667 0.8300925925925926 0.1125 0.8277777777777777 0.1109375 0.8175925925925925 0.10885416666666667 0.8157407407407408 0.10598958333333333 0.8236111111111111 0.10755208333333334 0.8351851851851851 0.10390625 0.837037037037037 0.10104166666666667 0.8347222222222223 0.10104166666666667 0.8314814814814815 0.10520833333333333 0.8277777777777777 0.10260416666666666 0.8106481481481481 0.10572916666666667 0.7828703703703703
1 0.4390625 0.6509259259259259 0.44609375 0.6555555555555556 0.4479166666666667 0.6611111111111111 0.4434895833333333 0.6648148148148149 0.4322916666666667 0.6657407407407407 0.42526041666666664 0.6638888888888889 0.4239583333333333 0.6578703703703703 0.4309895833333333 0.6509259259259259 0.4388020833333333 0.6509259259259259
1 0.2942708333333333 0.8421296296296297 0.2984375 0.8444444444444444 0.30182291666666666 0.8532407407407407 0.30234375 0.8865740740740741 0.30026041666666664 0.8930555555555556 0.2890625 0.899537037037037 0.28619791666666666 0.9106481481481481 0.2828125 0.9152777777777777 0.2794270833333333 0.9120370370370371 0.25390625 0.9143518518518519 0.2518229166666667 0.9097222222222222 0.253125 0.8902777777777777 0.2609375 0.8648148148148148 0.27239583333333334 0.8486111111111111 0.27890625 0.8439814814814814 0.29401041666666666 0.8421296296296297
1 0.35651041666666666 0.7490740740740741 0.35911458333333335 0.7550925925925925 0.35911458333333335 0.7754629629629629 0.35234375 0.7842592592592592 0.33489583333333334 0.7833333333333333 0.3341145833333333 0.774074074074074 0.33828125 0.7574074074074074 0.3416666666666667 0.7513888888888889 0.35625 0.7490740740740741
1 0.45208333333333334 0.6472222222222223 0.45598958333333334 0.6435185185185185 0.46015625 0.6439814814814815 0.46380208333333334 0.6569444444444444 0.46145833333333336 0.6615740740740741 0.45286458333333335 0.662962962962963 0.45208333333333334 0.6476851851851851
1 0.4427083333333333 0.6814814814814815 0.446875 0.6884259259259259 0.4473958333333333 0.6990740740740741 0.43645833333333334 0.700925925925926 0.43411458333333336 0.6972222222222222 0.43411458333333336 0.6888888888888889 0.43776041666666665 0.6824074074074075 0.44244791666666666 0.6814814814814815
1 0.44192708333333336 0.6425925925925926 0.44427083333333334 0.6467592592592593 0.4432291666666667 0.6523148148148148 0.4348958333333333 0.6486111111111111 0.4361979166666667 0.6435185185185185 0.44166666666666665 0.6425925925925926