4 0.4348958333333333 0.44583333333333336 0.44088541666666664 0.4601851851851852 0.44088541666666664 0.48055555555555557 0.4390625 0.4847222222222222 0.42864583333333334 0.4842592592592593 0.42734375 0.4810185185185185 0.4265625 0.45925925925925926 0.43125 0.44583333333333336 0.43463541666666666 0.44583333333333336
4 0.4471354166666667 0.4444444444444444 0.4513020833333333 0.45231481481481484 0.44947916666666665 0.4583333333333333 0.44166666666666665 0.45555555555555555 0.44166666666666665 0.44814814814814813 0.446875 0.4444444444444444
4 0.009635416666666667 0.6972222222222222 0.020833333333333332 0.6995370370370371 0.0234375 0.7189814814814814 0.022916666666666665 0.7430555555555556 0.01640625 0.7657407407407407 0.0018229166666666667 0.7768518518518519 0 0.7768518518518519 0 0.6986111111111111 0.009375 0.6972222222222222
4 0.43671875 0.5847222222222223 0.4388020833333333 0.5879629629629629 0.4393229166666667 0.5958333333333333 0.43854166666666666 0.6050925925925926 0.43645833333333334 0.6069444444444444 0.4328125 0.5949074074074074 0.43307291666666664 0.5879629629629629 0.43645833333333334 0.5847222222222223
4 0.40078125 0.5138888888888888 0.4036458333333333 0.5157407407407407 0.4044270833333333 0.5222222222222223 0.40390625 0.5291666666666667 0.3997395833333333 0.5287037037037037 0.40078125 0.5143518518518518
4 0.11041666666666666 0.7467592592592592 0.11197916666666667 0.7509259259259259 0.11302083333333333 0.7763888888888889 0.1125 0.8 0.10911458333333333 0.8041666666666667 0.0953125 0.8055555555555556 0.08489583333333334 0.8157407407407408 0.0796875 0.8152777777777778 0.071875 0.8069444444444445 0.08411458333333334 0.7902777777777777 0.08229166666666667 0.788425925925926 0.06744791666666666 0.8009259259259259 0.06354166666666666 0.787962962962963 0.05911458333333333 0.8060185185185185 0.05234375 0.8101851851851852 0.050520833333333334 0.7953703703703704 0.05130208333333333 0.7652777777777777 0.057291666666666664 0.7597222222222222 0.059375 0.7648148148148148 0.06067708333333333 0.7805555555555556 0.06302083333333333 0.7555555555555555 0.06588541666666667 0.750462962962963 0.071875 0.7472222222222222 0.11015625 0.7467592592592592
4 0.41354166666666664 0.6087962962962963 0.4197916666666667 0.611574074074074 0.42135416666666664 0.6162037037037037 0.42109375 0.6287037037037037 0.41822916666666665 0.6402777777777777 0.4153645833333333 0.6435185185185185 0.40729166666666666 0.6416666666666667 0.40208333333333335 0.6449074074074074 0.39869791666666665 0.6407407407407407 0.40078125 0.6157407407407407 0.4044270833333333 0.6101851851851852 0.41328125 0.6087962962962963
4 0.3731770833333333 0.6296296296296297 0.37578125 0.6342592592592593 0.3768229166666667 0.6435185185185185 0.3765625 0.6513888888888889 0.37421875 0.6574074074074074 0.3697916666666667 0.6583333333333333 0.3690104166666667 0.6472222222222223 0.3690104166666667 0.6398148148148148 0.3729166666666667 0.6300925925925925
4 0.4283854166666667 0.43194444444444446 0.43125 0.44074074074074077 0.42630208333333336 0.44675925925925924 0.4239583333333333 0.44351851851851853 0.4234375 0.4351851851851852 0.425 0.43148148148148147 0.428125 0.43194444444444446
4 0.10442708333333334 0.8050925925925926 0.12057291666666667 0.8064814814814815 0.12447916666666667 0.8101851851851852 0.12421875 0.8148148148148148 0.09635416666666667 0.85 0.08151041666666667 0.8634259259259259 0.07760416666666667 0.8518518518518519 0.0796875 0.8342592592592593 0.08359375 0.8208333333333333 0.09479166666666666 0.8069444444444445 0.10416666666666667 0.8050925925925926
3 0 0.7824074074074074 0.018229166666666668 0.7675925925925926 0.03229166666666667 0.7643518518518518 0.043229166666666666 0.7574074074074074 0.053125 0.7583333333333333 0.049479166666666664 0.7685185185185185 0.05 0.8143518518518519 0.03854166666666667 0.825925925925926 0.0328125 0.8356481481481481 0.03229166666666667 0.8416666666666667 0.046875 0.8351851851851851 0.054427083333333334 0.8361111111111111 0.05651041666666667 0.8384259259259259 0.05546875 0.8486111111111111 0.0578125 0.8587962962962963 0.05703125 0.8694444444444445 0.05390625 0.8694444444444445 0.04010416666666667 0.8833333333333333 0.03619791666666667 0.8833333333333333 0.033854166666666664 0.8685185185185185 0.027604166666666666 0.8597222222222223 0.019791666666666666 0.8611111111111112 0.0049479166666666664 0.8726851851851852 0 0.8708333333333333 0 0.7828703703703703
1 0.4479166666666667 0.44537037037037036 0.4510416666666667 0.4537037037037037 0.44973958333333336 0.45787037037037037 0.4471354166666667 0.4583333333333333 0.44244791666666666 0.45694444444444443 0.44140625 0.45231481481481484 0.44296875 0.4462962962962963 0.44765625 0.44537037037037036
1 0.3494791666666667 0.5847222222222223 0.36015625 0.5898148148148148 0.36380208333333336 0.5949074074074074 0.3625 0.6027777777777777 0.35390625 0.6074074074074074 0.3419270833333333 0.6060185185185185 0.33958333333333335 0.6013888888888889 0.3377604166666667 0.5916666666666667 0.33880208333333334 0.5875 0.34921875 0.5847222222222223
1 0.41484375 0.4134259259259259 0.41640625 0.41805555555555557 0.41484375 0.4236111111111111 0.40989583333333335 0.4217592592592593 0.41067708333333336 0.41435185185185186 0.41458333333333336 0.4134259259259259
1 0.46171875 0.4685185185185185 0.4640625 0.47175925925925927 0.46458333333333335 0.4842592592592593 0.46067708333333335 0.48657407407407405 0.45546875 0.48518518518518516 0.4552083333333333 0.4726851851851852 0.45651041666666664 0.4689814814814815 0.46145833333333336 0.4685185185185185
1 0.39453125 0.736574074074074 0.40260416666666665 0.7407407407407407 0.4041666666666667 0.7444444444444445 0.4036458333333333 0.7620370370370371 0.39739583333333334 0.7828703703703703 0.3763020833333333 0.7828703703703703 0.37395833333333334 0.7768518518518519 0.37395833333333334 0.7657407407407407 0.378125 0.7412037037037037 0.39427083333333335 0.736574074074074
2 0.4114583333333333 0.5 0.41458333333333336 0.5 0.4153645833333333 0.5050925925925925 0.41484375 0.5148148148148148 0.41171875 0.5138888888888888 0.4114583333333333 0.500462962962963
2 0.3072916666666667 0.638425925925926 0.3106770833333333 0.6361111111111111 0.3138020833333333 0.6402777777777777 0.31197916666666664 0.6592592592592592 0.3067708333333333 0.6638888888888889 0.30520833333333336 0.6546296296296297 0.3072916666666667 0.6388888888888888
2 0.3453125 0.6435185185185185 0.34739583333333335 0.6541666666666667 0.3455729166666667 0.6620370370370371 0.34270833333333334 0.6652777777777777 0.3390625 0.663425925925926 0.3385416666666667 0.6467592592592593 0.3450520833333333 0.6435185185185185
2 0.4361979166666667 0.5861111111111111 0.43828125 0.5888888888888889 0.4390625 0.600462962962963 0.43854166666666666 0.6050925925925926 0.4356770833333333 0.6074074074074074 0.4328125 0.5916666666666667 0.4359375 0.5861111111111111
2 0.40078125 0.5152777777777777 0.4036458333333333 0.5175925925925926 0.4044270833333333 0.5236111111111111 0.4036458333333333 0.5291666666666667 0.3997395833333333 0.5287037037037037 0.40078125 0.5157407407407407
2 0.3731770833333333 0.6314814814814815 0.3765625 0.6421296296296296 0.37473958333333335 0.6564814814814814 0.3697916666666667 0.6583333333333333 0.3690104166666667 0.6416666666666667 0.3729166666666667 0.6319444444444444
2 0.31744791666666666 0.8837962962962963 0.31744791666666666 0.9023148148148148 0.3109375 0.9180555555555555 0.30703125 0.9115740740740741 0.30572916666666666 0.8893518518518518 0.3072916666666667 0.8861111111111111 0.3171875 0.8837962962962963