4 0.10625 0.7800925925925926 0.13411458333333334 0.7810185185185186 0.1375 0.7842592592592592 0.13697916666666668 0.8208333333333333 0.12265625 0.8236111111111111 0.11770833333333333 0.8273148148148148 0.11614583333333334 0.8319444444444445 0.1140625 0.8208333333333333 0.11640625 0.8175925925925925 0.11666666666666667 0.8115740740740741 0.10911458333333333 0.7981481481481482 0.10572916666666667 0.7981481481481482 0.10390625 0.7861111111111111 0.10598958333333333 0.7800925925925926
4 0.020833333333333332 0.7819444444444444 0.057291666666666664 0.7912037037037037 0.05703125 0.8138888888888889 0.06145833333333333 0.8384259259259259 0.059895833333333336 0.8592592592592593 0.05260416666666667 0.8731481481481481 0.0328125 0.8810185185185185 0.024479166666666666 0.8773148148148148 0.022135416666666668 0.8634259259259259 0.028125 0.8490740740740741 0.026041666666666668 0.8314814814814815 0.030989583333333334 0.8240740740740741 0.020052083333333335 0.8189814814814815 0.008333333333333333 0.8189814814814815 0.00625 0.8148148148148148 0.014583333333333334 0.7851851851851852 0.020572916666666666 0.7819444444444444
4 0.3455729166666667 0.7569444444444444 0.34869791666666666 0.7620370370370371 0.3497395833333333 0.7689814814814815 0.34869791666666666 0.7861111111111111 0.3419270833333333 0.7921296296296296 0.32473958333333336 0.7939814814814815 0.3234375 0.7810185185185186 0.32760416666666664 0.7643518518518518 0.334375 0.7578703703703704 0.3453125 0.7569444444444444
4 0.4434895833333333 0.6685185185185185 0.44609375 0.6703703703703704 0.44921875 0.6791666666666667 0.44947916666666665 0.687037037037037 0.4466145833333333 0.6902777777777778 0.4375 0.6898148148148148 0.4354166666666667 0.6861111111111111 0.43671875 0.675 0.4432291666666667 0.6685185185185185
4 0.42526041666666664 0.7699074074074074 0.42916666666666664 0.7759259259259259 0.43020833333333336 0.8041666666666667 0.421875 0.825 0.41484375 0.8282407407407407 0.4044270833333333 0.8268518518518518 0.39895833333333336 0.8212962962962963 0.40078125 0.7824074074074074 0.40859375 0.7708333333333334 0.425 0.7699074074074074
4 0.22421875 0.850462962962963 0.23776041666666667 0.8523148148148149 0.24010416666666667 0.8550925925925926 0.23776041666666667 0.8731481481481481 0.2390625 0.8833333333333333 0.22890625 0.8930555555555556 0.21380208333333334 0.9143518518518519 0.20677083333333332 0.9115740740740741 0.20052083333333334 0.9046296296296297 0.20546875 0.8861111111111111 0.20572916666666666 0.8625 0.21536458333333333 0.8518518518518519 0.22395833333333334 0.850462962962963
4 0.45 0.6106481481481482 0.453125 0.6175925925925926 0.45286458333333335 0.6231481481481481 0.45026041666666666 0.6240740740740741 0.44505208333333335 0.6203703703703703 0.44583333333333336 0.612037037037037 0.44973958333333336 0.6106481481481482
4 0.45677083333333335 0.6296296296296297 0.46328125 0.6407407407407407 0.4635416666666667 0.6472222222222223 0.46119791666666665 0.6504629629629629 0.4515625 0.6467592592592593 0.45260416666666664 0.6370370370370371 0.45651041666666664 0.6296296296296297
4 0.43307291666666664 0.6171296296296296 0.43645833333333334 0.6203703703703703 0.4375 0.6333333333333333 0.43255208333333334 0.6416666666666667 0.4244791666666667 0.6402777777777777 0.4239583333333333 0.6236111111111111 0.42604166666666665 0.6180555555555556 0.4328125 0.6171296296296296
4 0.4552083333333333 0.6541666666666667 0.45651041666666664 0.6717592592592593 0.45286458333333335 0.6736111111111112 0.446875 0.6717592592592593 0.4453125 0.6685185185185185 0.44557291666666665 0.6606481481481481 0.44921875 0.6527777777777778 0.4549479166666667 0.6541666666666667
4 0.46770833333333334 0.6222222222222222 0.4708333333333333 0.6236111111111111 0.47291666666666665 0.6296296296296297 0.4734375 0.6365740740740741 0.47109375 0.6398148148148148 0.4666666666666667 0.6393518518518518 0.4640625 0.6356481481481482 0.4640625 0.6263888888888889 0.4674479166666667 0.6222222222222222
4 0.4315104166666667 0.6805555555555556 0.43411458333333336 0.6824074074074075 0.4359375 0.6912037037037037 0.43671875 0.7087962962962963 0.434375 0.7296296296296296 0.4270833333333333 0.7310185185185185 0.4296875 0.7407407407407407 0.42578125 0.7527777777777778 0.4036458333333333 0.7523148148148148 0.4010416666666667 0.7268518518518519 0.41171875 0.7 0.41484375 0.6819444444444445 0.42135416666666664 0.6791666666666667 0.43125 0.6805555555555556
4 0.2609375 0.8796296296296297 0.26588541666666665 0.8847222222222222 0.2703125 0.8986111111111111 0.26875 0.9324074074074075 0.26588541666666665 0.9402777777777778 0.25833333333333336 0.9416666666666667 0.24817708333333333 0.9523148148148148 0.24479166666666666 0.9652777777777778 0.24192708333333332 0.9680555555555556 0.20651041666666667 0.9652777777777778 0.20494791666666667 0.9597222222222223 0.20572916666666666 0.9430555555555555 0.2140625 0.9185185185185185 0.23020833333333332 0.8916666666666667 0.24140625 0.8819444444444444 0.26067708333333334 0.8796296296296297
4 0.40208333333333335 0.8708333333333333 0.40625 0.8828703703703704 0.40572916666666664 0.9 0.403125 0.9143518518518519 0.39765625 0.9259259259259259 0.3953125 0.925 0.3932291666666667 0.9180555555555555 0.39036458333333335 0.8726851851851852 0.39375 0.8699074074074075 0.40182291666666664 0.8708333333333333
4 0.465625 0.611574074074074 0.46796875 0.6194444444444445 0.4635416666666667 0.625462962962963 0.4596354166666667 0.6222222222222222 0.459375 0.6152777777777778 0.46119791666666665 0.611574074074074 0.46536458333333336 0.611574074074074
4 0.3138020833333333 0.9189814814814815 0.32109375 0.9203703703703704 0.33151041666666664 0.9277777777777778 0.33489583333333334 0.9351851851851852 0.33567708333333335 0.9425925925925925 0.33307291666666666 0.9736111111111111 0.3143229166666667 0.999537037037037 0.26510416666666664 0.999537037037037 0.2638020833333333 0.9953703703703703 0.26484375 0.9773148148148149 0.2716145833333333 0.9662037037037037 0.27447916666666666 0.9537037037037037 0.28880208333333335 0.924537037037037 0.296875 0.9194444444444444 0.31354166666666666 0.9189814814814815
3 0.10572916666666667 0.7800925925925926 0.13411458333333334 0.7810185185185186 0.1375 0.7847222222222222 0.13697916666666668 0.8208333333333333 0.12369791666666667 0.8236111111111111 0.115625 0.8291666666666667 0.11276041666666667 0.8277777777777777 0.11171875 0.8194444444444444 0.10911458333333333 0.8185185185185185 0.10625 0.8245370370370371 0.10807291666666667 0.8388888888888889 0.10572916666666667 0.8416666666666667 0.10338541666666666 0.8361111111111111 0.10546875 0.8277777777777777 0.103125 0.8166666666666667 0.10546875 0.8004629629629629 0.10390625 0.7856481481481481 0.10572916666666667 0.7805555555555556
1 0.4390625 0.6393518518518518 0.4471354166666667 0.6462962962962963 0.44765625 0.6523148148148148 0.4432291666666667 0.6560185185185186 0.4270833333333333 0.6541666666666667 0.42526041666666664 0.6509259259259259 0.42682291666666666 0.6462962962962963 0.4388020833333333 0.6398148148148148
1 0.33046875 0.8037037037037037 0.33828125 0.8046296296296296 0.3419270833333333 0.8106481481481481 0.3419270833333333 0.8333333333333334 0.33203125 0.8490740740740741 0.31171875 0.850462962962963 0.3067708333333333 0.8458333333333333 0.3072916666666667 0.8333333333333334 0.3098958333333333 0.8231481481481482 0.3184895833333333 0.8069444444444445 0.3302083333333333 0.8037037037037037