0 0.36041666666666666 0.7162037037037037 0.36276041666666664 0.7541666666666667 0.35911458333333335 0.7722222222222223 0.3489583333333333 0.8013888888888889 0.3338541666666667 0.8046296296296296 0.32578125 0.8037037037037037 0.3234375 0.8004629629629629 0.32317708333333334 0.7736111111111111 0.3255208333333333 0.75 0.3385416666666667 0.7166666666666667 0.36015625 0.7162037037037037
0 0.471875 0.5578703703703703 0.47552083333333334 0.5606481481481481 0.4739583333333333 0.6 0.471875 0.6032407407407407 0.46067708333333335 0.6023148148148149 0.4591145833333333 0.5958333333333333 0.4591145833333333 0.5814814814814815 0.4622395833333333 0.5606481481481481 0.47161458333333334 0.5578703703703703
4 0.46197916666666666 0.5203703703703704 0.4640625 0.5222222222222223 0.46510416666666665 0.5296296296296297 0.46458333333333335 0.5393518518518519 0.4622395833333333 0.5425925925925926 0.45286458333333335 0.5398148148148149 0.4546875 0.5222222222222223 0.46171875 0.5203703703703704
4 0.4661458333333333 0.46064814814814814 0.4703125 0.4615740740740741 0.47213541666666664 0.4666666666666667 0.47109375 0.4976851851851852 0.46796875 0.5023148148148148 0.45859375 0.5013888888888889 0.45651041666666664 0.4925925925925926 0.45989583333333334 0.4638888888888889 0.46588541666666666 0.46064814814814814
4 0.046614583333333334 0.9282407407407407 0.04895833333333333 0.9949074074074075 0.045572916666666664 0.999537037037037 0 0.9976851851851852 0 0.9361111111111111 0.009895833333333333 0.9300925925925926 0.01640625 0.9300925925925926 0.027604166666666666 0.9416666666666667 0.030989583333333334 0.9537037037037037 0.04140625 0.9564814814814815 0.04583333333333333 0.9532407407407407 0.04635416666666667 0.9287037037037037
4 0.42994791666666665 0.5083333333333333 0.4328125 0.5115740740740741 0.43203125 0.5287037037037037 0.4309895833333333 0.5328703703703703 0.42552083333333335 0.5347222222222222 0.41953125 0.5324074074074074 0.42109375 0.5143518518518518 0.4231770833333333 0.5087962962962963 0.4296875 0.5083333333333333
4 0.04375 0.7800925925925926 0.046614583333333334 0.7819444444444444 0.04895833333333333 0.7888888888888889 0.04765625 0.7976851851851852 0.0015625 0.8541666666666666 0 0.8541666666666666 0 0.8009259259259259 0.022916666666666665 0.7819444444444444 0.04348958333333333 0.7800925925925926
4 0.45208333333333334 0.562962962962963 0.45651041666666664 0.5675925925925925 0.45677083333333335 0.5833333333333334 0.44947916666666665 0.586574074074074 0.4440104166666667 0.5842592592592593 0.44375 0.5740740740740741 0.44609375 0.5648148148148148 0.4518229166666667 0.562962962962963
4 0.0953125 0.8953703703703704 0.10755208333333334 0.9078703703703703 0.10755208333333334 0.924074074074074 0.109375 0.9310185185185185 0.11953125 0.9310185185185185 0.12473958333333333 0.9361111111111111 0.1265625 0.9495370370370371 0.12109375 0.9625 0.1140625 0.9712962962962963 0.11015625 0.9814814814814815 0.09557291666666666 0.9972222222222222 0.05703125 0.9976851851851852 0.04973958333333333 0.9944444444444445 0.048177083333333336 0.9638888888888889 0.05026041666666667 0.9361111111111111 0.04921875 0.9282407407407407 0.05963541666666667 0.8967592592592593 0.08333333333333333 0.899074074074074 0.09505208333333333 0.8958333333333334
4 0.4401041666666667 0.399537037037037 0.4421875 0.4078703703703704 0.4393229166666667 0.4111111111111111 0.4356770833333333 0.41064814814814815 0.434375 0.4041666666666667 0.4356770833333333 0.399537037037037 0.43984375 0.399537037037037
4 0.4518229166666667 0.4634259259259259 0.45390625 0.46574074074074073 0.45416666666666666 0.48194444444444445 0.44973958333333336 0.4861111111111111 0.44453125 0.4842592592592593 0.44453125 0.46944444444444444 0.44609375 0.4638888888888889 0.4515625 0.4634259259259259
4 0.5260416666666666 0.5018518518518519 0.5296875 0.5037037037037037 0.5315104166666667 0.5087962962962963 0.53125 0.5175925925925926 0.5276041666666667 0.5199074074074074 0.5111979166666667 0.5199074074074074 0.5075520833333333 0.513425925925926 0.5106770833333333 0.5041666666666667 0.52578125 0.5018518518518519
4 0.1671875 0.825462962962963 0.17005208333333333 0.8300925925925926 0.17083333333333334 0.837037037037037 0.17005208333333333 0.8796296296296297 0.15078125 0.9050925925925926 0.14505208333333333 0.9087962962962963 0.140625 0.8972222222222223 0.134375 0.9023148148148148 0.11796875 0.9004629629629629 0.11770833333333333 0.8560185185185185 0.13489583333333333 0.8328703703703704 0.14921875 0.8319444444444445 0.15520833333333334 0.8240740740740741 0.16692708333333334 0.825462962962963
4 0.08359375 0.7800925925925926 0.08567708333333333 0.7824074074074074 0.08880208333333334 0.7986111111111112 0.08828125 0.8083333333333333 0.08359375 0.8208333333333333 0.08385416666666666 0.8287037037037037 0.08177083333333333 0.8375 0.06979166666666667 0.8583333333333333 0.06171875 0.8782407407407408 0.04348958333333333 0.8986111111111111 0.0296875 0.9037037037037037 0.013802083333333333 0.9050925925925926 0.0049479166666666664 0.9050925925925926 0 0.9 0 0.8555555555555555 0.022135416666666668 0.8263888888888888 0.040364583333333336 0.8074074074074075 0.05755208333333333 0.7828703703703703 0.0671875 0.7791666666666667 0.08333333333333333 0.7800925925925926
4 0.39765625 0.6814814814814815 0.40078125 0.6833333333333333 0.4036458333333333 0.6958333333333333 0.4041666666666667 0.7097222222222223 0.4015625 0.7203703703703703 0.39791666666666664 0.7273148148148149 0.38515625 0.7282407407407407 0.38229166666666664 0.7273148148148149 0.38125 0.7236111111111111 0.38359375 0.6995370370370371 0.3890625 0.6842592592592592 0.39739583333333334 0.6814814814814815
4 0.4778645833333333 0.5328703703703703 0.4817708333333333 0.5361111111111111 0.4822916666666667 0.5504629629629629 0.47760416666666666 0.5550925925925926 0.4705729166666667 0.5541666666666667 0.46953125 0.5513888888888889 0.4708333333333333 0.5361111111111111 0.47760416666666666 0.5328703703703703
4 0.20911458333333333 0.8648148148148148 0.2125 0.8689814814814815 0.21015625 0.8782407407407408 0.16484375 0.9601851851851851 0.16145833333333334 0.9629629629629629 0.15390625 0.9606481481481481 0.14661458333333333 0.9513888888888888 0.14505208333333333 0.9268518518518518 0.14973958333333334 0.9092592592592592 0.15807291666666667 0.8967592592592593 0.17291666666666666 0.8898148148148148 0.19244791666666666 0.8657407407407407 0.20885416666666667 0.8648148148148148
3 0.09583333333333334 0.8953703703703704 0.1078125 0.9083333333333333 0.109375 0.9259259259259259 0.12708333333333333 0.9194444444444444 0.13046875 0.9148148148148149 0.1296875 0.9078703703703703 0.13385416666666666 0.9074074074074074 0.13776041666666666 0.9106481481481481 0.13723958333333333 0.9273148148148148 0.13645833333333332 0.9351851851851852 0.13307291666666668 0.9421296296296297 0.109375 0.9819444444444444 0.0984375 0.9953703703703703 0.08984375 0.999537037037037 0.05026041666666667 0.9958333333333333 0.048177083333333336 0.9634259259259259 0.05026041666666667 0.9356481481481481 0.04921875 0.9273148148148148 0.06067708333333333 0.8953703703703704 0.07265625 0.899074074074074 0.09557291666666666 0.8953703703703704
3 0.05416666666666667 0.9 0.0578125 0.9041666666666667 0.05520833333333333 0.9166666666666666 0.04973958333333333 0.9277777777777778 0.04895833333333333 0.9629629629629629 0.050520833333333334 0.9773148148148149 0.0484375 0.9861111111111112 0.04895833333333333 0.9944444444444445 0.03802083333333333 0.9953703703703703 0.04375 0.9861111111111112 0.043229166666666666 0.9828703703703704 0.03958333333333333 0.9828703703703704 0.03359375 0.9907407407407407 0.03515625 0.9944444444444445 0.03333333333333333 0.9967592592592592 0.008333333333333333 0.9944444444444445 0.00546875 0.999537037037037 0 0.9976851851851852 0 0.9453703703703704 0.005208333333333333 0.9435185185185185 0.00859375 0.9467592592592593 0.011979166666666667 0.9439814814814815 0.015364583333333333 0.9462962962962963 0.019010416666666665 0.9439814814814815 0.023177083333333334 0.9495370370370371 0.021875 0.9527777777777777 0.022916666666666665 0.9592592592592593 0.027604166666666666 0.9675925925925926 0.015364583333333333 0.9805555555555555 0.014583333333333334 0.9875 0.01640625 0.9916666666666667 0.026041666666666668 0.9935185185185185 0.030208333333333334 0.9912037037037037 0.03229166666666667 0.9842592592592593 0.0296875 0.962037037037037 0.024479166666666666 0.9421296296296297 0.00859375 0.9365740740740741 0.004427083333333333 0.9407407407407408 0 0.9407407407407408 0 0.937962962962963 0.0046875 0.9361111111111111 0.0018229166666666667 0.9222222222222223 0 0.9217592592592593 0.0026041666666666665 0.9111111111111111 0.006510416666666667 0.9074074074074074 0.01796875 0.9055555555555556 0.046875 0.9069444444444444 0.05390625 0.9
1 0.4393229166666667 0.399537037037037 0.44192708333333336 0.4041666666666667 0.44192708333333336 0.40879629629629627 0.4395833333333333 0.4111111111111111 0.4356770833333333 0.41064814814814815 0.434375 0.4074074074074074 0.4354166666666667 0.40046296296296297 0.4390625 0.399537037037037
1 0.4432291666666667 0.49444444444444446 0.44427083333333334 0.5092592592592593 0.44244791666666666 0.5120370370370371 0.4356770833333333 0.5111111111111111 0.4348958333333333 0.5046296296296297 0.4361979166666667 0.4949074074074074 0.44296875 0.49444444444444446
1 0.4671875 0.45092592592592595 0.4705729166666667 0.4583333333333333 0.4674479166666667 0.46064814814814814 0.46171875 0.4597222222222222 0.4630208333333333 0.45185185185185184 0.4669270833333333 0.45092592592592595
1 0.4015625 0.975 0.409375 0.9791666666666666 0.4127604166666667 0.9912037037037037 0.41067708333333336 0.999537037037037 0.37994791666666666 0.999537037037037 0.37578125 0.9912037037037037 0.37578125 0.987037037037037 0.38515625 0.9763888888888889 0.40130208333333334 0.975
2 0.4356770833333333 0.7768518518518519 0.4390625 0.787962962962963 0.4356770833333333 0.8111111111111111 0.4322916666666667 0.8106481481481481 0.4315104166666667 0.8037037037037037 0.4322916666666667 0.7851851851851852 0.4354166666666667 0.7773148148148148
2 0.47734375 0.5064814814814815 0.47942708333333334 0.5115740740740741 0.4791666666666667 0.5217592592592593 0.47708333333333336 0.5236111111111111 0.47552083333333334 0.5208333333333334 0.4752604166666667 0.5111111111111111 0.47708333333333336 0.5069444444444444
2 0.3984375 0.6074074074074074 0.40078125 0.6111111111111112 0.40078125 0.6208333333333333 0.39739583333333334 0.6263888888888889 0.3958333333333333 0.6236111111111111 0.39557291666666666 0.612037037037037 0.39817708333333335 0.6074074074074074