4 0.36328125 0.8217592592592593 0.3731770833333333 0.8231481481481482 0.38125 0.8319444444444445 0.38046875 0.862037037037037 0.37109375 0.8814814814814815 0.3463541666666667 0.8851851851851852 0.3421875 0.8842592592592593 0.340625 0.8791666666666667 0.33932291666666664 0.8625 0.3411458333333333 0.8523148148148149 0.35208333333333336 0.8263888888888888 0.36302083333333335 0.8217592592592593
4 0.04348958333333333 0.8972222222222223 0.041666666666666664 0.8828703703703704 0.02734375 0.8759259259259259 0.027083333333333334 0.8597222222222223 0.04921875 0.8439814814814814 0.0640625 0.8375 0.07369791666666667 0.8268518518518518 0.07526041666666666 0.8388888888888889 0.07135416666666666 0.8513888888888889 0.06354166666666666 0.8402777777777778 0.06458333333333334 0.8625 0.06276041666666667 0.8763888888888889 0.05911458333333333 0.8819444444444444 0.0578125 0.8902777777777777 0.05026041666666667 0.8972222222222223 0.04375 0.8972222222222223
4 0.05130208333333333 0.736574074074074 0.05364583333333333 0.7402777777777778 0.054427083333333334 0.7685185185185185 0.05078125 0.788425925925926 0.040364583333333336 0.7944444444444444 0.021614583333333333 0.7944444444444444 0.009895833333333333 0.8111111111111111 0 0.8074074074074075 0 0.7523148148148148 0.00625 0.7453703703703703 0.018489583333333334 0.7407407407407407 0.051041666666666666 0.736574074074074
4 0.4432291666666667 0.7138888888888889 0.44765625 0.7194444444444444 0.446875 0.7435185185185185 0.44114583333333335 0.7583333333333333 0.43515625 0.7606481481481482 0.425 0.7587962962962963 0.42291666666666666 0.7550925925925925 0.4236979166666667 0.7282407407407407 0.42526041666666664 0.7217592592592592 0.43125 0.7138888888888889 0.44296875 0.7138888888888889
4 0.42604166666666665 0.5601851851851852 0.42916666666666664 0.562037037037037 0.43046875 0.5675925925925925 0.42916666666666664 0.5722222222222222 0.42526041666666664 0.5745370370370371 0.42135416666666664 0.5722222222222222 0.42109375 0.5657407407407408 0.42239583333333336 0.5615740740740741 0.42578125 0.5601851851851852
4 0.44765625 0.5680555555555555 0.45 0.5708333333333333 0.45026041666666666 0.5782407407407407 0.44635416666666666 0.5805555555555556 0.4434895833333333 0.5787037037037037 0.44244791666666666 0.5736111111111111 0.44375 0.5671296296296297 0.44609375 0.5652777777777778 0.4473958333333333 0.5680555555555555
4 0.29140625 0.8125 0.2955729166666667 0.8175925925925925 0.2986979166666667 0.8291666666666667 0.2986979166666667 0.8453703703703703 0.296875 0.8523148148148149 0.2921875 0.8546296296296296 0.2864583333333333 0.8689814814814815 0.27682291666666664 0.8671296296296296 0.265625 0.8694444444444445 0.2604166666666667 0.8671296296296296 0.259375 0.8555555555555555 0.26588541666666665 0.8314814814814815 0.2760416666666667 0.8143518518518519 0.2911458333333333 0.8125
4 0.37734375 0.8773148148148148 0.38333333333333336 0.8902777777777777 0.38359375 0.9018518518518519 0.38229166666666664 0.9180555555555555 0.3768229166666667 0.9328703703703703 0.37265625 0.9296296296296296 0.37161458333333336 0.8981481481481481 0.3729166666666667 0.8865740740740741 0.3770833333333333 0.8773148148148148
4 0.12213541666666666 0.774537037037037 0.13723958333333333 0.7768518518518519 0.13932291666666666 0.7796296296296297 0.13958333333333334 0.8180555555555555 0.11979166666666667 0.8240740740740741 0.10755208333333334 0.8087962962962963 0.10546875 0.8 0.10885416666666667 0.7759259259259259 0.121875 0.774537037037037
4 0.45989583333333334 0.5930555555555556 0.46432291666666664 0.6013888888888889 0.46015625 0.6074074074074074 0.45364583333333336 0.6064814814814815 0.45234375 0.6032407407407407 0.45338541666666665 0.5949074074074074 0.4596354166666667 0.5930555555555556
4 0.4552083333333333 0.6143518518518518 0.45807291666666666 0.6273148148148148 0.45625 0.6328703703703704 0.453125 0.6342592592592593 0.4479166666666667 0.6296296296296297 0.4479166666666667 0.6217592592592592 0.45078125 0.6143518518518518 0.4549479166666667 0.6143518518518518
4 0.4434895833333333 0.6037037037037037 0.45 0.6074074074074074 0.4510416666666667 0.6138888888888889 0.4471354166666667 0.6199074074074075 0.43697916666666664 0.6208333333333333 0.43333333333333335 0.6194444444444445 0.43359375 0.6106481481481482 0.4393229166666667 0.6032407407407407 0.4432291666666667 0.6037037037037037
4 0.4669270833333333 0.5814814814814815 0.4705729166666667 0.5856481481481481 0.4713541666666667 0.5912037037037037 0.4703125 0.5962962962962963 0.46770833333333334 0.5967592592592592 0.4635416666666667 0.5944444444444444 0.46197916666666666 0.5888888888888889 0.46328125 0.5833333333333334 0.4666666666666667 0.5814814814814815
4 0.421875 0.6106481481481482 0.42239583333333336 0.5888888888888889 0.4270833333333333 0.5842592592592593 0.43359375 0.587037037037037 0.43359375 0.6060185185185185 0.4309895833333333 0.6106481481481482 0.42213541666666665 0.6106481481481482
4 0.26223958333333336 0.9162037037037037 0.26875 0.9208333333333333 0.27057291666666666 0.9259259259259259 0.26901041666666664 0.9587962962962963 0.25390625 0.9777777777777777 0.2515625 0.9921296296296296 0.24817708333333333 0.9962962962962963 0.21875 0.9972222222222222 0.21171875 0.9962962962962963 0.20989583333333334 0.9888888888888889 0.20989583333333334 0.9791666666666666 0.21692708333333333 0.9564814814814815 0.2171875 0.95 0.22135416666666666 0.9462962962962963 0.23072916666666668 0.9259259259259259 0.23723958333333334 0.9171296296296296 0.26197916666666665 0.9162037037037037
3 0.026302083333333334 0.7939814814814815 0.05703125 0.7962962962962963 0.06848958333333334 0.8138888888888889 0.0671875 0.8236111111111111 0.07447916666666667 0.8245370370370371 0.07578125 0.8486111111111111 0.0859375 0.8518518518518519 0.08489583333333334 0.8657407407407407 0.08151041666666667 0.8726851851851852 0.07838541666666667 0.8736111111111111 0.07447916666666667 0.8555555555555555 0.07109375 0.8564814814814815 0.065625 0.8518518518518519 0.06302083333333333 0.8763888888888889 0.05807291666666667 0.8902777777777777 0.04739583333333333 0.8986111111111111 0.043229166666666666 0.8972222222222223 0.041666666666666664 0.8907407407407407 0.04296875 0.8865740740740741 0.04088541666666667 0.8819444444444444 0.028125 0.8773148148148148 0.02578125 0.862037037037037 0.05130208333333333 0.8407407407407408 0.061197916666666664 0.8361111111111111 0.06796875 0.8268518518518518 0.053385416666666664 0.825925925925926 0.025260416666666667 0.8435185185185186 0.018489583333333334 0.8449074074074074 0.01640625 0.8416666666666667 0.015885416666666666 0.8310185185185185 0.0125 0.8245370370370371 0.013802083333333333 0.8171296296296297 0.012760416666666666 0.8106481481481481 0.018229166666666668 0.7967592592592593 0.026041666666666668 0.7939814814814815
3 0.43854166666666666 0.6421296296296296 0.4427083333333333 0.6532407407407408 0.4427083333333333 0.6717592592592593 0.43645833333333334 0.7055555555555556 0.43255208333333334 0.7101851851851851 0.42890625 0.7069444444444445 0.41380208333333335 0.7060185185185185 0.4122395833333333 0.6828703703703703 0.4197916666666667 0.6606481481481481 0.42265625 0.6435185185185185 0.43828125 0.6421296296296296
1 0.4427083333333333 0.6046296296296296 0.45 0.6074074074074074 0.45338541666666665 0.6162037037037037 0.44947916666666665 0.6157407407407407 0.44765625 0.6199074074074075 0.4361979166666667 0.6208333333333333 0.43333333333333335 0.6185185185185185 0.43385416666666665 0.6111111111111112 0.44244791666666666 0.6046296296296296
1 0.45755208333333336 0.5925925925925926 0.46119791666666665 0.5949074074074074 0.4640625 0.6013888888888889 0.4609375 0.6069444444444444 0.45338541666666665 0.6064814814814815 0.45234375 0.6037037037037037 0.453125 0.5958333333333333 0.45729166666666665 0.5925925925925926
1 0.44609375 0.6300925925925925 0.45026041666666666 0.6333333333333333 0.45234375 0.6412037037037037 0.45260416666666664 0.6472222222222223 0.4505208333333333 0.649074074074074 0.44244791666666666 0.6486111111111111 0.43984375 0.6439814814814815 0.44244791666666666 0.6324074074074074 0.44583333333333336 0.6300925925925925
2 0.37526041666666665 0.8925925925925926 0.3815104166666667 0.8949074074074074 0.38333333333333336 0.9 0.38229166666666664 0.9180555555555555 0.3765625 0.9328703703703703 0.3731770833333333 0.9319444444444445 0.37213541666666666 0.9254629629629629 0.37161458333333336 0.8986111111111111 0.3729166666666667 0.8921296296296296 0.375 0.8925925925925926