0 0.40572916666666664 0.5370370370370371 0.40989583333333335 0.5398148148148149 0.40963541666666664 0.5699074074074074 0.4049479166666667 0.5837962962962963 0.39427083333333335 0.5851851851851851 0.38958333333333334 0.5814814814814815 0.3885416666666667 0.5666666666666667 0.39036458333333335 0.55 0.39427083333333335 0.5388888888888889 0.40546875 0.5370370370370371
0 0.44427083333333334 0.6569444444444444 0.44921875 0.6592592592592592 0.45026041666666666 0.6675925925925926 0.44947916666666665 0.6990740740740741 0.4453125 0.7273148148148149 0.44296875 0.7319444444444444 0.42526041666666664 0.7296296296296296 0.4239583333333333 0.7273148148148149 0.4239583333333333 0.7083333333333334 0.42526041666666664 0.6856481481481481 0.43125 0.6597222222222222 0.4356770833333333 0.6564814814814814 0.4440104166666667 0.6569444444444444
4 0.19375 0.8356481481481481 0.19869791666666667 0.8384259259259259 0.19661458333333334 0.8453703703703703 0.1671875 0.8898148148148148 0.15416666666666667 0.9152777777777777 0.14739583333333334 0.9212962962962963 0.13697916666666668 0.9097222222222222 0.13541666666666666 0.9013888888888889 0.13776041666666666 0.8796296296296297 0.14375 0.8629629629629629 0.15078125 0.8560185185185185 0.16822916666666668 0.8560185185185185 0.1734375 0.8435185185185186 0.17916666666666667 0.8375 0.19348958333333333 0.8356481481481481
4 0.45703125 0.43287037037037035 0.45989583333333334 0.4351851851851852 0.4609375 0.44074074074074077 0.45859375 0.44722222222222224 0.45286458333333335 0.44351851851851853 0.453125 0.4356481481481482 0.45677083333333335 0.43287037037037035
4 0.45807291666666666 0.44074074074074077 0.46197916666666666 0.4462962962962963 0.4622395833333333 0.45416666666666666 0.46041666666666664 0.45740740740740743 0.45651041666666664 0.4564814814814815 0.45390625 0.45 0.4544270833333333 0.4425925925925926 0.4578125 0.44074074074074077
4 0.06953125 0.7439814814814815 0.07421875 0.7486111111111111 0.07760416666666667 0.7648148148148148 0.07760416666666667 0.7722222222222223 0.07109375 0.799074074074074 0.0484375 0.8444444444444444 0.0328125 0.8606481481481482 0.015364583333333333 0.8629629629629629 0 0.8606481481481482 0 0.7569444444444444 0.010416666666666666 0.7481481481481481 0.019010416666666665 0.7453703703703703 0.032552083333333336 0.7462962962962963 0.04010416666666667 0.7537037037037037 0.05260416666666667 0.7444444444444445 0.06927083333333334 0.7439814814814815
4 0.4395833333333333 0.4212962962962963 0.4453125 0.425462962962963 0.44583333333333336 0.43703703703703706 0.44427083333333334 0.4393518518518518 0.43671875 0.43657407407407406 0.43671875 0.425 0.4393229166666667 0.4212962962962963
4 0.45651041666666664 0.6134259259259259 0.46041666666666664 0.6194444444444445 0.4588541666666667 0.6407407407407407 0.4557291666666667 0.6458333333333334 0.44635416666666666 0.6458333333333334 0.4434895833333333 0.6375 0.44557291666666665 0.6157407407407407 0.44921875 0.6125 0.45625 0.6134259259259259
4 0.4278645833333333 0.5305555555555556 0.42864583333333334 0.5555555555555556 0.4203125 0.5569444444444445 0.4161458333333333 0.5537037037037037 0.4171875 0.5393518518518519 0.42135416666666664 0.5300925925925926 0.4276041666666667 0.5305555555555556
4 0.054427083333333334 0.8541666666666666 0.0703125 0.8560185185185185 0.08515625 0.8537037037037037 0.09609375 0.8662037037037037 0.09895833333333333 0.8865740740740741 0.10234375 0.8828703703703704 0.11276041666666667 0.8828703703703704 0.11848958333333333 0.8870370370370371 0.11041666666666666 0.9203703703703704 0.08229166666666667 0.9569444444444445 0.0625 0.950925925925926 0.04583333333333333 0.9537037037037037 0.03854166666666667 0.9421296296296297 0.03723958333333333 0.9231481481481482 0.040364583333333336 0.8912037037037037 0.03958333333333333 0.8805555555555555 0.04479166666666667 0.8703703703703703 0.048177083333333336 0.8560185185185185 0.05026041666666667 0.8532407407407407 0.05416666666666667 0.8541666666666666
4 0.43190104166666665 0.4601851851851852 0.011197916666666667 0.022222222222222223
4 0.47213541666666664 0.48009259259259257 0.47708333333333336 0.48657407407407405 0.47708333333333336 0.5023148148148148 0.4747395833333333 0.5055555555555555 0.46875 0.5055555555555555 0.46640625 0.5018518518518519 0.46484375 0.4837962962962963 0.471875 0.48009259259259257
4 0.42916666666666664 0.4212962962962963 0.43203125 0.4236111111111111 0.43359375 0.4305555555555556 0.4309895833333333 0.43657407407407406 0.4270833333333333 0.4361111111111111 0.42552083333333335 0.43194444444444446 0.42578125 0.4222222222222222 0.42890625 0.4212962962962963
4 0.15833333333333333 0.7935185185185185 0.16171875 0.8055555555555556 0.1609375 0.8416666666666667 0.1578125 0.8481481481481481 0.14635416666666667 0.8569444444444444 0.1359375 0.8703703703703703 0.12682291666666667 0.8662037037037037 0.11536458333333334 0.8671296296296296 0.1078125 0.8629629629629629 0.10651041666666666 0.8273148148148148 0.10833333333333334 0.8138888888888889 0.12317708333333334 0.7953703703703704 0.15807291666666667 0.7935185185185185
4 0.01484375 0.95 0.01875 0.9564814814814815 0.026822916666666665 0.962037037037037 0.028385416666666666 0.9666666666666667 0.03046875 0.9912037037037037 0.028645833333333332 0.999537037037037 0 0.999537037037037 0 0.9537037037037037 0.014583333333333334 0.95
4 0.45989583333333334 0.5717592592592593 0.46067708333333335 0.5921296296296297 0.45729166666666665 0.5925925925925926 0.45625 0.5893518518518519 0.45651041666666664 0.5736111111111111 0.4596354166666667 0.5722222222222222
4 0.42734375 0.6263888888888889 0.43359375 0.6305555555555555 0.4348958333333333 0.6412037037037037 0.43307291666666664 0.6541666666666667 0.42864583333333334 0.6578703703703703 0.41822916666666665 0.6578703703703703 0.4166666666666667 0.6518518518518519 0.41901041666666666 0.6300925925925925 0.4270833333333333 0.6263888888888889
4 0.4440104166666667 0.5555555555555556 0.44947916666666665 0.5606481481481481 0.44947916666666665 0.5777777777777777 0.44609375 0.5842592592592593 0.4356770833333333 0.5842592592592593 0.43411458333333336 0.5810185185185185 0.43645833333333334 0.5569444444444445 0.44375 0.5555555555555556
4 0.171875 0.8564814814814815 0.17682291666666666 0.8694444444444445 0.17526041666666667 0.8787037037037037 0.15442708333333333 0.9152777777777777 0.14739583333333334 0.9212962962962963 0.13854166666666667 0.912962962962963 0.13541666666666666 0.9064814814814814 0.13645833333333332 0.8921296296296296 0.14114583333333333 0.8870370370370371 0.13776041666666666 0.8833333333333333 0.14010416666666667 0.8703703703703703 0.14375 0.8625 0.15104166666666666 0.8555555555555555 0.17161458333333332 0.8564814814814815
4 0.45989583333333334 0.45555555555555555 0.4635416666666667 0.46805555555555556 0.46328125 0.4759259259259259 0.46041666666666664 0.47824074074074074 0.4549479166666667 0.4759259259259259 0.45338541666666665 0.47175925925925927 0.4549479166666667 0.4601851851851852 0.4596354166666667 0.45555555555555555
4 0.42682291666666666 0.3787037037037037 0.4283854166666667 0.3837962962962963 0.42578125 0.38796296296296295 0.421875 0.38796296296296295 0.42135416666666664 0.3837962962962963 0.42239583333333336 0.37962962962962965 0.4265625 0.3787037037037037
3 0.45390625 0.47638888888888886 0.45807291666666666 0.47962962962962963 0.45859375 0.4888888888888889 0.45651041666666664 0.5263888888888889 0.45338541666666665 0.5300925925925926 0.44244791666666666 0.5291666666666667 0.440625 0.5143518518518518 0.44453125 0.48055555555555557 0.44869791666666664 0.47638888888888886 0.45364583333333336 0.47638888888888886
1 0.45989583333333334 0.4564814814814815 0.46328125 0.4666666666666667 0.46328125 0.475 0.45989583333333334 0.4777777777777778 0.45390625 0.4740740740740741 0.4544270833333333 0.4625 0.4596354166666667 0.45694444444444443
1 0.45729166666666665 0.44166666666666665 0.46197916666666666 0.4462962962962963 0.4622395833333333 0.4546296296296296 0.46015625 0.4583333333333333 0.4544270833333333 0.4527777777777778 0.45364583333333336 0.44583333333333336 0.45703125 0.44166666666666665
1 0.42994791666666665 0.42939814814814814 0.008333333333333333 0.015277777777777777
2 0.45989583333333334 0.5740740740740741 0.46119791666666665 0.5805555555555556 0.46015625 0.5930555555555556 0.45677083333333335 0.5916666666666667 0.45598958333333334 0.5828703703703704 0.45651041666666664 0.575 0.4596354166666667 0.5740740740740741
2 0.45989583333333334 0.5407407407407407 0.4625 0.5430555555555555 0.4627604166666667 0.5486111111111112 0.4625 0.5555555555555556 0.4596354166666667 0.5564814814814815 0.45989583333333334 0.5412037037037037