4 0.3765625 0.6416666666666667 0.37994791666666666 0.6425925925925926 0.38046875 0.6481481481481481 0.37994791666666666 0.6615740740740741 0.3765625 0.6648148148148149 0.37473958333333335 0.6560185185185186 0.3765625 0.6421296296296296
4 0.40859375 0.6157407407407407 0.4166666666666667 0.6217592592592592 0.41770833333333335 0.6319444444444444 0.41640625 0.638425925925926 0.41380208333333335 0.6416666666666667 0.39765625 0.6458333333333334 0.39427083333333335 0.6305555555555555 0.39609375 0.6185185185185185 0.39739583333333334 0.6152777777777778 0.4083333333333333 0.6157407407407407
4 0.44765625 0.5851851851851851 0.45026041666666666 0.5879629629629629 0.45026041666666666 0.5958333333333333 0.4427083333333333 0.6023148148148149 0.44114583333333335 0.5995370370370371 0.44140625 0.5879629629629629 0.4473958333333333 0.5851851851851851
4 0.09609375 0.712037037037037 0.09713541666666667 0.7356481481481482 0.0953125 0.7435185185185185 0.06015625 0.7574074074074074 0.05677083333333333 0.7527777777777778 0.05390625 0.7375 0.05 0.7333333333333333 0.04791666666666667 0.7453703703703703 0.05182291666666667 0.7587962962962963 0.04765625 0.7620370370370371 0.04453125 0.7583333333333333 0.04401041666666667 0.7523148148148148 0.046614583333333334 0.7180555555555556 0.054427083333333334 0.7273148148148149 0.05703125 0.7361111111111112 0.06015625 0.7236111111111111 0.05572916666666667 0.7166666666666667 0.055989583333333336 0.7129629629629629 0.09583333333333334 0.712037037037037
4 0.421875 0.5824074074074074 0.425 0.5847222222222223 0.42578125 0.5912037037037037 0.421875 0.5967592592592592 0.41770833333333335 0.5921296296296297 0.41796875 0.5847222222222223 0.42161458333333335 0.5824074074074074
4 0.42552083333333335 0.5935185185185186 0.42916666666666664 0.5953703703703703 0.4296875 0.6055555555555555 0.4278645833333333 0.6129629629629629 0.42213541666666665 0.6180555555555556 0.4200520833333333 0.6129629629629629 0.4203125 0.5981481481481481 0.42161458333333335 0.5944444444444444 0.42526041666666664 0.5935185185185186
4 0.4513020833333333 0.6212962962962963 0.45338541666666665 0.6231481481481481 0.453125 0.638425925925926 0.44947916666666665 0.6370370370370371 0.44609375 0.6453703703703704 0.44114583333333335 0.6486111111111111 0.4388020833333333 0.6486111111111111 0.43723958333333335 0.6439814814814815 0.43802083333333336 0.6263888888888889 0.4427083333333333 0.6203703703703703 0.4510416666666667 0.6212962962962963
1 0.41171875 0.6439814814814815 0.41875 0.6467592592592593 0.42291666666666666 0.6537037037037037 0.4231770833333333 0.6611111111111111 0.4171875 0.6652777777777777 0.40338541666666666 0.6671296296296296 0.39557291666666666 0.6648148148148149 0.39557291666666666 0.6504629629629629 0.4005208333333333 0.6458333333333334 0.4114583333333333 0.6439814814814815
1 0.4359375 0.5615740740740741 0.4393229166666667 0.5671296296296297 0.43697916666666664 0.5722222222222222 0.43255208333333334 0.5712962962962963 0.43125 0.5680555555555555 0.4322916666666667 0.562037037037037 0.4356770833333333 0.5615740740740741
2 0.3765625 0.6449074074074074 0.3796875 0.6462962962962963 0.38046875 0.6509259259259259 0.37994791666666666 0.6615740740740741 0.3765625 0.6648148148148149 0.37447916666666664 0.6546296296296297 0.3765625 0.6453703703703704
2 0.359375 0.6546296296296297 0.36354166666666665 0.6620370370370371 0.3625 0.6736111111111112 0.35911458333333335 0.6782407407407407 0.35572916666666665 0.6768518518518518 0.35598958333333336 0.6648148148148149 0.35911458333333335 0.6550925925925926
2 0.22473958333333333 0.7125 0.22734375 0.7138888888888889 0.23125 0.725462962962963 0.23072916666666668 0.7337962962962963 0.22864583333333333 0.7351851851851852 0.21354166666666666 0.7314814814814815 0.21432291666666667 0.7171296296296297 0.22447916666666667 0.7125
2 0.3046875 0.6833333333333333 0.30703125 0.6916666666666667 0.30625 0.7013888888888888 0.30130208333333336 0.7064814814814815 0.2984375 0.7041666666666667 0.29921875 0.6898148148148148 0.30052083333333335 0.6842592592592592 0.30442708333333335 0.6833333333333333