4 0.4515625 0.42592592592592593 0.45390625 0.42824074074074076 0.45416666666666666 0.4356481481481482 0.4510416666666667 0.4398148148148148 0.4479166666666667 0.4393518518518518 0.44609375 0.4310185185185185 0.4471354166666667 0.4273148148148148 0.4513020833333333 0.42592592592592593
4 0.44453125 0.43194444444444446 0.446875 0.4393518518518518 0.44427083333333334 0.44351851851851853 0.4388020833333333 0.4398148148148148 0.44088541666666664 0.43194444444444446 0.44427083333333334 0.43194444444444446
4 0.45651041666666664 0.45092592592592595 0.46171875 0.4513888888888889 0.46432291666666664 0.45601851851851855 0.46328125 0.46620370370370373 0.45651041666666664 0.46620370370370373 0.4549479166666667 0.46111111111111114 0.45651041666666664 0.4513888888888889
4 0.37109375 0.8004629629629629 0.3885416666666667 0.8027777777777778 0.39375 0.8069444444444445 0.39505208333333336 0.8268518518518518 0.39348958333333334 0.8546296296296296 0.3859375 0.8805555555555555 0.3841145833333333 0.8949074074074074 0.3807291666666667 0.9009259259259259 0.3736979166666667 0.9046296296296297 0.3723958333333333 0.9115740740740741 0.37005208333333334 0.913425925925926 0.35572916666666665 0.912962962962963 0.3536458333333333 0.9111111111111111 0.35234375 0.9037037037037037 0.34791666666666665 0.9004629629629629 0.34661458333333334 0.8518518518518519 0.35911458333333335 0.8111111111111111 0.36302083333333335 0.8041666666666667 0.37083333333333335 0.8004629629629629
4 0.4322916666666667 0.44537037037037036 0.4359375 0.44814814814814813 0.4393229166666667 0.45601851851851855 0.4395833333333333 0.4759259259259259 0.43723958333333335 0.4837962962962963 0.43072916666666666 0.4847222222222222 0.4270833333333333 0.4842592592592593 0.42552083333333335 0.48055555555555557 0.4244791666666667 0.45925925925925926 0.4270833333333333 0.45 0.43203125 0.44537037037037036
4 0.016145833333333335 0.6717592592592593 0.01953125 0.674537037037037 0.022395833333333334 0.6921296296296297 0.021354166666666667 0.7180555555555556 0.016145833333333335 0.7347222222222223 0.00234375 0.7462962962962963 0 0.7462962962962963 0 0.6722222222222223 0.015885416666666666 0.6717592592592593
4 0.33984375 0.6722222222222223 0.3424479166666667 0.6759259259259259 0.34296875 0.6962962962962963 0.33828125 0.7060185185185185 0.33541666666666664 0.7074074074074074 0.334375 0.6796296296296296 0.33958333333333335 0.6722222222222223
4 0.07630208333333334 0.7185185185185186 0.109375 0.7185185185185186 0.11171875 0.7282407407407407 0.11197916666666667 0.763425925925926 0.11354166666666667 0.7689814814814815 0.10989583333333333 0.7736111111111111 0.09401041666666667 0.774537037037037 0.08151041666666667 0.788425925925926 0.06770833333333333 0.7875 0.06354166666666666 0.7833333333333333 0.06901041666666667 0.7638888888888888 0.07604166666666666 0.7569444444444444 0.08645833333333333 0.7523148148148148 0.08932291666666667 0.7449074074074075 0.08880208333333334 0.7425925925925926 0.08489583333333334 0.7435185185185185 0.06796875 0.7574074074074074 0.06328125 0.7518518518518519 0.06197916666666667 0.7416666666666667 0.06302083333333333 0.7231481481481481 0.07604166666666666 0.7185185185185186
4 0.05026041666666667 0.8023148148148148 0.055989583333333336 0.8064814814814815 0.05234375 0.8375 0.036458333333333336 0.8541666666666666 0.03333333333333333 0.8490740740740741 0.03177083333333333 0.8347222222222223 0.026822916666666665 0.8194444444444444 0.0359375 0.8046296296296296 0.05 0.8023148148148148
4 0.42552083333333335 0.562037037037037 0.42864583333333334 0.5638888888888889 0.43072916666666666 0.5703703703703704 0.4276041666666667 0.5916666666666667 0.4153645833333333 0.5939814814814814 0.4109375 0.5916666666666667 0.41067708333333336 0.5773148148148148 0.4125 0.5671296296296297 0.41822916666666665 0.562037037037037 0.42526041666666664 0.562037037037037
4 0.43020833333333336 0.4305555555555556 0.43307291666666664 0.4361111111111111 0.43125 0.44212962962962965 0.4276041666666667 0.44166666666666665 0.42526041666666664 0.4375 0.42630208333333336 0.43148148148148147 0.42994791666666665 0.4305555555555556
4 0.43723958333333335 0.4199074074074074 0.4395833333333333 0.4222222222222222 0.4401041666666667 0.42824074074074076 0.4359375 0.4310185185185185 0.43359375 0.4287037037037037 0.43333333333333335 0.42453703703703705 0.434375 0.4203703703703704 0.43697916666666664 0.4199074074074074
4 0.12083333333333333 0.775 0.12421875 0.7791666666666667 0.12291666666666666 0.7833333333333333 0.09166666666666666 0.8175925925925925 0.08255208333333333 0.8226851851851852 0.07916666666666666 0.8208333333333333 0.07708333333333334 0.8101851851851852 0.08098958333333334 0.7921296296296296 0.08854166666666667 0.7796296296296297 0.09895833333333333 0.774074074074074 0.12057291666666667 0.775
3 0.0203125 0.7574074074074074 0.031510416666666666 0.7759259259259259 0.03203125 0.7833333333333333 0.028385416666666666 0.7935185185185185 0.0328125 0.8092592592592592 0.03619791666666667 0.8055555555555556 0.047135416666666666 0.8032407407407407 0.05416666666666667 0.8069444444444445 0.05286458333333333 0.8319444444444445 0.05026041666666667 0.8407407407407408 0.03567708333333333 0.8513888888888889 0.029947916666666668 0.8291666666666667 0.025 0.8263888888888888 0.01484375 0.8388888888888889 0.016927083333333332 0.8662037037037037 0.011979166666666667 0.8736111111111111 0.00859375 0.8740740740740741 0 0.8699074074074075 0 0.8481481481481481 0.0020833333333333333 0.8462962962962963 0 0.8444444444444444 0 0.8296296296296296 0.0046875 0.8212962962962963 0.01484375 0.8143518518518519 0.02109375 0.8037037037037037 0.018489583333333334 0.8018518518518518 0 0.8097222222222222 0 0.7587962962962963 0.020052083333333335 0.7574074074074074
1 0.353125 0.5689814814814815 0.3692708333333333 0.575 0.37083333333333335 0.5787037037037037 0.3697916666666667 0.5875 0.3419270833333333 0.5935185185185186 0.3377604166666667 0.5847222222222223 0.3380208333333333 0.5782407407407407 0.3450520833333333 0.5703703703703704 0.3528645833333333 0.5689814814814815
1 0.41510416666666666 0.41203703703703703 0.41692708333333334 0.41759259259259257 0.4153645833333333 0.42268518518518516 0.409375 0.4199074074074074 0.4114583333333333 0.41203703703703703 0.41484375 0.41203703703703703
1 0.46197916666666666 0.45185185185185184 0.46432291666666664 0.45601851851851855 0.46328125 0.46574074074074073 0.4552083333333333 0.4634259259259259 0.45546875 0.4546296296296296 0.45755208333333336 0.4513888888888889 0.46171875 0.45185185185185184
1 0.42864583333333334 0.4300925925925926 0.4322916666666667 0.43287037037037035 0.4328125 0.44027777777777777 0.428125 0.44166666666666665 0.42552083333333335 0.4388888888888889 0.42604166666666665 0.43194444444444446 0.4283854166666667 0.4305555555555556
1 0.4125 0.6449074074074074 0.41822916666666665 0.649074074074074 0.41953125 0.6532407407407408 0.41822916666666665 0.6717592592592593 0.41484375 0.6810185185185185 0.4114583333333333 0.6787037037037037 0.39739583333333334 0.6805555555555556 0.39609375 0.675 0.3984375 0.6509259259259259 0.4044270833333333 0.6453703703703704 0.4122395833333333 0.6449074074074074
1 0.43828125 0.4203703703703704 0.43984375 0.4287037037037037 0.43723958333333335 0.4305555555555556 0.43359375 0.42824074074074076 0.43359375 0.42268518518518516 0.4356770833333333 0.41944444444444445 0.43802083333333336 0.4203703703703704
2 0.4669270833333333 0.5101851851851852 0.46901041666666665 0.5171296296296296 0.46875 0.5236111111111111 0.4669270833333333 0.5259259259259259 0.46171875 0.5231481481481481 0.4635416666666667 0.5111111111111111 0.4666666666666667 0.5101851851851852
2 0.3390625 0.675 0.3421875 0.6791666666666667 0.34296875 0.6962962962962963 0.33828125 0.7060185185185185 0.33567708333333335 0.7069444444444445 0.3346354166666667 0.6805555555555556 0.33880208333333334 0.675
2 0.3140625 0.6731481481481482 0.31588541666666664 0.6777777777777778 0.31536458333333334 0.687962962962963 0.30807291666666664 0.6967592592592593 0.30703125 0.675 0.3138020833333333 0.6731481481481482
2 0.39348958333333334 0.525 0.39401041666666664 0.5356481481481481 0.39166666666666666 0.5375 0.3890625 0.5361111111111111 0.3888020833333333 0.5300925925925926 0.390625 0.5236111111111111 0.3932291666666667 0.525
2 0.3109375 0.6189814814814815 0.31302083333333336 0.6231481481481481 0.31302083333333336 0.6351851851851852 0.3106770833333333 0.6425925925925926 0.3072916666666667 0.6453703703703704 0.30520833333333336 0.6430555555555556 0.30572916666666666 0.6296296296296297 0.30703125 0.6217592592592592 0.3106770833333333 0.6189814814814815
2 0.40846354166666665 0.5150462962962963 0.0049479166666666664 0.015277777777777777
2 0.3731770833333333 0.687962962962963 0.3731770833333333 0.7027777777777777 0.37005208333333334 0.7097222222222223 0.36770833333333336 0.7064814814814815 0.3671875 0.6907407407407408 0.3692708333333333 0.6875 0.3729166666666667 0.687962962962963