4 0.45338541666666665 0.3875 0.45598958333333334 0.3902777777777778 0.45338541666666665 0.40046296296296297 0.44973958333333336 0.4 0.44869791666666664 0.39537037037037037 0.44947916666666665 0.3902777777777778 0.453125 0.3875
4 0.47760416666666666 0.49398148148148147 0.48072916666666665 0.4981481481481482 0.48046875 0.5259259259259259 0.478125 0.5282407407407408 0.4703125 0.5282407407407408 0.46822916666666664 0.5231481481481481 0.4703125 0.49953703703703706 0.47734375 0.49398148148148147
4 0.44114583333333335 0.4115740740740741 0.44453125 0.41759259259259257 0.44244791666666666 0.4236111111111111 0.4388020833333333 0.4236111111111111 0.4361979166666667 0.41805555555555557 0.4375 0.4125 0.44088541666666664 0.4115740740740741
4 0.4674479166666667 0.43842592592592594 0.47239583333333335 0.4587962962962963 0.47239583333333335 0.4699074074074074 0.4705729166666667 0.4722222222222222 0.45989583333333334 0.4703703703703704 0.45989583333333334 0.44583333333333336 0.4627604166666667 0.44027777777777777 0.4671875 0.43842592592592594
4 0.4049479166666667 0.5962962962962963 0.4078125 0.6037037037037037 0.4080729166666667 0.6152777777777778 0.4036458333333333 0.6328703703703704 0.4010416666666667 0.6351851851851852 0.38958333333333334 0.6342592592592593 0.3888020833333333 0.6189814814814815 0.39375 0.5986111111111111 0.39765625 0.5953703703703703 0.4046875 0.5962962962962963
4 0.41484375 0.7055555555555556 0.41770833333333335 0.7152777777777778 0.41510416666666666 0.7342592592592593 0.4122395833333333 0.7333333333333333 0.41119791666666666 0.7208333333333333 0.4114583333333333 0.7129629629629629 0.41458333333333336 0.7060185185185185
4 0.21041666666666667 0.8652777777777778 0.2125 0.8694444444444445 0.20729166666666668 0.8828703703703704 0.17161458333333332 0.9476851851851852 0.16171875 0.9611111111111111 0.15364583333333334 0.9564814814814815 0.14713541666666666 0.9458333333333333 0.14791666666666667 0.9115740740740741 0.15807291666666667 0.8976851851851851 0.17395833333333333 0.8912037037037037 0.18203125 0.8726851851851852 0.19322916666666667 0.8652777777777778 0.21015625 0.8652777777777778
4 0.13359375 0.8273148148148148 0.1359375 0.8314814814814815 0.11875 0.8550925925925926 0.115625 0.8842592592592593 0.10677083333333333 0.9013888888888889 0.10234375 0.9018518518518519 0.09583333333333334 0.8949074074074074 0.08020833333333334 0.8986111111111111 0.0640625 0.8953703703703704 0.06145833333333333 0.8972222222222223 0.05182291666666667 0.9259259259259259 0.050520833333333334 0.9564814814814815 0.046614583333333334 0.9699074074074074 0.04375 0.9625 0.03307291666666667 0.9601851851851851 0.028125 0.9407407407407408 0.019010416666666665 0.9296296296296296 0.008333333333333333 0.9314814814814815 0.004166666666666667 0.9282407407407407 0.0026041666666666665 0.9157407407407407 0.005208333333333333 0.9078703703703703 0.0484375 0.9050925925925926 0.05364583333333333 0.8967592592592593 0.059375 0.8949074074074074 0.059375 0.8870370370370371 0.07161458333333333 0.8694444444444445 0.078125 0.8523148148148149 0.07838541666666667 0.8560185185185185 0.08151041666666667 0.8564814814814815 0.08984375 0.8439814814814814 0.10546875 0.8300925925925926 0.13333333333333333 0.8273148148148148
4 0.4390625 0.5300925925925926 0.44114583333333335 0.5324074074074074 0.44088541666666664 0.5537037037037037 0.4395833333333333 0.5583333333333333 0.4361979166666667 0.5597222222222222 0.428125 0.5578703703703703 0.42864583333333334 0.5416666666666666 0.43046875 0.5324074074074074 0.4388020833333333 0.5300925925925926
4 0.4427083333333333 0.37453703703703706 0.44453125 0.37962962962962965 0.44296875 0.3851851851851852 0.43645833333333334 0.38333333333333336 0.43828125 0.37546296296296294 0.44244791666666666 0.37453703703703706
4 0.51328125 0.5018518518518519 0.5177083333333333 0.5083333333333333 0.5177083333333333 0.5157407407407407 0.5158854166666667 0.5185185185185185 0.49453125 0.5171296296296296 0.4921875 0.512962962962963 0.4947916666666667 0.5041666666666667 0.5130208333333334 0.5018518518518519
4 0.3151041666666667 0.9393518518518519 0.3216145833333333 0.9421296296296297 0.32369791666666664 0.9490740740740741 0.3223958333333333 0.9597222222222223 0.31536458333333334 0.9768518518518519 0.31354166666666666 0.9740740740740741 0.3138020833333333 0.9629629629629629 0.31171875 0.9555555555555556 0.31223958333333335 0.9425925925925925 0.31484375 0.9393518518518519
4 0.16302083333333334 0.8236111111111111 0.16875 0.8268518518518518 0.17083333333333334 0.8314814814814815 0.17109375 0.8763888888888889 0.16484375 0.888425925925926 0.14765625 0.9069444444444444 0.140625 0.8958333333333334 0.13802083333333334 0.9050925925925926 0.11927083333333334 0.9009259259259259 0.11744791666666667 0.8870370370370371 0.11848958333333333 0.8583333333333333 0.12161458333333333 0.850925925925926 0.13671875 0.8314814814814815 0.14973958333333334 0.8324074074074074 0.15442708333333333 0.8245370370370371 0.16276041666666666 0.8236111111111111
4 0.08255208333333333 0.7796296296296297 0.08645833333333333 0.7824074074074074 0.08880208333333334 0.7958333333333333 0.08854166666666667 0.8111111111111111 0.08541666666666667 0.8203703703703704 0.08489583333333334 0.8300925925925926 0.06171875 0.8800925925925925 0.04635416666666667 0.8986111111111111 0.016927083333333332 0.9050925925925926 0.007291666666666667 0.9046296296296297 0.003125 0.9 0.0018229166666666667 0.888425925925926 0 0.887962962962963 0 0.8560185185185185 0.005729166666666666 0.85 0.009114583333333334 0.8416666666666667 0.04088541666666667 0.8078703703703703 0.050520833333333334 0.7930555555555555 0.05260416666666667 0.7861111111111111 0.0671875 0.7791666666666667 0.08229166666666667 0.7796296296296297
4 0.46328125 0.5050925925925925 0.46536458333333336 0.5180555555555556 0.4630208333333333 0.5236111111111111 0.4549479166666667 0.5231481481481481 0.45390625 0.5185185185185185 0.45625 0.5050925925925925 0.4630208333333333 0.5050925925925925
4 0.4671875 0.48148148148148145 0.4700520833333333 0.49444444444444446 0.4674479166666667 0.49953703703703706 0.46041666666666664 0.4986111111111111 0.45859375 0.4949074074074074 0.45989583333333334 0.48194444444444445 0.4669270833333333 0.48148148148148145
3 0.015625 0.9296296296296296 0.02890625 0.9425925925925925 0.0328125 0.9652777777777778 0.04375 0.9634259259259259 0.0484375 0.9694444444444444 0.04765625 0.9944444444444445 0.04244791666666667 0.999537037037037 0 0.9967592592592592 0 0.9351851851851852 0.015364583333333333 0.9300925925925926
3 0.06458333333333334 0.8958333333333334 0.084375 0.8986111111111111 0.096875 0.8953703703703704 0.11276041666666667 0.9138888888888889 0.11588541666666667 0.9069444444444444 0.12005208333333334 0.9055555555555556 0.1375 0.9106481481481481 0.13958333333333334 0.9180555555555555 0.13697916666666668 0.9351851851851852 0.11979166666666667 0.9643518518518519 0.10911458333333333 0.9763888888888889 0.09973958333333334 0.9953703703703703 0.06588541666666667 0.9967592592592592 0.05911458333333333 0.999537037037037 0.05260416666666667 0.9939814814814815 0.05 0.9847222222222223 0.0515625 0.9282407407407407 0.06041666666666667 0.8976851851851851 0.06432291666666666 0.8958333333333334
3 0.4674479166666667 0.43842592592592594 0.46979166666666666 0.4425925925925926 0.47291666666666665 0.4597222222222222 0.47291666666666665 0.46805555555555556 0.4708333333333333 0.4722222222222222 0.46171875 0.47175925925925927 0.4596354166666667 0.4685185185185185 0.4591145833333333 0.44583333333333336 0.4625 0.4398148148148148 0.4671875 0.43842592592592594
1 0.5098958333333333 0.5013888888888889 0.5169270833333334 0.5055555555555555 0.5174479166666667 0.5157407407407407 0.5158854166666667 0.5180555555555556 0.503125 0.5152777777777777 0.5041666666666667 0.5087962962962963 0.5015625 0.5055555555555555 0.5002604166666667 0.5152777777777777 0.49270833333333336 0.5152777777777777 0.4921875 0.5087962962962963 0.49453125 0.5041666666666667 0.5096354166666667 0.5013888888888889
1 0.4359375 0.39490740740740743 0.43828125 0.4 0.4359375 0.4078703703703704 0.43125 0.4046296296296296 0.43203125 0.3962962962962963 0.4356770833333333 0.39490740740740743
1 0.4044270833333333 0.65 0.4078125 0.6532407407407408 0.40911458333333334 0.6685185185185185 0.4078125 0.6782407407407407 0.4036458333333333 0.6865740740740741 0.390625 0.6856481481481481 0.39036458333333335 0.6759259259259259 0.3958333333333333 0.6532407407407408 0.4041666666666667 0.65
1 0.4466145833333333 0.4236111111111111 0.44973958333333336 0.4305555555555556 0.44921875 0.43657407407407406 0.4473958333333333 0.43796296296296294 0.44088541666666664 0.4361111111111111 0.44140625 0.425462962962963 0.44635416666666666 0.4236111111111111
1 0.4544270833333333 0.6587962962962963 0.45755208333333336 0.6638888888888889 0.45807291666666666 0.6736111111111112 0.45651041666666664 0.6888888888888889 0.453125 0.6907407407407408 0.4393229166666667 0.6893518518518519 0.4390625 0.6777777777777778 0.44140625 0.6611111111111111 0.45416666666666666 0.6587962962962963
1 0.44114583333333335 0.4115740740740741 0.44453125 0.41805555555555557 0.44244791666666666 0.42314814814814816 0.43854166666666666 0.42314814814814816 0.43645833333333334 0.41898148148148145 0.43828125 0.4115740740740741 0.44088541666666664 0.4115740740740741
2 0.33958333333333335 0.6828703703703703 0.34296875 0.6851851851851852 0.34348958333333335 0.6907407407407408 0.3419270833333333 0.7046296296296296 0.3385416666666667 0.7111111111111111 0.3346354166666667 0.7097222222222223 0.334375 0.6953703703703704 0.33567708333333335 0.6856481481481481 0.33932291666666664 0.6828703703703703
2 0.3294270833333333 0.799074074074074 0.33151041666666664 0.8018518518518518 0.33151041666666664 0.8138888888888889 0.328125 0.8222222222222222 0.32473958333333336 0.8208333333333333 0.32447916666666665 0.8 0.32916666666666666 0.799074074074074
2 0.4158854166666667 0.7138888888888889 0.4171875 0.7240740740740741 0.41458333333333336 0.7347222222222223 0.41171875 0.7305555555555555 0.4114583333333333 0.7157407407407408 0.415625 0.7138888888888889
2 0.31536458333333334 0.9407407407407408 0.32135416666666666 0.9430555555555555 0.3234375 0.95 0.32317708333333334 0.9564814814814815 0.31927083333333334 0.9643518518518519 0.31744791666666666 0.9745370370370371 0.3145833333333333 0.9768518518518519 0.31223958333333335 0.95 0.31302083333333336 0.9421296296296297 0.3151041666666667 0.9407407407407408