4 0.48020833333333335 0.48564814814814816 0.48151041666666666 0.5138888888888888 0.47890625 0.5166666666666667 0.4705729166666667 0.5152777777777777 0.46979166666666666 0.5032407407407408 0.471875 0.48657407407407405 0.47994791666666664 0.48564814814814816
4 0.44296875 0.41759259259259257 0.4466145833333333 0.42314814814814816 0.44296875 0.42962962962962964 0.4388020833333333 0.425462962962963 0.4393229166666667 0.42083333333333334 0.4427083333333333 0.41759259259259257
4 0.4596354166666667 0.46296296296296297 0.4609375 0.4513888888888889 0.4703125 0.45092592592592595 0.47161458333333334 0.45601851851851855 0.4708333333333333 0.4685185185185185 0.4630208333333333 0.4689814814814815 0.45989583333333334 0.4634259259259259
4 0.4471354166666667 0.42916666666666664 0.44921875 0.43194444444444446 0.45026041666666666 0.44074074074074077 0.4473958333333333 0.4444444444444444 0.4427083333333333 0.44305555555555554 0.44140625 0.43657407407407406 0.44244791666666666 0.4305555555555556 0.446875 0.42916666666666664
4 0.39817708333333335 0.6208333333333333 0.40078125 0.6277777777777778 0.4010416666666667 0.6458333333333334 0.39427083333333335 0.662962962962963 0.38046875 0.6611111111111111 0.37942708333333336 0.6509259259259259 0.3846354166666667 0.6231481481481481 0.39791666666666664 0.6208333333333333
4 0.4354166666666667 0.5486111111111112 0.43697916666666664 0.5532407407407407 0.4356770833333333 0.5787037037037037 0.42890625 0.5805555555555556 0.4231770833333333 0.5782407407407407 0.42526041666666664 0.5509259259259259 0.43515625 0.5486111111111112
4 0.023177083333333334 0.9268518518518518 0.03229166666666667 0.9356481481481481 0.03619791666666667 0.9606481481481481 0.039322916666666666 0.9694444444444444 0.050520833333333334 0.9638888888888889 0.05364583333333333 0.9712962962962963 0.05364583333333333 0.9851851851851852 0.05026041666666667 0.9949074074074075 0.03619791666666667 0.9912037037037037 0.025 0.9967592592592592 0.0067708333333333336 0.9972222222222222 0.005208333333333333 0.999537037037037 0 0.9967592592592592 0 0.9328703703703703 0.011197916666666667 0.9277777777777778 0.022916666666666665 0.9268518518518518
4 0.46067708333333335 0.49537037037037035 0.46510416666666665 0.4981481481481482 0.4666666666666667 0.5115740740740741 0.46171875 0.5152777777777777 0.4549479166666667 0.5120370370370371 0.45651041666666664 0.4976851851851852 0.46041666666666664 0.49537037037037035
4 0.10286458333333333 0.8925925925925926 0.11197916666666667 0.9074074074074074 0.1125 0.9324074074074075 0.11484375 0.9425925925925925 0.1125 0.9430555555555555 0.1125 0.9476851851851852 0.1171875 0.9532407407407407 0.11640625 0.9425925925925925 0.12473958333333333 0.937962962962963 0.1265625 0.937962962962963 0.12708333333333333 0.9462962962962963 0.11953125 0.9652777777777778 0.11614583333333334 0.9657407407407408 0.11276041666666667 0.9606481481481481 0.10911458333333333 0.9625 0.109375 0.9708333333333333 0.103125 0.9884259259259259 0.096875 0.9935185185185185 0.08515625 0.9875 0.06536458333333334 0.9916666666666667 0.057291666666666664 0.9893518518518518 0.054947916666666666 0.9787037037037037 0.055989583333333336 0.9226851851851852 0.06380208333333333 0.8981481481481481 0.06666666666666667 0.8949074074074074 0.10260416666666666 0.8925925925925926
4 0.4356770833333333 0.39814814814814814 0.43828125 0.4023148148148148 0.43854166666666666 0.40879629629629627 0.43255208333333334 0.4083333333333333 0.4322916666666667 0.4009259259259259 0.4354166666666667 0.39861111111111114
4 0.13567708333333334 0.8245370370370371 0.13828125 0.8277777777777777 0.12083333333333333 0.8523148148148149 0.11927083333333334 0.8685185185185185 0.11588541666666667 0.8800925925925925 0.11276041666666667 0.8870370370370371 0.10859375 0.8870370370370371 0.1109375 0.8888888888888888 0.11015625 0.8958333333333334 0.10572916666666667 0.8972222222222223 0.1046875 0.8902777777777777 0.1015625 0.8902777777777777 0.08932291666666667 0.8949074074074074 0.06536458333333334 0.8972222222222223 0.06145833333333333 0.9115740740740741 0.05651041666666667 0.9180555555555555 0.0546875 0.9527777777777777 0.05364583333333333 0.9555555555555556 0.04635416666666667 0.9560185185185185 0.03802083333333333 0.9546296296296296 0.032552083333333336 0.9356481481481481 0.023177083333333334 0.9254629629629629 0.008333333333333333 0.9254629629629629 0.00625 0.9138888888888889 0.00859375 0.9037037037037037 0.020572916666666666 0.9004629629629629 0.04765625 0.9 0.061197916666666664 0.8851851851851852 0.0765625 0.8601851851851852 0.08203125 0.8574074074074074 0.08333333333333333 0.8523148148148149 0.08125 0.850462962962963 0.08177083333333333 0.8472222222222222 0.0953125 0.8412037037037037 0.10911458333333333 0.8277777777777777 0.13541666666666666 0.8245370370370371
4 0.5140625 0.5018518518518519 0.5177083333333333 0.5078703703703704 0.51796875 0.5157407407407407 0.5158854166666667 0.5185185185185185 0.4947916666666667 0.5171296296296296 0.49244791666666665 0.513425925925926 0.4942708333333333 0.5046296296296297 0.5013020833333334 0.5013888888888889 0.5138020833333333 0.5018518518518519
4 0.4537760416666667 0.39490740740740743 0.00703125 0.012037037037037037
4 0.16484375 0.8212962962962963 0.17135416666666667 0.8245370370370371 0.17369791666666667 0.8310185185185185 0.17526041666666667 0.8703703703703703 0.1734375 0.8782407407407408 0.1578125 0.8976851851851851 0.15052083333333333 0.899537037037037 0.14713541666666666 0.8925925925925926 0.14322916666666666 0.9 0.1375 0.9027777777777778 0.121875 0.8972222222222223 0.1203125 0.8611111111111112 0.12135416666666667 0.8513888888888889 0.13619791666666667 0.8296296296296296 0.1515625 0.8273148148148148 0.16458333333333333 0.8212962962962963
4 0.08828125 0.7787037037037037 0.09244791666666667 0.8 0.09192708333333334 0.8069444444444445 0.08697916666666666 0.8203703703703704 0.08541666666666667 0.8347222222222223 0.0765625 0.8476851851851852 0.06458333333333334 0.8768518518518519 0.04479166666666667 0.8986111111111111 0.01640625 0.9004629629629629 0.008854166666666666 0.9 0.006510416666666667 0.8865740740740741 0 0.8824074074074074 0 0.8652777777777778 0.025260416666666667 0.825462962962963 0.05026041666666667 0.7953703703703704 0.05416666666666667 0.7842592592592592 0.06744791666666666 0.7777777777777778 0.08802083333333334 0.7787037037037037
4 0.4671875 0.4759259259259259 0.4700520833333333 0.48564814814814816 0.46770833333333334 0.49398148148148147 0.4596354166666667 0.4912037037037037 0.46067708333333335 0.47685185185185186 0.4669270833333333 0.4759259259259259
4 0.4427083333333333 0.375 0.44427083333333334 0.38055555555555554 0.44244791666666666 0.38564814814814813 0.43723958333333335 0.3837962962962963 0.43854166666666666 0.37546296296296294 0.44244791666666666 0.375
4 0.45091145833333335 0.45810185185185187 0.00703125 0.013425925925925926
4 0.42864583333333334 0.6550925925925926 0.4296875 0.6662037037037037 0.42864583333333334 0.6782407407407407 0.4270833333333333 0.6787037037037037 0.425 0.6777777777777778 0.4239583333333333 0.662962962962963 0.42526041666666664 0.6555555555555556 0.4283854166666667 0.6550925925925926
4 0.8919270833333334 0.40324074074074073 0.8947916666666667 0.4078703703703704 0.89296875 0.4111111111111111 0.88203125 0.4078703703703704 0.8838541666666667 0.40324074074074073 0.8916666666666667 0.40324074074074073
4 0.43307291666666664 0.42314814814814816 0.43697916666666664 0.425 0.43802083333333336 0.4324074074074074 0.43645833333333334 0.43472222222222223 0.4315104166666667 0.4324074074074074 0.4309895833333333 0.4263888888888889 0.4328125 0.42314814814814816
4 0.17005208333333333 0.8912037037037037 0.18567708333333333 0.8930555555555556 0.18958333333333333 0.9046296296296297 0.18958333333333333 0.9138888888888889 0.17135416666666667 0.9486111111111111 0.16171875 0.9601851851851851 0.15104166666666666 0.9449074074074074 0.14973958333333334 0.9143518518518519 0.1609375 0.8935185185185185 0.16979166666666667 0.8912037037037037
3 0.15104166666666666 0.9462962962962963 0.15 0.9138888888888889 0.15703125 0.899074074074074 0.16197916666666667 0.8930555555555556 0.1734375 0.8902777777777777 0.17864583333333334 0.8782407407407408 0.1859375 0.8699074074074075 0.20807291666666666 0.8657407407407407 0.21119791666666668 0.8675925925925926 0.21015625 0.8777777777777778 0.16484375 0.9587962962962963 0.16119791666666666 0.9597222222222223 0.15130208333333334 0.9462962962962963
3 0.46875 0.45 0.471875 0.4564814814814815 0.4703125 0.4689814814814815 0.46171875 0.4685185185185185 0.4596354166666667 0.4634259259259259 0.4609375 0.45092592592592595 0.46848958333333335 0.45
3 0.022916666666666665 0.9263888888888889 0.03307291666666667 0.9375 0.036458333333333336 0.9611111111111111 0.03984375 0.9689814814814814 0.043229166666666666 0.9634259259259259 0.04973958333333333 0.962037037037037 0.05364583333333333 0.9671296296296297 0.054427083333333334 0.986574074074074 0.053125 0.9939814814814815 0.046875 0.999537037037037 0.037760416666666664 0.999537037037037 0.0328125 0.9949074074074075 0.007291666666666667 0.999537037037037 0 0.9972222222222222 0 0.9314814814814815 0.02265625 0.9263888888888889
3 0.13411458333333334 0.825 0.13776041666666666 0.8282407407407407 0.12109375 0.850925925925926 0.109375 0.8958333333333334 0.10572916666666667 0.8958333333333334 0.10729166666666666 0.8902777777777777 0.10520833333333333 0.8888888888888888 0.08828125 0.8949074074074074 0.07083333333333333 0.8949074074074074 0.06536458333333334 0.8976851851851851 0.06197916666666667 0.9106481481481481 0.05703125 0.9180555555555555 0.05572916666666667 0.9490740740740741 0.051041666666666666 0.9560185185185185 0.03854166666666667 0.9550925925925926 0.0328125 0.9361111111111111 0.023177083333333334 0.9259259259259259 0.0078125 0.9254629629629629 0.005208333333333333 0.9143518518518519 0.00859375 0.9037037037037037 0.049479166666666664 0.899537037037037 0.07447916666666667 0.8666666666666667 0.07734375 0.8592592592592593 0.08203125 0.8569444444444444 0.08333333333333333 0.8518518518518519 0.08151041666666667 0.8486111111111111 0.08489583333333334 0.8439814814814814 0.08854166666666667 0.8453703703703703 0.10911458333333333 0.8277777777777777 0.13385416666666666 0.825
1 0.4361979166666667 0.3990740740740741 0.4388020833333333 0.4041666666666667 0.43697916666666664 0.4101851851851852 0.43255208333333334 0.4074074074074074 0.43255208333333334 0.40046296296296297 0.4359375 0.3990740740740741
1 0.45364583333333336 0.6300925925925925 0.46171875 0.6347222222222222 0.46197916666666666 0.6513888888888889 0.45989583333333334 0.6601851851851852 0.44583333333333336 0.6601851851851852 0.44479166666666664 0.6578703703703703 0.446875 0.6333333333333333 0.45338541666666665 0.6300925925925925
1 0.3880208333333333 0.7032407407407407 0.390625 0.7060185185185185 0.3927083333333333 0.7203703703703703 0.3880208333333333 0.7449074074074075 0.37447916666666664 0.7472222222222222 0.37161458333333336 0.7449074074074075 0.37135416666666665 0.7375 0.37265625 0.7236111111111111 0.3765625 0.7101851851851851 0.37994791666666666 0.7046296296296296 0.38776041666666666 0.7032407407407407
1 0.4356770833333333 0.42453703703703705 0.43802083333333336 0.43148148148148147 0.4359375 0.43472222222222223 0.4322916666666667 0.4337962962962963 0.4309895833333333 0.42962962962962964 0.43203125 0.4236111111111111 0.4354166666666667 0.42453703703703705
1 0.5122395833333333 0.5013888888888889 0.515625 0.5027777777777778 0.5177083333333333 0.5083333333333333 0.5177083333333333 0.5152777777777777 0.515625 0.5180555555555556 0.49270833333333336 0.5148148148148148 0.49244791666666665 0.5087962962962963 0.4947916666666667 0.5041666666666667 0.5119791666666667 0.5013888888888889
1 0.44557291666666665 0.41944444444444445 0.44635416666666666 0.425462962962963 0.4434895833333333 0.42916666666666664 0.4393229166666667 0.42592592592592593 0.4393229166666667 0.4212962962962963 0.44244791666666666 0.41759259259259257 0.4453125 0.41944444444444445
2 0.3098958333333333 0.8578703703703704 0.3106770833333333 0.8717592592592592 0.30442708333333335 0.8837962962962963 0.3028645833333333 0.8773148148148148 0.303125 0.8583333333333333 0.30963541666666666 0.8578703703703704
2 0.3421875 0.6833333333333333 0.34453125 0.687962962962963 0.34348958333333335 0.700462962962963 0.3385416666666667 0.7106481481481481 0.33541666666666664 0.7069444444444445 0.33619791666666665 0.6902777777777778 0.33828125 0.6847222222222222 0.3419270833333333 0.6833333333333333
2 0.42864583333333334 0.6564814814814814 0.4296875 0.6662037037037037 0.42864583333333334 0.6777777777777778 0.4270833333333333 0.6782407407407407 0.425 0.6773148148148148 0.4239583333333333 0.6643518518518519 0.42526041666666664 0.6569444444444444 0.4283854166666667 0.6564814814814814