4 0.1171875 0.8296296296296296 0.12447916666666667 0.8337962962962963 0.12630208333333334 0.8388888888888889 0.12421875 0.8449074074074074 0.09166666666666666 0.8875 0.08385416666666666 0.8930555555555556 0.08151041666666667 0.8930555555555556 0.07786458333333333 0.8865740740740741 0.08385416666666666 0.8453703703703703 0.0953125 0.8314814814814815 0.11692708333333333 0.8296296296296296
4 0.019791666666666666 0.7171296296296297 0.022395833333333334 0.7194444444444444 0.024739583333333332 0.7412037037037037 0.022395833333333334 0.7689814814814815 0.016145833333333335 0.7861111111111111 0.0018229166666666667 0.8004629629629629 0 0.8004629629629629 0 0.7703703703703704 0.0018229166666666667 0.7699074074074074 0 0.7675925925925926 0 0.7185185185185186 0.01953125 0.7171296296296297
4 0.4375 0.44027777777777777 0.4401041666666667 0.44675925925925924 0.44140625 0.4708333333333333 0.4393229166666667 0.4740740740740741 0.43333333333333335 0.475 0.42864583333333334 0.47129629629629627 0.428125 0.44722222222222224 0.43203125 0.4388888888888889 0.43723958333333335 0.44027777777777777
4 0.10963541666666667 0.7680555555555556 0.11354166666666667 0.7722222222222223 0.1140625 0.8212962962962963 0.11276041666666667 0.825462962962963 0.09375 0.8296296296296296 0.08489583333333334 0.8375 0.08203125 0.8347222222222223 0.08619791666666667 0.8277777777777777 0.08125 0.825462962962963 0.07161458333333333 0.8342592592592593 0.06458333333333334 0.836574074074074 0.0625 0.8416666666666667 0.058333333333333334 0.8439814814814814 0.05364583333333333 0.8435185185185186 0.05130208333333333 0.8384259259259259 0.05182291666666667 0.7935185185185185 0.053385416666666664 0.7888888888888889 0.05703125 0.7851851851851852 0.06197916666666667 0.7851851851851852 0.065625 0.774074074074074 0.07109375 0.7708333333333334 0.09114583333333333 0.7689814814814815 0.103125 0.7712962962962963 0.109375 0.7680555555555556
4 0.022916666666666665 0.8180555555555555 0.033854166666666664 0.8375 0.036458333333333336 0.8481481481481481 0.043229166666666666 0.8523148148148149 0.0390625 0.8555555555555555 0.04244791666666667 0.8592592592592593 0.03723958333333333 0.8680555555555556 0.034375 0.8782407407407408 0.024479166666666666 0.8898148148148148 0.0020833333333333333 0.9046296296296297 0 0.9046296296296297 0 0.8231481481481482 0.02265625 0.8180555555555555
4 0.3997395833333333 0.6768518518518518 0.40625 0.6833333333333333 0.40572916666666664 0.7064814814814815 0.40078125 0.7217592592592592 0.39375 0.7194444444444444 0.38125 0.7222222222222222 0.37864583333333335 0.7194444444444444 0.37838541666666664 0.7018518518518518 0.38333333333333336 0.6819444444444445 0.38697916666666665 0.6768518518518518 0.39947916666666666 0.6768518518518518
4 0.42864583333333334 0.6342592592592593 0.4315104166666667 0.6425925925925926 0.42994791666666665 0.6611111111111111 0.4265625 0.6606481481481481 0.4244791666666667 0.6476851851851851 0.42526041666666664 0.6375 0.4283854166666667 0.6347222222222222
4 0.4265625 0.425 0.42864583333333334 0.43657407407407406 0.42578125 0.4393518518518518 0.421875 0.4388888888888889 0.42109375 0.43194444444444446 0.42213541666666665 0.425 0.42630208333333336 0.425
4 0.446875 0.43842592592592594 0.44973958333333336 0.44675925925925924 0.44609375 0.45231481481481484 0.44140625 0.449537037037037 0.440625 0.44166666666666665 0.44244791666666666 0.43796296296296294 0.4466145833333333 0.43842592592592594
3 0.13046875 0.8083333333333333 0.13385416666666666 0.8152777777777778 0.14401041666666667 0.8152777777777778 0.14348958333333334 0.8208333333333333 0.10234375 0.874537037037037 0.08489583333333334 0.8930555555555556 0.08151041666666667 0.8930555555555556 0.07786458333333333 0.8837962962962963 0.08359375 0.8449074074074074 0.09010416666666667 0.8342592592592593 0.0953125 0.8305555555555556 0.11223958333333334 0.8287037037037037 0.13020833333333334 0.8083333333333333
3 0.045572916666666664 0.7773148148148148 0.057291666666666664 0.7777777777777778 0.05859375 0.7805555555555556 0.05130208333333333 0.7921296296296296 0.04973958333333333 0.837037037037037 0.05286458333333333 0.8523148148148149 0.04583333333333333 0.8625 0.04479166666666667 0.8699074074074075 0.046875 0.8717592592592592 0.05364583333333333 0.8685185185185185 0.05859375 0.8712962962962963 0.0625 0.8870370370370371 0.06067708333333333 0.8981481481481481 0.053385416666666664 0.8981481481481481 0.04010416666666667 0.9101851851851852 0.0359375 0.9083333333333333 0.03411458333333333 0.8935185185185185 0.03203125 0.8898148148148148 0.03177083333333333 0.8865740740740741 0.03567708333333333 0.8796296296296297 0.03463541666666667 0.8782407407407408 0.02890625 0.8819444444444444 0.024739583333333332 0.8902777777777777 0 0.9046296296296297 0 0.8060185185185185 0.01640625 0.7898148148148149 0.029947916666666668 0.7861111111111111 0.0453125 0.7773148148148148
1 0.4635416666666667 0.462037037037037 0.46536458333333336 0.4634259259259259 0.46588541666666666 0.4726851851851852 0.465625 0.4773148148148148 0.46380208333333334 0.4777777777777778 0.45625 0.475 0.45859375 0.4638888888888889 0.46328125 0.462037037037037
1 0.41822916666666665 0.4060185185185185 0.41875 0.4115740740740741 0.4158854166666667 0.4148148148148148 0.4114583333333333 0.41388888888888886 0.41119791666666666 0.4083333333333333 0.41432291666666665 0.4046296296296296 0.41796875 0.4060185185185185
1 0.3484375 0.5935185185185186 0.35989583333333336 0.6023148148148149 0.35963541666666665 0.6125 0.3533854166666667 0.6157407407407407 0.34140625 0.6138888888888889 0.3359375 0.5986111111111111 0.3390625 0.5939814814814814 0.34817708333333336 0.5935185185185186
1 0.45078125 0.4546296296296296 0.45390625 0.4615740740740741 0.45208333333333334 0.4675925925925926 0.44609375 0.4671296296296296 0.4453125 0.46435185185185185 0.44609375 0.45740740740740743 0.4505208333333333 0.4546296296296296
1 0.4578125 0.4861111111111111 0.46328125 0.49074074074074076 0.46328125 0.5018518518518519 0.46145833333333336 0.5041666666666667 0.45364583333333336 0.5018518518518519 0.45416666666666666 0.48935185185185187 0.45755208333333336 0.4861111111111111
1 0.44609375 0.43796296296296294 0.44947916666666665 0.4444444444444444 0.44895833333333335 0.449537037037037 0.44635416666666666 0.45185185185185184 0.4421875 0.45092592592592595 0.440625 0.44583333333333336 0.44192708333333336 0.43842592592592594 0.44583333333333336 0.43796296296296294
1 0.3575520833333333 0.9009259259259259 0.37213541666666666 0.9074074074074074 0.3731770833333333 0.9212962962962963 0.36432291666666666 0.9699074074074074 0.3625 0.9726851851851852 0.35104166666666664 0.9740740740740741 0.33151041666666664 0.9731481481481481 0.3294270833333333 0.9666666666666667 0.3296875 0.9518518518518518 0.33671875 0.9189814814814815 0.33697916666666666 0.9078703703703703 0.3572916666666667 0.9009259259259259
2 0.47317708333333336 0.5217592592592593 0.4739583333333333 0.5337962962962963 0.471875 0.5375 0.46848958333333335 0.5365740740740741 0.46822916666666664 0.5319444444444444 0.46927083333333336 0.5222222222222223 0.47291666666666665 0.5217592592592593
2 0.42864583333333334 0.6365740740740741 0.43125 0.6439814814814815 0.43020833333333336 0.6606481481481481 0.42630208333333336 0.6601851851851852 0.42473958333333334 0.65 0.425 0.6398148148148148 0.4283854166666667 0.6370370370370371
2 0.3809895833333333 0.5953703703703703 0.38255208333333335 0.6074074074074074 0.37994791666666666 0.6162037037037037 0.3776041666666667 0.6125 0.3765625 0.6023148148148149 0.37864583333333335 0.5958333333333333 0.3807291666666667 0.5953703703703703
2 0.36953125 0.6055555555555555 0.3729166666666667 0.6162037037037037 0.37135416666666665 0.6310185185185185 0.36640625 0.6314814814814815 0.3658854166666667 0.6143518518518518 0.3692708333333333 0.6060185185185185
2 0.46328125 0.5439814814814815 0.46458333333333335 0.5532407407407407 0.46328125 0.5611111111111111 0.4609375 0.562037037037037 0.4596354166666667 0.5458333333333333 0.4630208333333333 0.5439814814814815
2 0.31197916666666664 0.6504629629629629 0.3145833333333333 0.6564814814814814 0.3143229166666667 0.6680555555555555 0.30807291666666664 0.6759259259259259 0.3059895833333333 0.6717592592592593 0.3072916666666667 0.6606481481481481 0.30963541666666666 0.6513888888888889 0.31171875 0.6504629629629629