0 0.4783854166666667 0.49166666666666664 0.48098958333333336 0.4981481481481482 0.48046875 0.5226851851851851 0.47890625 0.524074074074074 0.4700520833333333 0.524074074074074 0.46822916666666664 0.5189814814814815 0.4713541666666667 0.49398148148148147 0.478125 0.49166666666666664
4 0.45364583333333336 0.38842592592592595 0.45598958333333334 0.3902777777777778 0.45598958333333334 0.39490740740740743 0.45338541666666665 0.4 0.44973958333333336 0.3990740740740741 0.44869791666666664 0.39444444444444443 0.44947916666666665 0.3902777777777778 0.45338541666666665 0.38842592592592595
4 0.07708333333333334 0.7787037037037037 0.08541666666666667 0.7791666666666667 0.08776041666666666 0.7828703703703703 0.09010416666666667 0.7958333333333333 0.08984375 0.8074074074074075 0.08567708333333333 0.8208333333333333 0.08463541666666667 0.8333333333333334 0.0734375 0.8527777777777777 0.065625 0.8731481481481481 0.047135416666666666 0.899074074074074 0.013541666666666667 0.9037037037037037 0.008072916666666667 0.9027777777777778 0.0049479166666666664 0.8976851851851851 0.00234375 0.874537037037037 0 0.8726851851851852 0 0.8550925925925926 0.005208333333333333 0.8486111111111111 0.0020833333333333333 0.8310185185185185 0.00390625 0.8236111111111111 0.008072916666666667 0.8208333333333333 0.008333333333333333 0.8138888888888889 0.00390625 0.8106481481481481 0.0036458333333333334 0.8037037037037037 0.02265625 0.7851851851851852 0.026041666666666668 0.788425925925926 0.02890625 0.7870370370370371 0.026302083333333334 0.7828703703703703 0.04375 0.7800925925925926 0.05364583333333333 0.7842592592592592 0.07682291666666667 0.7787037037037037
4 0.44375 0.41435185185185186 0.44505208333333335 0.41944444444444445 0.4427083333333333 0.4263888888888889 0.4390625 0.425462962962963 0.43697916666666664 0.41805555555555557 0.4393229166666667 0.412962962962963 0.4434895833333333 0.41435185185185186
4 0.4510416666666667 0.65 0.45625 0.6518518518518519 0.4591145833333333 0.6583333333333333 0.4588541666666667 0.6754629629629629 0.45651041666666664 0.6824074074074075 0.44244791666666666 0.6819444444444445 0.44088541666666664 0.6791666666666667 0.44244791666666666 0.6541666666666667 0.44583333333333336 0.65 0.45078125 0.65
4 0.4671875 0.44351851851851853 0.47161458333333334 0.4564814814814815 0.47239583333333335 0.4652777777777778 0.47213541666666664 0.4708333333333333 0.46796875 0.4736111111111111 0.4596354166666667 0.4699074074074074 0.46041666666666664 0.45092592592592595 0.4669270833333333 0.44351851851851853
4 0.4010416666666667 0.6023148148148149 0.4044270833333333 0.6032407407407407 0.40572916666666664 0.6097222222222223 0.40260416666666665 0.6365740740740741 0.39921875 0.6416666666666667 0.38723958333333336 0.6407407407407407 0.3859375 0.6305555555555555 0.39114583333333336 0.6055555555555555 0.40078125 0.6023148148148149
4 0.020052083333333335 0.9291666666666667 0.029947916666666668 0.9402777777777778 0.03567708333333333 0.9787037037037037 0.03958333333333333 0.9810185185185185 0.039322916666666666 0.9879629629629629 0.04296875 0.9912037037037037 0.0421875 0.9944444444444445 0.0359375 0.9958333333333333 0.033854166666666664 0.999537037037037 0 0.999537037037037 0 0.9342592592592592 0.019791666666666666 0.9291666666666667
4 0.20703125 0.8638888888888889 0.21223958333333334 0.8662037037037037 0.21067708333333332 0.8773148148148148 0.17213541666666668 0.9472222222222222 0.16145833333333334 0.9597222222222223 0.14921875 0.9467592592592593 0.14739583333333334 0.9319444444444445 0.1484375 0.9111111111111111 0.16119791666666666 0.8939814814814815 0.18203125 0.8921296296296296 0.18411458333333333 0.8870370370370371 0.18359375 0.8805555555555555 0.18567708333333333 0.8773148148148148 0.18932291666666667 0.8777777777777778 0.19401041666666666 0.8662037037037037 0.20677083333333332 0.8638888888888889
4 0.44635416666666666 0.42453703703703705 0.44921875 0.4287037037037037 0.45 0.4351851851851852 0.44947916666666665 0.4388888888888889 0.44635416666666666 0.4398148148148148 0.44140625 0.4388888888888889 0.440625 0.43425925925925923 0.44140625 0.4273148148148148 0.44609375 0.42453703703703705
4 0.4361979166666667 0.5347222222222222 0.4390625 0.5356481481481481 0.4401041666666667 0.5398148148148149 0.4393229166666667 0.5606481481481481 0.43671875 0.5648148148148148 0.42890625 0.5652777777777778 0.42630208333333336 0.5638888888888889 0.4283854166666667 0.5393518518518519 0.42994791666666665 0.5361111111111111 0.4359375 0.5347222222222222
4 0.5119791666666667 0.5013888888888889 0.515625 0.5027777777777778 0.5177083333333333 0.5083333333333333 0.5177083333333333 0.5157407407407407 0.5153645833333333 0.5189814814814815 0.49244791666666665 0.5148148148148148 0.4921875 0.5092592592592593 0.4942708333333333 0.5046296296296297 0.51171875 0.5013888888888889
4 0.16223958333333333 0.8226851851851852 0.16953125 0.8273148148148148 0.17265625 0.8384259259259259 0.171875 0.8759259259259259 0.16536458333333334 0.8893518518518518 0.14869791666666668 0.9050925925925926 0.14401041666666667 0.8972222222222223 0.13515625 0.9013888888888889 0.11953125 0.9 0.11953125 0.8555555555555555 0.13697916666666668 0.8310185185185185 0.15130208333333334 0.8310185185185185 0.15494791666666666 0.8240740740740741 0.16197916666666667 0.8226851851851852
4 0.46458333333333335 0.4791666666666667 0.46796875 0.4810185185185185 0.46953125 0.4888888888888889 0.46953125 0.4949074074074074 0.46458333333333335 0.4976851851851852 0.4588541666666667 0.4949074074074074 0.46015625 0.4810185185185185 0.46432291666666664 0.4791666666666667
4 0.46380208333333334 0.5037037037037037 0.46536458333333336 0.5175925925925926 0.46328125 0.5212962962962963 0.45625 0.5208333333333334 0.45416666666666666 0.5143518518518518 0.45651041666666664 0.5032407407407408 0.4635416666666667 0.5037037037037037
4 0.4375 0.39675925925925926 0.43828125 0.40555555555555556 0.43645833333333334 0.4078703703703704 0.4322916666666667 0.4074074074074074 0.4317708333333333 0.4023148148148148 0.4322916666666667 0.3972222222222222 0.43723958333333335 0.39675925925925926
4 0.41822916666666665 0.6893518518518519 0.42161458333333335 0.6962962962962963 0.4203125 0.7129629629629629 0.41848958333333336 0.7175925925925926 0.415625 0.7166666666666667 0.41432291666666665 0.7055555555555556 0.41484375 0.6967592592592593 0.41822916666666665 0.6898148148148148
4 0.4513020833333333 0.449537037037037 0.45364583333333336 0.45231481481481484 0.45390625 0.45925925925925926 0.45026041666666666 0.46111111111111114 0.446875 0.4597222222222222 0.44635416666666666 0.45601851851851855 0.4510416666666667 0.449537037037037
4 0.44296875 0.37546296296296294 0.44453125 0.3837962962962963 0.44088541666666664 0.38564814814814813 0.43671875 0.38425925925925924 0.43671875 0.3800925925925926 0.4388020833333333 0.37546296296296294 0.4427083333333333 0.37546296296296294
3 0.20703125 0.8638888888888889 0.2125 0.8662037037037037 0.20989583333333334 0.8787037037037037 0.17239583333333333 0.9467592592592593 0.16145833333333334 0.9601851851851851 0.14947916666666666 0.9476851851851852 0.14765625 0.9208333333333333 0.15 0.9115740740740741 0.16145833333333334 0.8944444444444445 0.17447916666666666 0.8912037037037037 0.18203125 0.8759259259259259 0.1921875 0.8662037037037037 0.20677083333333332 0.8638888888888889
3 0.4674479166666667 0.4444444444444444 0.47239583333333335 0.45925925925925926 0.47239583333333335 0.4699074074074074 0.46875 0.4736111111111111 0.46067708333333335 0.4726851851851852 0.459375 0.4666666666666667 0.4609375 0.44907407407407407 0.46328125 0.4444444444444444 0.4671875 0.4444444444444444
3 0.019791666666666666 0.9291666666666667 0.030208333333333334 0.9407407407407408 0.036458333333333336 0.9763888888888889 0.04114583333333333 0.9736111111111111 0.038802083333333334 0.9717592592592592 0.03958333333333333 0.9689814814814814 0.04765625 0.9703703703703703 0.04479166666666667 0.9805555555555555 0.04583333333333333 0.9847222222222223 0.04453125 0.9875 0.046614583333333334 0.9912037037037037 0.03411458333333333 0.999537037037037 0 0.999537037037037 0 0.9337962962962963 0.01953125 0.9291666666666667
3 0.09947916666666666 0.8953703703703704 0.1109375 0.9078703703703703 0.11276041666666667 0.9328703703703703 0.115625 0.9217592592592593 0.11770833333333333 0.9208333333333333 0.12057291666666667 0.9259259259259259 0.12864583333333332 0.9277777777777778 0.12838541666666667 0.9319444444444445 0.13072916666666667 0.9356481481481481 0.12994791666666666 0.9425925925925925 0.1234375 0.9583333333333334 0.11197916666666667 0.9731481481481481 0.10104166666666667 0.9925925925925926 0.09557291666666666 0.9972222222222222 0.07057291666666667 0.9935185185185185 0.05651041666666667 0.9958333333333333 0.05260416666666667 0.986574074074074 0.0515625 0.9606481481481481 0.05364583333333333 0.9263888888888889 0.0625 0.8953703703703704 0.07838541666666667 0.8976851851851851 0.09921875 0.8953703703703704
3 0.13411458333333334 0.8268518518518518 0.13671875 0.8314814814814815 0.11927083333333334 0.8550925925925926 0.11692708333333333 0.8870370370370371 0.11276041666666667 0.8962962962962963 0.10494791666666667 0.899537037037037 0.09609375 0.8935185185185185 0.08203125 0.8972222222222223 0.0640625 0.8944444444444445 0.05364583333333333 0.9259259259259259 0.05234375 0.9527777777777777 0.037760416666666664 0.9611111111111111 0.03307291666666667 0.9564814814814815 0.030989583333333334 0.9407407407407408 0.021614583333333333 0.9296296296296296 0.008333333333333333 0.9291666666666667 0.004427083333333333 0.9254629629629629 0.0026041666666666665 0.9199074074074074 0.004427083333333333 0.9046296296296297 0.04765625 0.9009259259259259 0.06848958333333334 0.8736111111111111 0.07213541666666666 0.8629629629629629 0.10494791666666667 0.8300925925925926 0.13385416666666666 0.8268518518518518
1 0.39869791666666665 0.6638888888888889 0.40390625 0.6685185185185185 0.4044270833333333 0.6902777777777778 0.40078125 0.7013888888888888 0.38828125 0.7018518518518518 0.3854166666666667 0.6967592592592593 0.38645833333333335 0.6819444444444445 0.39140625 0.6666666666666666 0.3984375 0.6638888888888889
1 0.5125 0.5018518518518519 0.5153645833333333 0.5027777777777778 0.5174479166666667 0.5078703703703704 0.5174479166666667 0.5157407407407407 0.515625 0.5185185185185185 0.5036458333333333 0.5152777777777777 0.5046875 0.5083333333333333 0.5015625 0.5055555555555555 0.49947916666666664 0.5152777777777777 0.4947916666666667 0.5171296296296296 0.49244791666666665 0.5148148148148148 0.4921875 0.5087962962962963 0.4942708333333333 0.5046296296296297 0.5122395833333333 0.5018518518518519
1 0.440625 0.4134259259259259 0.44479166666666664 0.4185185185185185 0.4427083333333333 0.425462962962963 0.43723958333333335 0.4217592592592593 0.4375 0.4166666666666667 0.44036458333333334 0.4134259259259259
2 0.3419270833333333 0.6833333333333333 0.34375 0.6865740740740741 0.34296875 0.700925925925926 0.33828125 0.7111111111111111 0.33489583333333334 0.7097222222222223 0.33515625 0.6893518518518519 0.3372395833333333 0.6847222222222222 0.3416666666666667 0.6833333333333333
2 0.30416666666666664 0.9652777777777778 0.30703125 0.9689814814814814 0.3140625 0.9671296296296297 0.315625 0.9699074074074074 0.31484375 0.9879629629629629 0.30911458333333336 0.999537037037037 0.3046875 0.999537037037037 0.30494791666666665 0.9902777777777778 0.3028645833333333 0.9824074074074074 0.30390625 0.9652777777777778
2 0.3223958333333333 0.8125 0.3268229166666667 0.8143518518518519 0.32734375 0.8217592592592593 0.32578125 0.8314814814814815 0.32109375 0.8393518518518519 0.31927083333333334 0.8351851851851851 0.31875 0.8171296296296297 0.3221354166666667 0.8125
2 0.41796875 0.7076388888888889 0.0067708333333333336 0.020833333333333332