0 0.48046875 0.49027777777777776 0.48098958333333336 0.5162037037037037 0.48020833333333335 0.5203703703703704 0.47760416666666666 0.5217592592592593 0.46927083333333336 0.5189814814814815 0.4700520833333333 0.5 0.47213541666666664 0.49027777777777776 0.48020833333333335 0.49027777777777776
4 0.45416666666666666 0.38842592592592595 0.45625 0.3902777777777778 0.45625 0.3939814814814815 0.453125 0.4 0.4505208333333333 0.3990740740740741 0.44895833333333335 0.3925925925925926 0.45390625 0.38842592592592595
4 0.08802083333333334 0.7814814814814814 0.09088541666666666 0.8032407407407407 0.08567708333333333 0.8328703703703704 0.07395833333333333 0.8527777777777777 0.06458333333333334 0.8763888888888889 0.046614583333333334 0.8986111111111111 0.017708333333333333 0.9018518518518519 0.0067708333333333336 0.899074074074074 0.0026041666666666665 0.8851851851851852 0 0.8837962962962963 0 0.8606481481481482 0.0020833333333333333 0.8597222222222223 0.009114583333333334 0.8430555555555556 0.015364583333333333 0.8361111111111111 0.01640625 0.8314814814814815 0.04010416666666667 0.8078703703703703 0.04348958333333333 0.799537037037037 0.039322916666666666 0.7972222222222223 0.0390625 0.7935185185185185 0.04479166666666667 0.787962962962963 0.06588541666666667 0.7782407407407408 0.08489583333333334 0.7782407407407408 0.08776041666666666 0.7814814814814814
4 0.4432291666666667 0.4148148148148148 0.4453125 0.4217592592592593 0.4427083333333333 0.42685185185185187 0.4390625 0.4263888888888889 0.4375 0.41944444444444445 0.4390625 0.41574074074074074 0.44296875 0.4148148148148148
4 0.4505208333333333 0.449537037037037 0.45338541666666665 0.45185185185185184 0.453125 0.462037037037037 0.4471354166666667 0.4601851851851852 0.4471354166666667 0.4532407407407407 0.45026041666666666 0.449537037037037
4 0.02265625 0.9291666666666667 0.03125 0.9384259259259259 0.03619791666666667 0.9666666666666667 0.047135416666666666 0.9629629629629629 0.053125 0.9708333333333333 0.05234375 0.9921296296296296 0.04739583333333333 0.999537037037037 0 0.999537037037037 0 0.9333333333333333 0.017708333333333333 0.9277777777777778 0.022395833333333334 0.9291666666666667
4 0.3190104166666667 0.825 0.32265625 0.8277777777777777 0.32317708333333334 0.8361111111111111 0.31744791666666666 0.8513888888888889 0.31484375 0.8490740740740741 0.3140625 0.8263888888888888 0.31875 0.825
4 0.46328125 0.5009259259259259 0.465625 0.5106481481481482 0.4640625 0.5189814814814815 0.45677083333333335 0.5189814814814815 0.4544270833333333 0.5152777777777777 0.45677083333333335 0.5013888888888889 0.4630208333333333 0.5009259259259259
4 0.09635416666666667 0.8935185185185185 0.11015625 0.9064814814814814 0.11145833333333334 0.9462962962962963 0.11276041666666667 0.9486111111111111 0.11614583333333334 0.9486111111111111 0.11666666666666667 0.9421296296296297 0.11953125 0.937037037037037 0.12473958333333333 0.937037037037037 0.12630208333333334 0.9425925925925925 0.12317708333333334 0.9574074074074074 0.11666666666666667 0.9680555555555556 0.11276041666666667 0.9694444444444444 0.10104166666666667 0.9921296296296296 0.09557291666666666 0.9962962962962963 0.08046875 0.9912037037037037 0.05677083333333333 0.9930555555555556 0.053385416666666664 0.9851851851851852 0.05234375 0.9597222222222223 0.0546875 0.9351851851851852 0.05416666666666667 0.9217592592592593 0.058333333333333334 0.9143518518518519 0.06354166666666666 0.8958333333333334 0.09609375 0.8935185185185185
4 0.4322916666666667 0.4074074074074074 0.4322916666666667 0.3972222222222222 0.4361979166666667 0.3972222222222222 0.43802083333333336 0.40324074074074073 0.43697916666666664 0.4078703703703704 0.43255208333333334 0.4074074074074074
4 0.4466145833333333 0.4263888888888889 0.45026041666666666 0.4375 0.44765625 0.4412037037037037 0.44140625 0.4388888888888889 0.4421875 0.42962962962962964 0.44635416666666666 0.4263888888888889
4 0.4010416666666667 0.6074074074074074 0.40390625 0.6101851851851852 0.40390625 0.6273148148148148 0.40182291666666664 0.6402777777777777 0.39791666666666664 0.6476851851851851 0.3854166666666667 0.6472222222222223 0.3841145833333333 0.6291666666666667 0.38984375 0.6092592592592593 0.40078125 0.6074074074074074
4 0.51484375 0.5023148148148148 0.5177083333333333 0.5083333333333333 0.51796875 0.5152777777777777 0.515625 0.5189814814814815 0.49453125 0.5166666666666667 0.4921875 0.5120370370370371 0.4947916666666667 0.5041666666666667 0.5013020833333334 0.5013888888888889 0.5145833333333333 0.5023148148148148
4 0.4361979166666667 0.42268518518518516 0.43828125 0.42962962962962964 0.4356770833333333 0.4337962962962963 0.4315104166666667 0.4324074074074074 0.43046875 0.42824074074074076 0.4322916666666667 0.4212962962962963 0.4359375 0.42268518518518516
4 0.16458333333333333 0.8222222222222222 0.16927083333333334 0.8240740740740741 0.17213541666666668 0.8300925925925926 0.17317708333333334 0.8740740740740741 0.16536458333333334 0.8888888888888888 0.15078125 0.9050925925925926 0.146875 0.9041666666666667 0.14401041666666667 0.8986111111111111 0.140625 0.9032407407407408 0.12083333333333333 0.8986111111111111 0.11979166666666667 0.8555555555555555 0.13567708333333334 0.8300925925925926 0.1515625 0.8291666666666667 0.15703125 0.8226851851851852 0.16432291666666668 0.8222222222222222
4 0.4666666666666667 0.4486111111111111 0.47161458333333334 0.45601851851851855 0.47213541666666664 0.4699074074074074 0.4708333333333333 0.47175925925925927 0.45989583333333334 0.4699074074074074 0.46067708333333335 0.45231481481481484 0.46328125 0.44814814814814813 0.46640625 0.4486111111111111
4 0.46432291666666664 0.4777777777777778 0.46875 0.48148148148148145 0.46953125 0.49212962962962964 0.4674479166666667 0.49583333333333335 0.4596354166666667 0.4949074074074074 0.45989583333333334 0.48055555555555557 0.4640625 0.4777777777777778
4 0.42526041666666664 0.5675925925925925 0.42734375 0.5430555555555555 0.43203125 0.5388888888888889 0.4388020833333333 0.5407407407407407 0.43854166666666666 0.5671296296296297 0.4356770833333333 0.5699074074074074 0.42552083333333335 0.5675925925925925
4 0.421875 0.6768518518518518 0.42473958333333334 0.6898148148148148 0.42161458333333335 0.7046296296296296 0.41875 0.7027777777777777 0.41796875 0.6925925925925925 0.41848958333333336 0.6828703703703703 0.42161458333333335 0.6768518518518518
4 0.1828125 0.8925925925925926 0.1875 0.9009259259259259 0.18880208333333334 0.9111111111111111 0.18697916666666667 0.9189814814814815 0.16822916666666668 0.9537037037037037 0.16145833333333334 0.9601851851851851 0.15052083333333333 0.9486111111111111 0.14973958333333334 0.913425925925926 0.16171875 0.8935185185185185 0.18255208333333334 0.8925925925925926
4 0.440625 0.38055555555555554 0.0078125 0.011111111111111112
3 0.20833333333333334 0.8629629629629629 0.21354166666666666 0.8662037037037037 0.21041666666666667 0.8773148148148148 0.17239583333333333 0.9472222222222222 0.16171875 0.9597222222222223 0.14973958333333334 0.9458333333333333 0.14869791666666668 0.9203703703703704 0.15416666666666667 0.9041666666666667 0.16145833333333334 0.8935185185185185 0.17395833333333333 0.8907407407407407 0.17838541666666666 0.8763888888888889 0.18567708333333333 0.8685185185185185 0.19947916666666668 0.8629629629629629 0.20807291666666666 0.8629629629629629
3 0.4674479166666667 0.4476851851851852 0.471875 0.45601851851851855 0.47265625 0.4666666666666667 0.4708333333333333 0.47175925925925927 0.45989583333333334 0.46944444444444444 0.46119791666666665 0.45046296296296295 0.46328125 0.44675925925925924 0.4671875 0.4476851851851852
1 0.45598958333333334 0.38981481481481484 0.45625 0.3939814814814815 0.45338541666666665 0.399537037037037 0.45 0.3976851851851852 0.44947916666666665 0.3907407407407407 0.4557291666666667 0.38981481481481484
1 0.39869791666666665 0.6763888888888889 0.40130208333333334 0.6888888888888889 0.40078125 0.7046296296296296 0.396875 0.7134259259259259 0.3846354166666667 0.7148148148148148 0.38177083333333334 0.7129629629629629 0.3815104166666667 0.7087962962962963 0.38359375 0.6916666666666667 0.38697916666666665 0.6814814814814815 0.39010416666666664 0.6763888888888889 0.3984375 0.6763888888888889
1 0.4359375 0.42314814814814816 0.43828125 0.42824074074074076 0.4361979166666667 0.43333333333333335 0.43203125 0.43287037037037035 0.43072916666666666 0.42962962962962964 0.43203125 0.42268518518518516 0.4356770833333333 0.42314814814814816
1 0.44635416666666666 0.4263888888888889 0.45 0.4351851851851852 0.45 0.4388888888888889 0.4466145833333333 0.4412037037037037 0.44140625 0.43842592592592594 0.44244791666666666 0.4287037037037037 0.44609375 0.4263888888888889
1 0.5125 0.5013888888888889 0.5169270833333334 0.5050925925925925 0.5174479166666667 0.5157407407407407 0.5158854166666667 0.5180555555555556 0.5020833333333333 0.5152777777777777 0.503125 0.5087962962962963 0.5018229166666667 0.5069444444444444 0.50078125 0.5152777777777777 0.49270833333333336 0.5148148148148148 0.49244791666666665 0.5083333333333333 0.49453125 0.5041666666666667 0.5122395833333333 0.5013888888888889
1 0.44244791666666666 0.41435185185185186 0.44505208333333335 0.41944444444444445 0.4440104166666667 0.425 0.4393229166666667 0.42592592592592593 0.4375 0.4217592592592593 0.4390625 0.4162037037037037 0.4421875 0.4148148148148148
1 0.45390625 0.6435185185185185 0.46015625 0.649537037037037 0.46041666666666664 0.6685185185185185 0.45651041666666664 0.6754629629629629 0.4427083333333333 0.674074074074074 0.44192708333333336 0.6717592592592593 0.4427083333333333 0.6569444444444444 0.44583333333333336 0.6444444444444445 0.45364583333333336 0.6435185185185185
2 0.42213541666666665 0.6814814814814815 0.4244791666666667 0.6898148148148148 0.42161458333333335 0.7046296296296296 0.41875 0.7027777777777777 0.41822916666666665 0.6865740740740741 0.421875 0.6814814814814815
2 0.4515625 0.45092592592592595 0.45364583333333336 0.4532407407407407 0.453125 0.462037037037037 0.4471354166666667 0.4597222222222222 0.4479166666666667 0.4527777777777778 0.4513020833333333 0.45092592592592595
2 0.34270833333333334 0.6833333333333333 0.34453125 0.6884259259259259 0.34296875 0.7027777777777777 0.33828125 0.7111111111111111 0.33541666666666664 0.7087962962962963 0.33619791666666665 0.6884259259259259 0.33828125 0.6833333333333333 0.3424479166666667 0.6833333333333333
2 0.3190104166666667 0.825925925925926 0.32265625 0.8282407407407407 0.32317708333333334 0.836574074074074 0.31744791666666666 0.8513888888888889 0.31484375 0.8472222222222222 0.3143229166666667 0.8268518518518518 0.31875 0.825925925925926