0 0.43697916666666664 0.6884259259259259 0.44166666666666665 0.6907407407407408 0.4421875 0.700925925925926 0.4390625 0.749537037037037 0.43697916666666664 0.7685185185185185 0.434375 0.774074074074074 0.41484375 0.774074074074074 0.4122395833333333 0.7717592592592593 0.4119791666666667 0.7648148148148148 0.41354166666666664 0.7268518518518519 0.4203125 0.6921296296296297 0.42291666666666666 0.6888888888888889 0.43671875 0.6884259259259259
4 0.45364583333333336 0.4773148148148148 0.45651041666666664 0.4791666666666667 0.45755208333333336 0.4888888888888889 0.45546875 0.524537037037037 0.45208333333333334 0.5314814814814814 0.4390625 0.5300925925925926 0.43802083333333336 0.5162037037037037 0.44244791666666666 0.48333333333333334 0.4466145833333333 0.4777777777777778 0.45338541666666665 0.4773148148148148
4 0.06848958333333334 0.7296296296296296 0.07265625 0.7337962962962963 0.07552083333333333 0.7513888888888889 0.07526041666666666 0.7611111111111111 0.06875 0.7861111111111111 0.047135416666666666 0.8287037037037037 0.03463541666666667 0.8416666666666667 0.020052083333333335 0.8449074074074074 0 0.8435185185185186 0 0.7833333333333333 0.00703125 0.7726851851851851 0.005989583333333334 0.7694444444444445 0 0.7675925925925926 0 0.7592592592592593 0.008072916666666667 0.7513888888888889 0.0036458333333333334 0.7449074074074075 0.00390625 0.7412037037037037 0.010416666666666666 0.7342592592592593 0.019010416666666665 0.7314814814814815 0.03671875 0.737037037037037 0.05390625 0.7300925925925926 0.06822916666666666 0.7296296296296296
4 0.45989583333333334 0.43472222222222223 0.46197916666666666 0.4393518518518518 0.45989583333333334 0.4476851851851852 0.45286458333333335 0.44351851851851853 0.45416666666666666 0.4351851851851852 0.4596354166666667 0.43472222222222223
4 0.1546875 0.7768518518518519 0.1578125 0.7777777777777778 0.15911458333333334 0.7833333333333333 0.15989583333333332 0.825 0.15442708333333333 0.8333333333333334 0.13385416666666666 0.8518518518518519 0.13098958333333333 0.8486111111111111 0.12994791666666666 0.8407407407407408 0.12526041666666668 0.8486111111111111 0.12109375 0.850462962962963 0.11354166666666667 0.85 0.10572916666666667 0.8444444444444444 0.10572916666666667 0.8 0.12291666666666666 0.7787037037037037 0.15442708333333333 0.7768518518518519
4 0.42864583333333334 0.5083333333333333 0.43203125 0.512962962962963 0.4322916666666667 0.5324074074074074 0.42161458333333335 0.5337962962962963 0.4200520833333333 0.5310185185185186 0.42161458333333335 0.5148148148148148 0.42526041666666664 0.5087962962962963 0.4283854166666667 0.5087962962962963
4 0.08229166666666667 0.8351851851851851 0.09322916666666667 0.8486111111111111 0.09557291666666666 0.8712962962962963 0.10598958333333333 0.8694444444444445 0.1109375 0.874537037037037 0.11197916666666667 0.8888888888888888 0.10989583333333333 0.9009259259259259 0.10703125 0.9055555555555556 0.07838541666666667 0.9393518518518519 0.06484375 0.9324074074074075 0.04296875 0.9337962962962963 0.03619791666666667 0.9277777777777778 0.034895833333333334 0.9069444444444444 0.03697916666666667 0.8625 0.046614583333333334 0.8361111111111111 0.06510416666666667 0.8384259259259259 0.08203125 0.8351851851851851
4 0.4361979166666667 0.43842592592592594 0.43776041666666665 0.4564814814814815 0.4356770833333333 0.45925925925925926 0.42864583333333334 0.45925925925925926 0.42734375 0.45601851851851855 0.4283854166666667 0.44027777777777777 0.4359375 0.43842592592592594
4 0.47291666666666665 0.48564814814814816 0.47604166666666664 0.4898148148148148 0.47604166666666664 0.5083333333333333 0.47369791666666666 0.5125 0.4666666666666667 0.5120370370370371 0.46458333333333335 0.5083333333333333 0.46510416666666665 0.4875 0.47265625 0.48564814814814816
4 0.4119791666666667 0.5152777777777777 0.41380208333333335 0.5199074074074074 0.4119791666666667 0.5537037037037037 0.41015625 0.5574074074074075 0.40234375 0.5583333333333333 0.39739583333333334 0.5578703703703703 0.3953125 0.5537037037037037 0.3971354166666667 0.5222222222222223 0.40130208333333334 0.5152777777777777 0.41171875 0.5152777777777777
4 0.46067708333333335 0.46111111111111114 0.46328125 0.475 0.45677083333333335 0.47824074074074074 0.45286458333333335 0.4736111111111111 0.45390625 0.46620370370370373 0.45598958333333334 0.46111111111111114 0.46041666666666664 0.46111111111111114
4 0.012239583333333333 0.9254629629629629 0.0171875 0.9361111111111111 0.026041666666666668 0.9453703703703704 0.026822916666666665 0.962037037037037 0.026041666666666668 0.9666666666666667 0.01875 0.9638888888888889 0.009375 0.9731481481481481 0.007552083333333333 0.9805555555555555 0.00859375 0.9828703703703704 0.011979166666666667 0.9787037037037037 0.01328125 0.9805555555555555 0.012760416666666666 0.9925925925925926 0.01171875 0.9944444444444445 0.00859375 0.987037037037037 0.005989583333333334 0.9953703703703703 0.0026041666666666665 0.9944444444444445 0.0020833333333333333 0.9898148148148148 0 0.9888888888888889 0 0.9328703703703703 0.011979166666666667 0.9254629629629629
4 0.44114583333333335 0.4134259259259259 0.44505208333333335 0.4217592592592593 0.4453125 0.4287037037037037 0.4432291666666667 0.4310185185185185 0.4356770833333333 0.42824074074074076 0.4361979166666667 0.4148148148148148 0.44088541666666664 0.4134259259259259
4 0.42734375 0.3731481481481482 0.42916666666666664 0.38055555555555554 0.42630208333333336 0.3837962962962963 0.42239583333333336 0.38333333333333336 0.42161458333333335 0.37916666666666665 0.4236979166666667 0.3731481481481482 0.4270833333333333 0.3731481481481482
4 0.4434895833333333 0.5625 0.44609375 0.5694444444444444 0.44583333333333336 0.5851851851851851 0.4427083333333333 0.5907407407407408 0.4361979166666667 0.5912037037037037 0.43020833333333336 0.5875 0.4315104166666667 0.5685185185185185 0.4354166666666667 0.562037037037037 0.4432291666666667 0.5625
4 0.16979166666666667 0.8393518518518519 0.17369791666666667 0.8453703703703703 0.17291666666666666 0.8625 0.15078125 0.899074074074074 0.14401041666666667 0.9037037037037037 0.140625 0.9032407407407408 0.134375 0.8912037037037037 0.13385416666666666 0.8699074074074075 0.14036458333333332 0.8486111111111111 0.14713541666666666 0.8407407407407408 0.16953125 0.8393518518518519
4 0.46067708333333335 0.4439814814814815 0.4630208333333333 0.45694444444444443 0.45989583333333334 0.46111111111111114 0.4544270833333333 0.4583333333333333 0.45364583333333336 0.44675925925925924 0.46041666666666664 0.4439814814814815
4 0.453125 0.5847222222222223 0.45651041666666664 0.5902777777777778 0.4557291666666667 0.6060185185185185 0.45286458333333335 0.6087962962962963 0.4505208333333333 0.6055555555555555 0.45026041666666666 0.5953703703703703 0.45286458333333335 0.5851851851851851
1 0.46015625 0.4439814814814815 0.4630208333333333 0.4564814814814815 0.45859375 0.4615740740740741 0.4546875 0.45925925925925926 0.45338541666666665 0.44907407407407407 0.45416666666666666 0.44583333333333336 0.45989583333333334 0.4439814814814815
1 0.46015625 0.46111111111111114 0.46197916666666666 0.4638888888888889 0.4630208333333333 0.475 0.45651041666666664 0.4777777777777778 0.453125 0.4736111111111111 0.45390625 0.46620370370370373 0.45598958333333334 0.4615740740740741 0.45989583333333334 0.46111111111111114
1 0.45416666666666666 0.6314814814814815 0.4557291666666667 0.6611111111111111 0.45364583333333336 0.6652777777777777 0.4453125 0.6657407407407407 0.4390625 0.6620370370370371 0.44088541666666664 0.6337962962962963 0.44479166666666664 0.6296296296296297 0.45390625 0.6314814814814815
1 0.42994791666666665 0.412962962962963 0.43203125 0.4203703703703704 0.42942708333333335 0.425 0.42526041666666664 0.42407407407407405 0.42421875 0.4166666666666667 0.42526041666666664 0.4125 0.4296875 0.412962962962963
1 0.42682291666666666 0.6398148148148148 0.42890625 0.6453703703703704 0.42890625 0.6569444444444444 0.428125 0.6680555555555555 0.42578125 0.6717592592592593 0.4114583333333333 0.6717592592592593 0.41067708333333336 0.6620370370370371 0.41432291666666665 0.6398148148148148 0.4265625 0.6398148148148148
2 0.453125 0.586574074074074 0.45651041666666664 0.5921296296296297 0.45546875 0.6064814814814815 0.45260416666666664 0.6083333333333333 0.45078125 0.6060185185185185 0.4505208333333333 0.5953703703703703 0.45286458333333335 0.587037037037037
2 0.41822916666666665 0.48657407407407405 0.4205729166666667 0.48842592592592593 0.42135416666666664 0.49398148148148147 0.41822916666666665 0.5018518518518519 0.41692708333333334 0.4976851851851852 0.41822916666666665 0.48703703703703705
2 0.46770833333333334 0.5273148148148148 0.46927083333333336 0.5361111111111111 0.4671875 0.5449074074074074 0.46458333333333335 0.5416666666666666 0.46432291666666664 0.5287037037037037 0.4674479166666667 0.5273148148148148