4 0.453125 0.4263888888888889 0.45651041666666664 0.4300925925925926 0.45729166666666665 0.4351851851851852 0.453125 0.44027777777777777 0.44817708333333334 0.4361111111111111 0.44869791666666664 0.42916666666666664 0.45286458333333335 0.4263888888888889
4 0.41848958333333336 0.41064814814814815 0.4200520833333333 0.41944444444444445 0.41822916666666665 0.42453703703703705 0.4125 0.42407407407407405 0.4109375 0.42083333333333334 0.4122395833333333 0.4111111111111111 0.41822916666666665 0.41064814814814815
4 0.01640625 0.6449074074074074 0.019010416666666665 0.6476851851851851 0.021354166666666667 0.6708333333333333 0.019791666666666666 0.7027777777777777 0.014583333333333334 0.7106481481481481 0.0018229166666666667 0.7185185185185186 0 0.7185185185185186 0 0.6462962962962963 0.016145833333333335 0.6449074074074074
4 0.4083333333333333 0.6851851851851852 0.41484375 0.6912037037037037 0.41484375 0.7231481481481481 0.4078125 0.7486111111111111 0.39765625 0.7481481481481481 0.4010416666666667 0.7550925925925925 0.39739583333333334 0.7620370370370371 0.38697916666666665 0.7611111111111111 0.38125 0.7513888888888889 0.3828125 0.7444444444444445 0.3809895833333333 0.7129629629629629 0.39010416666666664 0.687037037037037 0.4080729166666667 0.6851851851851852
4 0.4356770833333333 0.41064814814814815 0.43854166666666666 0.4152777777777778 0.4356770833333333 0.4236111111111111 0.43203125 0.42268518518518516 0.4296875 0.41805555555555557 0.43125 0.41064814814814815 0.4354166666666667 0.41064814814814815
4 0.31171875 0.6754629629629629 0.31484375 0.6810185185185185 0.3145833333333333 0.6995370370370371 0.31171875 0.7064814814814815 0.3078125 0.7092592592592593 0.3059895833333333 0.7032407407407407 0.30572916666666666 0.6819444444444445 0.3072916666666667 0.6759259259259259 0.31145833333333334 0.6754629629629629
4 0.09088541666666666 0.6921296296296297 0.0953125 0.6953703703703704 0.109375 0.6935185185185185 0.1109375 0.7416666666666667 0.1078125 0.7444444444444445 0.09192708333333334 0.7458333333333333 0.07838541666666667 0.7601851851851852 0.0671875 0.7569444444444444 0.0640625 0.7611111111111111 0.054427083333333334 0.763425925925926 0.049479166666666664 0.7625 0.04739583333333333 0.7583333333333333 0.0484375 0.7097222222222223 0.053385416666666664 0.7050925925925926 0.057291666666666664 0.7092592592592593 0.062239583333333334 0.6962962962962963 0.06770833333333333 0.6935185185185185 0.090625 0.6921296296296297
4 0.44244791666666666 0.5111111111111111 0.44609375 0.5120370370370371 0.44609375 0.5282407407407408 0.44244791666666666 0.5300925925925926 0.44114583333333335 0.5162037037037037 0.44244791666666666 0.5115740740740741
4 0.42994791666666665 0.44675925925925924 0.43645833333333334 0.4527777777777778 0.43854166666666666 0.46574074074074073 0.43645833333333334 0.4842592592592593 0.4322916666666667 0.48703703703703705 0.42265625 0.4861111111111111 0.4197916666666667 0.4671296296296296 0.42083333333333334 0.4546296296296296 0.4296875 0.44675925925925924
4 0.42890625 0.5268518518518519 0.4354166666666667 0.5287037037037037 0.43723958333333335 0.5324074074074074 0.4356770833333333 0.5504629629629629 0.4322916666666667 0.5555555555555556 0.42161458333333335 0.5550925925925926 0.4197916666666667 0.5504629629629629 0.42135416666666664 0.5305555555555556 0.42864583333333334 0.5268518518518519
4 0.46458333333333335 0.49907407407407406 0.4671875 0.5018518518518519 0.4674479166666667 0.5115740740740741 0.4640625 0.5166666666666667 0.4609375 0.5152777777777777 0.46067708333333335 0.5111111111111111 0.46171875 0.5013888888888889 0.46432291666666664 0.49907407407407406
4 0.10494791666666667 0.7449074074074075 0.12161458333333333 0.7462962962962963 0.12317708333333334 0.7476851851851852 0.12239583333333333 0.7513888888888889 0.09348958333333333 0.7796296296296297 0.07838541666666667 0.7902777777777777 0.07682291666666667 0.775 0.07994791666666666 0.7583333333333333 0.09192708333333334 0.7467592592592592 0.1046875 0.7449074074074075
4 0.2828125 0.7407407407407407 0.28958333333333336 0.7421296296296296 0.2908854166666667 0.7476851851851852 0.28984375 0.7754629629629629 0.2828125 0.787962962962963 0.2794270833333333 0.7893518518518519 0.27786458333333336 0.7513888888888889 0.2828125 0.7412037037037037
1 0.4549479166666667 0.42824074074074076 0.45729166666666665 0.4356481481481482 0.453125 0.4398148148148148 0.44869791666666664 0.43703703703703706 0.4484375 0.4324074074074074 0.4513020833333333 0.4273148148148148 0.4546875 0.42824074074074076
1 0.36223958333333334 0.5555555555555556 0.37526041666666665 0.562037037037037 0.3770833333333333 0.5671296296296297 0.3765625 0.5740740740740741 0.34609375 0.5796296296296296 0.3416666666666667 0.5782407407407407 0.33932291666666664 0.5717592592592593 0.3411458333333333 0.5638888888888889 0.35104166666666664 0.5564814814814815 0.3619791666666667 0.5555555555555556
1 0.4322916666666667 0.4300925925925926 0.4356770833333333 0.4388888888888889 0.42916666666666664 0.44212962962962965 0.4270833333333333 0.4388888888888889 0.42734375 0.4337962962962963 0.43203125 0.4300925925925926
1 0.41953125 0.5842592592592593 0.4276041666666667 0.5893518518518519 0.428125 0.6018518518518519 0.42526041666666664 0.6134259259259259 0.40989583333333335 0.611574074074074 0.4114583333333333 0.5875 0.4192708333333333 0.5842592592592593
1 0.43385416666666665 0.4101851851851852 0.43828125 0.4148148148148148 0.4359375 0.42314814814814816 0.42994791666666665 0.4185185185185185 0.4309895833333333 0.4111111111111111 0.43359375 0.4101851851851852
1 0.45677083333333335 0.4388888888888889 0.4609375 0.44166666666666665 0.46197916666666666 0.44907407407407407 0.46067708333333335 0.45092592592592595 0.453125 0.449537037037037 0.45390625 0.4412037037037037 0.45651041666666664 0.4388888888888889
2 0.4080729166666667 0.48009259259259257 0.40963541666666664 0.4898148148148148 0.4078125 0.4962962962962963 0.40546875 0.4949074074074074 0.4049479166666667 0.49074074074074076 0.40520833333333334 0.4842592592592593 0.4078125 0.48009259259259257
2 0.38138020833333336 0.5344907407407408 0.00546875 0.01712962962962963
2 0.26197916666666665 0.7203703703703703 0.27239583333333334 0.7212962962962963 0.27291666666666664 0.725925925925926 0.27265625 0.7342592592592593 0.26901041666666664 0.7430555555555556 0.26197916666666665 0.7481481481481481 0.26197916666666665 0.7208333333333333
2 0.3106770833333333 0.6754629629629629 0.3140625 0.6796296296296296 0.31484375 0.6847222222222222 0.3143229166666667 0.7 0.31223958333333335 0.7060185185185185 0.3072916666666667 0.7092592592592593 0.3059895833333333 0.700462962962963 0.3059895833333333 0.6814814814814815 0.3072916666666667 0.6768518518518518 0.3104166666666667 0.6759259259259259
2 0.44244791666666666 0.5120370370370371 0.44609375 0.5148148148148148 0.44609375 0.5273148148148148 0.44244791666666666 0.5296296296296297 0.44244791666666666 0.5125
2 0.30859375 0.6159722222222223 0.008333333333333333 0.02638888888888889
2 0.40130208333333334 0.5115740740740741 0.40390625 0.5222222222222223 0.40130208333333334 0.5282407407407408 0.39895833333333336 0.5259259259259259 0.39895833333333336 0.5152777777777777 0.4010416666666667 0.5115740740740741
2 0.39869791666666665 0.5912037037037037 0.40078125 0.5962962962962963 0.39817708333333335 0.6087962962962963 0.39557291666666666 0.6064814814814815 0.39479166666666665 0.5962962962962963 0.3984375 0.5912037037037037
2 0.46458333333333335 0.5 0.4669270833333333 0.5018518518518519 0.4674479166666667 0.5101851851851852 0.4666666666666667 0.5148148148148148 0.4640625 0.5166666666666667 0.4609375 0.5152777777777777 0.4609375 0.5078703703703704 0.46197916666666666 0.5013888888888889 0.46432291666666664 0.5
2 0.28046875 0.7481481481481481 0.28671875 0.7518518518518519 0.28984375 0.7449074074074075 0.290625 0.7662037037037037 0.28958333333333336 0.7768518518518519 0.2799479166666667 0.7893518518518519 0.27786458333333336 0.7759259259259259 0.27786458333333336 0.7550925925925925 0.28020833333333334 0.7481481481481481