4 0.51171875 0.637962962962963 0.5143229166666666 0.6407407407407407 0.5153645833333333 0.6472222222222223 0.5122395833333333 0.6541666666666667 0.5059895833333333 0.6509259259259259 0.4942708333333333 0.6523148148148148 0.4903645833333333 0.6476851851851851 0.4908854166666667 0.6416666666666667 0.4942708333333333 0.6388888888888888 0.5002604166666667 0.6388888888888888 0.5018229166666667 0.649074074074074 0.5033854166666667 0.6402777777777777 0.5114583333333333 0.637962962962963
4 0.46770833333333334 0.5837962962962963 0.47109375 0.5875 0.47109375 0.5944444444444444 0.46484375 0.5972222222222222 0.4622395833333333 0.5949074074074074 0.4625 0.5879629629629629 0.4674479166666667 0.5837962962962963
4 0.47682291666666665 0.6425925925925926 0.47994791666666664 0.6486111111111111 0.47994791666666664 0.6583333333333333 0.47760416666666666 0.6615740740740741 0.4700520833333333 0.6611111111111111 0.46875 0.6569444444444444 0.46979166666666666 0.6444444444444445 0.4765625 0.6425925925925926
4 0.18307291666666667 0.9328703703703703 0.19947916666666668 0.9333333333333333 0.20182291666666666 0.937962962962963 0.20130208333333333 0.9777777777777777 0.19192708333333333 0.9925925925925926 0.19036458333333334 0.999537037037037 0.15598958333333332 0.999537037037037 0.15416666666666667 0.9953703703703703 0.15651041666666668 0.9527777777777777 0.17005208333333333 0.9347222222222222 0.1828125 0.9328703703703703
4 0.4395833333333333 0.6208333333333333 0.4421875 0.6342592592592593 0.4390625 0.6412037037037037 0.43255208333333334 0.6412037037037037 0.43125 0.6365740740740741 0.4322916666666667 0.625 0.4354166666666667 0.6208333333333333 0.4393229166666667 0.6208333333333333
4 0.48072916666666665 0.5805555555555556 0.48385416666666664 0.5856481481481481 0.48385416666666664 0.5990740740740741 0.47734375 0.600925925925926 0.4747395833333333 0.5986111111111111 0.47578125 0.5847222222222223 0.48046875 0.5810185185185185
4 0.4544270833333333 0.6194444444444445 0.4578125 0.6226851851851852 0.45703125 0.6337962962962963 0.4513020833333333 0.6333333333333333 0.44947916666666665 0.6300925925925925 0.4505208333333333 0.6208333333333333 0.45416666666666666 0.6194444444444445
4 0.46953125 0.5962962962962963 0.4713541666666667 0.6 0.47109375 0.6087962962962963 0.46822916666666664 0.6111111111111112 0.4635416666666667 0.6092592592592593 0.46328125 0.5986111111111111 0.46927083333333336 0.5962962962962963
4 0.4434895833333333 0.5953703703703703 0.008333333333333333 0.013888888888888888
4 0.36614583333333334 0.9541666666666667 0.36796875 0.9773148148148149 0.3658854166666667 0.999537037037037 0.33671875 0.999537037037037 0.33645833333333336 0.9967592592592592 0.3385416666666667 0.9773148148148149 0.3453125 0.9555555555555556 0.3658854166666667 0.9541666666666667
1 0.45651041666666664 0.5995370370370371 0.4583333333333333 0.6097222222222223 0.45625 0.6134259259259259 0.4515625 0.6129629629629629 0.44973958333333336 0.6092592592592593 0.45260416666666664 0.5995370370370371 0.45625 0.5995370370370371
1 0.4505208333333333 0.5689814814814815 0.45364583333333336 0.575 0.453125 0.5805555555555556 0.4505208333333333 0.5819444444444445 0.44609375 0.5810185185185185 0.44557291666666665 0.5768518518518518 0.4466145833333333 0.5699074074074074 0.45026041666666666 0.5689814814814815