4 0.46458333333333335 0.49444444444444446 0.4669270833333333 0.49675925925925923 0.46770833333333334 0.5037037037037037 0.4661458333333333 0.5115740740740741 0.46328125 0.5148148148148148 0.4591145833333333 0.513425925925926 0.45859375 0.5023148148148148 0.46015625 0.4949074074074074 0.46432291666666664 0.49444444444444446
4 0.03125 0.8314814814814815 0.034895833333333334 0.8347222222222223 0.03802083333333333 0.8513888888888889 0.033854166666666664 0.8865740740740741 0.0018229166666666667 0.9462962962962963 0 0.9462962962962963 0 0.8388888888888889 0.008854166666666666 0.8328703703703704 0.030989583333333334 0.8314814814814815
4 0.4427083333333333 0.5740740740740741 0.44505208333333335 0.5837962962962963 0.44505208333333335 0.5930555555555556 0.4427083333333333 0.5962962962962963 0.43385416666666665 0.5958333333333333 0.4315104166666667 0.5916666666666667 0.43385416666666665 0.5740740740740741 0.44244791666666666 0.5740740740740741
4 0.11822916666666666 0.8796296296296297 0.12369791666666667 0.8833333333333333 0.1265625 0.9004629629629629 0.12473958333333333 0.9393518518518519 0.11901041666666666 0.9527777777777777 0.10286458333333333 0.9703703703703703 0.09192708333333334 0.9736111111111111 0.07838541666666667 0.9694444444444444 0.06927083333333334 0.9703703703703703 0.065625 0.9671296296296297 0.06588541666666667 0.9175925925925926 0.08489583333333334 0.8907407407407407 0.10651041666666666 0.8893518518518518 0.11145833333333334 0.8800925925925925 0.11796875 0.8796296296296297
4 0.42864583333333334 0.43425925925925923 0.43255208333333334 0.43703703703703706 0.4356770833333333 0.4449074074074074 0.43645833333333334 0.46064814814814814 0.4265625 0.4601851851851852 0.42526041666666664 0.4444444444444444 0.4283854166666667 0.43472222222222223
4 0.03697916666666667 0.9629629629629629 0.040625 0.9703703703703703 0.04869791666666667 0.9768518518518519 0.04921875 0.999537037037037 0.002864583333333333 0.999537037037037 0 0.9972222222222222 0 0.9675925925925926 0.0234375 0.9675925925925926 0.03671875 0.9629629629629629
4 0.42356770833333335 0.42685185185185187 0.007552083333333333 0.012962962962962963
4 0.43203125 0.6351851851851852 0.43463541666666666 0.6402777777777777 0.43307291666666664 0.6601851851851852 0.4231770833333333 0.663425925925926 0.41796875 0.6606481481481481 0.4192708333333333 0.6388888888888888 0.42552083333333335 0.6337962962962963 0.4317708333333333 0.6351851851851852
4 0.12213541666666666 0.9611111111111111 0.13515625 0.9643518518518519 0.1375 0.9680555555555556 0.1390625 0.9768518518518519 0.13802083333333334 0.9875 0.13177083333333334 0.999537037037037 0.0984375 0.999537037037037 0.096875 0.9962962962962963 0.1 0.9773148148148149 0.10859375 0.9629629629629629 0.121875 0.9611111111111111
1 0.42604166666666665 0.8097222222222222 0.4328125 0.8138888888888889 0.42890625 0.8560185185185185 0.42604166666666665 0.8574074074074074 0.41119791666666666 0.8574074074074074 0.4075520833333333 0.8527777777777777 0.4078125 0.8384259259259259 0.41067708333333336 0.8217592592592593 0.40989583333333335 0.8138888888888889 0.41458333333333336 0.8101851851851852 0.42578125 0.8097222222222222
1 0.4466145833333333 0.6787037037037037 0.45364583333333336 0.6856481481481481 0.45286458333333335 0.7069444444444445 0.4440104166666667 0.7138888888888889 0.4354166666666667 0.7134259259259259 0.43385416666666665 0.7050925925925926 0.43671875 0.6819444444444445 0.44635416666666666 0.6787037037037037
1 0.33125 0.8814814814814815 0.33489583333333334 0.8907407407407407 0.33541666666666664 0.9180555555555555 0.33046875 0.9287037037037037 0.325 0.9527777777777777 0.31276041666666665 0.9550925925925926 0.2989583333333333 0.9523148148148148 0.29791666666666666 0.9425925925925925 0.30026041666666664 0.9143518518518519 0.3046875 0.9074074074074074 0.3072916666666667 0.8958333333333334 0.3140625 0.8819444444444444 0.3234375 0.8787037037037037 0.33098958333333334 0.8814814814814815
1 0.3703125 0.6754629629629629 0.3731770833333333 0.6773148148148148 0.375 0.6856481481481481 0.37421875 0.7023148148148148 0.37057291666666664 0.7175925925925926 0.36432291666666666 0.7199074074074074 0.35234375 0.7189814814814814 0.35130208333333335 0.7092592592592593 0.3578125 0.6824074074074075 0.36276041666666664 0.6763888888888889 0.37005208333333334 0.6754629629629629
1 0.46432291666666664 0.5564814814814815 0.465625 0.5722222222222222 0.4635416666666667 0.575462962962963 0.45546875 0.5740740740740741 0.4544270833333333 0.5671296296296297 0.45598958333333334 0.5564814814814815 0.4640625 0.5564814814814815
1 0.4432291666666667 0.412962962962963 0.44453125 0.4148148148148148 0.44244791666666666 0.42314814814814816 0.4361979166666667 0.4203703703703704 0.4375 0.4148148148148148 0.44296875 0.412962962962963
2 0.41484375 0.5467592592592593 0.41484375 0.5328703703703703 0.4171875 0.5314814814814814 0.4192708333333333 0.5337962962962963 0.41901041666666666 0.5435185185185185 0.41822916666666665 0.5476851851851852 0.41510416666666666 0.5467592592592593