4 0.46145833333333336 0.5453703703703704 0.46588541666666666 0.55 0.46588541666666666 0.5675925925925925 0.46432291666666664 0.5694444444444444 0.4552083333333333 0.5675925925925925 0.45598958333333334 0.5504629629629629 0.45729166666666665 0.5467592592592593 0.46119791666666665 0.5453703703703704
4 0.029427083333333333 0.8518518518518519 0.03984375 0.8518518518518519 0.0421875 0.8555555555555555 0.04453125 0.8842592592592593 0.04010416666666667 0.9037037037037037 0.040625 0.9111111111111111 0.03411458333333333 0.9259259259259259 0.023958333333333335 0.937962962962963 0.0125 0.9648148148148148 0.0015625 0.9782407407407407 0 0.9782407407407407 0 0.8703703703703703 0.010416666666666666 0.8583333333333333 0.029166666666666667 0.8518518518518519
4 0.12682291666666667 0.9074074074074074 0.13098958333333333 0.9115740740740741 0.13177083333333334 0.9324074074074075 0.13411458333333334 0.9356481481481481 0.13151041666666666 0.9416666666666667 0.13151041666666666 0.962037037037037 0.12083333333333333 0.9810185185185185 0.10677083333333333 0.9953703703703703 0.07369791666666667 0.9925925925925926 0.0734375 0.9393518518518519 0.09375 0.9143518518518519 0.11015625 0.9125 0.11276041666666667 0.9087962962962963 0.12317708333333334 0.9120370370370371 0.12369791666666667 0.9078703703703703 0.1265625 0.9074074074074074
4 0.42994791666666665 0.4310185185185185 0.43463541666666666 0.4375 0.4356770833333333 0.45092592592592595 0.43515625 0.4564814814814815 0.42864583333333334 0.45787037037037037 0.4236979166666667 0.44907407407407407 0.4234375 0.43796296296296294 0.425 0.4324074074074074 0.4296875 0.4310185185185185
4 0.43385416666666665 0.4097222222222222 0.4359375 0.4115740740740741 0.43645833333333334 0.4217592592592593 0.43333333333333335 0.4273148148148148 0.42864583333333334 0.4263888888888889 0.428125 0.41805555555555557 0.42994791666666665 0.4115740740740741 0.43359375 0.4097222222222222
3 0.43046875 0.4324074074074074 0.4348958333333333 0.4393518518518518 0.4354166666666667 0.45416666666666666 0.42916666666666664 0.45787037037037037 0.42526041666666664 0.4550925925925926 0.4231770833333333 0.4398148148148148 0.42526041666666664 0.43194444444444446 0.43020833333333336 0.4324074074074074
1 0.40546875 0.8305555555555556 0.40546875 0.8481481481481481 0.40260416666666665 0.8694444444444445 0.4010416666666667 0.8740740740740741 0.39765625 0.875462962962963 0.37994791666666666 0.8731481481481481 0.37994791666666666 0.8555555555555555 0.3828125 0.8314814814814815 0.39296875 0.8268518518518518 0.40520833333333334 0.8305555555555556
1 0.55703125 0.5694444444444444 0.5708333333333333 0.5787037037037037 0.5729166666666666 0.5847222222222223 0.57109375 0.5893518518518519 0.5471354166666667 0.5851851851851851 0.54609375 0.5777777777777777 0.55 0.5708333333333333 0.5567708333333333 0.5694444444444444
1 0.4583333333333333 0.6398148148148148 0.46171875 0.6435185185185185 0.46145833333333336 0.6620370370370371 0.45989583333333334 0.6648148148148149 0.4479166666666667 0.6620370370370371 0.44947916666666665 0.6421296296296296 0.453125 0.6388888888888888 0.45807291666666666 0.6398148148148148
1 0.4153645833333333 0.950462962962963 0.42526041666666664 0.9537037037037037 0.4276041666666667 0.9592592592592593 0.4234375 0.999537037037037 0.39427083333333335 0.999537037037037 0.39869791666666665 0.9680555555555556 0.3966145833333333 0.9597222222222223 0.4044270833333333 0.9518518518518518 0.41510416666666666 0.950462962962963
1 0.32760416666666664 0.9217592592592593 0.33151041666666664 0.9236111111111112 0.3359375 0.9319444444444445 0.33828125 0.9564814814814815 0.328125 0.9912037037037037 0.3229166666666667 0.999537037037037 0.296875 0.999537037037037 0.29661458333333335 0.9939814814814815 0.30026041666666664 0.975925925925926 0.29973958333333334 0.9671296296296297 0.31276041666666665 0.9324074074074075 0.31796875 0.9236111111111112 0.32734375 0.9217592592592593
1 0.390625 0.6967592592592593 0.39791666666666664 0.7023148148148148 0.39947916666666666 0.7171296296296297 0.3953125 0.7379629629629629 0.3890625 0.7412037037037037 0.378125 0.7398148148148148 0.3765625 0.7305555555555555 0.38359375 0.7023148148148148 0.39036458333333335 0.6967592592592593
1 0.42291666666666666 0.6995370370370371 0.43307291666666664 0.7046296296296296 0.4309895833333333 0.7305555555555555 0.42864583333333334 0.7356481481481482 0.41432291666666665 0.7356481481481482 0.4127604166666667 0.7328703703703704 0.41484375 0.7060185185185185 0.41822916666666665 0.7 0.42265625 0.6995370370370371
1 0.4078125 0.586574074074074 0.41119791666666666 0.5916666666666667 0.41171875 0.6087962962962963 0.4078125 0.6171296296296296 0.39947916666666666 0.6175925925925926 0.39505208333333336 0.6143518518518518 0.39609375 0.5995370370370371 0.40078125 0.5879629629629629 0.4075520833333333 0.586574074074074
2 0.2864583333333333 0.9407407407407408 0.29401041666666666 0.9416666666666667 0.2955729166666667 0.950462962962963 0.2947916666666667 0.9592592592592593 0.28958333333333336 0.975925925925926 0.2864583333333333 0.9777777777777777 0.2864583333333333 0.9412037037037037
2 0.32526041666666666 0.7402777777777778 0.32447916666666665 0.7615740740740741 0.32109375 0.7666666666666667 0.31744791666666666 0.7657407407407407 0.3182291666666667 0.7490740740740741 0.32109375 0.7407407407407407 0.325 0.7402777777777778
2 0.42526041666666664 0.5078703703703704 0.42864583333333334 0.5078703703703704 0.42942708333333335 0.5106481481481482 0.42864583333333334 0.5217592592592593 0.42578125 0.5208333333333334 0.42526041666666664 0.5083333333333333