4 0.45416666666666666 0.4354166666666667 0.009375 0.014351851851851852
4 0.42864583333333334 0.4425925925925926 0.43645833333333334 0.449537037037037 0.4395833333333333 0.4625 0.43697916666666664 0.4842592592592593 0.4244791666666667 0.4861111111111111 0.42109375 0.4564814814814815 0.42864583333333334 0.44305555555555554
4 0.46640625 0.5023148148148148 0.46796875 0.5087962962962963 0.46536458333333336 0.5189814814814815 0.46197916666666666 0.5189814814814815 0.46015625 0.5152777777777777 0.4627604166666667 0.5018518518518519 0.4661458333333333 0.5023148148148148
4 0 0.7384259259259259 0.019010416666666665 0.7337962962962963 0.021614583333333333 0.7444444444444445 0.029427083333333333 0.7550925925925925 0.03125 0.7773148148148148 0.030989583333333334 0.7930555555555555 0.025520833333333333 0.8 0.020052083333333335 0.8 0.016145833333333335 0.7953703703703704 0.00390625 0.799537037037037 0 0.7953703703703704 0 0.7388888888888889
4 0.015885416666666666 0.6523148148148148 0.01953125 0.6546296296296297 0.021354166666666667 0.6722222222222223 0.020572916666666666 0.7050925925925926 0.015364583333333333 0.7171296296296297 0.0015625 0.7287037037037037 0 0.7287037037037037 0 0.6532407407407408 0.015625 0.6523148148148148
4 0.39609375 0.7157407407407408 0.4041666666666667 0.7175925925925926 0.409375 0.7240740740740741 0.4083333333333333 0.762962962962963 0.4015625 0.7685185185185185 0.4049479166666667 0.774074074074074 0.40234375 0.7930555555555555 0.390625 0.8046296296296296 0.37838541666666664 0.8041666666666667 0.371875 0.7935185185185185 0.37213541666666666 0.7652777777777777 0.37890625 0.7620370370370371 0.37786458333333334 0.7578703703703704 0.3723958333333333 0.7550925925925925 0.371875 0.7509259259259259 0.38255208333333335 0.7208333333333333 0.3890625 0.7162037037037037 0.3958333333333333 0.7157407407407408
4 0.30364583333333334 0.7189814814814814 0.30703125 0.7245370370370371 0.3106770833333333 0.7245370370370371 0.31145833333333334 0.7337962962962963 0.30885416666666665 0.7476851851851852 0.30364583333333334 0.7560185185185185 0.30104166666666665 0.7546296296296297 0.3 0.725925925925926 0.30364583333333334 0.7194444444444444
4 0.43203125 0.4111111111111111 0.4390625 0.41805555555555557 0.43697916666666664 0.42453703703703705 0.43203125 0.42407407407407405 0.43203125 0.4115740740740741
4 0.09244791666666667 0.700462962962963 0.10963541666666667 0.7027777777777777 0.11067708333333333 0.7518518518518519 0.09479166666666666 0.7537037037037037 0.07734375 0.7699074074074074 0.0640625 0.7708333333333334 0.06171875 0.7564814814814815 0.06302083333333333 0.7412037037037037 0.06067708333333333 0.7324074074074074 0.0578125 0.7430555555555556 0.05755208333333333 0.7736111111111111 0.04791666666666667 0.7685185185185185 0.05 0.7166666666666667 0.053385416666666664 0.7138888888888889 0.06067708333333333 0.7148148148148148 0.06276041666666667 0.7060185185185185 0.06848958333333334 0.7027777777777777 0.0921875 0.700462962962963
4 0.42942708333333335 0.5370370370370371 0.4356770833333333 0.5430555555555555 0.4356770833333333 0.549537037037037 0.43333333333333335 0.5634259259259259 0.42890625 0.5671296296296297 0.41822916666666665 0.5666666666666667 0.41692708333333334 0.5527777777777778 0.42083333333333334 0.5393518518518519 0.42916666666666664 0.5370370370370371
4 0.44869791666666664 0.4212962962962963 0.4505208333333333 0.42916666666666664 0.4479166666666667 0.4324074074074074 0.44375 0.4305555555555556 0.4427083333333333 0.42453703703703705 0.4453125 0.42083333333333334 0.4484375 0.4212962962962963
4 0.11692708333333333 0.7541666666666667 0.12317708333333334 0.7574074074074074 0.12005208333333334 0.7643518518518518 0.08151041666666667 0.8 0.07864583333333333 0.7967592592592593 0.0765625 0.7851851851851852 0.08072916666666667 0.7689814814814815 0.08411458333333334 0.7638888888888888 0.09609375 0.7541666666666667 0.11666666666666667 0.7541666666666667
4 0.41822916666666665 0.4115740740740741 0.41875 0.42083333333333334 0.41692708333333334 0.4236111111111111 0.41119791666666666 0.42314814814814816 0.40963541666666664 0.4162037037037037 0.4114583333333333 0.4111111111111111 0.41796875 0.4115740740740741
1 0.4234375 0.6037037037037037 0.42552083333333335 0.6069444444444444 0.42552083333333335 0.6162037037037037 0.42421875 0.6300925925925925 0.42213541666666665 0.6328703703703704 0.4078125 0.6328703703703704 0.40598958333333335 0.6300925925925925 0.40598958333333335 0.6226851851851852 0.4083333333333333 0.6050925925925926 0.4153645833333333 0.6023148148148149 0.4231770833333333 0.6037037037037037
1 0.4544270833333333 0.4287037037037037 0.45677083333333335 0.42962962962962964 0.45859375 0.4393518518518518 0.45338541666666665 0.44212962962962965 0.44973958333333336 0.43657407407407406 0.45416666666666666 0.4287037037037037
1 0.35989583333333336 0.5592592592592592 0.37473958333333335 0.5671296296296297 0.375 0.5777777777777777 0.3458333333333333 0.5828703703703704 0.3411458333333333 0.5810185185185185 0.3380208333333333 0.5717592592592593 0.33958333333333335 0.5675925925925925 0.34869791666666666 0.5597222222222222 0.35963541666666665 0.5592592592592592
1 0.45989583333333334 0.4425925925925926 0.4630208333333333 0.45 0.46067708333333335 0.4550925925925926 0.45416666666666666 0.4527777777777778 0.4552083333333333 0.4444444444444444 0.4596354166666667 0.4425925925925926
1 0.4322916666666667 0.41203703703703703 0.43776041666666665 0.4148148148148148 0.43854166666666666 0.42268518518518516 0.43203125 0.4236111111111111 0.43203125 0.4125
1 0.4473958333333333 0.42083333333333334 0.44947916666666665 0.4217592592592593 0.4505208333333333 0.42824074074074076 0.4479166666666667 0.43194444444444446 0.44296875 0.42777777777777776 0.4440104166666667 0.4217592592592593 0.4471354166666667 0.42083333333333334
2 0.4078125 0.49166666666666664 0.4078125 0.48009259259259257 0.40989583333333335 0.47824074074074074 0.41171875 0.48009259259259257 0.41171875 0.48935185185185187 0.4080729166666667 0.49166666666666664
2 0.46432291666666664 0.5018518518518519 0.46770833333333334 0.5074074074074074 0.46536458333333336 0.5189814814814815 0.46041666666666664 0.5166666666666667 0.4640625 0.5018518518518519
2 0.38359375 0.5231481481481481 0.38645833333333335 0.525 0.38723958333333336 0.5296296296296297 0.38697916666666665 0.5398148148148149 0.38203125 0.5398148148148149 0.38359375 0.5236111111111111
2 0.2877604166666667 0.7018518518518518 0.28984375 0.7050925925925926 0.28802083333333334 0.7203703703703703 0.2796875 0.7282407407407407 0.2794270833333333 0.7037037037037037 0.2875 0.7018518518518518
2 0.30026041666666664 0.7231481481481481 0.3104166666666667 0.7268518518518519 0.3109375 0.7328703703703704 0.31015625 0.7439814814814815 0.30442708333333335 0.7550925925925925 0.3015625 0.7550925925925925 0.30026041666666664 0.7236111111111111
2 0.3106770833333333 0.6087962962962963 0.3125 0.625462962962963 0.3078125 0.6337962962962963 0.3046875 0.6305555555555555 0.30520833333333336 0.6194444444444445 0.30703125 0.6106481481481482 0.3104166666666667 0.6087962962962963
2 0.32526041666666666 0.6662037037037037 0.32760416666666664 0.6712962962962963 0.32760416666666664 0.6800925925925926 0.32447916666666665 0.6912037037037037 0.321875 0.6925925925925925 0.31953125 0.687962962962963 0.31927083333333334 0.6717592592592593 0.32109375 0.6662037037037037 0.325 0.6662037037037037
2 0.4427083333333333 0.5217592592592593 0.4453125 0.5263888888888889 0.4453125 0.538425925925926 0.4421875 0.5398148148148149 0.44088541666666664 0.5365740740740741 0.440625 0.5273148148148148 0.44244791666666666 0.5222222222222223
2 0.403515625 0.5196759259259259 0.0049479166666666664 0.016203703703703703