4 0.4669270833333333 0.5606481481481481 0.46458333333333335 0.5546296296296296 0.46484375 0.5444444444444444 0.4671875 0.5425925925925926 0.46927083333333336 0.5462962962962963 0.46901041666666665 0.5564814814814815 0.4671875 0.5601851851851852
4 0.51328125 0.5050925925925925 0.51796875 0.5120370370370371 0.5182291666666666 0.5185185185185185 0.515625 0.5217592592592593 0.49453125 0.5199074074074074 0.49244791666666665 0.5157407407407407 0.4947916666666667 0.5074074074074074 0.5130208333333334 0.5050925925925925
4 0.37395833333333334 0.6949074074074074 0.3765625 0.7018518518518518 0.3765625 0.7208333333333333 0.37057291666666664 0.7449074074074075 0.36640625 0.7486111111111111 0.35390625 0.7490740740740741 0.35104166666666664 0.7449074074074075 0.35078125 0.7324074074074074 0.35572916666666665 0.7055555555555556 0.3611979166666667 0.6953703703703704 0.3736979166666667 0.6949074074074074
4 0.16927083333333334 0.8268518518518518 0.17317708333333334 0.8305555555555556 0.17447916666666666 0.836574074074074 0.17552083333333332 0.8759259259259259 0.17161458333333332 0.8851851851851852 0.15338541666666666 0.9074074074074074 0.15078125 0.9074074074074074 0.14739583333333334 0.8972222222222223 0.14401041666666667 0.9037037037037037 0.1296875 0.9050925925925926 0.12369791666666667 0.9013888888888889 0.12291666666666666 0.8587962962962963 0.13776041666666666 0.8347222222222223 0.15494791666666666 0.8314814814814815 0.16119791666666666 0.8263888888888888 0.16901041666666666 0.8268518518518518
4 0.46796875 0.44537037037037036 0.4708333333333333 0.449537037037037 0.4708333333333333 0.462037037037037 0.4640625 0.46574074074074073 0.46041666666666664 0.46296296296296297 0.4596354166666667 0.4527777777777778 0.4622395833333333 0.44722222222222224 0.46770833333333334 0.44537037037037036
4 0.47734375 0.4740740740740741 0.4825520833333333 0.4842592592592593 0.48333333333333334 0.4981481481481482 0.47578125 0.4986111111111111 0.47265625 0.49583333333333335 0.47421875 0.4810185185185185 0.47708333333333336 0.47453703703703703
4 0.025 0.9296296296296296 0.03567708333333333 0.9412037037037037 0.03984375 0.9657407407407408 0.05026041666666667 0.961574074074074 0.054947916666666666 0.9671296296296297 0.05625 0.9944444444444445 0.048177083333333336 0.999537037037037 0 0.9976851851851852 0 0.9342592592592592 0.024739583333333332 0.9296296296296296
4 0.43776041666666665 0.43425925925925923 0.44114583333333335 0.4351851851851852 0.44427083333333334 0.44212962962962965 0.4390625 0.44722222222222224 0.43385416666666665 0.44351851851851853 0.43411458333333336 0.4356481481481482 0.4375 0.43425925925925923
4 0.453125 0.4638888888888889 0.4552083333333333 0.4736111111111111 0.45338541666666665 0.47685185185185186 0.4473958333333333 0.4740740740740741 0.44921875 0.46574074074074073 0.45286458333333335 0.4638888888888889
4 0.050520833333333334 0.7814814814814814 0.0546875 0.7930555555555555 0.05364583333333333 0.8004629629629629 0.021875 0.837037037037037 0.015364583333333333 0.85 0.010677083333333334 0.8537037037037037 0.00625 0.850925925925926 0.0049479166666666664 0.8314814814814815 0 0.825462962962963 0 0.8087962962962963 0.02890625 0.7847222222222222 0.05026041666666667 0.7814814814814814
4 0.10234375 0.8949074074074074 0.11354166666666667 0.9078703703703703 0.11640625 0.9351851851851852 0.11927083333333334 0.9393518518518519 0.12526041666666668 0.9351851851851852 0.1296875 0.9388888888888889 0.12994791666666666 0.9486111111111111 0.12317708333333334 0.9662037037037037 0.1203125 0.9685185185185186 0.1125 0.9662037037037037 0.10911458333333333 0.9736111111111111 0.10651041666666666 0.9930555555555556 0.09661458333333334 0.999537037037037 0.08541666666666667 0.9958333333333333 0.06067708333333333 0.9958333333333333 0.057291666666666664 0.9879629629629629 0.05755208333333333 0.9263888888888889 0.06666666666666667 0.899537037037037 0.0703125 0.8958333333333334 0.0890625 0.8981481481481481 0.10208333333333333 0.8953703703703704
4 0.42291666666666666 0.6046296296296296 0.42421875 0.6134259259259259 0.42265625 0.6365740740740741 0.42135416666666664 0.6407407407407407 0.4166666666666667 0.6430555555555556 0.4078125 0.6425925925925926 0.4078125 0.6185185185185185 0.4109375 0.6055555555555555 0.42265625 0.6046296296296296
4 0.48072916666666665 0.45694444444444443 0.48333333333333334 0.4652777777777778 0.48333333333333334 0.4699074074074074 0.48072916666666665 0.47129629629629627 0.475 0.4671296296296296 0.4765625 0.4597222222222222 0.48046875 0.45694444444444443
4 0.4401041666666667 0.40925925925925927 0.44244791666666666 0.4162037037037037 0.440625 0.4212962962962963 0.4348958333333333 0.41898148148148145 0.4356770833333333 0.4101851851851852 0.43984375 0.40925925925925927
4 0.08333333333333333 0.7810185185185186 0.08828125 0.7814814814814814 0.09166666666666666 0.7865740740740741 0.09427083333333333 0.799537037037037 0.09348958333333333 0.8115740740740741 0.09010416666666667 0.8208333333333333 0.08802083333333334 0.8379629629629629 0.07916666666666666 0.850462962962963 0.06875 0.8759259259259259 0.046614583333333334 0.9018518518518519 0.016666666666666666 0.9041666666666667 0.011197916666666667 0.9004629629629629 0.009635416666666667 0.8893518518518518 0.003125 0.887962962962963 0.0018229166666666667 0.8824074074074074 0 0.8819444444444444 0 0.8736111111111111 0.002864583333333333 0.8694444444444445 0.00390625 0.8560185185185185 0.014583333333333334 0.85 0.024739583333333332 0.8319444444444445 0.044270833333333336 0.8115740740740741 0.05963541666666667 0.7875 0.06822916666666666 0.7819444444444444 0.08307291666666666 0.7810185185185186
4 0.4661458333333333 0.48564814814814816 0.46770833333333334 0.4875 0.46848958333333335 0.4981481481481482 0.4666666666666667 0.5018518518518519 0.46145833333333336 0.5027777777777778 0.45807291666666666 0.500462962962963 0.4583333333333333 0.4912037037037037 0.46015625 0.4861111111111111 0.46588541666666666 0.48564814814814816
4 0.4434895833333333 0.5777777777777777 0.44609375 0.5768518518518518 0.44765625 0.5847222222222223 0.4466145833333333 0.5949074074074074 0.44375 0.5949074074074074 0.4434895833333333 0.5782407407407407
4 0.171875 0.8939814814814815 0.18671875 0.8967592592592593 0.19010416666666666 0.9023148148148148 0.19088541666666667 0.9148148148148149 0.17916666666666667 0.9421296296296297 0.16822916666666668 0.9601851851851851 0.16484375 0.961574074074074 0.15442708333333333 0.9513888888888888 0.15286458333333333 0.9453703703703704 0.15234375 0.9199074074074074 0.15677083333333333 0.9046296296296297 0.16119791666666666 0.8976851851851851 0.17161458333333332 0.8939814814814815
4 0.4671875 0.4671296296296296 0.4713541666666667 0.4736111111111111 0.4705729166666667 0.4824074074074074 0.4674479166666667 0.4847222222222222 0.46119791666666665 0.48148148148148145 0.46197916666666666 0.46944444444444444 0.4669270833333333 0.4671296296296296
4 0.4640625 0.5861111111111111 0.46796875 0.5902777777777778 0.46796875 0.6087962962962963 0.45703125 0.611574074074074 0.45338541666666665 0.6087962962962963 0.4546875 0.5888888888888889 0.46380208333333334 0.5861111111111111
4 0.4427083333333333 0.37777777777777777 0.44453125 0.3824074074074074 0.44296875 0.38842592592592595 0.43697916666666664 0.387037037037037 0.43828125 0.3787037037037037 0.44244791666666666 0.37777777777777777
3 0.2140625 0.8671296296296296 0.215625 0.8694444444444445 0.21484375 0.8726851851851852 0.20729166666666668 0.8902777777777777 0.18020833333333333 0.937037037037037 0.17864583333333334 0.9430555555555555 0.16484375 0.9625 0.1546875 0.9527777777777777 0.15260416666666668 0.9458333333333333 0.15234375 0.9199074074074074 0.15729166666666666 0.9041666666666667 0.16432291666666668 0.8953703703703704 0.1734375 0.8921296296296296 0.18072916666666666 0.8796296296296297 0.18958333333333333 0.8708333333333333 0.20703125 0.8703703703703703 0.21380208333333334 0.8671296296296296
1 0.4453125 0.44722222222222224 0.4479166666666667 0.4564814814814815 0.44635416666666666 0.4625 0.4390625 0.4597222222222222 0.440625 0.44907407407407407 0.44505208333333335 0.44722222222222224
1 0.3268229166666667 0.9023148148148148 0.33151041666666664 0.9143518518518519 0.33177083333333335 0.9356481481481481 0.325 0.9578703703703704 0.32317708333333334 0.9708333333333333 0.31744791666666666 0.9773148148148149 0.30520833333333336 0.9777777777777777 0.3 0.9777777777777777 0.296875 0.9712962962962963 0.29921875 0.9393518518518519 0.3020833333333333 0.9356481481481481 0.31223958333333335 0.9041666666666667 0.3265625 0.9023148148148148
1 0.4466145833333333 0.43333333333333335 0.4510416666666667 0.4356481481481482 0.4515625 0.44212962962962965 0.44973958333333336 0.4439814814814815 0.4434895833333333 0.44212962962962965 0.44375 0.4356481481481482 0.44635416666666666 0.43333333333333335
1 0.44088541666666664 0.4351851851851852 0.44375 0.4425925925925926 0.43984375 0.44675925925925924 0.43463541666666666 0.44583333333333336 0.43385416666666665 0.4375 0.4354166666666667 0.43472222222222223 0.440625 0.4351851851851852
1 0.5130208333333334 0.5050925925925925 0.5166666666666667 0.5078703703703704 0.51796875 0.5125 0.51796875 0.5189814814814815 0.5153645833333333 0.5217592592592593 0.5033854166666667 0.5189814814814815 0.5020833333333333 0.5115740740740741 0.49921875 0.5189814814814815 0.49453125 0.5199074074074074 0.49244791666666665 0.5157407407407407 0.49505208333333334 0.5074074074074074 0.5127604166666667 0.5050925925925925
2 0.46822916666666664 0.5444444444444444 0.46927083333333336 0.5541666666666667 0.4674479166666667 0.5601851851851852 0.46484375 0.5569444444444445 0.46458333333333335 0.5476851851851852 0.465625 0.5439814814814815 0.46796875 0.5444444444444444
2 0.44609375 0.5777777777777777 0.44765625 0.5837962962962963 0.44609375 0.5962962962962963 0.44375 0.5949074074074074 0.44296875 0.5856481481481481 0.4434895833333333 0.5796296296296296 0.44583333333333336 0.5777777777777777