4 0.4328125 0.4305555555555556 0.4390625 0.4356481481481482 0.44088541666666664 0.4449074074074074 0.44036458333333334 0.4564814814814815 0.43385416666666665 0.45925925925925926 0.42864583333333334 0.4587962962962963 0.42682291666666666 0.44675925925925924 0.4278645833333333 0.4337962962962963 0.43255208333333334 0.4305555555555556
4 0.018489583333333334 0.7712962962962963 0.026822916666666665 0.7731481481481481 0.029427083333333333 0.7782407407407408 0.03125 0.7930555555555555 0.029427083333333333 0.8175925925925925 0.026041666666666668 0.8333333333333334 0.011979166666666667 0.8513888888888889 0.0015625 0.8717592592592592 0 0.8717592592592592 0 0.7736111111111111 0.018229166666666668 0.7712962962962963
4 0.11484375 0.8212962962962963 0.11979166666666667 0.8305555555555556 0.12005208333333334 0.8657407407407407 0.11666666666666667 0.8740740740740741 0.09192708333333334 0.9037037037037037 0.08489583333333334 0.8953703703703704 0.07447916666666667 0.899537037037037 0.07135416666666666 0.8912037037037037 0.06744791666666666 0.9013888888888889 0.06041666666666667 0.9004629629629629 0.05911458333333333 0.8972222222222223 0.059895833333333336 0.8490740740740741 0.06666666666666667 0.836574074074074 0.07447916666666667 0.8300925925925926 0.078125 0.8324074074074074 0.10651041666666666 0.8203703703703704 0.11458333333333333 0.8212962962962963
4 0.030729166666666665 0.888425925925926 0.043229166666666666 0.9074074074074074 0.06432291666666666 0.9078703703703703 0.06953125 0.9217592592592593 0.06927083333333334 0.950925925925926 0.057291666666666664 0.9675925925925926 0.050520833333333334 0.9740740740740741 0.046875 0.9722222222222222 0.0453125 0.9773148148148149 0.033854166666666664 0.9837962962962963 0.02734375 0.9935185185185185 0.019010416666666665 0.999537037037037 0 0.9972222222222222 0 0.8925925925925926 0.03046875 0.888425925925926
4 0.12760416666666666 0.8921296296296296 0.13255208333333332 0.9009259259259259 0.13098958333333333 0.9111111111111111 0.10260416666666666 0.9560185185185185 0.09713541666666667 0.9601851851851851 0.09114583333333333 0.9574074074074074 0.08619791666666667 0.9495370370370371 0.08671875 0.9324074074074075 0.09192708333333334 0.9111111111111111 0.0984375 0.899074074074074 0.10546875 0.8916666666666667 0.12734375 0.8921296296296296
4 0.46432291666666664 0.4828703703703704 0.46796875 0.487962962962963 0.46770833333333334 0.4976851851851852 0.465625 0.49953703703703706 0.45859375 0.4981481481481482 0.4596354166666667 0.48564814814814816 0.4640625 0.4828703703703704
4 0.43854166666666666 0.6990740740740741 0.008333333333333333 0.02962962962962963
1 0.4466145833333333 0.513425925925926 0.44947916666666665 0.5157407407407407 0.45 0.5212962962962963 0.44947916666666665 0.5314814814814814 0.44765625 0.5333333333333333 0.43984375 0.5328703703703703 0.43854166666666666 0.5300925925925926 0.4390625 0.5171296296296296 0.44635416666666666 0.513425925925926
1 0.4484375 0.48333333333333334 0.4510416666666667 0.49027777777777776 0.44947916666666665 0.500462962962963 0.44244791666666666 0.5 0.44088541666666664 0.49537037037037035 0.4427083333333333 0.4847222222222222 0.44817708333333334 0.48333333333333334
1 0.44947916666666665 0.5893518518518519 0.45260416666666664 0.5949074074074074 0.45286458333333335 0.6125 0.45078125 0.6162037037037037 0.44140625 0.6162037037037037 0.4395833333333333 0.6134259259259259 0.43984375 0.5916666666666667 0.44921875 0.5893518518518519
1 0.4591145833333333 0.5328703703703703 0.46171875 0.5388888888888889 0.46015625 0.5541666666666667 0.44947916666666665 0.5537037037037037 0.4484375 0.5504629629629629 0.4513020833333333 0.5333333333333333 0.4588541666666667 0.5328703703703703
1 0.2794270833333333 0.8305555555555556 0.28671875 0.8333333333333334 0.28984375 0.8407407407407408 0.2908854166666667 0.8694444444444445 0.28932291666666665 0.8791666666666667 0.27786458333333336 0.9009259259259259 0.27578125 0.912962962962963 0.25390625 0.9157407407407407 0.24765625 0.9157407407407407 0.24427083333333333 0.9087962962962963 0.24479166666666666 0.8944444444444445 0.25 0.8800925925925925 0.25078125 0.8703703703703703 0.2682291666666667 0.8342592592592593 0.2791666666666667 0.8305555555555556
1 0.3458333333333333 0.6199074074074075 0.35572916666666665 0.624537037037037 0.359375 0.6310185185185185 0.35911458333333335 0.6370370370370371 0.35703125 0.6402777777777777 0.34921875 0.6425925925925926 0.34479166666666666 0.6412037037037037 0.34088541666666666 0.6328703703703704 0.34036458333333336 0.6231481481481481 0.3455729166666667 0.6199074074074075
2 0.4390625 0.6861111111111111 0.4421875 0.6925925925925925 0.4390625 0.7134259259259259 0.4356770833333333 0.712037037037037 0.434375 0.6981481481481482 0.4356770833333333 0.6884259259259259 0.4388020833333333 0.6861111111111111
2 0.31484375 0.6828703703703703 0.31744791666666666 0.6861111111111111 0.31744791666666666 0.6986111111111111 0.3145833333333333 0.7064814814814815 0.3109375 0.7097222222222223 0.30859375 0.7064814814814815 0.30911458333333336 0.6953703703703704 0.3106770833333333 0.687037037037037 0.3145833333333333 0.6828703703703703
2 0.39401041666666664 0.5587962962962963 0.3966145833333333 0.5643518518518519 0.3953125 0.5763888888888888 0.3924479166666667 0.5773148148148148 0.390625 0.5694444444444444 0.39114583333333336 0.562962962962963 0.39375 0.5592592592592592