4 0.09765625 0.7759259259259259 0.10364583333333334 0.7763888888888889 0.10677083333333333 0.7925925925925926 0.10572916666666667 0.7958333333333333 0.09791666666666667 0.7967592592592593 0.0953125 0.7833333333333333 0.09348958333333333 0.8 0.08046875 0.8037037037037037 0.07421875 0.8009259259259259 0.075 0.7828703703703703 0.08177083333333333 0.7773148148148148 0.09739583333333333 0.7759259259259259
4 0.7721354166666666 0.7736111111111111 0.7760416666666666 0.7754629629629629 0.7739583333333333 0.7791666666666667 0.7776041666666667 0.7912037037037037 0.7880208333333333 0.7930555555555555 0.7911458333333333 0.7967592592592593 0.7924479166666667 0.8050925925925926 0.8059895833333334 0.8106481481481481 0.8033854166666666 0.8236111111111111 0.7877604166666666 0.8287037037037037 0.77890625 0.8282407407407407 0.7736979166666667 0.8245370370370371 0.7671875 0.8115740740740741 0.75859375 0.812037037037037 0.7549479166666667 0.8069444444444445 0.7481770833333333 0.8115740740740741 0.74453125 0.8083333333333333 0.7447916666666666 0.7907407407407407 0.7473958333333334 0.7805555555555556 0.7625 0.7731481481481481 0.771875 0.7736111111111111
4 0.4578125 0.6935185185185185 0.46119791666666665 0.6995370370370371 0.46067708333333335 0.7078703703703704 0.45338541666666665 0.7143518518518519 0.4518229166666667 0.7134259259259259 0.4513020833333333 0.6995370370370371 0.453125 0.6935185185185185 0.45755208333333336 0.6935185185185185
4 0.4505208333333333 0.7625 0.45260416666666664 0.7671296296296296 0.45286458333333335 0.7796296296296297 0.45 0.7865740740740741 0.4471354166666667 0.7847222222222222 0.4432291666666667 0.7689814814814815 0.44453125 0.7648148148148148 0.45026041666666666 0.7625
4 0.23229166666666667 0.8597222222222223 0.24557291666666667 0.8712962962962963 0.24609375 0.8888888888888888 0.24192708333333332 0.9101851851851852 0.22630208333333332 0.9143518518518519 0.22057291666666667 0.9291666666666667 0.20911458333333333 0.9268518518518518 0.18567708333333333 0.9319444444444445 0.17916666666666667 0.9287037037037037 0.17734375 0.9175925925925926 0.1796875 0.9032407407407408 0.18776041666666668 0.8824074074074074 0.20572916666666666 0.8625 0.23203125 0.8597222222222223
4 0.34817708333333336 0.763425925925926 0.3497395833333333 0.7652777777777777 0.3502604166666667 0.7791666666666667 0.3458333333333333 0.7953703703703704 0.3307291666666667 0.7939814814814815 0.3296875 0.7842592592592592 0.33255208333333336 0.7652777777777777 0.33828125 0.7625 0.34791666666666665 0.763425925925926
4 0.33203125 0.7953703703703704 0.33828125 0.7967592592592593 0.3421875 0.8037037037037037 0.34401041666666665 0.8106481481481481 0.3421875 0.8268518518518518 0.33177083333333335 0.8351851851851851 0.31197916666666664 0.837037037037037 0.30807291666666664 0.8347222222222223 0.3078125 0.8277777777777777 0.31328125 0.8060185185185185 0.32083333333333336 0.7972222222222223 0.33177083333333335 0.7953703703703704
4 0.46875 0.7013888888888888 0.47161458333333334 0.7055555555555556 0.4705729166666667 0.7217592592592592 0.465625 0.7212962962962963 0.46328125 0.7157407407407408 0.46380208333333334 0.7060185185185185 0.46848958333333335 0.7013888888888888
4 0.4322916666666667 0.6763888888888889 0.4359375 0.6819444444444445 0.4361979166666667 0.6888888888888889 0.43385416666666665 0.6962962962962963 0.42942708333333335 0.6986111111111111 0.42473958333333334 0.6962962962962963 0.4244791666666667 0.6819444444444445 0.428125 0.6768518518518518 0.43203125 0.6763888888888889
4 0.42942708333333335 0.7027777777777777 0.4395833333333333 0.7097222222222223 0.43984375 0.7134259259259259 0.4356770833333333 0.7180555555555556 0.41848958333333336 0.7166666666666667 0.41822916666666665 0.7106481481481481 0.42083333333333334 0.7064814814814815 0.42916666666666664 0.7027777777777777
4 0.4205729166666667 0.7625 0.4234375 0.7657407407407407 0.4236979166666667 0.7759259259259259 0.41848958333333336 0.7819444444444444 0.40625 0.7810185185185186 0.40572916666666664 0.7685185185185185 0.40729166666666666 0.7601851851851852 0.40989583333333335 0.7569444444444444 0.4171875 0.7574074074074074 0.4203125 0.7625
4 0.45338541666666665 0.7097222222222223 0.4557291666666667 0.712037037037037 0.45703125 0.7208333333333333 0.45651041666666664 0.7240740740740741 0.453125 0.725462962962963 0.44296875 0.7203703703703703 0.44479166666666664 0.7125 0.453125 0.7097222222222223
4 0.3731770833333333 0.749537037037037 0.37447916666666664 0.7532407407407408 0.3731770833333333 0.7643518518518518 0.35963541666666665 0.7759259259259259 0.3578125 0.7754629629629629 0.3578125 0.7638888888888888 0.36041666666666666 0.7555555555555555 0.36432291666666666 0.7509259259259259 0.3729166666666667 0.749537037037037
4 0.29713541666666665 0.8953703703703704 0.32578125 0.8976851851851851 0.3296875 0.9009259259259259 0.33203125 0.9106481481481481 0.33515625 0.9148148148148149 0.3333333333333333 0.9333333333333333 0.33828125 0.9388888888888889 0.33828125 0.9699074074074074 0.3359375 0.9837962962962963 0.33489583333333334 0.9875 0.33177083333333335 0.9884259259259259 0.32786458333333335 0.9851851851851852 0.31953125 0.9958333333333333 0.31276041666666665 0.999537037037037 0.24453125 0.999537037037037 0.24401041666666667 0.9518518518518518 0.24635416666666668 0.9356481481481481 0.2825520833333333 0.899537037037037 0.296875 0.8953703703703704
3 0.40182291666666664 0.737037037037037 0.4044270833333333 0.7412037037037037 0.40625 0.7527777777777778 0.4044270833333333 0.8143518518518519 0.40078125 0.8208333333333333 0.3966145833333333 0.8217592592592593 0.39166666666666666 0.8351851851851851 0.3875 0.8375 0.3802083333333333 0.8328703703703704 0.365625 0.8328703703703704 0.35520833333333335 0.836574074074074 0.3502604166666667 0.8245370370370371 0.34817708333333336 0.8092592592592592 0.3497395833333333 0.7870370370370371 0.35520833333333335 0.7787037037037037 0.37109375 0.7675925925925926 0.37395833333333334 0.7611111111111111 0.37447916666666664 0.7486111111111111 0.3768229166666667 0.7402777777777778 0.38828125 0.736574074074074 0.4015625 0.737037037037037
1 0.4546875 0.7111111111111111 0.45703125 0.7203703703703703 0.45390625 0.7245370370370371 0.44557291666666665 0.7231481481481481 0.4434895833333333 0.7185185185185186 0.44635416666666666 0.7111111111111111 0.4544270833333333 0.7111111111111111
2 0.45026041666666666 0.762962962962963 0.45260416666666664 0.7685185185185185 0.45286458333333335 0.7777777777777778 0.45 0.7865740740740741 0.4471354166666667 0.7847222222222222 0.44375 0.7689814814814815 0.4453125 0.7643518518518518 0.45 0.762962962962963