4 0.46380208333333334 0.5388888888888889 0.4661458333333333 0.5430555555555555 0.4661458333333333 0.5504629629629629 0.4635416666666667 0.5560185185185185 0.46015625 0.5546296296296296 0.459375 0.5504629629629629 0.46041666666666664 0.5412037037037037 0.4635416666666667 0.5388888888888889
4 0.10677083333333333 0.7555555555555555 0.11171875 0.7583333333333333 0.09895833333333333 0.7731481481481481 0.07135416666666666 0.7930555555555555 0.06979166666666667 0.7898148148148149 0.07109375 0.7796296296296297 0.0734375 0.7694444444444445 0.07708333333333334 0.7643518518518518 0.08932291666666667 0.7550925925925925 0.10651041666666666 0.7555555555555555
4 0.42916666666666664 0.6296296296296297 0.4328125 0.6365740740740741 0.43125 0.663425925925926 0.428125 0.6736111111111112 0.421875 0.6796296296296296 0.41302083333333334 0.6787037037037037 0.4083333333333333 0.6722222222222223 0.409375 0.6421296296296296 0.4140625 0.6296296296296297 0.42890625 0.6296296296296297
4 0.43307291666666664 0.48333333333333334 0.43645833333333334 0.4912037037037037 0.43255208333333334 0.49537037037037035 0.42864583333333334 0.49444444444444446 0.4270833333333333 0.4875 0.42890625 0.4837962962962963 0.4328125 0.48333333333333334
4 0.10234375 0.7050925925925926 0.10442708333333334 0.7092592592592593 0.10364583333333334 0.7537037037037037 0.08359375 0.7569444444444444 0.07395833333333333 0.7680555555555556 0.07109375 0.7782407407407408 0.06875 0.7712962962962963 0.06276041666666667 0.7648148148148148 0.06067708333333333 0.7574074074074074 0.05520833333333333 0.7560185185185185 0.05364583333333333 0.7291666666666666 0.04973958333333333 0.7412037037037037 0.04869791666666667 0.7726851851851851 0.047135416666666666 0.7759259259259259 0.04244791666666667 0.774074074074074 0.04114583333333333 0.7537037037037037 0.04296875 0.7273148148148149 0.046614583333333334 0.7245370370370371 0.050520833333333334 0.725925925925926 0.05520833333333333 0.7194444444444444 0.07421875 0.7064814814814815 0.10208333333333333 0.7050925925925926
4 0.10729166666666666 0.9412037037037037 0.11328125 0.9458333333333333 0.11354166666666667 0.9578703703703704 0.11848958333333333 0.9634259259259259 0.11510416666666666 0.9671296296296297 0.11276041666666667 0.9777777777777777 0.10833333333333334 0.9810185185185185 0.09895833333333333 0.9958333333333333 0.0953125 0.9921296296296296 0.09661458333333334 0.9694444444444444 0.09505208333333333 0.9569444444444445 0.09895833333333333 0.9430555555555555 0.10703125 0.9412037037037037
4 0.4390625 0.5370370370370371 0.44375 0.5421296296296296 0.4440104166666667 0.5527777777777778 0.44244791666666666 0.5560185185185185 0.4356770833333333 0.5569444444444445 0.43125 0.5550925925925926 0.43072916666666666 0.5435185185185185 0.43333333333333335 0.537962962962963 0.4388020833333333 0.5370370370370371
4 0.41953125 0.4675925925925926 0.42291666666666666 0.47453703703703703 0.42239583333333336 0.47962962962962963 0.4200520833333333 0.4810185185185185 0.4140625 0.4773148148148148 0.4153645833333333 0.4708333333333333 0.4192708333333333 0.4675925925925926
4 0.42265625 0.4986111111111111 0.4315104166666667 0.5115740740740741 0.43046875 0.5291666666666667 0.42734375 0.5412037037037037 0.41770833333333335 0.5430555555555555 0.4127604166666667 0.5407407407407407 0.4109375 0.5194444444444445 0.41328125 0.5083333333333333 0.41796875 0.500462962962963 0.42239583333333336 0.4986111111111111
1 0.4471354166666667 0.48055555555555557 0.44921875 0.47453703703703703 0.453125 0.47453703703703703 0.4552083333333333 0.48055555555555557 0.4544270833333333 0.48518518518518516 0.44921875 0.48564814814814816 0.4473958333333333 0.4810185185185185
1 0.4322916666666667 0.5745370370370371 0.43645833333333334 0.5777777777777777 0.43723958333333335 0.5953703703703703 0.4359375 0.5981481481481481 0.421875 0.5953703703703703 0.4236979166666667 0.5782407407407407 0.43203125 0.5745370370370371
1 0.4192708333333333 0.4685185185185185 0.421875 0.47129629629629627 0.42265625 0.4777777777777778 0.41875 0.4810185185185185 0.4140625 0.47685185185185186 0.41640625 0.4699074074074074 0.41901041666666666 0.4685185185185185
1 0.43203125 0.4824074074074074 0.4356770833333333 0.4875 0.4359375 0.4925925925925926 0.43255208333333334 0.4949074074074074 0.4278645833333333 0.4925925925925926 0.42734375 0.48703703703703705 0.4317708333333333 0.4828703703703704
1 0.365625 0.5875 0.3815104166666667 0.5953703703703703 0.38307291666666665 0.5986111111111111 0.38177083333333334 0.6064814814814815 0.3765625 0.6097222222222223 0.35885416666666664 0.6083333333333333 0.35234375 0.6111111111111112 0.3458333333333333 0.6064814814814815 0.34479166666666666 0.5976851851851852 0.35572916666666665 0.5884259259259259 0.3653645833333333 0.5875
2 0.4505208333333333 0.5393518518518519 0.44973958333333336 0.5291666666666667 0.45260416666666664 0.5254629629629629 0.45416666666666666 0.5365740740740741 0.45286458333333335 0.5402777777777777 0.45078125 0.5393518518518519
2 0.11015625 0.9416666666666667 0.11354166666666667 0.9458333333333333 0.11432291666666666 0.9583333333333334 0.11953125 0.961574074074074 0.11953125 0.9657407407407408 0.09895833333333333 0.9958333333333333 0.0953125 0.9916666666666667 0.09661458333333334 0.9699074074074074 0.09505208333333333 0.9569444444444445 0.09869791666666666 0.9425925925925925 0.10989583333333333 0.9416666666666667
2 0.39401041666666664 0.5467592592592593 0.39609375 0.5527777777777778 0.39453125 0.5638888888888889 0.3921875 0.5638888888888889 0.39088541666666665 0.5597222222222222 0.39088541666666665 0.5532407407407407 0.39375 0.5472222222222223
2 0.39010416666666664 0.5652777777777778 0.39114583333333336 0.5814814814814815 0.38723958333333336 0.5842592592592593 0.3859375 0.5675925925925925 0.38697916666666665 0.5643518518518519 0.38984375 0.5652777777777778
2 0.2078125 0.8379629629629629 0.21197916666666666 0.8453703703703703 0.215625 0.8643518518518518 0.21276041666666667 0.8726851851851852 0.203125 0.8861111111111111 0.20130208333333333 0.8824074074074074 0.20104166666666667 0.8574074074074074 0.20260416666666667 0.8416666666666667 0.20755208333333333 0.8379629629629629
2 0.3072916666666667 0.6342592592592593 0.3106770833333333 0.6407407407407407 0.30911458333333336 0.6532407407407408 0.30364583333333334 0.6578703703703703 0.30182291666666666 0.6550925925925926 0.3028645833333333 0.6407407407407407 0.30703125 0.6347222222222222
2 0.4635416666666667 0.5388888888888889 0.4661458333333333 0.5458333333333333 0.465625 0.5537037037037037 0.4635416666666667 0.5560185185185185 0.46041666666666664 0.5550925925925926 0.459375 0.5509259259259259 0.46067708333333335 0.5416666666666666 0.46328125 0.5388888888888889