4 0.4390625 0.6407407407407407 0.4432291666666667 0.649074074074074 0.4427083333333333 0.6537037037037037 0.4393229166666667 0.6564814814814814 0.4356770833333333 0.6550925925925926 0.43359375 0.6481481481481481 0.4354166666666667 0.6412037037037037 0.4388020833333333 0.6407407407407407
4 0.27682291666666664 0.7342592592592593 0.28072916666666664 0.7379629629629629 0.2828125 0.7509259259259259 0.2794270833333333 0.7569444444444444 0.26223958333333336 0.7569444444444444 0.26015625 0.7518518518518519 0.26171875 0.7412037037037037 0.265625 0.7388888888888889 0.27005208333333336 0.7453703703703703 0.27239583333333334 0.7546296296296297 0.275 0.7481481481481481 0.275 0.7347222222222223 0.2765625 0.7342592592592593
4 0.35260416666666666 0.7245370370370371 0.35442708333333334 0.7273148148148149 0.3546875 0.7379629629629629 0.35234375 0.7462962962962963 0.3489583333333333 0.7472222222222222 0.34661458333333334 0.7444444444444445 0.34609375 0.7273148148148149 0.35234375 0.7245370370370371
4 0.4395833333333333 0.6791666666666667 0.44375 0.6851851851851852 0.44479166666666664 0.6958333333333333 0.43828125 0.6990740740740741 0.43020833333333336 0.6986111111111111 0.42864583333333334 0.6925925925925925 0.4317708333333333 0.6805555555555556 0.4393229166666667 0.6791666666666667
4 0.42239583333333336 0.6601851851851852 0.42473958333333334 0.6615740740740741 0.42578125 0.6731481481481482 0.425 0.6782407407407407 0.42213541666666665 0.6800925925925926 0.4192708333333333 0.6773148148148148 0.41822916666666665 0.6699074074074074 0.41901041666666666 0.6611111111111111 0.42213541666666665 0.6601851851851852
4 0.32864583333333336 0.7217592592592592 0.33151041666666664 0.725 0.33255208333333336 0.7324074074074074 0.33177083333333335 0.7458333333333333 0.32864583333333336 0.749537037037037 0.3255208333333333 0.7476851851851852 0.32421875 0.7361111111111112 0.32473958333333336 0.7273148148148149 0.32838541666666665 0.7217592592592592
4 0.4537760416666667 0.6747685185185185 0.009114583333333334 0.024537037037037038
4 0.39348958333333334 0.6569444444444444 0.3919270833333333 0.7097222222222223 0.3841145833333333 0.712037037037037 0.3802083333333333 0.712037037037037 0.37942708333333336 0.7087962962962963 0.37864583333333335 0.6731481481481482 0.38359375 0.6625 0.3932291666666667 0.6569444444444444
1 0.39036458333333335 0.7430555555555556 0.3921875 0.7476851851851852 0.39088541666666665 0.7722222222222223 0.3807291666666667 0.774074074074074 0.37786458333333334 0.7722222222222223 0.3765625 0.7662037037037037 0.37786458333333334 0.7476851851851852 0.3807291666666667 0.7439814814814815 0.39010416666666664 0.7430555555555556
2 0.3536458333333333 0.7263888888888889 0.3541666666666667 0.7412037037037037 0.35234375 0.7462962962962963 0.3489583333333333 0.7472222222222222 0.34661458333333334 0.7444444444444445 0.3463541666666667 0.7273148148148149 0.3533854166666667 0.7263888888888889
2 0.2765625 0.7351851851851852 0.28151041666666665 0.7412037037037037 0.28177083333333336 0.7550925925925925 0.26588541666666665 0.7574074074074074 0.26067708333333334 0.7541666666666667 0.26197916666666665 0.7416666666666667 0.26614583333333336 0.7402777777777778 0.27057291666666666 0.7453703703703703 0.27239583333333334 0.7518518518518519 0.27630208333333334 0.7351851851851852
2 0.32890625 0.7231481481481481 0.33203125 0.7273148148148149 0.3328125 0.7375 0.33125 0.7476851851851852 0.328125 0.75 0.32526041666666666 0.7472222222222222 0.32421875 0.7337962962962963 0.3260416666666667 0.7245370370370371 0.32864583333333336 0.7231481481481481
2 0.30390625 0.7291666666666666 0.30807291666666664 0.7328703703703704 0.30885416666666665 0.7407407407407407 0.30833333333333335 0.7481481481481481 0.30416666666666664 0.7532407407407408 0.30026041666666664 0.750462962962963 0.29973958333333334 0.7342592592592593 0.30026041666666664 0.7305555555555555 0.30364583333333334 0.7291666666666666