0 0.4322916666666667 0.5879629629629629 0.43385416666666665 0.5916666666666667 0.43359375 0.6125 0.42552083333333335 0.6162037037037037 0.42265625 0.6129629629629629 0.42265625 0.5925925925925926 0.425 0.5888888888888889 0.43203125 0.5879629629629629
4 0.3609375 0.8324074074074074 0.3697916666666667 0.8351851851851851 0.3765625 0.8425925925925926 0.3768229166666667 0.8736111111111111 0.365625 0.8962962962962963 0.34375 0.899074074074074 0.33489583333333334 0.8962962962962963 0.33203125 0.8810185185185185 0.3338541666666667 0.8675925925925926 0.3453125 0.8379629629629629 0.34921875 0.8337962962962963 0.3606770833333333 0.8324074074074074
4 0.44635416666666666 0.5731481481481482 0.4505208333333333 0.5773148148148148 0.45 0.5837962962962963 0.44765625 0.5856481481481481 0.44296875 0.5814814814814815 0.44609375 0.5731481481481482
4 0.46041666666666664 0.5958333333333333 0.46380208333333334 0.6069444444444444 0.4630208333333333 0.612037037037037 0.46067708333333335 0.6138888888888889 0.45286458333333335 0.6134259259259259 0.45208333333333334 0.6097222222222223 0.453125 0.5972222222222222 0.46015625 0.5958333333333333
4 0.4674479166666667 0.5851851851851851 0.4703125 0.5884259259259259 0.4713541666666667 0.5949074074074074 0.4705729166666667 0.600462962962963 0.46848958333333335 0.6013888888888889 0.46588541666666666 0.6 0.46328125 0.5930555555555556 0.46380208333333334 0.5884259259259259 0.4671875 0.5851851851851851
4 0.42526041666666664 0.5657407407407408 0.42890625 0.5708333333333333 0.428125 0.5782407407407407 0.4205729166666667 0.5782407407407407 0.42109375 0.5680555555555555 0.425 0.5662037037037037
4 0.05026041666666667 0.737037037037037 0.05390625 0.7407407407407407 0.05520833333333333 0.7726851851851851 0.053385416666666664 0.7833333333333333 0.040364583333333336 0.7930555555555555 0.019270833333333334 0.7939814814814815 0.00859375 0.8074074074074075 0 0.7981481481481482 0 0.7476851851851852 0.025 0.7388888888888889 0.05 0.737037037037037
4 0.44765625 0.6365740740740741 0.4515625 0.6435185185185185 0.45208333333333334 0.6513888888888889 0.44973958333333336 0.6555555555555556 0.4421875 0.6546296296296297 0.4393229166666667 0.6481481481481481 0.44244791666666666 0.6375 0.4473958333333333 0.6365740740740741
4 0.2986979166666667 0.8004629629629629 0.30364583333333334 0.8027777777777778 0.30520833333333336 0.8069444444444445 0.3072916666666667 0.8356481481481481 0.296875 0.8523148148148149 0.27630208333333334 0.8541666666666666 0.2716145833333333 0.8523148148148149 0.2708333333333333 0.8384259259259259 0.2791666666666667 0.8115740740740741 0.28619791666666666 0.8023148148148148 0.2984375 0.8004629629629629
4 0.36614583333333334 0.9083333333333333 0.37473958333333335 0.9125 0.3768229166666667 0.9194444444444444 0.37578125 0.9351851851851852 0.3697916666666667 0.9527777777777777 0.36796875 0.9523148148148148 0.3658854166666667 0.9462962962962963 0.3645833333333333 0.9203703703703704 0.36614583333333334 0.9087962962962963
4 0.10234375 0.7824074074074074 0.10234375 0.8171296296296297 0.10546875 0.8199074074074074 0.109375 0.8180555555555555 0.11145833333333334 0.825 0.10572916666666667 0.8347222222222223 0.10234375 0.8342592592592593 0.09869791666666666 0.8430555555555556 0.08020833333333334 0.8375 0.08046875 0.8 0.0828125 0.7898148148148149 0.10208333333333333 0.7828703703703703
4 0.4276041666666667 0.7962962962962963 0.43046875 0.8 0.43203125 0.8143518518518519 0.42994791666666665 0.8291666666666667 0.42526041666666664 0.8393518518518519 0.421875 0.8296296296296296 0.4203125 0.8 0.42239583333333336 0.7967592592592593 0.42734375 0.7962962962962963
4 0.43671875 0.6467592592592593 0.440625 0.6546296296296297 0.44192708333333336 0.6712962962962963 0.4356770833333333 0.711574074074074 0.4322916666666667 0.7152777777777778 0.4203125 0.7134259259259259 0.41484375 0.7162037037037037 0.4114583333333333 0.7087962962962963 0.41119791666666666 0.687037037037037 0.41901041666666666 0.6652777777777777 0.42083333333333334 0.65 0.425 0.6467592592592593 0.43645833333333334 0.6467592592592593
4 0.43776041666666665 0.7203703703703703 0.44296875 0.7226851851851852 0.44505208333333335 0.7268518518518519 0.4453125 0.7513888888888889 0.43984375 0.763425925925926 0.4315104166666667 0.762962962962963 0.42734375 0.7689814814814815 0.42109375 0.7652777777777777 0.42109375 0.7337962962962963 0.42630208333333336 0.7226851851851852 0.4375 0.7203703703703703
4 0.4328125 0.5879629629629629 0.43385416666666665 0.6125 0.42630208333333336 0.6162037037037037 0.42265625 0.6134259259259259 0.42265625 0.5921296296296297 0.42552083333333335 0.5879629629629629 0.43255208333333334 0.5879629629629629
1 0.4432291666666667 0.6101851851851852 0.45208333333333334 0.6152777777777778 0.45286458333333335 0.6203703703703703 0.4361979166666667 0.6263888888888889 0.4322916666666667 0.625 0.4317708333333333 0.6166666666666667 0.44296875 0.6101851851851852
1 0.42578125 0.5666666666666667 0.42864583333333334 0.5745370370370371 0.42526041666666664 0.5800925925925926 0.42161458333333335 0.5796296296296296 0.4203125 0.5731481481481482 0.421875 0.5671296296296297 0.42552083333333335 0.5666666666666667
1 0.275 0.8930555555555556 0.28177083333333336 0.8972222222222223 0.28411458333333334 0.9018518518518519 0.2828125 0.9324074074074075 0.26953125 0.95 0.265625 0.9648148148148148 0.23802083333333332 0.9680555555555556 0.23177083333333334 0.9666666666666667 0.22864583333333333 0.9601851851851851 0.22942708333333334 0.9430555555555555 0.23515625 0.9287037037037037 0.234375 0.9217592592592593 0.23828125 0.9194444444444444 0.2526041666666667 0.8939814814814815 0.2747395833333333 0.8930555555555556
1 0.4671875 0.5856481481481481 0.4708333333333333 0.5912037037037037 0.47109375 0.5981481481481481 0.46927083333333336 0.6013888888888889 0.4666666666666667 0.6013888888888889 0.46380208333333334 0.5953703703703703 0.4640625 0.5884259259259259 0.4669270833333333 0.5856481481481481
1 0.4591145833333333 0.5958333333333333 0.4622395833333333 0.5986111111111111 0.4635416666666667 0.6055555555555555 0.46328125 0.6106481481481482 0.45989583333333334 0.6138888888888889 0.45234375 0.6106481481481482 0.45286458333333335 0.5995370370370371 0.4588541666666667 0.5958333333333333
1 0.44947916666666665 0.6175925925925926 0.45625 0.6212962962962963 0.4578125 0.6268518518518519 0.45651041666666664 0.6375 0.4484375 0.6361111111111111 0.4473958333333333 0.6231481481481481 0.44947916666666665 0.6180555555555556
2 0.325 0.7240740740740741 0.3268229166666667 0.7282407407407407 0.3263020833333333 0.737037037037037 0.32109375 0.7453703703703703 0.31875 0.7430555555555556 0.31927083333333334 0.7333333333333333 0.32135416666666666 0.725462962962963 0.32473958333333336 0.7240740740740741
2 0.4276041666666667 0.7967592592592593 0.43125 0.8083333333333333 0.43125 0.8208333333333333 0.42864583333333334 0.8347222222222223 0.42526041666666664 0.8393518518518519 0.42213541666666665 0.8314814814814815 0.4205729166666667 0.8018518518518518 0.421875 0.7976851851851852 0.42734375 0.7967592592592593
2 0.37109375 0.9115740740740741 0.3763020833333333 0.9166666666666666 0.3768229166666667 0.9268518518518518 0.36953125 0.9527777777777777 0.36640625 0.95 0.365625 0.9453703703703704 0.3645833333333333 0.9157407407407407 0.36614583333333334 0.9115740740740741 0.37083333333333335 0.9115740740740741