4 0.38697916666666665 0.5689814814814815 0.39036458333333335 0.5717592592592593 0.39166666666666666 0.5773148148148148 0.39036458333333335 0.5898148148148148 0.38723958333333336 0.5912037037037037 0.3854166666666667 0.5819444444444445 0.38697916666666665 0.5694444444444444
4 0.013802083333333333 0.7537037037037037 0.027083333333333334 0.7555555555555555 0.029166666666666667 0.7870370370370371 0.023177083333333334 0.8203703703703704 0.010677083333333334 0.8328703703703704 0.0015625 0.8467592592592592 0 0.8467592592592592 0 0.7574074074074074 0.013541666666666667 0.7537037037037037
4 0.027604166666666666 0.8666666666666667 0.041666666666666664 0.8870370370370371 0.043229166666666666 0.9 0.0578125 0.8976851851851851 0.06484375 0.9013888888888889 0.065625 0.9046296296296297 0.05911458333333333 0.9175925925925926 0.059375 0.924537037037037 0.06197916666666667 0.9291666666666667 0.057291666666666664 0.9425925925925925 0.046614583333333334 0.9537037037037037 0.043229166666666666 0.9555555555555556 0.04010416666666667 0.9490740740740741 0.03671875 0.950462962962963 0.029166666666666667 0.9560185185185185 0.015625 0.9731481481481481 0.0020833333333333333 0.9814814814814815 0 0.9814814814814815 0 0.8699074074074075 0.02734375 0.8666666666666667
4 0.1140625 0.8064814814814815 0.11640625 0.8069444444444445 0.11822916666666666 0.8138888888888889 0.11796875 0.8439814814814814 0.11614583333333334 0.8560185185185185 0.08828125 0.8837962962962963 0.07578125 0.8861111111111111 0.06380208333333333 0.8837962962962963 0.057291666666666664 0.8768518518518519 0.05625 0.8560185185185185 0.0578125 0.8305555555555556 0.0640625 0.825 0.07109375 0.8268518518518518 0.07213541666666666 0.8240740740740741 0.0703125 0.8175925925925925 0.07916666666666666 0.8097222222222222 0.11380208333333333 0.8064814814814815
4 0.4328125 0.42916666666666664 0.4393229166666667 0.43287037037037035 0.44114583333333335 0.44537037037037036 0.440625 0.45694444444444443 0.4328125 0.4601851851851852 0.42864583333333334 0.4546296296296296 0.4276041666666667 0.44027777777777777 0.4283854166666667 0.43194444444444446 0.43255208333333334 0.42916666666666664
3 0.13411458333333334 0.850462962962963 0.15442708333333333 0.8532407407407407 0.15546875 0.8555555555555555 0.09895833333333333 0.9351851851851852 0.09296875 0.9388888888888889 0.08463541666666667 0.9319444444444445 0.08567708333333333 0.9064814814814814 0.090625 0.8888888888888888 0.09973958333333334 0.8759259259259259 0.11692708333333333 0.8708333333333333 0.12994791666666666 0.8523148148148149 0.13385416666666666 0.850462962962963
1 0.4513020833333333 0.487962962962963 0.45338541666666665 0.49074074074074076 0.45364583333333336 0.500462962962963 0.45078125 0.5046296296296297 0.44453125 0.5041666666666667 0.4432291666666667 0.49722222222222223 0.44505208333333335 0.487962962962963 0.4510416666666667 0.487962962962963
1 0.44765625 0.462037037037037 0.4515625 0.4652777777777778 0.4510416666666667 0.4773148148148148 0.44479166666666664 0.4773148148148148 0.44296875 0.47453703703703703 0.4434895833333333 0.4638888888888889 0.4473958333333333 0.462037037037037
1 0.4640625 0.4652777777777778 0.4666666666666667 0.4722222222222222 0.46640625 0.4787037037037037 0.46458333333333335 0.48009259259259257 0.4578125 0.4773148148148148 0.4591145833333333 0.4666666666666667 0.46380208333333334 0.4652777777777778
1 0.33515625 0.9689814814814814 0.33828125 0.9708333333333333 0.3419270833333333 0.9810185185185185 0.3421875 0.9949074074074075 0.33958333333333335 0.999537037037037 0.2989583333333333 0.999537037037037 0.29661458333333335 0.9902777777777778 0.2984375 0.9842592592592593 0.3028645833333333 0.9824074074074074 0.31197916666666664 0.9703703703703703 0.33489583333333334 0.9689814814814814
1 0.45546875 0.5476851851851852 0.45729166666666665 0.5509259259259259 0.45625 0.5685185185185185 0.44583333333333336 0.5685185185185185 0.44479166666666664 0.5615740740740741 0.44609375 0.5481481481481482 0.4552083333333333 0.5476851851851852
1 0.46145833333333336 0.500462962962963 0.4635416666666667 0.5050925925925925 0.4625 0.5199074074074074 0.4544270833333333 0.5199074074074074 0.45286458333333335 0.5171296296296296 0.4544270833333333 0.5018518518518519 0.46119791666666665 0.500462962962963
1 0.2265625 0.9388888888888889 0.23333333333333334 0.9458333333333333 0.23671875 0.9629629629629629 0.234375 0.999537037037037 0.22239583333333332 0.999537037037037 0.2203125 0.9962962962962963 0.2171875 0.999537037037037 0.18333333333333332 0.999537037037037 0.1890625 0.975 0.20625 0.9421296296296297 0.21328125 0.9384259259259259 0.22630208333333332 0.9388888888888889
1 0.34817708333333336 0.6083333333333333 0.3614583333333333 0.6189814814814815 0.3611979166666667 0.6263888888888889 0.35234375 0.6314814814814815 0.3424479166666667 0.6310185185185185 0.34036458333333336 0.6263888888888889 0.33958333333333335 0.6125 0.34791666666666665 0.6083333333333333
2 0.39427083333333335 0.8268518518518518 0.39817708333333335 0.8351851851851851 0.3984375 0.85 0.39401041666666664 0.8699074074074075 0.390625 0.8671296296296296 0.38697916666666665 0.850925925925926 0.3893229166666667 0.8314814814814815 0.39401041666666664 0.8268518518518518
2 0.38958333333333334 0.5731481481481482 0.39166666666666666 0.5819444444444445 0.39036458333333335 0.5898148148148148 0.3885416666666667 0.5907407407407408 0.38619791666666664 0.5884259259259259 0.38567708333333334 0.5777777777777777 0.38723958333333336 0.5726851851851852 0.3893229166666667 0.5731481481481482
2 0.31223958333333335 0.6844907407407408 0.008854166666666666 0.027314814814814816