4 0.05026041666666667 0.9263888888888889 0.058333333333333334 0.9351851851851852 0.0609375 0.9421296296296297 0.06484375 0.9699074074074074 0.06354166666666666 0.9814814814814815 0.05182291666666667 0.9893518518518518 0.026041666666666668 0.9884259259259259 0.019791666666666666 0.999537037037037 0.0036458333333333334 0.999537037037037 0.0020833333333333333 0.9949074074074075 0.00234375 0.9666666666666667 0.004427083333333333 0.9578703703703704 0.01640625 0.9319444444444445 0.05 0.9263888888888889
4 0.4518229166666667 0.6976851851851852 0.45677083333333335 0.6995370370370371 0.46067708333333335 0.7060185185185185 0.45859375 0.7328703703703704 0.45677083333333335 0.737037037037037 0.44244791666666666 0.7361111111111112 0.44166666666666665 0.7328703703703704 0.44140625 0.7175925925925926 0.44375 0.7032407407407407 0.4466145833333333 0.6986111111111111 0.4515625 0.6976851851851852
4 0.12473958333333333 0.8949074074074074 0.13229166666666667 0.9078703703703703 0.13411458333333334 0.9314814814814815 0.14453125 0.9351851851851852 0.14635416666666667 0.9430555555555555 0.14479166666666668 0.9587962962962963 0.13854166666666667 0.9652777777777778 0.12473958333333333 0.9912037037037037 0.12057291666666667 0.9935185185185185 0.11380208333333333 0.9921296296296296 0.10911458333333333 0.986574074074074 0.08385416666666666 0.9912037037037037 0.07994791666666666 0.9819444444444444 0.07994791666666666 0.9458333333333333 0.08151041666666667 0.9189814814814815 0.08984375 0.8967592592592593 0.11145833333333334 0.8976851851851851 0.12447916666666667 0.8949074074074074
4 0.4015625 0.6439814814814815 0.4049479166666667 0.65 0.40546875 0.6680555555555555 0.39869791666666665 0.6731481481481482 0.390625 0.6722222222222223 0.38958333333333334 0.6587962962962963 0.3932291666666667 0.6458333333333334 0.40130208333333334 0.6439814814814815
4 0.17239583333333333 0.837037037037037 0.1859375 0.8384259259259259 0.18932291666666667 0.8416666666666667 0.18984375 0.8782407407407408 0.18958333333333333 0.8833333333333333 0.18541666666666667 0.8921296296296296 0.17630208333333333 0.9 0.16901041666666666 0.9115740740740741 0.15859375 0.9046296296296297 0.15078125 0.9069444444444444 0.14114583333333333 0.9037037037037037 0.13984375 0.9009259259259259 0.14010416666666667 0.8680555555555556 0.1421875 0.8583333333333333 0.15260416666666668 0.8416666666666667 0.1578125 0.837037037037037 0.17213541666666668 0.837037037037037
4 0.4427083333333333 0.48518518518518516 0.44583333333333336 0.49074074074074076 0.44635416666666666 0.4986111111111111 0.44505208333333335 0.5018518518518519 0.44036458333333334 0.5027777777777778 0.4361979166666667 0.5013888888888889 0.4361979166666667 0.4912037037037037 0.4375 0.48657407407407405 0.44244791666666666 0.48518518518518516
4 0.4328125 0.41388888888888886 0.4356770833333333 0.4152777777777778 0.43723958333333335 0.42083333333333334 0.43697916666666664 0.4356481481481482 0.4348958333333333 0.4375 0.42864583333333334 0.43657407407407406 0.4276041666666667 0.43287037037037035 0.4278645833333333 0.41805555555555557 0.43255208333333334 0.41388888888888886
4 0.44635416666666666 0.4212962962962963 0.44947916666666665 0.4324074074074074 0.44453125 0.4388888888888889 0.4390625 0.43657407407407406 0.43854166666666666 0.43148148148148147 0.44088541666666664 0.42314814814814816 0.44609375 0.4212962962962963
4 0.20026041666666666 0.8944444444444445 0.2046875 0.9004629629629629 0.20572916666666666 0.9171296296296296 0.19322916666666667 0.9462962962962963 0.18333333333333332 0.9583333333333334 0.1734375 0.9527777777777777 0.17005208333333333 0.9296296296296296 0.17083333333333334 0.9148148148148149 0.17682291666666666 0.9004629629629629 0.18098958333333334 0.8972222222222223 0.2 0.8944444444444445
4 0.46848958333333335 0.5231481481481481 0.4713541666666667 0.5268518518518519 0.47213541666666664 0.5328703703703703 0.4705729166666667 0.5351851851851852 0.4640625 0.5333333333333333 0.46380208333333334 0.5236111111111111 0.46822916666666664 0.5231481481481481
3 0.2078125 0.8768518518518519 0.22421875 0.8773148148148148 0.22578125 0.8796296296296297 0.225 0.8842592592592593 0.1890625 0.9537037037037037 0.18307291666666667 0.9583333333333334 0.175 0.9546296296296296 0.17161458333333332 0.9458333333333333 0.17083333333333334 0.9143518518518519 0.17734375 0.9004629629629629 0.18880208333333334 0.8944444444444445 0.20286458333333332 0.875462962962963 0.20755208333333333 0.8768518518518519
3 0.06432291666666666 0.9833333333333333 0.06744791666666666 0.9916666666666667 0.0734375 0.9944444444444445 0.07473958333333333 0.999537037037037 0.018489583333333334 0.999537037037037 0.02578125 0.9884259259259259 0.05026041666666667 0.9898148148148148 0.0640625 0.9833333333333333
1 0.4239583333333333 0.9203703703703704 0.43255208333333334 0.9282407407407407 0.4283854166666667 0.9671296296296297 0.42526041666666664 0.9763888888888889 0.4044270833333333 0.9745370370370371 0.403125 0.9703703703703703 0.40729166666666666 0.9328703703703703 0.40546875 0.9254629629629629 0.4127604166666667 0.9208333333333333 0.4236979166666667 0.9203703703703704
1 0.4283854166666667 0.6111111111111112 0.43020833333333336 0.6268518518518519 0.42916666666666664 0.637962962962963 0.4265625 0.6407407407407407 0.4161458333333333 0.6402777777777777 0.4153645833333333 0.6300925925925925 0.4205729166666667 0.611574074074074 0.428125 0.6111111111111112
1 0.39479166666666665 0.7231481481481481 0.4002604166666667 0.725925925925926 0.40208333333333335 0.7347222222222223 0.40208333333333335 0.7509259259259259 0.39765625 0.7712962962962963 0.3802083333333333 0.7759259259259259 0.3765625 0.7689814814814815 0.37994791666666666 0.7462962962962963 0.38723958333333336 0.725462962962963 0.39453125 0.7231481481481481
1 0.44609375 0.5310185185185186 0.44869791666666664 0.5333333333333333 0.44973958333333336 0.5421296296296296 0.44921875 0.549537037037037 0.44609375 0.5523148148148148 0.4393229166666667 0.5523148148148148 0.43802083333333336 0.5444444444444444 0.440625 0.5328703703703703 0.44583333333333336 0.5310185185185186
1 0.525 0.5439814814814815 0.52890625 0.5504629629629629 0.5190104166666667 0.5606481481481481 0.5098958333333333 0.5574074074074075 0.5091145833333334 0.5504629629629629 0.5182291666666666 0.5430555555555555 0.5247395833333334 0.5439814814814815
2 0.4078125 0.612037037037037 0.40989583333333335 0.6194444444444445 0.4078125 0.6337962962962963 0.4046875 0.6319444444444444 0.4041666666666667 0.6236111111111111 0.40546875 0.6148148148148148 0.4075520833333333 0.6125
2 0.3151041666666667 0.8476851851851852 0.31614583333333335 0.8546296296296296 0.3140625 0.8643518518518518 0.3111979166666667 0.8685185185185185 0.30963541666666666 0.8662037037037037 0.30859375 0.8495370370370371 0.31484375 0.8476851851851852