4 0.4083333333333333 0.7194444444444444 0.41328125 0.7273148148148149 0.41302083333333334 0.7375 0.4083333333333333 0.7439814814814815 0.3966145833333333 0.7412037037037037 0.39947916666666666 0.725 0.4044270833333333 0.7189814814814814 0.4080729166666667 0.7194444444444444
4 0.4044270833333333 0.7180555555555556 0.40572916666666664 0.7092592592592593 0.41067708333333336 0.7055555555555556 0.415625 0.7083333333333334 0.41510416666666666 0.7189814814814814 0.4114583333333333 0.7212962962962963 0.4046875 0.7180555555555556
4 0.0375 0.7180555555555556 0.03984375 0.7268518518518519 0.0453125 0.7245370370370371 0.046614583333333334 0.7185185185185186 0.053385416666666664 0.7203703703703703 0.05520833333333333 0.7263888888888889 0.05364583333333333 0.7342592592592593 0.059375 0.7375 0.06067708333333333 0.7412037037037037 0.057291666666666664 0.7939814814814815 0.05390625 0.8138888888888889 0.050520833333333334 0.7935185185185185 0.05260416666666667 0.7657407407407407 0.05130208333333333 0.7625 0 0.7657407407407407 0 0.7518518518518519 0.0018229166666666667 0.7513888888888889 0.0036458333333333334 0.7412037037037037 0.014583333333333334 0.7226851851851852 0.0234375 0.7175925925925926 0.03723958333333333 0.7180555555555556
4 0.42265625 0.7282407407407407 0.42526041666666664 0.7314814814814815 0.42552083333333335 0.7388888888888889 0.425 0.750462962962963 0.42213541666666665 0.7527777777777778 0.41458333333333336 0.7527777777777778 0.4122395833333333 0.7462962962962963 0.41640625 0.7310185185185185 0.42239583333333336 0.7282407407407407
4 0.09583333333333334 0.7398148148148148 0.09765625 0.7412037037037037 0.09791666666666667 0.7462962962962963 0.09557291666666666 0.7541666666666667 0.08619791666666667 0.7555555555555555 0.07473958333333333 0.7546296296296297 0.07760416666666667 0.7439814814814815 0.09557291666666666 0.7398148148148148
4 0.18203125 0.9300925925925926 0.19609375 0.9314814814814815 0.2046875 0.9393518518518519 0.21484375 0.9634259259259259 0.21510416666666668 0.9736111111111111 0.21822916666666667 0.9847222222222223 0.21666666666666667 0.999537037037037 0.18411458333333333 0.999537037037037 0.18255208333333334 0.9972222222222222 0.11510416666666666 0.999537037037037 0.11302083333333333 0.9967592592592592 0.10572916666666667 0.999537037037037 0.07265625 0.999537037037037 0.07161458333333333 0.9972222222222222 0.024479166666666666 0.999537037037037 0.027864583333333335 0.9944444444444445 0.06380208333333333 0.9699074074074074 0.12552083333333333 0.9356481481481481 0.14088541666666668 0.9310185185185185 0.18177083333333333 0.9300925925925926
3 0.3807291666666667 0.7148148148148148 0.3859375 0.7203703703703703 0.38567708333333334 0.7351851851851852 0.3880208333333333 0.7481481481481481 0.38723958333333336 0.8037037037037037 0.38229166666666664 0.8106481481481481 0.37421875 0.8152777777777778 0.3703125 0.825 0.36302083333333335 0.8310185185185185 0.35442708333333334 0.8231481481481482 0.3385416666666667 0.8245370370370371 0.3294270833333333 0.8310185185185185 0.32447916666666665 0.8296296296296296 0.3221354166666667 0.8212962962962963 0.3151041666666667 0.8101851851851852 0.31536458333333334 0.7689814814814815 0.3177083333333333 0.7625 0.34869791666666666 0.7476851851851852 0.35052083333333334 0.7444444444444445 0.3528645833333333 0.7212962962962963 0.35598958333333336 0.7166666666666667 0.38046875 0.7148148148148148
1 0.40546875 0.7425925925925926 0.409375 0.7449074074074075 0.41484375 0.7546296296296297 0.41458333333333336 0.7625 0.4114583333333333 0.7699074074074074 0.3927083333333333 0.7694444444444445 0.38984375 0.7657407407407407 0.39010416666666664 0.7560185185185185 0.3932291666666667 0.7472222222222222 0.39739583333333334 0.7425925925925926 0.40520833333333334 0.7425925925925926
1 0.10807291666666667 0.8453703703703703 0.12317708333333334 0.8476851851851852 0.13958333333333334 0.8629629629629629 0.14088541666666668 0.8800925925925925 0.13541666666666666 0.9111111111111111 0.12942708333333333 0.9138888888888889 0.12239583333333333 0.9097222222222222 0.11276041666666667 0.913425925925926 0.10546875 0.9194444444444444 0.1 0.9333333333333333 0.09557291666666666 0.9356481481481481 0.08854166666666667 0.9310185185185185 0.08098958333333334 0.9310185185185185 0.05703125 0.9342592592592592 0.04921875 0.9388888888888889 0.043229166666666666 0.9361111111111111 0.03958333333333333 0.9277777777777778 0.03958333333333333 0.912962962962963 0.04348958333333333 0.8958333333333334 0.05520833333333333 0.8824074074074074 0.05911458333333333 0.8731481481481481 0.07604166666666666 0.8541666666666666 0.08880208333333334 0.8476851851851852 0.1078125 0.8453703703703703
1 0.3028645833333333 0.7791666666666667 0.3098958333333333 0.7824074074074074 0.3140625 0.7930555555555555 0.31354166666666666 0.8078703703703703 0.3104166666666667 0.8171296296296297 0.30416666666666664 0.8194444444444444 0.30026041666666664 0.825 0.2791666666666667 0.8245370370370371 0.27369791666666665 0.8277777777777777 0.2708333333333333 0.8217592592592593 0.2708333333333333 0.8069444444444445 0.2796875 0.788425925925926 0.2864583333333333 0.7805555555555556 0.3026041666666667 0.7791666666666667
1 0.4505208333333333 0.7018518518518518 0.4546875 0.7101851851851851 0.45364583333333336 0.7162037037037037 0.4505208333333333 0.7185185185185186 0.44375 0.7171296296296297 0.44192708333333336 0.7069444444444445 0.44375 0.7013888888888888 0.45026041666666666 0.7018518518518518
1 0.4236979166666667 0.6921296296296297 0.42604166666666665 0.6953703703703704 0.42526041666666664 0.7060185185185185 0.41458333333333336 0.7055555555555556 0.41354166666666664 0.7032407407407407 0.41484375 0.6953703703703704 0.4234375 0.6921296296296297