4 0.42864583333333334 0.5694444444444444 0.43020833333333336 0.5726851851851852 0.42864583333333334 0.5884259259259259 0.42526041666666664 0.5856481481481481 0.4231770833333333 0.5731481481481482 0.42473958333333334 0.5689814814814815 0.4283854166666667 0.5694444444444444
4 0.44140625 0.5393518518518519 0.44192708333333336 0.5481481481481482 0.4361979166666667 0.5462962962962963 0.43723958333333335 0.5393518518518519 0.44114583333333335 0.5393518518518519
4 0.44635416666666666 0.6148148148148148 0.4484375 0.6185185185185185 0.44765625 0.6407407407407407 0.440625 0.6462962962962963 0.4322916666666667 0.6453703703703704 0.43072916666666666 0.624537037037037 0.4354166666666667 0.6162037037037037 0.44609375 0.6148148148148148
4 0.0953125 0.7157407407407408 0.09817708333333333 0.7203703703703703 0.09713541666666667 0.7560185185185185 0.09140625 0.7592592592592593 0.07760416666666667 0.7597222222222222 0.061197916666666664 0.774074074074074 0.05677083333333333 0.7722222222222223 0.05364583333333333 0.7574074074074074 0.04973958333333333 0.7574074074074074 0.04401041666666667 0.7620370370370371 0.04010416666666667 0.7828703703703703 0.032552083333333336 0.7796296296296297 0.03333333333333333 0.7337962962962963 0.03619791666666667 0.725925925925926 0.04114583333333333 0.7245370370370371 0.04348958333333333 0.7337962962962963 0.04739583333333333 0.7333333333333333 0.05260416666666667 0.7453703703703703 0.0578125 0.7513888888888889 0.0609375 0.749537037037037 0.059895833333333336 0.7449074074074075 0.04583333333333333 0.7273148148148149 0.04973958333333333 0.7203703703703703 0.06354166666666666 0.7162037037037037 0.09505208333333333 0.7157407407407408
4 0.42239583333333336 0.5319444444444444 0.425 0.5361111111111111 0.42265625 0.5421296296296296 0.41744791666666664 0.5398148148148149 0.41848958333333336 0.5328703703703703 0.42213541666666665 0.5319444444444444
4 0.4171875 0.5740740740740741 0.4244791666666667 0.5805555555555556 0.42604166666666665 0.5916666666666667 0.4234375 0.6106481481481482 0.41510416666666666 0.6208333333333333 0.4010416666666667 0.6194444444444445 0.3997395833333333 0.5902777777777778 0.40078125 0.5828703703703704 0.40390625 0.5777777777777777 0.4109375 0.5736111111111111 0.41692708333333334 0.5740740740740741
4 0.42213541666666665 0.5560185185185185 0.42682291666666666 0.5611111111111111 0.42682291666666666 0.5675925925925925 0.4239583333333333 0.5699074074074074 0.4200520833333333 0.5689814814814815 0.41796875 0.5638888888888889 0.41848958333333336 0.5597222222222222 0.421875 0.5560185185185185
4 0.4513020833333333 0.5712962962962963 0.45208333333333334 0.5837962962962963 0.45 0.5875 0.44088541666666664 0.5861111111111111 0.4401041666666667 0.5740740740740741 0.4427083333333333 0.5699074074074074 0.4510416666666667 0.5712962962962963
4 0.440625 0.5939814814814814 0.44635416666666666 0.5986111111111111 0.44635416666666666 0.6069444444444444 0.4434895833333333 0.6097222222222223 0.4348958333333333 0.6083333333333333 0.4354166666666667 0.5972222222222222 0.44036458333333334 0.5939814814814814
4 0.3921875 0.6337962962962963 0.40625 0.6402777777777777 0.4078125 0.6435185185185185 0.40651041666666665 0.6541666666666667 0.3809895833333333 0.6569444444444444 0.37578125 0.6537037037037037 0.37395833333333334 0.6439814814814815 0.38125 0.6365740740740741 0.3919270833333333 0.6337962962962963
1 0.44036458333333334 0.5388888888888889 0.4427083333333333 0.5472222222222223 0.4401041666666667 0.5486111111111112 0.4361979166666667 0.5458333333333333 0.43671875 0.5412037037037037 0.4401041666666667 0.5388888888888889
1 0.42291666666666666 0.5569444444444445 0.4265625 0.5606481481481481 0.42552083333333335 0.5699074074074074 0.42135416666666664 0.5699074074074074 0.41822916666666665 0.5643518518518519 0.4197916666666667 0.5578703703703703 0.42265625 0.5569444444444445