4 0.4236979166666667 0.6481481481481481 0.42682291666666666 0.6509259259259259 0.42734375 0.6578703703703703 0.42682291666666666 0.6643518518518519 0.4231770833333333 0.6671296296296296 0.4192708333333333 0.6648148148148149 0.41875 0.6527777777777778 0.4200520833333333 0.6486111111111111 0.4234375 0.6481481481481481
4 0.09375 0.7180555555555556 0.09505208333333333 0.7305555555555555 0.09270833333333334 0.7337962962962963 0.06041666666666667 0.7402777777777778 0.055989583333333336 0.7393518518518518 0.05364583333333333 0.7342592592592593 0.049479166666666664 0.7412037037037037 0.043229166666666666 0.7430555555555556 0.03958333333333333 0.7393518518518518 0.03307291666666667 0.7435185185185185 0.0296875 0.7430555555555556 0.028125 0.7356481481481482 0.028385416666666666 0.7273148148148149 0.032552083333333336 0.7199074074074074 0.03958333333333333 0.7226851851851852 0.04739583333333333 0.7203703703703703 0.05078125 0.7300925925925926 0.05234375 0.7277777777777777 0.051041666666666666 0.7203703703703703 0.05651041666666667 0.7157407407407408 0.09348958333333333 0.7180555555555556
4 0.26588541666666665 0.7398148148148148 0.27239583333333334 0.7532407407407408 0.2755208333333333 0.7351851851851852 0.2796875 0.7375 0.2825520833333333 0.75 0.2796875 0.7574074074074074 0.26067708333333334 0.7555555555555555 0.259375 0.7509259259259259 0.26145833333333335 0.7412037037037037 0.265625 0.7398148148148148
4 0.3703125 0.6800925925925926 0.371875 0.6958333333333333 0.3697916666666667 0.7032407407407407 0.36640625 0.7023148148148148 0.365625 0.6986111111111111 0.36744791666666665 0.6828703703703703 0.37005208333333334 0.6800925925925926
4 0.38697916666666665 0.6578703703703703 0.39375 0.6592592592592592 0.39401041666666664 0.6625 0.39375 0.6986111111111111 0.38697916666666665 0.7 0.3848958333333333 0.6962962962962963 0.38385416666666666 0.6796296296296296 0.38697916666666665 0.6583333333333333
4 0.36484375 0.7027777777777777 0.36744791666666665 0.7212962962962963 0.36614583333333334 0.7287037037037037 0.36276041666666664 0.7310185185185185 0.3606770833333333 0.7268518518518519 0.36015625 0.7162037037037037 0.36223958333333334 0.7027777777777777 0.3645833333333333 0.7027777777777777
4 0.3453125 0.7087962962962963 0.34713541666666664 0.7129629629629629 0.346875 0.7240740740740741 0.3453125 0.7310185185185185 0.3421875 0.7333333333333333 0.33984375 0.7310185185185185 0.33932291666666664 0.7166666666666667 0.34140625 0.7087962962962963 0.3450520833333333 0.7087962962962963
4 0.44140625 0.6287037037037037 0.44609375 0.6370370370370371 0.4427083333333333 0.6439814814814815 0.43854166666666666 0.6430555555555556 0.43671875 0.637962962962963 0.43828125 0.6296296296296297 0.44114583333333335 0.6287037037037037
1 0.42239583333333336 0.6481481481481481 0.42682291666666666 0.6518518518518519 0.4265625 0.6648148148148149 0.4244791666666667 0.6666666666666666 0.4205729166666667 0.6662037037037037 0.41875 0.6611111111111111 0.41901041666666666 0.6509259259259259 0.42213541666666665 0.6481481481481481
1 0.37005208333333334 0.7625 0.3768229166666667 0.7652777777777777 0.38229166666666664 0.774074074074074 0.38177083333333334 0.799074074074074 0.3802083333333333 0.8032407407407407 0.37578125 0.8055555555555556 0.3731770833333333 0.8143518518518519 0.35859375 0.8074074074074075 0.3515625 0.8074074074074075 0.3453125 0.8138888888888889 0.3419270833333333 0.7976851851851852 0.34375 0.7833333333333333 0.35182291666666665 0.7652777777777777 0.35572916666666665 0.7625 0.3697916666666667 0.7625
1 0.43515625 0.674537037037037 0.44088541666666664 0.6791666666666667 0.44166666666666665 0.687962962962963 0.43984375 0.6930555555555555 0.43307291666666664 0.6949074074074074 0.42526041666666664 0.6949074074074074 0.4234375 0.6916666666666667 0.4231770833333333 0.6833333333333333 0.4283854166666667 0.674537037037037 0.4348958333333333 0.674537037037037
2 0.3455729166666667 0.7097222222222223 0.34713541666666664 0.7138888888888889 0.34661458333333334 0.725925925925926 0.34479166666666666 0.7319444444444444 0.3421875 0.7333333333333333 0.33984375 0.7305555555555555 0.33932291666666664 0.7171296296296297 0.3419270833333333 0.7087962962962963 0.3453125 0.7097222222222223
2 0.36276041666666664 0.7032407407407407 0.36744791666666665 0.7148148148148148 0.36614583333333334 0.7287037037037037 0.3611979166666667 0.7287037037037037 0.3606770833333333 0.7143518518518519 0.36276041666666664 0.7037037037037037
2 0.27630208333333334 0.736574074074074 0.28072916666666664 0.7402777777777778 0.28203125 0.7472222222222222 0.2825520833333333 0.7513888888888889 0.2794270833333333 0.7574074074074074 0.27239583333333334 0.7550925925925925 0.26197916666666665 0.7569444444444444 0.259375 0.7513888888888889 0.26145833333333335 0.7416666666666667 0.26484375 0.7398148148148148 0.27239583333333334 0.7509259259259259 0.2760416666666667 0.736574074074074
2 0.3703125 0.6810185185185185 0.371875 0.6935185185185185 0.36953125 0.7032407407407407 0.36666666666666664 0.7018518518518518 0.36614583333333334 0.6925925925925925 0.36796875 0.6819444444444445 0.37005208333333334 0.6810185185185185
2 0.325 0.7166666666666667 0.32786458333333335 0.7208333333333333 0.328125 0.7291666666666666 0.32760416666666664 0.7347222222222223 0.32447916666666665 0.7384259259259259 0.32109375 0.7379629629629629 0.3203125 0.7337962962962963 0.32083333333333336 0.7194444444444444 0.32473958333333336 0.7166666666666667
2 0.30078125 0.7129629629629629 0.30416666666666664 0.7143518518518519 0.30494791666666665 0.7208333333333333 0.30364583333333334 0.7324074074074074 0.30026041666666664 0.7356481481481482 0.29661458333333335 0.7337962962962963 0.29661458333333335 0.7268518518518519 0.29791666666666666 0.7171296296296297 0.30052083333333335 0.7129629629629629