0 0.4322916666666667 0.44351851851851853 0.4356770833333333 0.4462962962962963 0.4395833333333333 0.46064814814814814 0.4393229166666667 0.4740740740740741 0.4359375 0.4842592592592593 0.42526041666666664 0.4842592592592593 0.4244791666666667 0.4810185185185185 0.42265625 0.46111111111111114 0.4236979166666667 0.4537037037037037 0.42864583333333334 0.44351851851851853 0.43203125 0.44351851851851853
4 0.45 0.42314814814814816 0.4518229166666667 0.4324074074074074 0.44973958333333336 0.4356481481481482 0.44609375 0.4337962962962963 0.44427083333333334 0.4287037037037037 0.44583333333333336 0.4236111111111111 0.44973958333333336 0.42314814814814816
4 0.42864583333333334 0.44212962962962965 0.43203125 0.44166666666666665 0.4361979166666667 0.4476851851851852 0.4395833333333333 0.46620370370370373 0.43645833333333334 0.4837962962962963 0.42526041666666664 0.4847222222222222 0.421875 0.4587962962962963 0.42864583333333334 0.4425925925925926
4 0.41640625 0.41064814814814815 0.41770833333333335 0.4185185185185185 0.41510416666666666 0.42268518518518516 0.41015625 0.4212962962962963 0.40911458333333334 0.41712962962962963 0.41119791666666666 0.4101851851851852 0.4161458333333333 0.41064814814814815
4 0.019270833333333334 0.7439814814814815 0.021614583333333333 0.7537037037037037 0.030208333333333334 0.7657407407407407 0.030729166666666665 0.8004629629629629 0.026302083333333334 0.8087962962962963 0.00546875 0.8180555555555555 0 0.8162037037037037 0 0.7476851851851852 0.019010416666666665 0.7439814814814815
4 0 0.662962962962963 0.019010416666666665 0.6606481481481481 0.023177083333333334 0.6995370370370371 0.022916666666666665 0.7060185185185185 0.016927083333333332 0.7231481481481481 0 0.7379629629629629 0 0.663425925925926
4 0.39427083333333335 0.7550925925925925 0.403125 0.7620370370370371 0.40182291666666664 0.7791666666666667 0.39739583333333334 0.7828703703703703 0.40260416666666665 0.7893518518518519 0.40182291666666664 0.8004629629629629 0.3921875 0.8412037037037037 0.38567708333333334 0.8458333333333333 0.38333333333333336 0.8532407407407407 0.36692708333333335 0.8523148148148149 0.3658854166666667 0.8453703703703703 0.3606770833333333 0.8412037037037037 0.3606770833333333 0.7958333333333333 0.3658854166666667 0.7787037037037037 0.378125 0.7763888888888889 0.3690104166666667 0.7689814814814815 0.3729166666666667 0.7592592592592593 0.3796875 0.7550925925925925 0.39401041666666664 0.7550925925925925
4 0.32473958333333336 0.6898148148148148 0.328125 0.6953703703703704 0.32864583333333336 0.7152777777777778 0.32109375 0.7287037037037037 0.3177083333333333 0.7166666666666667 0.3184895833333333 0.6986111111111111 0.32447916666666665 0.6898148148148148
4 0.3111979166666667 0.6106481481481482 0.31484375 0.6125 0.3151041666666667 0.6166666666666667 0.31223958333333335 0.6337962962962963 0.3078125 0.6388888888888888 0.30520833333333336 0.6356481481481482 0.30546875 0.6236111111111111 0.3072916666666667 0.6134259259259259 0.3109375 0.6106481481481482
4 0.10182291666666667 0.7111111111111111 0.109375 0.7143518518518519 0.11171875 0.7199074074074074 0.1109375 0.7620370370370371 0.09453125 0.7638888888888888 0.07916666666666666 0.7754629629629629 0.075 0.7828703703703703 0.06822916666666666 0.7833333333333333 0.0640625 0.7819444444444444 0.0625 0.7717592592592593 0.0625 0.7606481481481482 0.065625 0.7481481481481481 0.06145833333333333 0.7375 0.06302083333333333 0.7138888888888889 0.07291666666666667 0.7087962962962963 0.1015625 0.7111111111111111
4 0.052083333333333336 0.7925925925925926 0.05572916666666667 0.7976851851851852 0.051041666666666666 0.8282407407407407 0.03671875 0.8416666666666667 0.0328125 0.8379629629629629 0.029947916666666668 0.8087962962962963 0.030989583333333334 0.8013888888888889 0.04192708333333333 0.7930555555555555 0.05182291666666667 0.7925925925925926
4 0.4044270833333333 0.5092592592592593 0.4080729166666667 0.5120370370370371 0.4078125 0.5222222222222223 0.4044270833333333 0.5236111111111111 0.4044270833333333 0.5097222222222222
4 0.42864583333333334 0.549074074074074 0.43255208333333334 0.5537037037037037 0.43203125 0.5699074074074074 0.42890625 0.5791666666666667 0.41484375 0.5787037037037037 0.4140625 0.5694444444444444 0.41484375 0.5574074074074075 0.41822916666666665 0.549537037037037 0.4283854166666667 0.549074074074074
4 0.11744791666666667 0.7638888888888888 0.12369791666666667 0.7671296296296296 0.1234375 0.7703703703703704 0.0921875 0.8032407407407407 0.08203125 0.8106481481481481 0.07864583333333333 0.8069444444444445 0.07708333333333334 0.7967592592592593 0.08020833333333334 0.7805555555555556 0.08411458333333334 0.774074074074074 0.09583333333333334 0.7643518518518518 0.1171875 0.7638888888888888
1 0.44244791666666666 0.4287037037037037 0.4453125 0.4351851851851852 0.44479166666666664 0.43842592592592594 0.43802083333333336 0.43796296296296294 0.4388020833333333 0.4310185185185185 0.4421875 0.42916666666666664
1 0.3567708333333333 0.5634259259259259 0.3729166666666667 0.5708333333333333 0.3729166666666667 0.5810185185185185 0.36875 0.5851851851851851 0.3494791666666667 0.586574074074074 0.340625 0.5856481481481481 0.3380208333333333 0.5740740740740741 0.3484375 0.5643518518518519 0.35651041666666666 0.5634259259259259
1 0.45598958333333334 0.4486111111111111 0.4627604166666667 0.44907407407407407 0.46432291666666664 0.4537037037037037 0.4630208333333333 0.4597222222222222 0.45651041666666664 0.4597222222222222 0.4552083333333333 0.45694444444444443 0.45598958333333334 0.44907407407407407
1 0.41640625 0.6212962962962963 0.42291666666666666 0.6263888888888889 0.42161458333333335 0.65 0.41822916666666665 0.6550925925925926 0.41458333333333336 0.6527777777777778 0.4041666666666667 0.6541666666666667 0.4015625 0.6513888888888889 0.4015625 0.6402777777777777 0.4041666666666667 0.6277777777777778 0.4078125 0.6226851851851852 0.4161458333333333 0.6212962962962963
1 0.43697916666666664 0.4162037037037037 0.4390625 0.42268518518518516 0.4359375 0.42777777777777776 0.43307291666666664 0.4263888888888889 0.43203125 0.4212962962962963 0.43307291666666664 0.4166666666666667 0.43671875 0.4162037037037037
2 0.31197916666666664 0.611574074074074 0.3145833333333333 0.6152777777777778 0.31302083333333336 0.6300925925925925 0.3106770833333333 0.6375 0.3078125 0.6388888888888888 0.30494791666666665 0.6333333333333333 0.30625 0.6175925925925926 0.30859375 0.6125 0.31171875 0.611574074074074
2 0.3020833333333333 0.6851851851851852 0.30364583333333334 0.6865740740740741 0.30364583333333334 0.6972222222222222 0.296875 0.7106481481481481 0.29348958333333336 0.7097222222222223 0.29401041666666666 0.6884259259259259 0.29635416666666664 0.6851851851851852 0.30182291666666666 0.6851851851851852
2 0.32109375 0.6953703703703704 0.328125 0.6986111111111111 0.32734375 0.7199074074074074 0.32109375 0.7287037037037037 0.31953125 0.725925925925926 0.3182291666666667 0.711574074074074 0.32083333333333336 0.6958333333333333
2 0.4044270833333333 0.5236111111111111 0.4044270833333333 0.5106481481481482 0.4078125 0.5106481481481482 0.4080729166666667 0.5138888888888888 0.4078125 0.5222222222222223 0.4046875 0.5236111111111111
2 0.33489583333333334 0.649074074074074 0.33828125 0.6550925925925926 0.33828125 0.6652777777777777 0.33515625 0.6773148148148148 0.33151041666666664 0.6773148148148148 0.33046875 0.6648148148148149 0.33125 0.6513888888888889 0.3346354166666667 0.649537037037037
2 0.38697916666666665 0.5231481481481481 0.39036458333333335 0.5231481481481481 0.39114583333333336 0.5305555555555556 0.39036458333333335 0.537962962962963 0.38645833333333335 0.5388888888888889 0.38515625 0.5328703703703703 0.38697916666666665 0.5236111111111111
2 0.4427083333333333 0.5319444444444444 0.44505208333333335 0.5439814814814815 0.44479166666666664 0.55 0.4427083333333333 0.5523148148148148 0.4395833333333333 0.5449074074074074 0.43984375 0.5365740740740741 0.44244791666666666 0.5319444444444444
2 0.3828125 0.6476851851851851 0.384375 0.65 0.384375 0.6597222222222222 0.38359375 0.6657407407407407 0.3809895833333333 0.6685185185185185 0.37890625 0.6648148148148149 0.378125 0.6532407407407408 0.3796875 0.6481481481481481 0.38255208333333335 0.6476851851851851
2 0.4661458333333333 0.5050925925925925 0.46796875 0.5097222222222222 0.4674479166666667 0.5194444444444445 0.4635416666666667 0.5222222222222223 0.46119791666666665 0.5203703703703704 0.4609375 0.5152777777777777 0.4630208333333333 0.5050925925925925 0.46588541666666666 0.5050925925925925