4 0.45390625 0.49444444444444446 0.45755208333333336 0.5013888888888889 0.45677083333333335 0.5078703703703704 0.45416666666666666 0.5087962962962963 0.44869791666666664 0.5050925925925925 0.44947916666666665 0.49722222222222223 0.45364583333333336 0.49444444444444446
4 0.05859375 0.7337962962962963 0.062239583333333334 0.7486111111111111 0.06276041666666667 0.7652777777777777 0.057291666666666664 0.7898148148148149 0.03984375 0.8143518518518519 0.029427083333333333 0.8171296296296297 0.02265625 0.8319444444444445 0.019010416666666665 0.8337962962962963 0.0140625 0.8277777777777777 0 0.825462962962963 0 0.7601851851851852 0.005208333333333333 0.7546296296296297 0.005208333333333333 0.7430555555555556 0.011458333333333333 0.7375 0.02265625 0.7421296296296296 0.038802083333333334 0.7337962962962963 0.058333333333333334 0.7337962962962963
4 0.459375 0.4946759259259259 0.007291666666666667 0.016203703703703703
4 0.4390625 0.5305555555555556 0.4427083333333333 0.5361111111111111 0.4427083333333333 0.55 0.43333333333333335 0.55 0.434375 0.5356481481481481 0.4388020833333333 0.5310185185185186
4 0.4122395833333333 0.8597222222222223 0.42265625 0.8662037037037037 0.42135416666666664 0.8939814814814815 0.41432291666666665 0.9199074074074074 0.40390625 0.9231481481481482 0.3880208333333333 0.9199074074074074 0.38697916666666665 0.8962962962962963 0.39401041666666664 0.8606481481481482 0.4119791666666667 0.8597222222222223
4 0.4192708333333333 0.6763888888888889 0.4270833333333333 0.6856481481481481 0.42604166666666665 0.7013888888888888 0.421875 0.7152777777777778 0.4046875 0.7138888888888889 0.403125 0.7064814814814815 0.40390625 0.6930555555555555 0.40703125 0.6814814814814815 0.41067708333333336 0.6768518518518518 0.41901041666666666 0.6763888888888889
4 0.465625 0.5986111111111111 0.46770833333333334 0.6023148148148149 0.4674479166666667 0.6203703703703703 0.46380208333333334 0.6310185185185185 0.45703125 0.6300925925925925 0.45364583333333336 0.6263888888888889 0.45286458333333335 0.6060185185185185 0.45598958333333334 0.5986111111111111 0.46536458333333336 0.5986111111111111
4 0.42213541666666665 0.5287037037037037 0.42630208333333336 0.5328703703703703 0.42630208333333336 0.5560185185185185 0.4236979166666667 0.5611111111111111 0.41458333333333336 0.5611111111111111 0.41302083333333334 0.5569444444444445 0.4125 0.5425925925925926 0.41432291666666665 0.5319444444444444 0.421875 0.5287037037037037
4 0.3807291666666667 0.5013888888888889 0.38203125 0.5120370370370371 0.3776041666666667 0.5152777777777777 0.3736979166666667 0.5120370370370371 0.37395833333333334 0.5046296296296297 0.37578125 0.5013888888888889 0.38046875 0.5013888888888889
4 0.3828125 0.8037037037037037 0.39036458333333335 0.8092592592592592 0.39140625 0.812962962962963 0.390625 0.8361111111111111 0.38385416666666666 0.8555555555555555 0.37734375 0.8527777777777777 0.3609375 0.8541666666666666 0.35859375 0.8462962962962963 0.35911458333333335 0.8333333333333334 0.3645833333333333 0.8097222222222222 0.37213541666666666 0.8037037037037037 0.38255208333333335 0.8037037037037037
4 0.14479166666666668 0.7787037037037037 0.146875 0.7824074074074074 0.1453125 0.8287037037037037 0.13177083333333334 0.8328703703703704 0.11953125 0.8481481481481481 0.11484375 0.8393518518518519 0.11510416666666666 0.8138888888888889 0.11302083333333333 0.8041666666666667 0.1140625 0.7824074074074074 0.11796875 0.7787037037037037 0.14453125 0.7787037037037037
4 0.4322916666666667 0.4912037037037037 0.4354166666666667 0.5013888888888889 0.4354166666666667 0.5074074074074074 0.43333333333333335 0.5087962962962963 0.4283854166666667 0.5083333333333333 0.42604166666666665 0.5027777777777778 0.428125 0.4930555555555556 0.43203125 0.4912037037037037
4 0.06666666666666667 0.8157407407407408 0.07786458333333333 0.8351851851851851 0.08046875 0.8625 0.07942708333333333 0.8699074074074075 0.043229166666666666 0.9046296296296297 0.03046875 0.9092592592592592 0.018229166666666668 0.9092592592592592 0.01484375 0.9050925925925926 0.01640625 0.850925925925926 0.01875 0.8398148148148148 0.029947916666666668 0.8175925925925925 0.06640625 0.8157407407407408
4 0.45651041666666664 0.5453703703703704 0.45859375 0.549537037037037 0.45859375 0.5611111111111111 0.453125 0.5648148148148148 0.44817708333333334 0.562037037037037 0.44817708333333334 0.5541666666666667 0.45 0.5462962962962963 0.45625 0.5453703703703704
4 0.4356770833333333 0.6939814814814815 0.4390625 0.6949074074074074 0.4401041666666667 0.6995370370370371 0.4390625 0.7180555555555556 0.4356770833333333 0.7208333333333333 0.43359375 0.7032407407407407 0.4356770833333333 0.6944444444444444
4 0.44296875 0.5606481481481481 0.44765625 0.562962962962963 0.4515625 0.5736111111111111 0.44895833333333335 0.6087962962962963 0.44583333333333336 0.6212962962962963 0.42890625 0.6189814814814815 0.42682291666666666 0.6125 0.4270833333333333 0.5981481481481481 0.43385416666666665 0.5666666666666667 0.4354166666666667 0.562962962962963 0.4427083333333333 0.5606481481481481
4 0.14583333333333334 0.8314814814814815 0.15755208333333334 0.8324074074074074 0.159375 0.8347222222222223 0.15885416666666666 0.8416666666666667 0.14739583333333334 0.8592592592592593 0.13046875 0.8782407407407408 0.12083333333333333 0.8634259259259259 0.121875 0.8486111111111111 0.13151041666666666 0.8337962962962963 0.14557291666666666 0.8314814814814815
4 0.45703125 0.5254629629629629 0.46067708333333335 0.5333333333333333 0.45989583333333334 0.5430555555555555 0.45703125 0.5449074074074074 0.45208333333333334 0.5435185185185185 0.45078125 0.5402777777777777 0.45208333333333334 0.5282407407407408 0.45677083333333335 0.5254629629629629
4 0.42864583333333334 0.7643518518518518 0.43385416666666665 0.7680555555555556 0.43203125 0.7837962962962963 0.42682291666666666 0.7828703703703703 0.42552083333333335 0.7685185185185185 0.4283854166666667 0.7648148148148148
3 0.09270833333333334 0.7898148148148149 0.09010416666666667 0.7967592592592593 0.09114583333333333 0.8416666666666667 0.08046875 0.8592592592592593 0.08229166666666667 0.861574074074074 0.10208333333333333 0.8560185185185185 0.10286458333333333 0.8523148148148149 0.10677083333333333 0.850925925925926 0.109375 0.8430555555555556 0.11119791666666666 0.8643518518518518 0.10885416666666667 0.8791666666666667 0.09895833333333333 0.8912037037037037 0.08854166666666667 0.8958333333333334 0.08515625 0.8736111111111111 0.08151041666666667 0.8634259259259259 0.0734375 0.8763888888888889 0.04401041666666667 0.9041666666666667 0.03046875 0.9092592592592592 0.01875 0.9087962962962963 0.01484375 0.9041666666666667 0.015625 0.8518518518518519 0.018229166666666668 0.8412037037037037 0.028125 0.8212962962962963 0.030989583333333334 0.8175925925925925 0.04088541666666667 0.8143518518518519 0.0546875 0.8 0.07786458333333333 0.7916666666666666 0.09244791666666667 0.7898148148148149
1 0.45390625 0.4949074074074074 0.45677083333333335 0.4981481481481482 0.45755208333333336 0.5055555555555555 0.45364583333333336 0.5087962962962963 0.44973958333333336 0.5078703703703704 0.44869791666666664 0.5046296296296297 0.44947916666666665 0.4976851851851852 0.45364583333333336 0.4949074074074074
1 0.4546875 0.5458333333333333 0.45859375 0.5509259259259259 0.45859375 0.5611111111111111 0.45677083333333335 0.5643518518518519 0.44973958333333336 0.5638888888888889 0.4479166666666667 0.5606481481481481 0.45026041666666666 0.5476851851851852 0.4544270833333333 0.5458333333333333
1 0.45729166666666665 0.5263888888888889 0.46067708333333335 0.5351851851851852 0.45989583333333334 0.5430555555555555 0.45755208333333336 0.5444444444444444 0.45260416666666664 0.5435185185185185 0.45078125 0.5398148148148149 0.45208333333333334 0.5291666666666667 0.45703125 0.5263888888888889
2 0.42994791666666665 0.775 0.008333333333333333 0.020370370370370372
2 0.328125 0.6861111111111111 0.32916666666666666 0.700462962962963 0.32473958333333336 0.7074074074074074 0.321875 0.7055555555555556 0.3223958333333333 0.6935185185185185 0.32447916666666665 0.687037037037037 0.32786458333333335 0.6861111111111111
2 0.43515625 0.7203703703703703 0.43385416666666665 0.7027777777777777 0.4356770833333333 0.6967592592592593 0.4388020833333333 0.6972222222222222 0.4401041666666667 0.7046296296296296 0.4390625 0.7175925925925926 0.4354166666666667 0.7203703703703703
2 0.4583333333333333 0.6537037037037037 0.46041666666666664 0.6601851851851852 0.46041666666666664 0.6694444444444444 0.4596354166666667 0.6754629629629629 0.45677083333333335 0.6787037037037037 0.4549479166666667 0.675 0.45364583333333336 0.6564814814814814 0.45807291666666666 0.6537037037037037