4 0.46380208333333334 0.4476851851851852 0.4671875 0.44907407407407407 0.47239583333333335 0.4601851851851852 0.47317708333333336 0.475462962962963 0.4705729166666667 0.4791666666666667 0.45989583333333334 0.4777777777777778 0.459375 0.46111111111111114 0.46145833333333336 0.449537037037037 0.4635416666666667 0.4476851851851852
4 0.45859375 0.49074074074074076 0.46588541666666666 0.48935185185185187 0.46822916666666664 0.4962962962962963 0.4671875 0.5078703703703704 0.459375 0.5083333333333333 0.45729166666666665 0.5055555555555555 0.45859375 0.4912037037037037
4 0.016145833333333335 0.9328703703703703 0.0265625 0.9449074074074074 0.0296875 0.9583333333333334 0.046614583333333334 0.9601851851851851 0.04739583333333333 0.9916666666666667 0.044270833333333336 0.999537037037037 0.003125 0.999537037037037 0 0.9972222222222222 0 0.9365740740740741 0.015885416666666666 0.9328703703703703
4 0.044270833333333336 0.7814814814814814 0.048177083333333336 0.7907407407407407 0.046614583333333334 0.7981481481481482 0.0015625 0.8546296296296296 0 0.8546296296296296 0 0.8027777777777778 0.022395833333333334 0.7828703703703703 0.04401041666666667 0.7814814814814814
4 0.46067708333333335 0.5175925925925926 0.4640625 0.525 0.46380208333333334 0.5328703703703703 0.46067708333333335 0.537962962962963 0.45286458333333335 0.5370370370370371 0.4513020833333333 0.5328703703703703 0.45338541666666665 0.5189814814814815 0.46041666666666664 0.5175925925925926
4 0.35442708333333334 0.7296296296296296 0.35572916666666665 0.7305555555555555 0.35572916666666665 0.7439814814814815 0.35234375 0.7523148148148148 0.34921875 0.7513888888888889 0.3484375 0.7337962962962963 0.3497395833333333 0.7300925925925926 0.3541666666666667 0.7296296296296296
4 0.4356770833333333 0.5074074074074074 0.44453125 0.5069444444444444 0.4466145833333333 0.5222222222222223 0.44583333333333336 0.5300925925925926 0.4356770833333333 0.5324074074074074 0.43411458333333336 0.5268518518518519 0.4356770833333333 0.5078703703703704
4 0.4401041666666667 0.3736111111111111 0.4427083333333333 0.37407407407407406 0.44427083333333334 0.3787037037037037 0.4432291666666667 0.3837962962962963 0.440625 0.38472222222222224 0.4375 0.38333333333333336 0.43776041666666665 0.37592592592592594 0.43984375 0.3736111111111111
4 0.5145833333333333 0.5013888888888889 0.5177083333333333 0.5078703703703704 0.5177083333333333 0.5157407407407407 0.5158854166666667 0.5185185185185185 0.4940104166666667 0.5157407407407407 0.4921875 0.5120370370370371 0.49453125 0.5037037037037037 0.5143229166666666 0.5013888888888889
4 0.48046875 0.4875 0.4830729166666667 0.4912037037037037 0.48359375 0.5018518518518519 0.48020833333333335 0.5064814814814815 0.475 0.5055555555555555 0.47291666666666665 0.5018518518518519 0.47369791666666666 0.49027777777777776 0.48020833333333335 0.4875
4 0.47421875 0.5078703703703704 0.47994791666666664 0.5120370370370371 0.47994791666666664 0.5430555555555555 0.478125 0.5449074074074074 0.4703125 0.5449074074074074 0.4669270833333333 0.5402777777777777 0.46848958333333335 0.5148148148148148 0.4703125 0.5097222222222222 0.4739583333333333 0.5078703703703704
4 0.45338541666666665 0.3875 0.45625 0.3939814814814815 0.45364583333333336 0.40046296296296297 0.44973958333333336 0.3976851851851852 0.45026041666666666 0.38981481481481484 0.453125 0.3875
4 0.16067708333333333 0.8245370370370371 0.16510416666666666 0.825925925925926 0.16927083333333334 0.8319444444444445 0.16927083333333334 0.8800925925925925 0.15078125 0.9050925925925926 0.14453125 0.9097222222222222 0.1421875 0.9041666666666667 0.14036458333333332 0.8856481481481482 0.13567708333333334 0.9046296296296297 0.11640625 0.9023148148148148 0.115625 0.8592592592592593 0.13359375 0.8337962962962963 0.14713541666666666 0.8328703703703704 0.15364583333333334 0.825 0.16041666666666668 0.8245370370370371
4 0.08177083333333333 0.7805555555555556 0.08463541666666667 0.7851851851851852 0.08671875 0.7958333333333333 0.08645833333333333 0.8106481481481481 0.08359375 0.8282407407407407 0.07942708333333333 0.8412037037037037 0.06666666666666667 0.8625 0.0609375 0.8777777777777778 0.03958333333333333 0.9013888888888889 0.03046875 0.9050925925925926 0.00546875 0.9064814814814814 0 0.9037037037037037 0 0.8550925925925926 0.0020833333333333333 0.8546296296296296 0.0109375 0.8384259259259259 0.040625 0.8074074074074075 0.05026041666666667 0.7875 0.06041666666666667 0.7814814814814814 0.08151041666666667 0.7805555555555556
4 0.43671875 0.3907407407407407 0.43828125 0.39537037037037037 0.43828125 0.4009259259259259 0.43671875 0.4023148148148148 0.43125 0.40046296296296297 0.43203125 0.39166666666666666 0.43645833333333334 0.3907407407407407
4 0.20989583333333334 0.8662037037037037 0.21145833333333333 0.8694444444444445 0.20989583333333334 0.8763888888888889 0.1921875 0.9106481481481481 0.18541666666666667 0.9185185185185185 0.16432291666666668 0.9587962962962963 0.15911458333333334 0.9638888888888889 0.15260416666666668 0.9606481481481481 0.14739583333333334 0.9523148148148148 0.14401041666666667 0.9388888888888889 0.14557291666666666 0.9222222222222223 0.14401041666666667 0.9120370370370371 0.14739583333333334 0.9125 0.1578125 0.8962962962962963 0.17526041666666667 0.8912037037037037 0.18515625 0.8763888888888889 0.19609375 0.8671296296296296 0.20963541666666666 0.8662037037037037
4 0.415625 0.5662037037037037 0.41510416666666666 0.5916666666666667 0.4122395833333333 0.5995370370370371 0.40572916666666664 0.600925925925926 0.4010416666666667 0.6 0.39947916666666666 0.5953703703703703 0.40260416666666665 0.5708333333333333 0.40572916666666664 0.5657407407407408 0.4153645833333333 0.5662037037037037
4 0.3182291666666667 0.9453703703703704 0.3221354166666667 0.9523148148148148 0.325 0.9685185185185186 0.32447916666666665 0.9912037037037037 0.3221354166666667 0.999537037037037 0.28203125 0.999537037037037 0.28177083333333336 0.9949074074074075 0.28567708333333336 0.9902777777777778 0.30104166666666665 0.9486111111111111 0.30807291666666664 0.9449074074074074 0.31796875 0.9453703703703704
3 0.13072916666666667 0.8287037037037037 0.13385416666666666 0.8314814814814815 0.13307291666666668 0.8347222222222223 0.11927083333333334 0.850462962962963 0.115625 0.8587962962962963 0.11458333333333333 0.8902777777777777 0.1125 0.8986111111111111 0.10572916666666667 0.8962962962962963 0.09895833333333333 0.9055555555555556 0.09192708333333334 0.8976851851851851 0.06614583333333333 0.899074074074074 0.059375 0.9037037037037037 0.055989583333333336 0.9180555555555555 0.049479166666666664 0.9277777777777778 0.05130208333333333 0.9356481481481481 0.04895833333333333 0.9592592592592593 0.05078125 0.9782407407407407 0.04869791666666667 0.9884259259259259 0.052083333333333336 0.9884259259259259 0.05364583333333333 0.9810185185185185 0.0578125 0.9828703703703704 0.05963541666666667 0.9805555555555555 0.059895833333333336 0.9699074074074074 0.057291666666666664 0.9666666666666667 0.059375 0.9597222222222223 0.06744791666666666 0.9625 0.07447916666666667 0.9601851851851851 0.07734375 0.9634259259259259 0.08125 0.9601851851851851 0.08671875 0.9606481481481481 0.09453125 0.9476851851851852 0.0953125 0.9412037037037037 0.09947916666666666 0.9421296296296297 0.1 0.9467592592592593 0.09817708333333333 0.9495370370370371 0.10390625 0.9532407407407407 0.09869791666666666 0.9597222222222223 0.09869791666666666 0.9638888888888889 0.09765625 0.9606481481481481 0.09427083333333333 0.9606481481481481 0.0875 0.9662037037037037 0.08697916666666666 0.9694444444444444 0.08307291666666666 0.9703703703703703 0.08463541666666667 0.9745370370370371 0.08776041666666666 0.9745370370370371 0.08828125 0.9703703703703703 0.08854166666666667 0.975462962962963 0.0921875 0.9773148148148149 0.09010416666666667 0.9800925925925926 0.09322916666666667 0.9842592592592593 0.0921875 0.9875 0.08645833333333333 0.9888888888888889 0.08177083333333333 0.9828703703703704 0.078125 0.9856481481481482 0.07369791666666667 0.9828703703703704 0.06848958333333334 0.9875 0.07369791666666667 0.9898148148148148 0.07630208333333334 0.9944444444444445 0.07473958333333333 0.9962962962962963 0.0578125 0.9967592592592592 0.042708333333333334 0.9944444444444445 0.045572916666666664 0.9847222222222223 0.043229166666666666 0.9810185185185185 0.037760416666666664 0.9828703703703704 0.03307291666666667 0.9893518518518518 0.030989583333333334 0.9879629629629629 0.025520833333333333 0.9458333333333333 0.014583333333333334 0.9361111111111111 0 0.9333333333333333 0 0.9125 0.0109375 0.9069444444444444 0.04401041666666667 0.9064814814814814 0.05026041666666667 0.8976851851851851 0.058854166666666666 0.8958333333333334 0.06067708333333333 0.8981481481481481 0.0609375 0.8939814814814815 0.058333333333333334 0.8912037037037037 0.05911458333333333 0.8865740740740741 0.06875 0.8694444444444445 0.06744791666666666 0.8662037037037037 0.07109375 0.8597222222222223 0.078125 0.8574074074074074 0.09401041666666667 0.8384259259259259 0.10442708333333334 0.8310185185185185 0.13046875 0.8287037037037037
3 0.062239583333333334 0.8972222222222223 0.08203125 0.899537037037037 0.09322916666666667 0.8962962962962963 0.10572916666666667 0.9101851851851852 0.11848958333333333 0.9074074074074074 0.13723958333333333 0.9106481481481481 0.13828125 0.9296296296296296 0.13697916666666668 0.9361111111111111 0.11145833333333334 0.975 0.1046875 0.9796296296296296 0.0953125 0.999537037037037 0.07291666666666667 0.999537037037037 0.07161458333333333 0.9972222222222222 0.04973958333333333 0.999537037037037 0.0484375 0.9962962962962963 0.04791666666666667 0.9282407407407407 0.05364583333333333 0.9152777777777777 0.05651041666666667 0.9009259259259259 0.06197916666666667 0.8972222222222223
1 0.44140625 0.7074074074074074 0.4510416666666667 0.7134259259259259 0.44947916666666665 0.7453703703703703 0.446875 0.7481481481481481 0.4427083333333333 0.7453703703703703 0.4317708333333333 0.7472222222222222 0.42942708333333335 0.7444444444444445 0.43203125 0.7129629629629629 0.4354166666666667 0.7083333333333334 0.44114583333333335 0.7074074074074074
1 0.4361979166666667 0.4060185185185185 0.4401041666666667 0.40879629629629627 0.4393229166666667 0.41574074074074074 0.43385416666666665 0.41435185185185186 0.43359375 0.4083333333333333 0.4359375 0.4060185185185185
1 0.4244791666666667 0.5921296296296297 0.42552083333333335 0.6111111111111112 0.4244791666666667 0.6175925925925926 0.421875 0.6199074074074075 0.4125 0.6194444444444445 0.41119791666666666 0.6111111111111112 0.41510416666666666 0.5939814814814814 0.42421875 0.5921296296296297
1 0.5122395833333333 0.5009259259259259 0.5169270833333334 0.5050925925925925 0.5174479166666667 0.5152777777777777 0.5158854166666667 0.5175925925925926 0.50546875 0.5152777777777777 0.5065104166666666 0.5120370370370371 0.5041666666666667 0.5050925925925925 0.50625 0.5018518518518519 0.5119791666666667 0.5009259259259259
1 0.4432291666666667 0.4162037037037037 0.44609375 0.41898148148148145 0.4473958333333333 0.425 0.446875 0.4287037037037037 0.4427083333333333 0.4300925925925926 0.4395833333333333 0.4287037037037037 0.4390625 0.42407407407407405 0.4401041666666667 0.41805555555555557 0.44296875 0.4162037037037037
1 0.48072916666666665 0.487962962962963 0.48359375 0.49675925925925923 0.48333333333333334 0.5027777777777778 0.48125 0.5060185185185185 0.4752604166666667 0.5055555555555555 0.47317708333333336 0.5018518518518519 0.47369791666666666 0.49074074074074076 0.48046875 0.487962962962963
1 0.4549479166666667 0.38935185185185184 0.45598958333333334 0.3972222222222222 0.45364583333333336 0.40046296296296297 0.45078125 0.4 0.44973958333333336 0.39351851851851855 0.45208333333333334 0.38796296296296295 0.4546875 0.38935185185185184
2 0.35703125 0.8217592592592593 0.35911458333333335 0.8236111111111111 0.35911458333333335 0.8351851851851851 0.35572916666666665 0.8458333333333333 0.35234375 0.85 0.3502604166666667 0.8277777777777777 0.35208333333333336 0.8226851851851852 0.3567708333333333 0.8217592592592593
2 0.35442708333333334 0.7310185185185185 0.35546875 0.7421296296296296 0.35208333333333336 0.7523148148148148 0.34921875 0.750462962962963 0.3489583333333333 0.7328703703703704 0.3541666666666667 0.7310185185185185
2 0.33880208333333334 0.6856481481481481 0.3421875 0.6912037037037037 0.3421875 0.7023148148148148 0.33828125 0.7106481481481481 0.33541666666666664 0.711574074074074 0.3346354166666667 0.6972222222222222 0.3385416666666667 0.6856481481481481
2 0.39088541666666665 0.8263888888888888 0.39609375 0.8305555555555556 0.3953125 0.8449074074074074 0.3921875 0.8518518518518519 0.39010416666666664 0.850925925925926 0.3888020833333333 0.8449074074074074 0.3888020833333333 0.8310185185185185 0.390625 0.8263888888888888
2 0.3072916666666667 0.8402777777777778 0.31015625 0.8416666666666667 0.3098958333333333 0.8513888888888889 0.30520833333333336 0.8671296296296296 0.30364583333333334 0.8689814814814815 0.3026041666666667 0.8662037037037037 0.3028645833333333 0.8541666666666666 0.30364583333333334 0.8453703703703703 0.30703125 0.8407407407407408