0 0.4322916666666667 0.6689814814814815 0.4361979166666667 0.6736111111111112 0.43828125 0.6856481481481481 0.43645833333333334 0.6921296296296297 0.42994791666666665 0.6939814814814815 0.42552083333333335 0.6916666666666667 0.4244791666666667 0.6777777777777778 0.4265625 0.6703703703703704 0.43203125 0.6689814814814815
4 0.4356770833333333 0.6939814814814815 0.44088541666666664 0.700925925925926 0.44036458333333334 0.7069444444444445 0.43723958333333335 0.7097222222222223 0.425 0.7097222222222223 0.4200520833333333 0.7064814814814815 0.4203125 0.7027777777777777 0.42526041666666664 0.6962962962962963 0.4354166666666667 0.6939814814814815
4 0.44765625 0.7129629629629629 0.4510416666666667 0.7185185185185186 0.45208333333333334 0.7273148148148149 0.4510416666666667 0.7333333333333333 0.44765625 0.7356481481481482 0.4421875 0.7342592592592593 0.43984375 0.7268518518518519 0.44166666666666665 0.7157407407407408 0.4473958333333333 0.7129629629629629
4 0.7703125 0.7712962962962963 0.77734375 0.7759259259259259 0.77890625 0.7907407407407407 0.7880208333333333 0.7930555555555555 0.7908854166666667 0.7962962962962963 0.7921875 0.8060185185185185 0.803125 0.8101851851851852 0.80546875 0.8138888888888889 0.8033854166666666 0.8282407407407407 0.7901041666666667 0.8305555555555556 0.7791666666666667 0.8291666666666667 0.7734375 0.825 0.7653645833333333 0.8097222222222222 0.7619791666666667 0.8143518518518519 0.75546875 0.8092592592592592 0.7479166666666667 0.8111111111111111 0.7447916666666666 0.8069444444444445 0.7471354166666667 0.7967592592592593 0.7588541666666667 0.7796296296296297 0.7611979166666667 0.7722222222222223 0.7700520833333333 0.7712962962962963
4 0.45651041666666664 0.6981481481481482 0.45989583333333334 0.7101851851851851 0.45286458333333335 0.7194444444444444 0.4484375 0.7134259259259259 0.4484375 0.7041666666666667 0.4513020833333333 0.6981481481481482 0.45625 0.6981481481481482
4 0.052083333333333336 0.7847222222222222 0.054427083333333334 0.7861111111111111 0.05572916666666667 0.799074074074074 0.058854166666666666 0.8069444444444445 0.05364583333333333 0.8523148148148149 0.05078125 0.8439814814814814 0.046875 0.8407407407407408 0.022395833333333334 0.8467592592592592 0.015625 0.8449074074074074 0.017447916666666667 0.8134259259259259 0.021875 0.799537037037037 0.03229166666666667 0.7930555555555555 0.03619791666666667 0.7949074074074074 0.04348958333333333 0.7861111111111111 0.05182291666666667 0.7847222222222222
4 0.3875 0.736574074074074 0.390625 0.7379629629629629 0.38828125 0.7578703703703704 0.37864583333333335 0.7601851851851852 0.3765625 0.7601851851851852 0.37604166666666666 0.7564814814814815 0.3796875 0.7407407407407407 0.38723958333333336 0.736574074074074
4 0.3645833333333333 0.7689814814814815 0.3684895833333333 0.7768518518518519 0.36692708333333335 0.8013888888888889 0.3502604166666667 0.8041666666666667 0.34609375 0.8032407407407407 0.3453125 0.7976851851851852 0.3484375 0.775 0.35598958333333336 0.7675925925925926 0.36432291666666666 0.7689814814814815
4 0.43203125 0.6680555555555555 0.43645833333333334 0.674074074074074 0.43854166666666666 0.6865740740740741 0.43697916666666664 0.6912037037037037 0.42916666666666664 0.6939814814814815 0.42473958333333334 0.6888888888888889 0.4244791666666667 0.6768518518518518 0.4270833333333333 0.6694444444444444 0.4317708333333333 0.6680555555555555
4 0.29713541666666665 0.837037037037037 0.3015625 0.8407407407407408 0.30546875 0.8490740740740741 0.30572916666666666 0.8694444444444445 0.30390625 0.875 0.29973958333333334 0.875462962962963 0.28984375 0.8888888888888888 0.26458333333333334 0.8898148148148148 0.2598958333333333 0.887962962962963 0.259375 0.875462962962963 0.26796875 0.8481481481481481 0.2794270833333333 0.8379629629629629 0.296875 0.837037037037037
4 0.3263020833333333 0.7782407407407408 0.33098958333333334 0.7828703703703703 0.33046875 0.8050925925925926 0.32786458333333335 0.8143518518518519 0.321875 0.8171296296296297 0.3104166666666667 0.8166666666666667 0.30807291666666664 0.8138888888888889 0.30703125 0.8060185185185185 0.31015625 0.7962962962962963 0.3106770833333333 0.7810185185185186 0.31614583333333335 0.7777777777777778 0.3260416666666667 0.7782407407407408
4 0.3703125 0.8652777777777778 0.3734375 0.8685185185185185 0.3770833333333333 0.8791666666666667 0.37395833333333334 0.8916666666666667 0.378125 0.8972222222222223 0.37734375 0.9263888888888889 0.37604166666666666 0.9319444444444445 0.365625 0.9421296296296297 0.36276041666666664 0.9606481481481481 0.35989583333333336 0.9638888888888889 0.35520833333333335 0.9587962962962963 0.3455729166666667 0.9638888888888889 0.3221354166666667 0.9652777777777778 0.3177083333333333 0.9643518518518519 0.315625 0.9564814814814815 0.3190104166666667 0.9384259259259259 0.3177083333333333 0.9078703703703703 0.3203125 0.8907407407407407 0.34140625 0.8657407407407407 0.37005208333333334 0.8652777777777778
4 0.07395833333333333 0.8004629629629629 0.08046875 0.7893518518518519 0.0953125 0.7861111111111111 0.09401041666666667 0.8208333333333333 0.0921875 0.8231481481481482 0.07395833333333333 0.8277777777777777 0.07421875 0.8009259259259259
4 0.47213541666666664 0.6916666666666667 0.4747395833333333 0.7064814814814815 0.46770833333333334 0.7092592592592593 0.46432291666666664 0.7064814814814815 0.46510416666666665 0.6958333333333333 0.4669270833333333 0.6907407407407408 0.471875 0.6916666666666667
4 0.42734375 0.7342592592592593 0.4356770833333333 0.7291666666666666 0.4393229166666667 0.7393518518518518 0.4388020833333333 0.7518518518518519 0.428125 0.7523148148148148 0.42473958333333334 0.7462962962962963 0.42734375 0.7347222222222223
4 0.42265625 0.7476851851851852 0.42630208333333336 0.7546296296296297 0.4265625 0.7671296296296296 0.42421875 0.7722222222222223 0.41770833333333335 0.7722222222222223 0.4158854166666667 0.7689814814814815 0.41796875 0.7513888888888889 0.42239583333333336 0.7476851851851852
3 0.41015625 0.7324074074074074 0.41510416666666666 0.7337962962962963 0.4166666666666667 0.7393518518518518 0.4161458333333333 0.7930555555555555 0.41458333333333336 0.8027777777777778 0.4044270833333333 0.8236111111111111 0.4015625 0.825 0.3731770833333333 0.8222222222222222 0.36953125 0.8143518518518519 0.3690104166666667 0.7824074074074074 0.3731770833333333 0.7731481481481481 0.3875 0.7625 0.39088541666666665 0.7375 0.39817708333333335 0.7333333333333333 0.40989583333333335 0.7324074074074074
1 0.43671875 0.6939814814814815 0.44088541666666664 0.7 0.44036458333333334 0.7064814814814815 0.43671875 0.7092592592592593 0.42161458333333335 0.7087962962962963 0.4200520833333333 0.7064814814814815 0.42526041666666664 0.6962962962962963 0.43645833333333334 0.6939814814814815
1 0.12317708333333334 0.9629629629629629 0.13463541666666667 0.9652777777777778 0.14921875 0.9731481481481481 0.15104166666666666 0.9773148148148149 0.15 0.999537037037037 0.06848958333333334 0.999537037037037 0.06927083333333334 0.9944444444444445 0.078125 0.9800925925925926 0.09166666666666666 0.9680555555555556 0.103125 0.9634259259259259 0.12291666666666666 0.9629629629629629
1 0.4708333333333333 0.6921296296296297 0.4739583333333333 0.6981481481481482 0.4747395833333333 0.7064814814814815 0.46770833333333334 0.7092592592592593 0.46432291666666664 0.7060185185185185 0.46536458333333336 0.6958333333333333 0.4669270833333333 0.6916666666666667 0.4705729166666667 0.6921296296296297
1 0.4466145833333333 0.7125 0.4505208333333333 0.7171296296296297 0.4518229166666667 0.7240740740740741 0.4515625 0.7310185185185185 0.44869791666666664 0.7351851851851852 0.4427083333333333 0.7347222222222223 0.44036458333333334 0.7273148148148149 0.44166666666666665 0.7166666666666667 0.44635416666666666 0.7125
1 0.43216145833333336 0.7421296296296296 0.01484375 0.023148148148148147